 139.707568,   35.259910,       30.36,
 139.712072,   35.259910,       29.87,
 139.743604,   35.259910,       19.57,
 139.748108,   35.259910,       17.93,
 139.689550,   35.264414,       31.85,
 139.694054,   35.264414,       32.32,
 139.698559,   35.264414,       32.63,
 139.703063,   35.264414,       33.02,
 139.707568,   35.264414,       32.69,
 139.712072,   35.264414,       32.24,
 139.716577,   35.264414,       30.46,
 139.721081,   35.264414,       28.29,
 139.725586,   35.264414,       26.39,
 139.734595,   35.264414,       23.51,
 139.739099,   35.264414,       22.15,
 139.743604,   35.264414,       20.57,
 139.748108,   35.264414,       18.91,
 139.752613,   35.264414,       17.82,
 139.680541,   35.268919,       32.20,
 139.685045,   35.268919,       32.81,
 139.689550,   35.268919,       33.17,
 139.694054,   35.268919,       33.04,
 139.698559,   35.268919,       32.96,
 139.703063,   35.268919,       32.84,
 139.707568,   35.268919,       32.63,
 139.712072,   35.268919,       31.69,
 139.716577,   35.268919,       30.34,
 139.721081,   35.268919,       28.66,
 139.725586,   35.268919,       26.83,
 139.730090,   35.268919,       25.04,
 139.734595,   35.268919,       23.42,
 139.739099,   35.268919,       21.89,
 139.743604,   35.268919,       20.46,
 139.748108,   35.268919,       19.10,
 139.752613,   35.268919,       18.16,
 139.676036,   35.273423,       32.80,
 139.680541,   35.273423,       33.18,
 139.685045,   35.273423,       33.14,
 139.689550,   35.273423,       33.00,
 139.694054,   35.273423,       32.82,
 139.698559,   35.273423,       32.61,
 139.703063,   35.273423,       32.11,
 139.707568,   35.273423,       31.62,
 139.712072,   35.273423,       30.77,
 139.716577,   35.273423,       29.52,
 139.721081,   35.273423,       27.93,
 139.725586,   35.273423,       26.25,
 139.730090,   35.273423,       24.57,
 139.734595,   35.273423,       22.99,
 139.739099,   35.273423,       21.48,
 139.743604,   35.273423,       20.18,
 139.748108,   35.273423,       19.21,
 139.752613,   35.273423,       18.31,
 139.757117,   35.273423,       17.55,
 139.676036,   35.277928,       33.13,
 139.680541,   35.277928,       33.07,
 139.685045,   35.277928,       32.99,
 139.689550,   35.277928,       32.80,
 139.694054,   35.277928,       32.47,
 139.698559,   35.277928,       31.88,
 139.703063,   35.277928,       31.24,
 139.707568,   35.277928,       30.33,
 139.712072,   35.277928,       29.27,
 139.716577,   35.277928,       28.07,
 139.721081,   35.277928,       26.70,
 139.725586,   35.277928,       25.36,
 139.730090,   35.277928,       23.85,
 139.734595,   35.277928,       22.41,
 139.739099,   35.277928,       21.00,
 139.743604,   35.277928,       20.00,
 139.748108,   35.277928,       19.12,
 139.752613,   35.277928,       18.26,
 139.757117,   35.277928,       17.67,
 139.761622,   35.277928,       17.31,
 139.671532,   35.282432,       33.02,
 139.676036,   35.282432,       33.04,
 139.680541,   35.282432,       32.96,
 139.685045,   35.282432,       32.78,
 139.689550,   35.282432,       32.50,
 139.694054,   35.282432,       31.83,
 139.698559,   35.282432,       31.11,
 139.703063,   35.282432,       30.11,
 139.707568,   35.282432,       28.99,
 139.712072,   35.282432,       27.83,
 139.716577,   35.282432,       26.62,
 139.721081,   35.282432,       25.35,
 139.725586,   35.282432,       24.06,
 139.730090,   35.282432,       22.83,
 139.734595,   35.282432,       21.61,
 139.739099,   35.282432,       20.63,
 139.743604,   35.282432,       19.81,
 139.748108,   35.282432,       18.97,
 139.752613,   35.282432,       18.18,
 139.757117,   35.282432,       17.84,
 139.761622,   35.282432,       17.49,
 139.766126,   35.282432,       17.26,
 139.653514,   35.286937,       31.59,
 139.658018,   35.286937,       32.15,
 139.671532,   35.286937,       33.02,
 139.676036,   35.286937,       32.93,
 139.680541,   35.286937,       32.82,
 139.685045,   35.286937,       32.56,
 139.689550,   35.286937,       31.99,
 139.694054,   35.286937,       31.21,
 139.698559,   35.286937,       30.15,
 139.703063,   35.286937,       28.95,
 139.707568,   35.286937,       27.72,
 139.712072,   35.286937,       26.49,
 139.716577,   35.286937,       25.26,
 139.721081,   35.286937,       24.06,
 139.725586,   35.286937,       22.91,
 139.730090,   35.286937,       21.93,
 139.734595,   35.286937,       20.92,
 139.739099,   35.286937,       20.13,
 139.743604,   35.286937,       19.46,
 139.748108,   35.286937,       18.75,
 139.752613,   35.286937,       18.17,
 139.757117,   35.286937,       17.92,
 139.761622,   35.286937,       17.65,
 139.766126,   35.286937,       17.61,
 139.770631,   35.286937,       17.61,
 139.649009,   35.291441,       32.07,
 139.653514,   35.291441,       32.57,
 139.658018,   35.291441,       32.99,
 139.662523,   35.291441,       33.30,
 139.676036,   35.291441,       32.85,
 139.680541,   35.291441,       32.63,
 139.685045,   35.291441,       32.22,
 139.689550,   35.291441,       31.52,
 139.694054,   35.291441,       30.54,
 139.698559,   35.291441,       29.30,
 139.703063,   35.291441,       27.99,
 139.707568,   35.291441,       26.72,
 139.712072,   35.291441,       25.41,
 139.716577,   35.291441,       24.21,
 139.721081,   35.291441,       23.14,
 139.725586,   35.291441,       22.15,
 139.730090,   35.291441,       21.24,
 139.734595,   35.291441,       20.31,
 139.739099,   35.291441,       19.63,
 139.743604,   35.291441,       19.07,
 139.748108,   35.291441,       18.48,
 139.752613,   35.291441,       18.23,
 139.757117,   35.291441,       18.00,
 139.761622,   35.291441,       17.88,
 139.766126,   35.291441,       17.93,
 139.770631,   35.291441,       17.99,
 139.775135,   35.291441,       18.22,
 139.635495,   35.295946,       31.42,
 139.640000,   35.295946,       32.11,
 139.653514,   35.295946,       33.56,
 139.658018,   35.295946,       33.75,
 139.662523,   35.295946,       33.54,
 139.671532,   35.295946,       32.97,
 139.676036,   35.295946,       32.83,
 139.680541,   35.295946,       32.46,
 139.685045,   35.295946,       31.95,
 139.689550,   35.295946,       31.03,
 139.694054,   35.295946,       30.02,
 139.698559,   35.295946,       28.67,
 139.703063,   35.295946,       27.22,
 139.707568,   35.295946,       25.80,
 139.712072,   35.295946,       24.64,
 139.716577,   35.295946,       23.48,
 139.721081,   35.295946,       22.33,
 139.725586,   35.295946,       21.46,
 139.730090,   35.295946,       20.68,
 139.734595,   35.295946,       19.88,
 139.739099,   35.295946,       19.29,
 139.743604,   35.295946,       18.77,
 139.748108,   35.295946,       18.41,
 139.752613,   35.295946,       18.25,
 139.757117,   35.295946,       18.10,
 139.761622,   35.295946,       18.13,
 139.766126,   35.295946,       18.23,
 139.770631,   35.295946,       18.45,
 139.775135,   35.295946,       18.72,
 139.779640,   35.295946,       19.00,
 139.635495,   35.300450,       32.78,
 139.640000,   35.300450,       33.46,
 139.658018,   35.300450,       33.88,
 139.667027,   35.300450,       33.15,
 139.671532,   35.300450,       33.05,
 139.676036,   35.300450,       32.90,
 139.680541,   35.300450,       32.46,
 139.685045,   35.300450,       31.83,
 139.689550,   35.300450,       30.77,
 139.694054,   35.300450,       29.57,
 139.698559,   35.300450,       28.06,
 139.703063,   35.300450,       26.61,
 139.707568,   35.300450,       25.19,
 139.712072,   35.300450,       23.96,
 139.716577,   35.300450,       22.82,
 139.721081,   35.300450,       21.73,
 139.725586,   35.300450,       20.97,
 139.730090,   35.300450,       20.28,
 139.734595,   35.300450,       19.61,
 139.739099,   35.300450,       19.04,
 139.743604,   35.300450,       18.64,
 139.748108,   35.300450,       18.44,
 139.752613,   35.300450,       18.34,
 139.757117,   35.300450,       18.38,
 139.761622,   35.300450,       18.44,
 139.766126,   35.300450,       18.66,
 139.770631,   35.300450,       18.90,
 139.775135,   35.300450,       19.30,
 139.779640,   35.300450,       19.74,
 139.784144,   35.300450,       20.24,
 139.644505,   35.304955,       35.56,
 139.649009,   35.304955,       34.99,
 139.653514,   35.304955,       34.17,
 139.658018,   35.304955,       33.39,
 139.662523,   35.304955,       33.23,
 139.667027,   35.304955,       33.20,
 139.671532,   35.304955,       33.15,
 139.676036,   35.304955,       32.99,
 139.680541,   35.304955,       32.66,
 139.685045,   35.304955,       31.83,
 139.689550,   35.304955,       30.57,
 139.694054,   35.304955,       29.19,
 139.698559,   35.304955,       27.57,
 139.703063,   35.304955,       26.05,
 139.707568,   35.304955,       24.60,
 139.712072,   35.304955,       23.32,
 139.716577,   35.304955,       22.30,
 139.721081,   35.304955,       21.32,
 139.725586,   35.304955,       20.56,
 139.730090,   35.304955,       19.94,
 139.734595,   35.304955,       19.31,
 139.739099,   35.304955,       18.96,
 139.743604,   35.304955,       18.74,
 139.748108,   35.304955,       18.52,
 139.752613,   35.304955,       18.60,
 139.757117,   35.304955,       18.68,
 139.761622,   35.304955,       18.92,
 139.766126,   35.304955,       19.16,
 139.770631,   35.304955,       19.58,
 139.775135,   35.304955,       20.00,
 139.779640,   35.304955,       20.50,
 139.784144,   35.304955,       21.04,
 139.788649,   35.304955,       21.55,
 139.640000,   35.309459,       35.98,
 139.644505,   35.309459,       35.16,
 139.649009,   35.309459,       34.13,
 139.653514,   35.309459,       33.48,
 139.658018,   35.309459,       33.25,
 139.662523,   35.309459,       33.18,
 139.667027,   35.309459,       33.18,
 139.671532,   35.309459,       33.12,
 139.676036,   35.309459,       33.00,
 139.680541,   35.309459,       32.58,
 139.685045,   35.309459,       31.78,
 139.689550,   35.309459,       30.42,
 139.694054,   35.309459,       28.74,
 139.698559,   35.309459,       27.08,
 139.703063,   35.309459,       25.59,
 139.707568,   35.309459,       24.15,
 139.712072,   35.309459,       22.85,
 139.716577,   35.309459,       21.88,
 139.721081,   35.309459,       20.90,
 139.725586,   35.309459,       20.17,
 139.730090,   35.309459,       19.67,
 139.734595,   35.309459,       19.21,
 139.739099,   35.309459,       19.00,
 139.743604,   35.309459,       18.84,
 139.748108,   35.309459,       18.79,
 139.752613,   35.309459,       18.92,
 139.757117,   35.309459,       19.20,
 139.761622,   35.309459,       19.55,
 139.766126,   35.309459,       19.90,
 139.770631,   35.309459,       20.35,
 139.775135,   35.309459,       20.79,
 139.779640,   35.309459,       21.35,
 139.784144,   35.309459,       21.92,
 139.788649,   35.309459,       22.49,
 139.793153,   35.309459,       23.15,
 139.649009,   35.313964,       33.67,
 139.653514,   35.313964,       33.31,
 139.658018,   35.313964,       33.14,
 139.662523,   35.313964,       33.16,
 139.667027,   35.313964,       33.17,
 139.671532,   35.313964,       33.16,
 139.676036,   35.313964,       32.88,
 139.680541,   35.313964,       32.44,
 139.685045,   35.313964,       31.35,
 139.689550,   35.313964,       30.02,
 139.694054,   35.313964,       28.28,
 139.698559,   35.313964,       26.59,
 139.703063,   35.313964,       25.18,
 139.707568,   35.313964,       23.78,
 139.712072,   35.313964,       22.48,
 139.716577,   35.313964,       21.52,
 139.721081,   35.313964,       20.64,
 139.725586,   35.313964,       19.98,
 139.730090,   35.313964,       19.54,
 139.734595,   35.313964,       19.12,
 139.739099,   35.313964,       19.03,
 139.743604,   35.313964,       18.97,
 139.748108,   35.313964,       19.21,
 139.752613,   35.313964,       19.44,
 139.757117,   35.313964,       19.83,
 139.761622,   35.313964,       20.24,
 139.766126,   35.313964,       20.72,
 139.770631,   35.313964,       21.20,
 139.775135,   35.313964,       21.69,
 139.779640,   35.313964,       22.28,
 139.784144,   35.313964,       22.86,
 139.788649,   35.313964,       23.47,
 139.793153,   35.313964,       24.26,
 139.797658,   35.313964,       24.97,
 139.802162,   35.313964,       25.64,
 139.806667,   35.313964,       26.36,
 139.630991,   35.318468,       37.93,
 139.635495,   35.318468,       38.53,
 139.644505,   35.318468,       34.22,
 139.649009,   35.318468,       33.41,
 139.653514,   35.318468,       33.13,
 139.658018,   35.318468,       33.13,
 139.662523,   35.318468,       33.17,
 139.667027,   35.318468,       33.21,
 139.671532,   35.318468,       33.15,
 139.676036,   35.318468,       32.76,
 139.680541,   35.318468,       32.09,
 139.685045,   35.318468,       30.84,
 139.689550,   35.318468,       29.47,
 139.694054,   35.318468,       27.81,
 139.698559,   35.318468,       26.20,
 139.703063,   35.318468,       24.77,
 139.707568,   35.318468,       23.40,
 139.712072,   35.318468,       22.05,
 139.716577,   35.318468,       21.28,
 139.721081,   35.318468,       20.51,
 139.725586,   35.318468,       19.84,
 139.730090,   35.318468,       19.48,
 139.734595,   35.318468,       19.21,
 139.739099,   35.318468,       19.19,
 139.743604,   35.318468,       19.27,
 139.748108,   35.318468,       19.67,
 139.752613,   35.318468,       20.06,
 139.757117,   35.318468,       20.63,
 139.761622,   35.318468,       21.16,
 139.766126,   35.318468,       21.66,
 139.770631,   35.318468,       22.14,
 139.775135,   35.318468,       22.62,
 139.779640,   35.318468,       23.35,
 139.784144,   35.318468,       24.01,
 139.788649,   35.318468,       24.75,
 139.793153,   35.318468,       25.53,
 139.797658,   35.318468,       26.29,
 139.802162,   35.318468,       27.02,
 139.806667,   35.318468,       27.73,
 139.811171,   35.318468,       28.42,
 139.815676,   35.318468,       28.75,
 139.820180,   35.318468,       29.66,
 139.824685,   35.318468,       31.24,
 139.635495,   35.322973,       40.21,
 139.640000,   35.322973,       35.01,
 139.644505,   35.322973,       33.81,
 139.649009,   35.322973,       33.09,
 139.653514,   35.322973,       33.07,
 139.658018,   35.322973,       33.16,
 139.662523,   35.322973,       33.22,
 139.667027,   35.322973,       33.28,
 139.671532,   35.322973,       33.02,
 139.676036,   35.322973,       32.61,
 139.680541,   35.322973,       31.65,
 139.685045,   35.322973,       30.40,
 139.689550,   35.322973,       28.94,
 139.694054,   35.322973,       27.35,
 139.698559,   35.322973,       25.76,
 139.703063,   35.322973,       24.42,
 139.707568,   35.322973,       23.17,
 139.712072,   35.322973,       22.00,
 139.716577,   35.322973,       21.13,
 139.721081,   35.322973,       20.40,
 139.725586,   35.322973,       19.77,
 139.730090,   35.322973,       19.56,
 139.734595,   35.322973,       19.38,
 139.739099,   35.322973,       19.46,
 139.743604,   35.322973,       19.79,
 139.748108,   35.322973,       20.26,
 139.752613,   35.322973,       20.88,
 139.757117,   35.322973,       21.51,
 139.761622,   35.322973,       22.12,
 139.766126,   35.322973,       22.74,
 139.770631,   35.322973,       23.33,
 139.775135,   35.322973,       23.96,
 139.779640,   35.322973,       24.63,
 139.784144,   35.322973,       25.33,
 139.788649,   35.322973,       26.10,
 139.793153,   35.322973,       26.90,
 139.797658,   35.322973,       27.68,
 139.802162,   35.322973,       28.31,
 139.806667,   35.322973,       28.99,
 139.811171,   35.322973,       29.76,
 139.815676,   35.322973,       30.55,
 139.820180,   35.322973,       31.75,
 139.824685,   35.322973,       33.51,
 139.829189,   35.322973,       35.84,
 139.833694,   35.322973,       37.79,
 139.640000,   35.327477,       35.44,
 139.644505,   35.327477,       33.30,
 139.649009,   35.327477,       33.09,
 139.653514,   35.327477,       33.10,
 139.658018,   35.327477,       33.18,
 139.662523,   35.327477,       33.27,
 139.667027,   35.327477,       33.17,
 139.671532,   35.327477,       32.85,
 139.676036,   35.327477,       32.23,
 139.680541,   35.327477,       31.15,
 139.685045,   35.327477,       29.95,
 139.689550,   35.327477,       28.41,
 139.694054,   35.327477,       26.85,
 139.698559,   35.327477,       25.33,
 139.703063,   35.327477,       24.13,
 139.707568,   35.327477,       22.99,
 139.712072,   35.327477,       21.90,
 139.716577,   35.327477,       20.99,
 139.721081,   35.327477,       20.40,
 139.725586,   35.327477,       19.93,
 139.730090,   35.327477,       19.65,
 139.734595,   35.327477,       19.65,
 139.739099,   35.327477,       19.89,
 139.743604,   35.327477,       20.34,
 139.748108,   35.327477,       21.05,
 139.752613,   35.327477,       21.76,
 139.757117,   35.327477,       22.59,
 139.761622,   35.327477,       23.38,
 139.766126,   35.327477,       24.14,
 139.770631,   35.327477,       24.74,
 139.775135,   35.327477,       25.40,
 139.779640,   35.327477,       26.05,
 139.784144,   35.327477,       26.69,
 139.788649,   35.327477,       27.45,
 139.793153,   35.327477,       28.23,
 139.797658,   35.327477,       28.89,
 139.802162,   35.327477,       29.49,
 139.806667,   35.327477,       30.20,
 139.811171,   35.327477,       31.08,
 139.815676,   35.327477,       32.03,
 139.820180,   35.327477,       33.35,
 139.824685,   35.327477,       35.19,
 139.829189,   35.327477,       37.32,
 139.833694,   35.327477,       39.11,
 139.838198,   35.327477,       39.89,
 139.842703,   35.327477,       40.38,
 139.635495,   35.331982,       35.86,
 139.640000,   35.331982,       33.68,
 139.644505,   35.331982,       33.12,
 139.649009,   35.331982,       33.07,
 139.653514,   35.331982,       33.10,
 139.658018,   35.331982,       33.22,
 139.662523,   35.331982,       33.25,
 139.667027,   35.331982,       33.02,
 139.671532,   35.331982,       32.62,
 139.676036,   35.331982,       31.80,
 139.680541,   35.331982,       30.72,
 139.685045,   35.331982,       29.40,
 139.689550,   35.331982,       27.91,
 139.694054,   35.331982,       26.42,
 139.698559,   35.331982,       25.03,
 139.703063,   35.331982,       23.84,
 139.707568,   35.331982,       22.77,
 139.712072,   35.331982,       21.73,
 139.716577,   35.331982,       20.92,
 139.721081,   35.331982,       20.47,
 139.725586,   35.331982,       20.05,
 139.730090,   35.331982,       19.82,
 139.734595,   35.331982,       20.02,
 139.739099,   35.331982,       20.30,
 139.743604,   35.331982,       21.04,
 139.748108,   35.331982,       21.87,
 139.752613,   35.331982,       22.85,
 139.757117,   35.331982,       23.84,
 139.761622,   35.331982,       24.79,
 139.766126,   35.331982,       25.66,
 139.770631,   35.331982,       26.32,
 139.775135,   35.331982,       27.00,
 139.779640,   35.331982,       27.59,
 139.784144,   35.331982,       28.17,
 139.788649,   35.331982,       28.83,
 139.793153,   35.331982,       29.52,
 139.797658,   35.331982,       30.06,
 139.802162,   35.331982,       30.65,
 139.806667,   35.331982,       31.37,
 139.811171,   35.331982,       32.28,
 139.815676,   35.331982,       33.29,
 139.820180,   35.331982,       34.52,
 139.824685,   35.331982,       36.21,
 139.829189,   35.331982,       37.84,
 139.833694,   35.331982,       39.33,
 139.838198,   35.331982,       40.76,
 139.842703,   35.331982,       41.89,
 139.847207,   35.331982,       42.70,
 139.635495,   35.336486,       33.41,
 139.640000,   35.336486,       33.07,
 139.644505,   35.336486,       32.98,
 139.649009,   35.336486,       32.95,
 139.653514,   35.336486,       33.09,
 139.658018,   35.336486,       33.25,
 139.662523,   35.336486,       33.16,
 139.667027,   35.336486,       32.92,
 139.671532,   35.336486,       32.31,
 139.676036,   35.336486,       31.44,
 139.680541,   35.336486,       30.29,
 139.685045,   35.336486,       28.89,
 139.689550,   35.336486,       27.43,
 139.694054,   35.336486,       26.06,
 139.698559,   35.336486,       24.71,
 139.703063,   35.336486,       23.48,
 139.707568,   35.336486,       22.53,
 139.712072,   35.336486,       21.60,
 139.716577,   35.336486,       20.93,
 139.721081,   35.336486,       20.51,
 139.725586,   35.336486,       20.13,
 139.730090,   35.336486,       20.12,
 139.734595,   35.336486,       20.29,
 139.739099,   35.336486,       20.88,
 139.743604,   35.336486,       21.70,
 139.748108,   35.336486,       22.74,
 139.752613,   35.336486,       23.92,
 139.757117,   35.336486,       25.07,
 139.761622,   35.336486,       26.26,
 139.766126,   35.336486,       27.05,
 139.770631,   35.336486,       27.77,
 139.775135,   35.336486,       28.32,
 139.779640,   35.336486,       28.90,
 139.784144,   35.336486,       29.45,
 139.788649,   35.336486,       29.99,
 139.793153,   35.336486,       30.54,
 139.797658,   35.336486,       31.10,
 139.802162,   35.336486,       31.66,
 139.806667,   35.336486,       32.33,
 139.811171,   35.336486,       33.25,
 139.815676,   35.336486,       34.25,
 139.820180,   35.336486,       35.28,
 139.824685,   35.336486,       36.66,
 139.829189,   35.336486,       38.13,
 139.833694,   35.336486,       39.56,
 139.838198,   35.336486,       40.98,
 139.842703,   35.336486,       42.37,
 139.847207,   35.336486,       43.78,
 139.635495,   35.340991,       33.25,
 139.640000,   35.340991,       32.91,
 139.644505,   35.340991,       32.88,
 139.649009,   35.340991,       32.93,
 139.653514,   35.340991,       33.10,
 139.658018,   35.340991,       33.21,
 139.662523,   35.340991,       33.16,
 139.667027,   35.340991,       32.79,
 139.671532,   35.340991,       32.15,
 139.676036,   35.340991,       31.15,
 139.680541,   35.340991,       29.90,
 139.685045,   35.340991,       28.50,
 139.689550,   35.340991,       27.06,
 139.694054,   35.340991,       25.69,
 139.698559,   35.340991,       24.39,
 139.703063,   35.340991,       23.21,
 139.707568,   35.340991,       22.36,
 139.712072,   35.340991,       21.52,
 139.716577,   35.340991,       20.90,
 139.721081,   35.340991,       20.52,
 139.725586,   35.340991,       20.25,
 139.730090,   35.340991,       20.36,
 139.734595,   35.340991,       20.63,
 139.739099,   35.340991,       21.35,
 139.743604,   35.340991,       22.30,
 139.748108,   35.340991,       23.53,
 139.752613,   35.340991,       24.80,
 139.757117,   35.340991,       26.13,
 139.761622,   35.340991,       27.34,
 139.766126,   35.340991,       28.28,
 139.770631,   35.340991,       28.87,
 139.775135,   35.340991,       29.41,
 139.779640,   35.340991,       29.89,
 139.784144,   35.340991,       30.38,
 139.788649,   35.340991,       30.92,
 139.793153,   35.340991,       31.42,
 139.797658,   35.340991,       31.97,
 139.802162,   35.340991,       32.49,
 139.806667,   35.340991,       33.16,
 139.811171,   35.340991,       33.98,
 139.815676,   35.340991,       34.93,
 139.820180,   35.340991,       35.99,
 139.824685,   35.340991,       37.18,
 139.829189,   35.340991,       38.55,
 139.833694,   35.340991,       39.90,
 139.838198,   35.340991,       41.20,
 139.842703,   35.340991,       42.53,
 139.847207,   35.340991,       43.88,
 139.851712,   35.340991,       44.79,
 139.640000,   35.345495,       32.87,
 139.644505,   35.345495,       32.82,
 139.649009,   35.345495,       32.90,
 139.653514,   35.345495,       33.06,
 139.658018,   35.345495,       33.20,
 139.662523,   35.345495,       33.17,
 139.667027,   35.345495,       32.84,
 139.671532,   35.345495,       32.07,
 139.676036,   35.345495,       31.01,
 139.680541,   35.345495,       29.65,
 139.685045,   35.345495,       28.18,
 139.689550,   35.345495,       26.70,
 139.694054,   35.345495,       25.32,
 139.698559,   35.345495,       24.13,
 139.703063,   35.345495,       22.98,
 139.707568,   35.345495,       22.19,
 139.712072,   35.345495,       21.42,
 139.716577,   35.345495,       20.89,
 139.721081,   35.345495,       20.56,
 139.725586,   35.345495,       20.38,
 139.730090,   35.345495,       20.51,
 139.734595,   35.345495,       20.97,
 139.739099,   35.345495,       21.69,
 139.743604,   35.345495,       22.82,
 139.748108,   35.345495,       24.11,
 139.752613,   35.345495,       25.45,
 139.757117,   35.345495,       26.82,
 139.761622,   35.345495,       28.00,
 139.766126,   35.345495,       28.97,
 139.770631,   35.345495,       29.69,
 139.775135,   35.345495,       30.16,
 139.779640,   35.345495,       30.62,
 139.784144,   35.345495,       31.11,
 139.788649,   35.345495,       31.61,
 139.793153,   35.345495,       32.12,
 139.797658,   35.345495,       32.66,
 139.802162,   35.345495,       33.25,
 139.806667,   35.345495,       33.94,
 139.811171,   35.345495,       34.71,
 139.815676,   35.345495,       35.65,
 139.820180,   35.345495,       36.70,
 139.824685,   35.345495,       37.83,
 139.829189,   35.345495,       39.14,
 139.833694,   35.345495,       40.40,
 139.838198,   35.345495,       41.53,
 139.842703,   35.345495,       42.72,
 139.847207,   35.345495,       43.93,
 139.851712,   35.345495,       44.74,
 139.856216,   35.345495,       45.26,
 139.860721,   35.345495,       45.79,
 139.865225,   35.345495,       46.03,
 139.869730,   35.345495,       46.05,
 139.874234,   35.345495,       46.05,
 139.878739,   35.345495,       46.17,
 139.883243,   35.345495,       46.22,
 139.644505,   35.350000,       32.74,
 139.649009,   35.350000,       32.84,
 139.653514,   35.350000,       32.97,
 139.658018,   35.350000,       33.13,
 139.662523,   35.350000,       33.20,
 139.667027,   35.350000,       32.83,
 139.671532,   35.350000,       32.09,
 139.676036,   35.350000,       30.93,
 139.680541,   35.350000,       29.46,
 139.685045,   35.350000,       27.92,
 139.689550,   35.350000,       26.45,
 139.694054,   35.350000,       25.12,
 139.698559,   35.350000,       23.91,
 139.703063,   35.350000,       22.86,
 139.707568,   35.350000,       22.08,
 139.712072,   35.350000,       21.42,
 139.716577,   35.350000,       20.88,
 139.721081,   35.350000,       20.57,
 139.725586,   35.350000,       20.49,
 139.730090,   35.350000,       20.64,
 139.734595,   35.350000,       21.15,
 139.739099,   35.350000,       22.00,
 139.743604,   35.350000,       23.11,
 139.748108,   35.350000,       24.44,
 139.752613,   35.350000,       25.84,
 139.757117,   35.350000,       27.06,
 139.761622,   35.350000,       28.29,
 139.766126,   35.350000,       29.34,
 139.770631,   35.350000,       30.12,
 139.775135,   35.350000,       30.76,
 139.779640,   35.350000,       31.25,
 139.784144,   35.350000,       31.74,
 139.788649,   35.350000,       32.25,
 139.793153,   35.350000,       32.78,
 139.797658,   35.350000,       33.36,
 139.802162,   35.350000,       33.96,
 139.806667,   35.350000,       34.64,
 139.811171,   35.350000,       35.41,
 139.815676,   35.350000,       36.39,
 139.820180,   35.350000,       37.40,
 139.824685,   35.350000,       38.55,
 139.829189,   35.350000,       39.78,
 139.833694,   35.350000,       40.90,
 139.838198,   35.350000,       41.94,
 139.842703,   35.350000,       42.99,
 139.847207,   35.350000,       44.06,
 139.851712,   35.350000,       44.68,
 139.856216,   35.350000,       45.21,
 139.860721,   35.350000,       45.74,
 139.865225,   35.350000,       46.24,
 139.869730,   35.350000,       46.60,
 139.874234,   35.350000,       46.86,
 139.878739,   35.350000,       47.12,
 139.883243,   35.350000,       47.38,
 139.887748,   35.350000,       47.58,
 139.892252,   35.350000,       47.30,
 139.896757,   35.350000,       47.21,
 139.640000,   35.354505,       32.56,
 139.644505,   35.354505,       32.64,
 139.649009,   35.354505,       32.77,
 139.653514,   35.354505,       32.91,
 139.658018,   35.354505,       33.06,
 139.662523,   35.354505,       33.16,
 139.667027,   35.354505,       32.83,
 139.671532,   35.354505,       32.13,
 139.676036,   35.354505,       30.84,
 139.680541,   35.354505,       29.37,
 139.685045,   35.354505,       27.76,
 139.689550,   35.354505,       26.27,
 139.694054,   35.354505,       24.97,
 139.698559,   35.354505,       23.73,
 139.703063,   35.354505,       22.90,
 139.707568,   35.354505,       22.08,
 139.712072,   35.354505,       21.44,
 139.716577,   35.354505,       21.00,
 139.721081,   35.354505,       20.70,
 139.725586,   35.354505,       20.64,
 139.730090,   35.354505,       20.88,
 139.734595,   35.354505,       21.37,
 139.739099,   35.354505,       22.13,
 139.743604,   35.354505,       23.28,
 139.748108,   35.354505,       24.58,
 139.752613,   35.354505,       25.90,
 139.757117,   35.354505,       27.14,
 139.761622,   35.354505,       28.32,
 139.766126,   35.354505,       29.39,
 139.770631,   35.354505,       30.32,
 139.775135,   35.354505,       31.09,
 139.779640,   35.354505,       31.83,
 139.784144,   35.354505,       32.37,
 139.788649,   35.354505,       32.90,
 139.793153,   35.354505,       33.46,
 139.797658,   35.354505,       34.06,
 139.802162,   35.354505,       34.68,
 139.806667,   35.354505,       35.40,
 139.811171,   35.354505,       36.16,
 139.815676,   35.354505,       37.10,
 139.820180,   35.354505,       38.07,
 139.824685,   35.354505,       39.20,
 139.829189,   35.354505,       40.33,
 139.833694,   35.354505,       41.40,
 139.838198,   35.354505,       42.38,
 139.842703,   35.354505,       43.30,
 139.847207,   35.354505,       44.10,
 139.851712,   35.354505,       44.65,
 139.856216,   35.354505,       45.17,
 139.860721,   35.354505,       45.67,
 139.865225,   35.354505,       46.09,
 139.869730,   35.354505,       46.39,
 139.874234,   35.354505,       46.66,
 139.878739,   35.354505,       46.92,
 139.883243,   35.354505,       47.18,
 139.887748,   35.354505,       47.44,
 139.892252,   35.354505,       47.69,
 139.896757,   35.354505,       47.93,
 139.901261,   35.354505,       48.01,
 139.905766,   35.354505,       47.60,
 139.640000,   35.359009,       32.35,
 139.644505,   35.359009,       32.49,
 139.649009,   35.359009,       32.63,
 139.653514,   35.359009,       32.81,
 139.658018,   35.359009,       33.01,
 139.662523,   35.359009,       33.09,
 139.667027,   35.359009,       32.81,
 139.671532,   35.359009,       32.02,
 139.676036,   35.359009,       30.80,
 139.680541,   35.359009,       29.27,
 139.685045,   35.359009,       27.71,
 139.689550,   35.359009,       26.20,
 139.694054,   35.359009,       24.92,
 139.698559,   35.359009,       23.83,
 139.703063,   35.359009,       22.91,
 139.707568,   35.359009,       22.18,
 139.712072,   35.359009,       21.59,
 139.716577,   35.359009,       21.16,
 139.721081,   35.359009,       20.91,
 139.725586,   35.359009,       20.91,
 139.730090,   35.359009,       21.14,
 139.734595,   35.359009,       21.59,
 139.739099,   35.359009,       22.40,
 139.743604,   35.359009,       23.47,
 139.748108,   35.359009,       24.62,
 139.752613,   35.359009,       25.88,
 139.757117,   35.359009,       27.14,
 139.761622,   35.359009,       28.24,
 139.766126,   35.359009,       29.28,
 139.770631,   35.359009,       30.32,
 139.775135,   35.359009,       31.19,
 139.779640,   35.359009,       31.98,
 139.784144,   35.359009,       32.77,
 139.788649,   35.359009,       33.52,
 139.793153,   35.359009,       34.15,
 139.797658,   35.359009,       34.76,
 139.802162,   35.359009,       35.41,
 139.806667,   35.359009,       36.10,
 139.811171,   35.359009,       36.82,
 139.815676,   35.359009,       37.69,
 139.820180,   35.359009,       38.66,
 139.824685,   35.359009,       39.73,
 139.829189,   35.359009,       40.78,
 139.833694,   35.359009,       41.81,
 139.838198,   35.359009,       42.65,
 139.842703,   35.359009,       43.44,
 139.847207,   35.359009,       44.10,
 139.851712,   35.359009,       44.62,
 139.856216,   35.359009,       45.14,
 139.860721,   35.359009,       45.59,
 139.865225,   35.359009,       45.90,
 139.869730,   35.359009,       46.19,
 139.874234,   35.359009,       46.47,
 139.878739,   35.359009,       46.73,
 139.883243,   35.359009,       46.99,
 139.887748,   35.359009,       47.25,
 139.892252,   35.359009,       47.50,
 139.896757,   35.359009,       47.75,
 139.901261,   35.359009,       48.01,
 139.905766,   35.359009,       48.32,
 139.910270,   35.359009,       47.93,
 139.635495,   35.363514,       32.13,
 139.640000,   35.363514,       32.15,
 139.644505,   35.363514,       32.29,
 139.649009,   35.363514,       32.46,
 139.653514,   35.363514,       32.71,
 139.658018,   35.363514,       32.98,
 139.662523,   35.363514,       32.98,
 139.667027,   35.363514,       32.69,
 139.671532,   35.363514,       31.91,
 139.676036,   35.363514,       30.76,
 139.680541,   35.363514,       29.23,
 139.685045,   35.363514,       27.70,
 139.689550,   35.363514,       26.22,
 139.694054,   35.363514,       24.99,
 139.698559,   35.363514,       23.94,
 139.703063,   35.363514,       22.95,
 139.707568,   35.363514,       22.34,
 139.712072,   35.363514,       21.74,
 139.716577,   35.363514,       21.38,
 139.721081,   35.363514,       21.17,
 139.725586,   35.363514,       21.21,
 139.730090,   35.363514,       21.40,
 139.734595,   35.363514,       21.89,
 139.739099,   35.363514,       22.55,
 139.743604,   35.363514,       23.58,
 139.748108,   35.363514,       24.67,
 139.752613,   35.363514,       25.86,
 139.757117,   35.363514,       27.02,
 139.761622,   35.363514,       28.05,
 139.766126,   35.363514,       29.08,
 139.770631,   35.363514,       30.09,
 139.775135,   35.363514,       31.05,
 139.779640,   35.363514,       32.00,
 139.784144,   35.363514,       32.86,
 139.788649,   35.363514,       33.71,
 139.793153,   35.363514,       34.54,
 139.797658,   35.363514,       35.24,
 139.802162,   35.363514,       35.93,
 139.806667,   35.363514,       36.66,
 139.811171,   35.363514,       37.35,
 139.815676,   35.363514,       38.15,
 139.820180,   35.363514,       39.03,
 139.824685,   35.363514,       40.01,
 139.829189,   35.363514,       40.97,
 139.833694,   35.363514,       41.87,
 139.838198,   35.363514,       42.64,
 139.842703,   35.363514,       43.45,
 139.847207,   35.363514,       44.03,
 139.851712,   35.363514,       44.48,
 139.856216,   35.363514,       44.98,
 139.860721,   35.363514,       45.39,
 139.865225,   35.363514,       45.67,
 139.869730,   35.363514,       45.97,
 139.874234,   35.363514,       46.27,
 139.878739,   35.363514,       46.51,
 139.883243,   35.363514,       46.77,
 139.887748,   35.363514,       47.05,
 139.892252,   35.363514,       47.32,
 139.896757,   35.363514,       47.60,
 139.901261,   35.363514,       47.89,
 139.905766,   35.363514,       48.20,
 139.910270,   35.363514,       48.54,
 139.914775,   35.363514,       48.17,
 139.635495,   35.368018,       32.01,
 139.640000,   35.368018,       31.94,
 139.644505,   35.368018,       32.06,
 139.649009,   35.368018,       32.30,
 139.653514,   35.368018,       32.63,
 139.658018,   35.368018,       32.90,
 139.662523,   35.368018,       32.89,
 139.667027,   35.368018,       32.57,
 139.671532,   35.368018,       31.77,
 139.676036,   35.368018,       30.63,
 139.680541,   35.368018,       29.18,
 139.685045,   35.368018,       27.75,
 139.689550,   35.368018,       26.40,
 139.694054,   35.368018,       25.12,
 139.698559,   35.368018,       24.12,
 139.703063,   35.368018,       23.26,
 139.707568,   35.368018,       22.54,
 139.712072,   35.368018,       22.00,
 139.716577,   35.368018,       21.62,
 139.721081,   35.368018,       21.50,
 139.725586,   35.368018,       21.56,
 139.730090,   35.368018,       21.79,
 139.734595,   35.368018,       22.20,
 139.739099,   35.368018,       22.82,
 139.743604,   35.368018,       23.76,
 139.748108,   35.368018,       24.79,
 139.752613,   35.368018,       25.83,
 139.757117,   35.368018,       26.88,
 139.761622,   35.368018,       27.91,
 139.766126,   35.368018,       28.91,
 139.770631,   35.368018,       29.79,
 139.775135,   35.368018,       30.68,
 139.779640,   35.368018,       31.62,
 139.784144,   35.368018,       32.59,
 139.788649,   35.368018,       33.51,
 139.793153,   35.368018,       34.37,
 139.797658,   35.368018,       35.29,
 139.802162,   35.368018,       36.08,
 139.806667,   35.368018,       36.73,
 139.811171,   35.368018,       37.37,
 139.815676,   35.368018,       38.09,
 139.820180,   35.368018,       38.90,
 139.824685,   35.368018,       39.91,
 139.829189,   35.368018,       40.74,
 139.833694,   35.368018,       41.63,
 139.838198,   35.368018,       42.37,
 139.842703,   35.368018,       43.04,
 139.847207,   35.368018,       43.64,
 139.851712,   35.368018,       44.15,
 139.856216,   35.368018,       44.61,
 139.860721,   35.368018,       45.08,
 139.865225,   35.368018,       45.41,
 139.869730,   35.368018,       45.67,
 139.874234,   35.368018,       45.94,
 139.878739,   35.368018,       46.22,
 139.883243,   35.368018,       46.49,
 139.887748,   35.368018,       46.78,
 139.892252,   35.368018,       47.13,
 139.896757,   35.368018,       47.45,
 139.901261,   35.368018,       47.76,
 139.905766,   35.368018,       48.07,
 139.910270,   35.368018,       48.41,
 139.914775,   35.368018,       48.76,
 139.635495,   35.372523,       31.87,
 139.640000,   35.372523,       31.79,
 139.644505,   35.372523,       31.86,
 139.649009,   35.372523,       32.14,
 139.653514,   35.372523,       32.47,
 139.658018,   35.372523,       32.77,
 139.662523,   35.372523,       32.77,
 139.667027,   35.372523,       32.44,
 139.671532,   35.372523,       31.68,
 139.676036,   35.372523,       30.57,
 139.680541,   35.372523,       29.23,
 139.685045,   35.372523,       27.88,
 139.689550,   35.372523,       26.56,
 139.694054,   35.372523,       25.24,
 139.698559,   35.372523,       24.34,
 139.703063,   35.372523,       23.52,
 139.707568,   35.372523,       22.77,
 139.712072,   35.372523,       22.31,
 139.716577,   35.372523,       21.99,
 139.721081,   35.372523,       21.91,
 139.725586,   35.372523,       21.97,
 139.730090,   35.372523,       22.25,
 139.734595,   35.372523,       22.62,
 139.739099,   35.372523,       23.20,
 139.743604,   35.372523,       24.04,
 139.748108,   35.372523,       25.01,
 139.752613,   35.372523,       25.93,
 139.757117,   35.372523,       26.85,
 139.761622,   35.372523,       27.81,
 139.766126,   35.372523,       28.76,
 139.770631,   35.372523,       29.57,
 139.775135,   35.372523,       30.37,
 139.779640,   35.372523,       31.19,
 139.784144,   35.372523,       32.09,
 139.788649,   35.372523,       32.98,
 139.793153,   35.372523,       33.86,
 139.797658,   35.372523,       34.74,
 139.802162,   35.372523,       35.60,
 139.806667,   35.372523,       36.32,
 139.811171,   35.372523,       37.05,
 139.815676,   35.372523,       37.72,
 139.820180,   35.372523,       38.50,
 139.824685,   35.372523,       39.28,
 139.829189,   35.372523,       40.08,
 139.833694,   35.372523,       40.90,
 139.838198,   35.372523,       41.77,
 139.842703,   35.372523,       42.48,
 139.847207,   35.372523,       43.07,
 139.851712,   35.372523,       43.74,
 139.856216,   35.372523,       44.20,
 139.860721,   35.372523,       44.66,
 139.865225,   35.372523,       45.04,
 139.869730,   35.372523,       45.31,
 139.874234,   35.372523,       45.59,
 139.878739,   35.372523,       45.89,
 139.883243,   35.372523,       46.18,
 139.887748,   35.372523,       46.51,
 139.892252,   35.372523,       46.90,
 139.896757,   35.372523,       47.27,
 139.901261,   35.372523,       47.62,
 139.905766,   35.372523,       47.95,
 139.910270,   35.372523,       48.32,
 139.914775,   35.372523,       48.69,
 139.635495,   35.377027,       31.72,
 139.640000,   35.377027,       31.62,
 139.644505,   35.377027,       31.65,
 139.649009,   35.377027,       31.97,
 139.653514,   35.377027,       32.29,
 139.658018,   35.377027,       32.62,
 139.662523,   35.377027,       32.62,
 139.667027,   35.377027,       32.32,
 139.671532,   35.377027,       31.69,
 139.676036,   35.377027,       30.56,
 139.680541,   35.377027,       29.30,
 139.685045,   35.377027,       28.01,
 139.689550,   35.377027,       26.71,
 139.694054,   35.377027,       25.51,
 139.698559,   35.377027,       24.57,
 139.703063,   35.377027,       23.72,
 139.707568,   35.377027,       23.05,
 139.712072,   35.377027,       22.60,
 139.716577,   35.377027,       22.38,
 139.721081,   35.377027,       22.37,
 139.725586,   35.377027,       22.49,
 139.730090,   35.377027,       22.77,
 139.734595,   35.377027,       23.17,
 139.739099,   35.377027,       23.71,
 139.743604,   35.377027,       24.38,
 139.748108,   35.377027,       25.22,
 139.752613,   35.377027,       26.10,
 139.757117,   35.377027,       26.94,
 139.761622,   35.377027,       27.78,
 139.766126,   35.377027,       28.61,
 139.770631,   35.377027,       29.40,
 139.775135,   35.377027,       30.18,
 139.779640,   35.377027,       30.90,
 139.784144,   35.377027,       31.63,
 139.788649,   35.377027,       32.44,
 139.793153,   35.377027,       33.29,
 139.797658,   35.377027,       34.10,
 139.802162,   35.377027,       34.91,
 139.806667,   35.377027,       35.66,
 139.811171,   35.377027,       36.40,
 139.815676,   35.377027,       37.12,
 139.820180,   35.377027,       37.80,
 139.824685,   35.377027,       38.55,
 139.829189,   35.377027,       39.30,
 139.833694,   35.377027,       40.08,
 139.838198,   35.377027,       40.89,
 139.842703,   35.377027,       41.67,
 139.847207,   35.377027,       42.34,
 139.851712,   35.377027,       43.03,
 139.856216,   35.377027,       43.62,
 139.860721,   35.377027,       44.16,
 139.865225,   35.377027,       44.53,
 139.869730,   35.377027,       44.89,
 139.874234,   35.377027,       45.23,
 139.878739,   35.377027,       45.54,
 139.883243,   35.377027,       45.87,
 139.887748,   35.377027,       46.27,
 139.892252,   35.377027,       46.66,
 139.896757,   35.377027,       47.05,
 139.901261,   35.377027,       47.46,
 139.905766,   35.377027,       47.89,
 139.910270,   35.377027,       48.29,
 139.914775,   35.377027,       48.71,
 139.919279,   35.377027,       49.05,
 139.626486,   35.381532,       32.51,
 139.630991,   35.381532,       32.03,
 139.635495,   35.381532,       31.60,
 139.640000,   35.381532,       31.43,
 139.644505,   35.381532,       31.48,
 139.649009,   35.381532,       31.79,
 139.653514,   35.381532,       32.14,
 139.658018,   35.381532,       32.50,
 139.662523,   35.381532,       32.57,
 139.667027,   35.381532,       32.36,
 139.671532,   35.381532,       31.74,
 139.676036,   35.381532,       30.72,
 139.680541,   35.381532,       29.47,
 139.685045,   35.381532,       28.18,
 139.689550,   35.381532,       26.87,
 139.694054,   35.381532,       25.75,
 139.698559,   35.381532,       24.83,
 139.703063,   35.381532,       23.91,
 139.707568,   35.381532,       23.44,
 139.712072,   35.381532,       23.02,
 139.716577,   35.381532,       22.90,
 139.721081,   35.381532,       22.93,
 139.725586,   35.381532,       23.15,
 139.730090,   35.381532,       23.44,
 139.734595,   35.381532,       23.80,
 139.739099,   35.381532,       24.26,
 139.743604,   35.381532,       24.93,
 139.748108,   35.381532,       25.58,
 139.752613,   35.381532,       26.32,
 139.757117,   35.381532,       27.16,
 139.761622,   35.381532,       27.96,
 139.766126,   35.381532,       28.61,
 139.770631,   35.381532,       29.28,
 139.775135,   35.381532,       30.02,
 139.779640,   35.381532,       30.70,
 139.784144,   35.381532,       31.31,
 139.788649,   35.381532,       31.94,
 139.793153,   35.381532,       32.74,
 139.797658,   35.381532,       33.54,
 139.802162,   35.381532,       34.31,
 139.806667,   35.381532,       35.05,
 139.811171,   35.381532,       35.78,
 139.815676,   35.381532,       36.47,
 139.820180,   35.381532,       37.14,
 139.824685,   35.381532,       37.81,
 139.829189,   35.381532,       38.50,
 139.833694,   35.381532,       39.23,
 139.838198,   35.381532,       40.03,
 139.842703,   35.381532,       40.80,
 139.847207,   35.381532,       41.56,
 139.851712,   35.381532,       42.30,
 139.856216,   35.381532,       42.95,
 139.860721,   35.381532,       43.50,
 139.865225,   35.381532,       44.00,
 139.869730,   35.381532,       44.41,
 139.874234,   35.381532,       44.81,
 139.878739,   35.381532,       45.16,
 139.883243,   35.381532,       45.55,
 139.887748,   35.381532,       46.00,
 139.892252,   35.381532,       46.43,
 139.896757,   35.381532,       46.85,
 139.901261,   35.381532,       47.33,
 139.905766,   35.381532,       47.82,
 139.910270,   35.381532,       48.26,
 139.914775,   35.381532,       48.71,
 139.919279,   35.381532,       49.11,
 139.621982,   35.386036,       32.98,
 139.626486,   35.386036,       32.37,
 139.630991,   35.386036,       31.81,
 139.635495,   35.386036,       31.49,
 139.640000,   35.386036,       31.29,
 139.644505,   35.386036,       31.28,
 139.649009,   35.386036,       31.59,
 139.653514,   35.386036,       31.93,
 139.658018,   35.386036,       32.31,
 139.662523,   35.386036,       32.48,
 139.667027,   35.386036,       32.30,
 139.671532,   35.386036,       31.79,
 139.676036,   35.386036,       30.81,
 139.680541,   35.386036,       29.66,
 139.685045,   35.386036,       28.36,
 139.689550,   35.386036,       27.06,
 139.694054,   35.386036,       26.05,
 139.698559,   35.386036,       25.12,
 139.703063,   35.386036,       24.34,
 139.707568,   35.386036,       23.90,
 139.712072,   35.386036,       23.50,
 139.716577,   35.386036,       23.53,
 139.721081,   35.386036,       23.64,
 139.725586,   35.386036,       23.87,
 139.730090,   35.386036,       24.20,
 139.734595,   35.386036,       24.57,
 139.739099,   35.386036,       24.99,
 139.743604,   35.386036,       25.56,
 139.748108,   35.386036,       26.17,
 139.752613,   35.386036,       26.75,
 139.757117,   35.386036,       27.45,
 139.761622,   35.386036,       28.18,
 139.766126,   35.386036,       28.76,
 139.770631,   35.386036,       29.31,
 139.775135,   35.386036,       29.88,
 139.779640,   35.386036,       30.51,
 139.784144,   35.386036,       31.12,
 139.788649,   35.386036,       31.72,
 139.793153,   35.386036,       32.34,
 139.797658,   35.386036,       33.03,
 139.802162,   35.386036,       33.79,
 139.806667,   35.386036,       34.51,
 139.811171,   35.386036,       35.21,
 139.815676,   35.386036,       35.90,
 139.820180,   35.386036,       36.56,
 139.824685,   35.386036,       37.22,
 139.829189,   35.386036,       37.90,
 139.833694,   35.386036,       38.58,
 139.838198,   35.386036,       39.24,
 139.842703,   35.386036,       40.04,
 139.847207,   35.386036,       40.75,
 139.851712,   35.386036,       41.47,
 139.856216,   35.386036,       42.18,
 139.860721,   35.386036,       42.82,
 139.865225,   35.386036,       43.37,
 139.869730,   35.386036,       43.87,
 139.874234,   35.386036,       44.31,
 139.878739,   35.386036,       44.78,
 139.883243,   35.386036,       45.21,
 139.887748,   35.386036,       45.71,
 139.892252,   35.386036,       46.20,
 139.896757,   35.386036,       46.69,
 139.901261,   35.386036,       47.23,
 139.905766,   35.386036,       47.74,
 139.910270,   35.386036,       48.22,
 139.914775,   35.386036,       48.70,
 139.919279,   35.386036,       49.18,
 139.617477,   35.390541,       33.50,
 139.621982,   35.390541,       32.87,
 139.626486,   35.390541,       32.22,
 139.630991,   35.390541,       31.70,
 139.635495,   35.390541,       31.34,
 139.640000,   35.390541,       31.14,
 139.644505,   35.390541,       31.11,
 139.649009,   35.390541,       31.33,
 139.653514,   35.390541,       31.69,
 139.658018,   35.390541,       32.07,
 139.662523,   35.390541,       32.35,
 139.667027,   35.390541,       32.16,
 139.671532,   35.390541,       31.85,
 139.676036,   35.390541,       30.91,
 139.680541,   35.390541,       29.84,
 139.685045,   35.390541,       28.53,
 139.689550,   35.390541,       27.31,
 139.694054,   35.390541,       26.33,
 139.698559,   35.390541,       25.41,
 139.703063,   35.390541,       24.73,
 139.707568,   35.390541,       24.43,
 139.712072,   35.390541,       24.19,
 139.716577,   35.390541,       24.16,
 139.721081,   35.390541,       24.36,
 139.725586,   35.390541,       24.70,
 139.730090,   35.390541,       25.03,
 139.734595,   35.390541,       25.42,
 139.739099,   35.390541,       25.85,
 139.743604,   35.390541,       26.25,
 139.748108,   35.390541,       26.81,
 139.752613,   35.390541,       27.32,
 139.757117,   35.390541,       27.80,
 139.761622,   35.390541,       28.39,
 139.766126,   35.390541,       28.95,
 139.770631,   35.390541,       29.49,
 139.775135,   35.390541,       30.02,
 139.779640,   35.390541,       30.50,
 139.784144,   35.390541,       31.00,
 139.788649,   35.390541,       31.55,
 139.793153,   35.390541,       32.13,
 139.797658,   35.390541,       32.71,
 139.802162,   35.390541,       33.37,
 139.806667,   35.390541,       34.09,
 139.811171,   35.390541,       34.80,
 139.815676,   35.390541,       35.48,
 139.820180,   35.390541,       36.14,
 139.824685,   35.390541,       36.78,
 139.829189,   35.390541,       37.41,
 139.833694,   35.390541,       38.05,
 139.838198,   35.390541,       38.72,
 139.842703,   35.390541,       39.41,
 139.847207,   35.390541,       40.10,
 139.851712,   35.390541,       40.77,
 139.856216,   35.390541,       41.45,
 139.860721,   35.390541,       42.10,
 139.865225,   35.390541,       42.72,
 139.869730,   35.390541,       43.25,
 139.874234,   35.390541,       43.80,
 139.878739,   35.390541,       44.30,
 139.883243,   35.390541,       44.88,
 139.887748,   35.390541,       45.41,
 139.892252,   35.390541,       45.98,
 139.896757,   35.390541,       46.61,
 139.901261,   35.390541,       47.15,
 139.905766,   35.390541,       47.68,
 139.910270,   35.390541,       48.22,
 139.914775,   35.390541,       48.75,
 139.919279,   35.390541,       49.25,
 139.617477,   35.395045,       33.47,
 139.621982,   35.395045,       32.78,
 139.626486,   35.395045,       32.10,
 139.630991,   35.395045,       31.63,
 139.635495,   35.395045,       31.20,
 139.640000,   35.395045,       30.96,
 139.644505,   35.395045,       30.95,
 139.649009,   35.395045,       31.07,
 139.653514,   35.395045,       31.46,
 139.658018,   35.395045,       31.83,
 139.662523,   35.395045,       32.12,
 139.667027,   35.395045,       32.10,
 139.671532,   35.395045,       31.78,
 139.676036,   35.395045,       31.00,
 139.680541,   35.395045,       29.96,
 139.685045,   35.395045,       28.67,
 139.689550,   35.395045,       27.47,
 139.694054,   35.395045,       26.48,
 139.698559,   35.395045,       25.64,
 139.703063,   35.395045,       25.10,
 139.707568,   35.395045,       24.88,
 139.712072,   35.395045,       24.76,
 139.716577,   35.395045,       24.79,
 139.721081,   35.395045,       25.16,
 139.725586,   35.395045,       25.57,
 139.730090,   35.395045,       25.96,
 139.734595,   35.395045,       26.37,
 139.739099,   35.395045,       26.76,
 139.743604,   35.395045,       27.12,
 139.748108,   35.395045,       27.54,
 139.752613,   35.395045,       27.98,
 139.757117,   35.395045,       28.39,
 139.761622,   35.395045,       28.78,
 139.766126,   35.395045,       29.24,
 139.770631,   35.395045,       29.71,
 139.775135,   35.395045,       30.21,
 139.779640,   35.395045,       30.64,
 139.784144,   35.395045,       31.05,
 139.788649,   35.395045,       31.46,
 139.793153,   35.395045,       31.98,
 139.797658,   35.395045,       32.50,
 139.802162,   35.395045,       33.13,
 139.806667,   35.395045,       33.76,
 139.811171,   35.395045,       34.47,
 139.815676,   35.395045,       35.16,
 139.820180,   35.395045,       35.82,
 139.824685,   35.395045,       36.45,
 139.829189,   35.395045,       37.06,
 139.833694,   35.395045,       37.70,
 139.838198,   35.395045,       38.31,
 139.842703,   35.395045,       38.91,
 139.847207,   35.395045,       39.55,
 139.851712,   35.395045,       40.17,
 139.856216,   35.395045,       40.82,
 139.860721,   35.395045,       41.45,
 139.865225,   35.395045,       42.06,
 139.869730,   35.395045,       42.66,
 139.874234,   35.395045,       43.26,
 139.878739,   35.395045,       43.84,
 139.883243,   35.395045,       44.51,
 139.887748,   35.395045,       45.13,
 139.892252,   35.395045,       45.80,
 139.896757,   35.395045,       46.52,
 139.901261,   35.395045,       47.13,
 139.905766,   35.395045,       47.73,
 139.910270,   35.395045,       48.30,
 139.914775,   35.395045,       48.82,
 139.617477,   35.399550,       33.35,
 139.621982,   35.399550,       32.71,
 139.626486,   35.399550,       32.09,
 139.630991,   35.399550,       31.56,
 139.635495,   35.399550,       31.14,
 139.640000,   35.399550,       30.83,
 139.644505,   35.399550,       30.71,
 139.649009,   35.399550,       30.90,
 139.653514,   35.399550,       31.21,
 139.658018,   35.399550,       31.61,
 139.662523,   35.399550,       31.87,
 139.667027,   35.399550,       31.95,
 139.671532,   35.399550,       31.65,
 139.676036,   35.399550,       30.97,
 139.680541,   35.399550,       29.97,
 139.685045,   35.399550,       28.78,
 139.689550,   35.399550,       27.59,
 139.694054,   35.399550,       26.58,
 139.698559,   35.399550,       25.89,
 139.703063,   35.399550,       25.36,
 139.707568,   35.399550,       25.22,
 139.712072,   35.399550,       25.21,
 139.716577,   35.399550,       25.39,
 139.721081,   35.399550,       25.88,
 139.725586,   35.399550,       26.36,
 139.730090,   35.399550,       26.84,
 139.734595,   35.399550,       27.30,
 139.739099,   35.399550,       27.66,
 139.743604,   35.399550,       28.00,
 139.748108,   35.399550,       28.30,
 139.752613,   35.399550,       28.61,
 139.757117,   35.399550,       28.97,
 139.761622,   35.399550,       29.28,
 139.766126,   35.399550,       29.63,
 139.770631,   35.399550,       30.00,
 139.775135,   35.399550,       30.41,
 139.779640,   35.399550,       30.81,
 139.784144,   35.399550,       31.20,
 139.788649,   35.399550,       31.57,
 139.793153,   35.399550,       32.01,
 139.797658,   35.399550,       32.47,
 139.802162,   35.399550,       33.02,
 139.806667,   35.399550,       33.65,
 139.811171,   35.399550,       34.26,
 139.815676,   35.399550,       34.93,
 139.820180,   35.399550,       35.61,
 139.824685,   35.399550,       36.24,
 139.829189,   35.399550,       36.86,
 139.833694,   35.399550,       37.46,
 139.838198,   35.399550,       38.05,
 139.842703,   35.399550,       38.61,
 139.847207,   35.399550,       39.18,
 139.851712,   35.399550,       39.72,
 139.856216,   35.399550,       40.29,
 139.860721,   35.399550,       40.87,
 139.865225,   35.399550,       41.49,
 139.869730,   35.399550,       42.11,
 139.874234,   35.399550,       42.73,
 139.878739,   35.399550,       43.42,
 139.883243,   35.399550,       44.10,
 139.887748,   35.399550,       44.86,
 139.892252,   35.399550,       45.66,
 139.896757,   35.399550,       46.40,
 139.901261,   35.399550,       47.20,
 139.905766,   35.399550,       47.86,
 139.621982,   35.404054,       32.61,
 139.626486,   35.404054,       32.02,
 139.630991,   35.404054,       31.50,
 139.635495,   35.404054,       31.08,
 139.640000,   35.404054,       30.72,
 139.644505,   35.404054,       30.67,
 139.649009,   35.404054,       30.75,
 139.653514,   35.404054,       31.05,
 139.658018,   35.404054,       31.41,
 139.662523,   35.404054,       31.66,
 139.667027,   35.404054,       31.70,
 139.671532,   35.404054,       31.43,
 139.676036,   35.404054,       30.91,
 139.680541,   35.404054,       29.94,
 139.685045,   35.404054,       28.80,
 139.689550,   35.404054,       27.65,
 139.694054,   35.404054,       26.63,
 139.698559,   35.404054,       26.06,
 139.703063,   35.404054,       25.53,
 139.707568,   35.404054,       25.52,
 139.712072,   35.404054,       25.65,
 139.716577,   35.404054,       25.88,
 139.721081,   35.404054,       26.47,
 139.725586,   35.404054,       27.09,
 139.730090,   35.404054,       27.72,
 139.734595,   35.404054,       28.23,
 139.739099,   35.404054,       28.55,
 139.743604,   35.404054,       28.87,
 139.748108,   35.404054,       29.07,
 139.752613,   35.404054,       29.28,
 139.757117,   35.404054,       29.54,
 139.761622,   35.404054,       29.81,
 139.766126,   35.404054,       30.11,
 139.770631,   35.404054,       30.41,
 139.775135,   35.404054,       30.67,
 139.779640,   35.404054,       31.01,
 139.784144,   35.404054,       31.38,
 139.788649,   35.404054,       31.72,
 139.793153,   35.404054,       32.10,
 139.797658,   35.404054,       32.58,
 139.802162,   35.404054,       33.06,
 139.806667,   35.404054,       33.60,
 139.811171,   35.404054,       34.21,
 139.815676,   35.404054,       34.85,
 139.820180,   35.404054,       35.50,
 139.824685,   35.404054,       36.13,
 139.829189,   35.404054,       36.74,
 139.833694,   35.404054,       37.33,
 139.838198,   35.404054,       37.89,
 139.842703,   35.404054,       38.44,
 139.847207,   35.404054,       38.95,
 139.851712,   35.404054,       39.45,
 139.856216,   35.404054,       39.91,
 139.860721,   35.404054,       40.46,
 139.865225,   35.404054,       41.03,
 139.869730,   35.404054,       41.61,
 139.874234,   35.404054,       42.28,
 139.878739,   35.404054,       42.99,
 139.883243,   35.404054,       43.72,
 139.887748,   35.404054,       44.59,
 139.892252,   35.404054,       45.48,
 139.896757,   35.404054,       46.31,
 139.901261,   35.404054,       47.20,
 139.621982,   35.408559,       32.53,
 139.626486,   35.408559,       31.96,
 139.630991,   35.408559,       31.44,
 139.635495,   35.408559,       31.06,
 139.640000,   35.408559,       30.77,
 139.644505,   35.408559,       30.65,
 139.649009,   35.408559,       30.74,
 139.653514,   35.408559,       30.99,
 139.658018,   35.408559,       31.27,
 139.662523,   35.408559,       31.47,
 139.667027,   35.408559,       31.35,
 139.671532,   35.408559,       31.16,
 139.676036,   35.408559,       30.54,
 139.680541,   35.408559,       29.81,
 139.685045,   35.408559,       28.75,
 139.689550,   35.408559,       27.73,
 139.694054,   35.408559,       26.72,
 139.698559,   35.408559,       26.07,
 139.703063,   35.408559,       25.79,
 139.707568,   35.408559,       25.82,
 139.712072,   35.408559,       25.96,
 139.716577,   35.408559,       26.41,
 139.721081,   35.408559,       27.02,
 139.725586,   35.408559,       27.66,
 139.730090,   35.408559,       28.36,
 139.734595,   35.408559,       29.03,
 139.739099,   35.408559,       29.37,
 139.743604,   35.408559,       29.60,
 139.748108,   35.408559,       29.79,
 139.752613,   35.408559,       29.97,
 139.757117,   35.408559,       30.10,
 139.761622,   35.408559,       30.31,
 139.766126,   35.408559,       30.58,
 139.770631,   35.408559,       30.83,
 139.775135,   35.408559,       31.04,
 139.779640,   35.408559,       31.29,
 139.784144,   35.408559,       31.61,
 139.788649,   35.408559,       31.96,
 139.793153,   35.408559,       32.32,
 139.797658,   35.408559,       32.73,
 139.802162,   35.408559,       33.19,
 139.806667,   35.408559,       33.72,
 139.811171,   35.408559,       34.26,
 139.815676,   35.408559,       34.82,
 139.820180,   35.408559,       35.46,
 139.824685,   35.408559,       36.07,
 139.829189,   35.408559,       36.67,
 139.833694,   35.408559,       37.24,
 139.838198,   35.408559,       37.79,
 139.842703,   35.408559,       38.32,
 139.847207,   35.408559,       38.82,
 139.851712,   35.408559,       39.30,
 139.856216,   35.408559,       39.75,
 139.860721,   35.408559,       40.22,
 139.865225,   35.408559,       40.70,
 139.869730,   35.408559,       41.24,
 139.874234,   35.408559,       41.84,
 139.878739,   35.408559,       42.57,
 139.883243,   35.408559,       43.39,
 139.887748,   35.408559,       44.28,
 139.892252,   35.408559,       45.19,
 139.896757,   35.408559,       46.19,
 139.901261,   35.408559,       47.15,
 139.626486,   35.413063,       31.91,
 139.630991,   35.413063,       31.40,
 139.635495,   35.413063,       31.09,
 139.640000,   35.413063,       30.82,
 139.644505,   35.413063,       30.66,
 139.649009,   35.413063,       30.81,
 139.653514,   35.413063,       30.98,
 139.658018,   35.413063,       31.14,
 139.662523,   35.413063,       31.27,
 139.667027,   35.413063,       31.06,
 139.671532,   35.413063,       30.72,
 139.676036,   35.413063,       30.17,
 139.680541,   35.413063,       29.62,
 139.685045,   35.413063,       28.72,
 139.689550,   35.413063,       27.80,
 139.694054,   35.413063,       26.98,
 139.698559,   35.413063,       26.23,
 139.703063,   35.413063,       26.11,
 139.707568,   35.413063,       26.06,
 139.712072,   35.413063,       26.30,
 139.716577,   35.413063,       26.86,
 139.721081,   35.413063,       27.49,
 139.725586,   35.413063,       28.19,
 139.730090,   35.413063,       28.85,
 139.734595,   35.413063,       29.54,
 139.739099,   35.413063,       30.05,
 139.743604,   35.413063,       30.24,
 139.748108,   35.413063,       30.45,
 139.752613,   35.413063,       30.59,
 139.757117,   35.413063,       30.69,
 139.761622,   35.413063,       30.82,
 139.766126,   35.413063,       31.02,
 139.770631,   35.413063,       31.23,
 139.775135,   35.413063,       31.41,
 139.779640,   35.413063,       31.61,
 139.784144,   35.413063,       31.88,
 139.788649,   35.413063,       32.22,
 139.793153,   35.413063,       32.56,
 139.797658,   35.413063,       32.92,
 139.802162,   35.413063,       33.32,
 139.806667,   35.413063,       33.85,
 139.811171,   35.413063,       34.37,
 139.815676,   35.413063,       34.89,
 139.820180,   35.413063,       35.48,
 139.824685,   35.413063,       36.07,
 139.829189,   35.413063,       36.63,
 139.833694,   35.413063,       37.19,
 139.838198,   35.413063,       37.74,
 139.842703,   35.413063,       38.26,
 139.847207,   35.413063,       38.75,
 139.851712,   35.413063,       39.22,
 139.856216,   35.413063,       39.67,
 139.860721,   35.413063,       40.12,
 139.865225,   35.413063,       40.57,
 139.869730,   35.413063,       41.04,
 139.874234,   35.413063,       41.55,
 139.878739,   35.413063,       42.21,
 139.883243,   35.413063,       43.07,
 139.887748,   35.413063,       43.94,
 139.892252,   35.413063,       44.89,
 139.896757,   35.413063,       45.98,
 139.901261,   35.413063,       47.04,
 139.640000,   35.417568,       30.90,
 139.644505,   35.417568,       30.83,
 139.649009,   35.417568,       30.87,
 139.653514,   35.417568,       30.99,
 139.671532,   35.417568,       30.34,
 139.676036,   35.417568,       29.88,
 139.680541,   35.417568,       29.42,
 139.685045,   35.417568,       28.67,
 139.689550,   35.417568,       27.84,
 139.694054,   35.417568,       27.13,
 139.698559,   35.417568,       26.49,
 139.703063,   35.417568,       26.37,
 139.707568,   35.417568,       26.34,
 139.712072,   35.417568,       26.69,
 139.716577,   35.417568,       27.21,
 139.721081,   35.417568,       27.82,
 139.725586,   35.417568,       28.50,
 139.730090,   35.417568,       29.20,
 139.734595,   35.417568,       29.90,
 139.739099,   35.417568,       30.37,
 139.743604,   35.417568,       30.65,
 139.748108,   35.417568,       30.93,
 139.752613,   35.417568,       31.13,
 139.757117,   35.417568,       31.23,
 139.761622,   35.417568,       31.35,
 139.766126,   35.417568,       31.45,
 139.770631,   35.417568,       31.60,
 139.775135,   35.417568,       31.79,
 139.779640,   35.417568,       31.97,
 139.784144,   35.417568,       32.16,
 139.788649,   35.417568,       32.45,
 139.793153,   35.417568,       32.79,
 139.797658,   35.417568,       33.14,
 139.802162,   35.417568,       33.50,
 139.806667,   35.417568,       33.97,
 139.811171,   35.417568,       34.48,
 139.815676,   35.417568,       34.98,
 139.820180,   35.417568,       35.54,
 139.824685,   35.417568,       36.11,
 139.829189,   35.417568,       36.66,
 139.833694,   35.417568,       37.19,
 139.838198,   35.417568,       37.71,
 139.842703,   35.417568,       38.22,
 139.847207,   35.417568,       38.72,
 139.851712,   35.417568,       39.18,
 139.856216,   35.417568,       39.63,
 139.860721,   35.417568,       40.05,
 139.865225,   35.417568,       40.48,
 139.869730,   35.417568,       40.94,
 139.874234,   35.417568,       41.44,
 139.878739,   35.417568,       42.00,
 139.883243,   35.417568,       42.81,
 139.887748,   35.417568,       43.65,
 139.892252,   35.417568,       44.67,
 139.896757,   35.417568,       45.82,
 139.901261,   35.417568,       46.94,
 139.671532,   35.422072,       30.12,
 139.676036,   35.422072,       29.68,
 139.680541,   35.422072,       29.22,
 139.685045,   35.422072,       28.65,
 139.689550,   35.422072,       27.91,
 139.694054,   35.422072,       27.25,
 139.698559,   35.422072,       26.81,
 139.703063,   35.422072,       26.59,
 139.707568,   35.422072,       26.65,
 139.712072,   35.422072,       27.03,
 139.716577,   35.422072,       27.50,
 139.721081,   35.422072,       28.10,
 139.725586,   35.422072,       28.81,
 139.730090,   35.422072,       29.52,
 139.734595,   35.422072,       30.24,
 139.739099,   35.422072,       30.69,
 139.743604,   35.422072,       31.01,
 139.748108,   35.422072,       31.32,
 139.752613,   35.422072,       31.58,
 139.757117,   35.422072,       31.72,
 139.761622,   35.422072,       31.81,
 139.766126,   35.422072,       31.88,
 139.770631,   35.422072,       31.99,
 139.775135,   35.422072,       32.16,
 139.779640,   35.422072,       32.33,
 139.784144,   35.422072,       32.49,
 139.788649,   35.422072,       32.71,
 139.793153,   35.422072,       33.00,
 139.797658,   35.422072,       33.35,
 139.802162,   35.422072,       33.71,
 139.806667,   35.422072,       34.11,
 139.811171,   35.422072,       34.60,
 139.815676,   35.422072,       35.09,
 139.820180,   35.422072,       35.60,
 139.824685,   35.422072,       36.15,
 139.829189,   35.422072,       36.70,
 139.833694,   35.422072,       37.23,
 139.838198,   35.422072,       37.75,
 139.842703,   35.422072,       38.25,
 139.847207,   35.422072,       38.73,
 139.851712,   35.422072,       39.18,
 139.856216,   35.422072,       39.62,
 139.860721,   35.422072,       40.03,
 139.865225,   35.422072,       40.43,
 139.869730,   35.422072,       40.90,
 139.874234,   35.422072,       41.39,
 139.878739,   35.422072,       41.95,
 139.883243,   35.422072,       42.66,
 139.887748,   35.422072,       43.54,
 139.892252,   35.422072,       44.62,
 139.896757,   35.422072,       45.77,
 139.901261,   35.422072,       46.92,
 139.671532,   35.426577,       29.90,
 139.676036,   35.426577,       29.49,
 139.680541,   35.426577,       29.05,
 139.685045,   35.426577,       28.57,
 139.689550,   35.426577,       27.96,
 139.694054,   35.426577,       27.37,
 139.698559,   35.426577,       27.02,
 139.703063,   35.426577,       26.79,
 139.707568,   35.426577,       26.90,
 139.712072,   35.426577,       27.27,
 139.716577,   35.426577,       27.75,
 139.721081,   35.426577,       28.41,
 139.725586,   35.426577,       29.12,
 139.730090,   35.426577,       29.83,
 139.734595,   35.426577,       30.54,
 139.739099,   35.426577,       31.08,
 139.743604,   35.426577,       31.42,
 139.748108,   35.426577,       31.73,
 139.752613,   35.426577,       32.02,
 139.757117,   35.426577,       32.19,
 139.761622,   35.426577,       32.25,
 139.766126,   35.426577,       32.31,
 139.770631,   35.426577,       32.39,
 139.775135,   35.426577,       32.52,
 139.779640,   35.426577,       32.67,
 139.784144,   35.426577,       32.82,
 139.788649,   35.426577,       32.99,
 139.793153,   35.426577,       33.21,
 139.797658,   35.426577,       33.56,
 139.802162,   35.426577,       33.92,
 139.806667,   35.426577,       34.28,
 139.811171,   35.426577,       34.73,
 139.815676,   35.426577,       35.20,
 139.820180,   35.426577,       35.69,
 139.824685,   35.426577,       36.22,
 139.829189,   35.426577,       36.75,
 139.833694,   35.426577,       37.28,
 139.838198,   35.426577,       37.80,
 139.842703,   35.426577,       38.29,
 139.847207,   35.426577,       38.74,
 139.851712,   35.426577,       39.19,
 139.856216,   35.426577,       39.63,
 139.860721,   35.426577,       40.06,
 139.865225,   35.426577,       40.47,
 139.869730,   35.426577,       40.91,
 139.874234,   35.426577,       41.38,
 139.878739,   35.426577,       41.91,
 139.883243,   35.426577,       42.67,
 139.887748,   35.426577,       43.44,
 139.892252,   35.426577,       44.63,
 139.896757,   35.426577,       45.79,
 139.901261,   35.426577,       46.91,
 139.671532,   35.431081,       29.73,
 139.676036,   35.431081,       29.37,
 139.680541,   35.431081,       28.91,
 139.685045,   35.431081,       28.48,
 139.689550,   35.431081,       27.95,
 139.694054,   35.431081,       27.50,
 139.698559,   35.431081,       27.10,
 139.703063,   35.431081,       27.01,
 139.707568,   35.431081,       27.10,
 139.712072,   35.431081,       27.42,
 139.716577,   35.431081,       28.04,
 139.721081,   35.431081,       28.72,
 139.725586,   35.431081,       29.43,
 139.730090,   35.431081,       30.13,
 139.734595,   35.431081,       30.83,
 139.739099,   35.431081,       31.44,
 139.743604,   35.431081,       31.87,
 139.748108,   35.431081,       32.17,
 139.752613,   35.431081,       32.41,
 139.757117,   35.431081,       32.57,
 139.761622,   35.431081,       32.65,
 139.766126,   35.431081,       32.72,
 139.770631,   35.431081,       32.79,
 139.775135,   35.431081,       32.86,
 139.779640,   35.431081,       32.97,
 139.784144,   35.431081,       33.12,
 139.788649,   35.431081,       33.29,
 139.793153,   35.431081,       33.48,
 139.797658,   35.431081,       33.77,
 139.802162,   35.431081,       34.10,
 139.806667,   35.431081,       34.46,
 139.811171,   35.431081,       34.88,
 139.815676,   35.431081,       35.34,
 139.820180,   35.431081,       35.79,
 139.824685,   35.431081,       36.27,
 139.829189,   35.431081,       36.79,
 139.833694,   35.431081,       37.32,
 139.838198,   35.431081,       37.84,
 139.842703,   35.431081,       38.31,
 139.847207,   35.431081,       38.76,
 139.851712,   35.431081,       39.20,
 139.856216,   35.431081,       39.65,
 139.860721,   35.431081,       40.07,
 139.865225,   35.431081,       40.47,
 139.869730,   35.431081,       40.94,
 139.874234,   35.431081,       41.42,
 139.878739,   35.431081,       42.01,
 139.883243,   35.431081,       42.73,
 139.887748,   35.431081,       43.66,
 139.892252,   35.431081,       44.75,
 139.896757,   35.431081,       45.89,
 139.901261,   35.431081,       46.98,
 139.905766,   35.431081,       48.02,
 139.662523,   35.435586,       29.56,
 139.667027,   35.435586,       29.72,
 139.671532,   35.435586,       29.73,
 139.676036,   35.435586,       29.43,
 139.680541,   35.435586,       29.06,
 139.685045,   35.435586,       28.55,
 139.689550,   35.435586,       28.05,
 139.694054,   35.435586,       27.57,
 139.698559,   35.435586,       27.24,
 139.703063,   35.435586,       27.08,
 139.707568,   35.435586,       27.24,
 139.712072,   35.435586,       27.58,
 139.716577,   35.435586,       28.26,
 139.721081,   35.435586,       29.00,
 139.725586,   35.435586,       29.74,
 139.730090,   35.435586,       30.47,
 139.734595,   35.435586,       31.17,
 139.739099,   35.435586,       31.82,
 139.743604,   35.435586,       32.34,
 139.748108,   35.435586,       32.58,
 139.752613,   35.435586,       32.77,
 139.757117,   35.435586,       32.92,
 139.761622,   35.435586,       33.03,
 139.766126,   35.435586,       33.10,
 139.770631,   35.435586,       33.16,
 139.775135,   35.435586,       33.20,
 139.779640,   35.435586,       33.28,
 139.784144,   35.435586,       33.40,
 139.788649,   35.435586,       33.57,
 139.793153,   35.435586,       33.77,
 139.797658,   35.435586,       34.02,
 139.802162,   35.435586,       34.30,
 139.806667,   35.435586,       34.62,
 139.811171,   35.435586,       35.04,
 139.815676,   35.435586,       35.47,
 139.820180,   35.435586,       35.90,
 139.824685,   35.435586,       36.33,
 139.829189,   35.435586,       36.82,
 139.833694,   35.435586,       37.34,
 139.838198,   35.435586,       37.84,
 139.842703,   35.435586,       38.32,
 139.847207,   35.435586,       38.78,
 139.851712,   35.435586,       39.23,
 139.856216,   35.435586,       39.70,
 139.860721,   35.435586,       40.13,
 139.865225,   35.435586,       40.55,
 139.869730,   35.435586,       41.01,
 139.874234,   35.435586,       41.50,
 139.878739,   35.435586,       42.11,
 139.883243,   35.435586,       42.85,
 139.887748,   35.435586,       43.86,
 139.892252,   35.435586,       44.93,
 139.896757,   35.435586,       46.05,
 139.901261,   35.435586,       47.12,
 139.905766,   35.435586,       48.12,
 139.910270,   35.435586,       48.90,
 139.658018,   35.440090,       29.00,
 139.662523,   35.440090,       29.28,
 139.667027,   35.440090,       29.64,
 139.671532,   35.440090,       29.77,
 139.676036,   35.440090,       29.53,
 139.680541,   35.440090,       29.21,
 139.685045,   35.440090,       28.66,
 139.689550,   35.440090,       28.14,
 139.694054,   35.440090,       27.64,
 139.698559,   35.440090,       27.30,
 139.703063,   35.440090,       27.10,
 139.707568,   35.440090,       27.32,
 139.712072,   35.440090,       27.66,
 139.716577,   35.440090,       28.41,
 139.721081,   35.440090,       29.19,
 139.725586,   35.440090,       30.06,
 139.730090,   35.440090,       30.86,
 139.734595,   35.440090,       31.57,
 139.739099,   35.440090,       32.21,
 139.743604,   35.440090,       32.77,
 139.748108,   35.440090,       32.98,
 139.752613,   35.440090,       33.15,
 139.757117,   35.440090,       33.29,
 139.761622,   35.440090,       33.41,
 139.766126,   35.440090,       33.47,
 139.770631,   35.440090,       33.49,
 139.775135,   35.440090,       33.52,
 139.779640,   35.440090,       33.57,
 139.784144,   35.440090,       33.66,
 139.788649,   35.440090,       33.83,
 139.793153,   35.440090,       34.01,
 139.797658,   35.440090,       34.24,
 139.802162,   35.440090,       34.49,
 139.806667,   35.440090,       34.77,
 139.811171,   35.440090,       35.17,
 139.815676,   35.440090,       35.57,
 139.820180,   35.440090,       35.98,
 139.824685,   35.440090,       36.40,
 139.829189,   35.440090,       36.85,
 139.833694,   35.440090,       37.35,
 139.838198,   35.440090,       37.84,
 139.842703,   35.440090,       38.32,
 139.847207,   35.440090,       38.79,
 139.851712,   35.440090,       39.26,
 139.856216,   35.440090,       39.73,
 139.860721,   35.440090,       40.19,
 139.865225,   35.440090,       40.63,
 139.869730,   35.440090,       41.09,
 139.874234,   35.440090,       41.58,
 139.878739,   35.440090,       42.21,
 139.883243,   35.440090,       42.95,
 139.887748,   35.440090,       43.97,
 139.892252,   35.440090,       45.12,
 139.896757,   35.440090,       46.30,
 139.901261,   35.440090,       47.37,
 139.905766,   35.440090,       48.28,
 139.910270,   35.440090,       49.01,
 139.914775,   35.440090,       49.43,
 139.919279,   35.440090,       49.82,
 139.923784,   35.440090,       50.17,
 139.964324,   35.440090,       51.94,
 139.653514,   35.444595,       28.26,
 139.658018,   35.444595,       28.76,
 139.662523,   35.444595,       29.32,
 139.667027,   35.444595,       29.64,
 139.671532,   35.444595,       29.87,
 139.676036,   35.444595,       29.66,
 139.680541,   35.444595,       29.35,
 139.685045,   35.444595,       28.76,
 139.689550,   35.444595,       28.18,
 139.694054,   35.444595,       27.68,
 139.698559,   35.444595,       27.29,
 139.703063,   35.444595,       27.15,
 139.707568,   35.444595,       27.32,
 139.712072,   35.444595,       27.78,
 139.716577,   35.444595,       28.57,
 139.721081,   35.444595,       29.39,
 139.725586,   35.444595,       30.34,
 139.730090,   35.444595,       31.28,
 139.734595,   35.444595,       32.04,
 139.739099,   35.444595,       32.64,
 139.743604,   35.444595,       33.15,
 139.748108,   35.444595,       33.42,
 139.752613,   35.444595,       33.55,
 139.757117,   35.444595,       33.67,
 139.761622,   35.444595,       33.77,
 139.766126,   35.444595,       33.77,
 139.770631,   35.444595,       33.76,
 139.775135,   35.444595,       33.78,
 139.779640,   35.444595,       33.83,
 139.784144,   35.444595,       33.90,
 139.788649,   35.444595,       34.03,
 139.793153,   35.444595,       34.21,
 139.797658,   35.444595,       34.42,
 139.802162,   35.444595,       34.66,
 139.806667,   35.444595,       34.91,
 139.811171,   35.444595,       35.24,
 139.815676,   35.444595,       35.64,
 139.820180,   35.444595,       36.05,
 139.824685,   35.444595,       36.47,
 139.829189,   35.444595,       36.89,
 139.833694,   35.444595,       37.36,
 139.838198,   35.444595,       37.83,
 139.842703,   35.444595,       38.31,
 139.847207,   35.444595,       38.78,
 139.851712,   35.444595,       39.26,
 139.856216,   35.444595,       39.73,
 139.860721,   35.444595,       40.21,
 139.865225,   35.444595,       40.67,
 139.869730,   35.444595,       41.14,
 139.874234,   35.444595,       41.68,
 139.878739,   35.444595,       42.33,
 139.883243,   35.444595,       43.15,
 139.887748,   35.444595,       44.14,
 139.892252,   35.444595,       45.32,
 139.896757,   35.444595,       46.58,
 139.901261,   35.444595,       47.65,
 139.905766,   35.444595,       48.41,
 139.910270,   35.444595,       49.10,
 139.914775,   35.444595,       49.55,
 139.919279,   35.444595,       49.92,
 139.923784,   35.444595,       50.29,
 139.928288,   35.444595,       50.54,
 139.932793,   35.444595,       50.78,
 139.937297,   35.444595,       51.03,
 139.941802,   35.444595,       51.26,
 139.946306,   35.444595,       51.42,
 139.950811,   35.444595,       51.59,
 139.955315,   35.444595,       51.76,
 139.959820,   35.444595,       51.93,
 139.964324,   35.444595,       52.07,
 139.968829,   35.444595,       52.18,
 139.973333,   35.444595,       52.30,
 139.977838,   35.444595,       52.42,
 139.982342,   35.444595,       52.50,
 139.644505,   35.449099,       27.02,
 139.649009,   35.449099,       27.40,
 139.653514,   35.449099,       28.07,
 139.658018,   35.449099,       28.75,
 139.662523,   35.449099,       29.39,
 139.667027,   35.449099,       29.73,
 139.671532,   35.449099,       29.98,
 139.676036,   35.449099,       29.86,
 139.680541,   35.449099,       29.44,
 139.685045,   35.449099,       28.81,
 139.689550,   35.449099,       28.20,
 139.694054,   35.449099,       27.67,
 139.698559,   35.449099,       27.34,
 139.703063,   35.449099,       27.19,
 139.707568,   35.449099,       27.35,
 139.712072,   35.449099,       27.87,
 139.716577,   35.449099,       28.68,
 139.721081,   35.449099,       29.61,
 139.725586,   35.449099,       30.66,
 139.730090,   35.449099,       31.66,
 139.734595,   35.449099,       32.52,
 139.739099,   35.449099,       33.06,
 139.743604,   35.449099,       33.56,
 139.748108,   35.449099,       33.90,
 139.752613,   35.449099,       33.96,
 139.757117,   35.449099,       34.03,
 139.761622,   35.449099,       34.06,
 139.766126,   35.449099,       34.02,
 139.770631,   35.449099,       34.00,
 139.775135,   35.449099,       34.00,
 139.779640,   35.449099,       34.04,
 139.784144,   35.449099,       34.09,
 139.788649,   35.449099,       34.19,
 139.793153,   35.449099,       34.35,
 139.797658,   35.449099,       34.56,
 139.802162,   35.449099,       34.79,
 139.806667,   35.449099,       35.03,
 139.811171,   35.449099,       35.33,
 139.815676,   35.449099,       35.69,
 139.820180,   35.449099,       36.10,
 139.824685,   35.449099,       36.51,
 139.829189,   35.449099,       36.90,
 139.833694,   35.449099,       37.33,
 139.838198,   35.449099,       37.81,
 139.842703,   35.449099,       38.29,
 139.847207,   35.449099,       38.77,
 139.851712,   35.449099,       39.25,
 139.856216,   35.449099,       39.74,
 139.860721,   35.449099,       40.22,
 139.865225,   35.449099,       40.72,
 139.869730,   35.449099,       41.21,
 139.874234,   35.449099,       41.78,
 139.878739,   35.449099,       42.45,
 139.883243,   35.449099,       43.24,
 139.887748,   35.449099,       44.31,
 139.892252,   35.449099,       45.51,
 139.896757,   35.449099,       46.70,
 139.901261,   35.449099,       47.74,
 139.905766,   35.449099,       48.49,
 139.910270,   35.449099,       49.20,
 139.914775,   35.449099,       49.62,
 139.919279,   35.449099,       49.99,
 139.923784,   35.449099,       50.29,
 139.928288,   35.449099,       50.52,
 139.932793,   35.449099,       50.75,
 139.937297,   35.449099,       50.99,
 139.941802,   35.449099,       51.18,
 139.946306,   35.449099,       51.34,
 139.950811,   35.449099,       51.49,
 139.955315,   35.449099,       51.64,
 139.959820,   35.449099,       51.79,
 139.964324,   35.449099,       51.95,
 139.968829,   35.449099,       52.11,
 139.973333,   35.449099,       52.27,
 139.977838,   35.449099,       52.42,
 139.982342,   35.449099,       52.60,
 139.986847,   35.449099,       52.79,
 139.991351,   35.449099,       52.75,
 139.635495,   35.453604,       25.88,
 139.640000,   35.453604,       25.91,
 139.644505,   35.453604,       26.55,
 139.649009,   35.453604,       27.30,
 139.653514,   35.453604,       28.05,
 139.658018,   35.453604,       28.77,
 139.662523,   35.453604,       29.42,
 139.667027,   35.453604,       29.90,
 139.671532,   35.453604,       30.14,
 139.676036,   35.453604,       30.01,
 139.680541,   35.453604,       29.53,
 139.685045,   35.453604,       28.92,
 139.689550,   35.453604,       28.25,
 139.694054,   35.453604,       27.75,
 139.698559,   35.453604,       27.35,
 139.703063,   35.453604,       27.25,
 139.707568,   35.453604,       27.40,
 139.712072,   35.453604,       27.87,
 139.716577,   35.453604,       28.73,
 139.721081,   35.453604,       29.81,
 139.725586,   35.453604,       31.04,
 139.730090,   35.453604,       32.07,
 139.734595,   35.453604,       32.96,
 139.739099,   35.453604,       33.53,
 139.743604,   35.453604,       33.96,
 139.748108,   35.453604,       34.24,
 139.752613,   35.453604,       34.30,
 139.757117,   35.453604,       34.35,
 139.761622,   35.453604,       34.34,
 139.766126,   35.453604,       34.26,
 139.770631,   35.453604,       34.21,
 139.775135,   35.453604,       34.18,
 139.779640,   35.453604,       34.21,
 139.784144,   35.453604,       34.26,
 139.788649,   35.453604,       34.34,
 139.793153,   35.453604,       34.47,
 139.797658,   35.453604,       34.66,
 139.802162,   35.453604,       34.89,
 139.806667,   35.453604,       35.13,
 139.811171,   35.453604,       35.40,
 139.815676,   35.453604,       35.74,
 139.820180,   35.453604,       36.13,
 139.824685,   35.453604,       36.51,
 139.829189,   35.453604,       36.89,
 139.833694,   35.453604,       37.30,
 139.838198,   35.453604,       37.77,
 139.842703,   35.453604,       38.26,
 139.847207,   35.453604,       38.75,
 139.851712,   35.453604,       39.23,
 139.856216,   35.453604,       39.73,
 139.860721,   35.453604,       40.24,
 139.865225,   35.453604,       40.74,
 139.869730,   35.453604,       41.24,
 139.874234,   35.453604,       41.80,
 139.878739,   35.453604,       42.46,
 139.883243,   35.453604,       43.28,
 139.887748,   35.453604,       44.37,
 139.892252,   35.453604,       45.59,
 139.896757,   35.453604,       46.73,
 139.901261,   35.453604,       47.84,
 139.905766,   35.453604,       48.53,
 139.910270,   35.453604,       49.14,
 139.914775,   35.453604,       49.60,
 139.919279,   35.453604,       50.02,
 139.923784,   35.453604,       50.25,
 139.928288,   35.453604,       50.45,
 139.932793,   35.453604,       50.71,
 139.937297,   35.453604,       50.89,
 139.941802,   35.453604,       51.02,
 139.946306,   35.453604,       51.20,
 139.950811,   35.453604,       51.37,
 139.955315,   35.453604,       51.50,
 139.959820,   35.453604,       51.64,
 139.964324,   35.453604,       51.81,
 139.968829,   35.453604,       52.00,
 139.973333,   35.453604,       52.18,
 139.977838,   35.453604,       52.34,
 139.982342,   35.453604,       52.52,
 139.986847,   35.453604,       52.73,
 139.991351,   35.453604,       52.96,
 139.995856,   35.453604,       53.10,
 140.000360,   35.453604,       52.98,
 139.626486,   35.458108,       25.44,
 139.630991,   35.458108,       25.19,
 139.635495,   35.458108,       25.43,
 139.640000,   35.458108,       25.82,
 139.644505,   35.458108,       26.42,
 139.649009,   35.458108,       27.17,
 139.653514,   35.458108,       27.99,
 139.658018,   35.458108,       28.81,
 139.662523,   35.458108,       29.43,
 139.667027,   35.458108,       30.05,
 139.671532,   35.458108,       30.22,
 139.676036,   35.458108,       30.12,
 139.680541,   35.458108,       29.69,
 139.685045,   35.458108,       29.08,
 139.689550,   35.458108,       28.45,
 139.694054,   35.458108,       27.86,
 139.698559,   35.458108,       27.50,
 139.703063,   35.458108,       27.33,
 139.707568,   35.458108,       27.43,
 139.712072,   35.458108,       27.92,
 139.716577,   35.458108,       28.71,
 139.721081,   35.458108,       29.92,
 139.725586,   35.458108,       31.22,
 139.730090,   35.458108,       32.47,
 139.734595,   35.458108,       33.34,
 139.739099,   35.458108,       33.90,
 139.743604,   35.458108,       34.23,
 139.748108,   35.458108,       34.46,
 139.752613,   35.458108,       34.55,
 139.757117,   35.458108,       34.63,
 139.761622,   35.458108,       34.59,
 139.766126,   35.458108,       34.48,
 139.770631,   35.458108,       34.40,
 139.775135,   35.458108,       34.34,
 139.779640,   35.458108,       34.33,
 139.784144,   35.458108,       34.37,
 139.788649,   35.458108,       34.44,
 139.793153,   35.458108,       34.55,
 139.797658,   35.458108,       34.72,
 139.802162,   35.458108,       34.94,
 139.806667,   35.458108,       35.20,
 139.811171,   35.458108,       35.47,
 139.815676,   35.458108,       35.77,
 139.820180,   35.458108,       36.13,
 139.824685,   35.458108,       36.49,
 139.829189,   35.458108,       36.87,
 139.833694,   35.458108,       37.26,
 139.838198,   35.458108,       37.72,
 139.842703,   35.458108,       38.20,
 139.847207,   35.458108,       38.67,
 139.851712,   35.458108,       39.16,
 139.856216,   35.458108,       39.68,
 139.860721,   35.458108,       40.21,
 139.865225,   35.458108,       40.73,
 139.869730,   35.458108,       41.24,
 139.874234,   35.458108,       41.78,
 139.878739,   35.458108,       42.44,
 139.883243,   35.458108,       43.25,
 139.887748,   35.458108,       44.27,
 139.892252,   35.458108,       45.55,
 139.896757,   35.458108,       46.71,
 139.901261,   35.458108,       47.67,
 139.905766,   35.458108,       48.41,
 139.910270,   35.458108,       49.05,
 139.914775,   35.458108,       49.39,
 139.919279,   35.458108,       49.73,
 139.923784,   35.458108,       50.01,
 139.928288,   35.458108,       50.23,
 139.932793,   35.458108,       50.45,
 139.937297,   35.458108,       50.63,
 139.941802,   35.458108,       50.78,
 139.946306,   35.458108,       50.94,
 139.950811,   35.458108,       51.11,
 139.955315,   35.458108,       51.28,
 139.959820,   35.458108,       51.45,
 139.964324,   35.458108,       51.63,
 139.968829,   35.458108,       51.81,
 139.973333,   35.458108,       52.01,
 139.977838,   35.458108,       52.22,
 139.982342,   35.458108,       52.39,
 139.986847,   35.458108,       52.59,
 139.991351,   35.458108,       52.82,
 139.995856,   35.458108,       53.07,
 140.000360,   35.458108,       53.31,
 140.004865,   35.458108,       53.35,
 140.009369,   35.458108,       53.19,
 139.626486,   35.462613,       24.90,
 139.630991,   35.462613,       25.06,
 139.635495,   35.462613,       25.31,
 139.640000,   35.462613,       25.76,
 139.644505,   35.462613,       26.32,
 139.649009,   35.462613,       27.00,
 139.653514,   35.462613,       27.81,
 139.658018,   35.462613,       28.62,
 139.662523,   35.462613,       29.40,
 139.667027,   35.462613,       29.99,
 139.671532,   35.462613,       30.25,
 139.676036,   35.462613,       30.18,
 139.680541,   35.462613,       29.90,
 139.685045,   35.462613,       29.33,
 139.689550,   35.462613,       28.71,
 139.694054,   35.462613,       28.14,
 139.698559,   35.462613,       27.71,
 139.703063,   35.462613,       27.48,
 139.707568,   35.462613,       27.56,
 139.712072,   35.462613,       27.94,
 139.716577,   35.462613,       28.70,
 139.721081,   35.462613,       29.87,
 139.725586,   35.462613,       31.23,
 139.730090,   35.462613,       32.56,
 139.734595,   35.462613,       33.51,
 139.739099,   35.462613,       34.03,
 139.743604,   35.462613,       34.41,
 139.748108,   35.462613,       34.69,
 139.752613,   35.462613,       34.75,
 139.757117,   35.462613,       34.80,
 139.761622,   35.462613,       34.72,
 139.766126,   35.462613,       34.62,
 139.770631,   35.462613,       34.51,
 139.775135,   35.462613,       34.39,
 139.779640,   35.462613,       34.36,
 139.784144,   35.462613,       34.42,
 139.788649,   35.462613,       34.48,
 139.793153,   35.462613,       34.58,
 139.797658,   35.462613,       34.73,
 139.802162,   35.462613,       34.95,
 139.806667,   35.462613,       35.20,
 139.811171,   35.462613,       35.46,
 139.815676,   35.462613,       35.73,
 139.820180,   35.462613,       36.07,
 139.824685,   35.462613,       36.44,
 139.829189,   35.462613,       36.82,
 139.833694,   35.462613,       37.21,
 139.838198,   35.462613,       37.65,
 139.842703,   35.462613,       38.11,
 139.847207,   35.462613,       38.58,
 139.851712,   35.462613,       39.06,
 139.856216,   35.462613,       39.58,
 139.860721,   35.462613,       40.12,
 139.865225,   35.462613,       40.66,
 139.869730,   35.462613,       41.18,
 139.874234,   35.462613,       41.73,
 139.878739,   35.462613,       42.33,
 139.883243,   35.462613,       43.14,
 139.887748,   35.462613,       44.07,
 139.892252,   35.462613,       45.27,
 139.896757,   35.462613,       46.40,
 139.901261,   35.462613,       47.38,
 139.905766,   35.462613,       48.08,
 139.910270,   35.462613,       48.57,
 139.914775,   35.462613,       48.94,
 139.919279,   35.462613,       49.27,
 139.923784,   35.462613,       49.55,
 139.928288,   35.462613,       49.80,
 139.932793,   35.462613,       50.00,
 139.937297,   35.462613,       50.22,
 139.941802,   35.462613,       50.43,
 139.946306,   35.462613,       50.59,
 139.950811,   35.462613,       50.77,
 139.955315,   35.462613,       50.95,
 139.959820,   35.462613,       51.13,
 139.964324,   35.462613,       51.33,
 139.968829,   35.462613,       51.53,
 139.973333,   35.462613,       51.75,
 139.977838,   35.462613,       52.00,
 139.982342,   35.462613,       52.22,
 139.986847,   35.462613,       52.43,
 139.991351,   35.462613,       52.67,
 139.995856,   35.462613,       52.91,
 140.000360,   35.462613,       53.16,
 140.004865,   35.462613,       53.39,
 140.009369,   35.462613,       53.62,
 140.013874,   35.462613,       53.59,
 139.626486,   35.467117,       24.79,
 139.630991,   35.467117,       24.88,
 139.635495,   35.467117,       25.14,
 139.640000,   35.467117,       25.54,
 139.644505,   35.467117,       26.10,
 139.649009,   35.467117,       26.78,
 139.653514,   35.467117,       27.59,
 139.658018,   35.467117,       28.40,
 139.662523,   35.467117,       29.10,
 139.667027,   35.467117,       29.69,
 139.671532,   35.467117,       30.03,
 139.676036,   35.467117,       30.23,
 139.680541,   35.467117,       30.02,
 139.685045,   35.467117,       29.65,
 139.689550,   35.467117,       29.06,
 139.694054,   35.467117,       28.51,
 139.698559,   35.467117,       28.01,
 139.703063,   35.467117,       27.74,
 139.707568,   35.467117,       27.75,
 139.712072,   35.467117,       28.04,
 139.716577,   35.467117,       28.77,
 139.721081,   35.467117,       29.71,
 139.725586,   35.467117,       31.04,
 139.730090,   35.467117,       32.29,
 139.734595,   35.467117,       33.33,
 139.739099,   35.467117,       34.04,
 139.743604,   35.467117,       34.42,
 139.748108,   35.467117,       34.67,
 139.752613,   35.467117,       34.82,
 139.757117,   35.467117,       34.90,
 139.761622,   35.467117,       34.78,
 139.766126,   35.467117,       34.70,
 139.770631,   35.467117,       34.54,
 139.775135,   35.467117,       34.41,
 139.779640,   35.467117,       34.37,
 139.784144,   35.467117,       34.40,
 139.788649,   35.467117,       34.45,
 139.793153,   35.467117,       34.58,
 139.797658,   35.467117,       34.73,
 139.802162,   35.467117,       34.92,
 139.806667,   35.467117,       35.17,
 139.811171,   35.467117,       35.41,
 139.815676,   35.467117,       35.67,
 139.820180,   35.467117,       35.99,
 139.824685,   35.467117,       36.36,
 139.829189,   35.467117,       36.74,
 139.833694,   35.467117,       37.12,
 139.838198,   35.467117,       37.53,
 139.842703,   35.467117,       37.99,
 139.847207,   35.467117,       38.47,
 139.851712,   35.467117,       38.95,
 139.856216,   35.467117,       39.48,
 139.860721,   35.467117,       40.02,
 139.865225,   35.467117,       40.56,
 139.869730,   35.467117,       41.10,
 139.874234,   35.467117,       41.64,
 139.878739,   35.467117,       42.21,
 139.883243,   35.467117,       42.93,
 139.887748,   35.467117,       43.77,
 139.892252,   35.467117,       44.86,
 139.896757,   35.467117,       45.99,
 139.901261,   35.467117,       46.84,
 139.905766,   35.467117,       47.57,
 139.910270,   35.467117,       48.01,
 139.914775,   35.467117,       48.37,
 139.919279,   35.467117,       48.70,
 139.923784,   35.467117,       49.00,
 139.928288,   35.467117,       49.27,
 139.932793,   35.467117,       49.53,
 139.937297,   35.467117,       49.75,
 139.941802,   35.467117,       49.97,
 139.946306,   35.467117,       50.18,
 139.950811,   35.467117,       50.37,
 139.955315,   35.467117,       50.59,
 139.959820,   35.467117,       50.79,
 139.964324,   35.467117,       51.01,
 139.968829,   35.467117,       51.23,
 139.973333,   35.467117,       51.48,
 139.977838,   35.467117,       51.73,
 139.982342,   35.467117,       51.99,
 139.986847,   35.467117,       52.24,
 139.991351,   35.467117,       52.49,
 139.995856,   35.467117,       52.76,
 140.000360,   35.467117,       53.01,
 140.004865,   35.467117,       53.25,
 140.009369,   35.467117,       53.49,
 140.013874,   35.467117,       53.72,
 140.018378,   35.467117,       53.95,
 140.022883,   35.467117,       53.67,
 139.640000,   35.471622,       25.13,
 139.644505,   35.471622,       25.65,
 139.649009,   35.471622,       26.37,
 139.653514,   35.471622,       26.97,
 139.658018,   35.471622,       27.64,
 139.662523,   35.471622,       28.43,
 139.667027,   35.471622,       29.25,
 139.671532,   35.471622,       29.66,
 139.676036,   35.471622,       30.01,
 139.680541,   35.471622,       30.11,
 139.685045,   35.471622,       29.85,
 139.689550,   35.471622,       29.40,
 139.694054,   35.471622,       28.91,
 139.698559,   35.471622,       28.47,
 139.703063,   35.471622,       28.13,
 139.707568,   35.471622,       28.04,
 139.712072,   35.471622,       28.34,
 139.716577,   35.471622,       28.78,
 139.721081,   35.471622,       29.71,
 139.725586,   35.471622,       30.72,
 139.730090,   35.471622,       31.93,
 139.734595,   35.471622,       32.99,
 139.739099,   35.471622,       33.76,
 139.743604,   35.471622,       34.29,
 139.748108,   35.471622,       34.55,
 139.752613,   35.471622,       34.71,
 139.757117,   35.471622,       34.77,
 139.761622,   35.471622,       34.70,
 139.766126,   35.471622,       34.56,
 139.770631,   35.471622,       34.45,
 139.775135,   35.471622,       34.35,
 139.779640,   35.471622,       34.30,
 139.784144,   35.471622,       34.31,
 139.788649,   35.471622,       34.36,
 139.793153,   35.471622,       34.50,
 139.797658,   35.471622,       34.67,
 139.802162,   35.471622,       34.85,
 139.806667,   35.471622,       35.09,
 139.811171,   35.471622,       35.34,
 139.815676,   35.471622,       35.61,
 139.820180,   35.471622,       35.91,
 139.824685,   35.471622,       36.27,
 139.829189,   35.471622,       36.64,
 139.833694,   35.471622,       37.02,
 139.838198,   35.471622,       37.42,
 139.842703,   35.471622,       37.86,
 139.847207,   35.471622,       38.34,
 139.851712,   35.471622,       38.85,
 139.856216,   35.471622,       39.37,
 139.860721,   35.471622,       39.90,
 139.865225,   35.471622,       40.44,
 139.869730,   35.471622,       40.97,
 139.874234,   35.471622,       41.51,
 139.878739,   35.471622,       42.09,
 139.883243,   35.471622,       42.72,
 139.887748,   35.471622,       43.39,
 139.892252,   35.471622,       44.34,
 139.896757,   35.471622,       45.28,
 139.901261,   35.471622,       46.19,
 139.905766,   35.471622,       46.87,
 139.910270,   35.471622,       47.39,
 139.914775,   35.471622,       47.81,
 139.919279,   35.471622,       48.16,
 139.923784,   35.471622,       48.49,
 139.928288,   35.471622,       48.76,
 139.932793,   35.471622,       49.03,
 139.937297,   35.471622,       49.27,
 139.941802,   35.471622,       49.50,
 139.946306,   35.471622,       49.73,
 139.950811,   35.471622,       49.96,
 139.955315,   35.471622,       50.19,
 139.959820,   35.471622,       50.42,
 139.964324,   35.471622,       50.67,
 139.968829,   35.471622,       50.93,
 139.973333,   35.471622,       51.19,
 139.977838,   35.471622,       51.45,
 139.982342,   35.471622,       51.72,
 139.986847,   35.471622,       52.01,
 139.991351,   35.471622,       52.28,
 139.995856,   35.471622,       52.57,
 140.000360,   35.471622,       52.86,
 140.004865,   35.471622,       53.11,
 140.009369,   35.471622,       53.37,
 140.013874,   35.471622,       53.62,
 140.018378,   35.471622,       53.86,
 140.022883,   35.471622,       54.10,
 140.027387,   35.471622,       53.98,
 139.640000,   35.476126,       24.56,
 139.644505,   35.476126,       24.91,
 139.649009,   35.476126,       25.49,
 139.653514,   35.476126,       26.08,
 139.658018,   35.476126,       26.74,
 139.662523,   35.476126,       27.44,
 139.667027,   35.476126,       28.17,
 139.671532,   35.476126,       28.96,
 139.676036,   35.476126,       29.68,
 139.680541,   35.476126,       29.83,
 139.685045,   35.476126,       29.89,
 139.689550,   35.476126,       29.64,
 139.694054,   35.476126,       29.29,
 139.698559,   35.476126,       28.91,
 139.703063,   35.476126,       28.61,
 139.707568,   35.476126,       28.54,
 139.712072,   35.476126,       28.68,
 139.716577,   35.476126,       29.05,
 139.721081,   35.476126,       29.71,
 139.725586,   35.476126,       30.55,
 139.730090,   35.476126,       31.49,
 139.734595,   35.476126,       32.49,
 139.739099,   35.476126,       33.32,
 139.743604,   35.476126,       33.91,
 139.748108,   35.476126,       34.22,
 139.752613,   35.476126,       34.47,
 139.757117,   35.476126,       34.54,
 139.761622,   35.476126,       34.52,
 139.766126,   35.476126,       34.41,
 139.770631,   35.476126,       34.28,
 139.775135,   35.476126,       34.16,
 139.779640,   35.476126,       34.12,
 139.784144,   35.476126,       34.16,
 139.788649,   35.476126,       34.23,
 139.793153,   35.476126,       34.37,
 139.797658,   35.476126,       34.54,
 139.802162,   35.476126,       34.73,
 139.806667,   35.476126,       34.98,
 139.811171,   35.476126,       35.24,
 139.815676,   35.476126,       35.51,
 139.820180,   35.476126,       35.80,
 139.824685,   35.476126,       36.15,
 139.829189,   35.476126,       36.51,
 139.833694,   35.476126,       36.89,
 139.838198,   35.476126,       37.29,
 139.842703,   35.476126,       37.72,
 139.847207,   35.476126,       38.21,
 139.851712,   35.476126,       38.72,
 139.856216,   35.476126,       39.24,
 139.860721,   35.476126,       39.77,
 139.865225,   35.476126,       40.31,
 139.869730,   35.476126,       40.83,
 139.874234,   35.476126,       41.37,
 139.878739,   35.476126,       41.91,
 139.883243,   35.476126,       42.48,
 139.887748,   35.476126,       43.10,
 139.892252,   35.476126,       43.86,
 139.896757,   35.476126,       44.62,
 139.901261,   35.476126,       45.39,
 139.905766,   35.476126,       46.12,
 139.910270,   35.476126,       46.67,
 139.914775,   35.476126,       47.18,
 139.919279,   35.476126,       47.61,
 139.923784,   35.476126,       48.01,
 139.928288,   35.476126,       48.31,
 139.932793,   35.476126,       48.59,
 139.937297,   35.476126,       48.82,
 139.941802,   35.476126,       49.10,
 139.946306,   35.476126,       49.34,
 139.950811,   35.476126,       49.58,
 139.955315,   35.476126,       49.85,
 139.959820,   35.476126,       50.12,
 139.964324,   35.476126,       50.37,
 139.968829,   35.476126,       50.64,
 139.973333,   35.476126,       50.91,
 139.977838,   35.476126,       51.17,
 139.982342,   35.476126,       51.47,
 139.986847,   35.476126,       51.75,
 139.991351,   35.476126,       52.04,
 139.995856,   35.476126,       52.35,
 140.000360,   35.476126,       52.66,
 140.004865,   35.476126,       52.96,
 140.009369,   35.476126,       53.25,
 140.013874,   35.476126,       53.51,
 140.018378,   35.476126,       53.75,
 140.022883,   35.476126,       53.99,
 140.027387,   35.476126,       54.24,
 140.031892,   35.476126,       54.25,
 139.644505,   35.480631,       24.21,
 139.649009,   35.480631,       24.64,
 139.653514,   35.480631,       25.02,
 139.658018,   35.480631,       25.49,
 139.662523,   35.480631,       26.17,
 139.667027,   35.480631,       26.87,
 139.671532,   35.480631,       27.70,
 139.676036,   35.480631,       28.66,
 139.680541,   35.480631,       29.29,
 139.685045,   35.480631,       29.43,
 139.689550,   35.480631,       29.62,
 139.694054,   35.480631,       29.47,
 139.698559,   35.480631,       29.29,
 139.703063,   35.480631,       29.08,
 139.707568,   35.480631,       29.00,
 139.712072,   35.480631,       29.02,
 139.716577,   35.480631,       29.36,
 139.721081,   35.480631,       29.74,
 139.725586,   35.480631,       30.42,
 139.730090,   35.480631,       31.19,
 139.734595,   35.480631,       31.91,
 139.739099,   35.480631,       32.66,
 139.743604,   35.480631,       33.24,
 139.748108,   35.480631,       33.75,
 139.752613,   35.480631,       34.01,
 139.757117,   35.480631,       34.19,
 139.761622,   35.480631,       34.21,
 139.766126,   35.480631,       34.08,
 139.770631,   35.480631,       33.94,
 139.775135,   35.480631,       33.85,
 139.779640,   35.480631,       33.84,
 139.784144,   35.480631,       33.89,
 139.788649,   35.480631,       33.99,
 139.793153,   35.480631,       34.18,
 139.797658,   35.480631,       34.38,
 139.802162,   35.480631,       34.59,
 139.806667,   35.480631,       34.84,
 139.811171,   35.480631,       35.09,
 139.815676,   35.480631,       35.35,
 139.820180,   35.480631,       35.64,
 139.824685,   35.480631,       35.98,
 139.829189,   35.480631,       36.34,
 139.833694,   35.480631,       36.72,
 139.838198,   35.480631,       37.13,
 139.842703,   35.480631,       37.57,
 139.847207,   35.480631,       38.06,
 139.851712,   35.480631,       38.57,
 139.856216,   35.480631,       39.09,
 139.860721,   35.480631,       39.62,
 139.865225,   35.480631,       40.16,
 139.869730,   35.480631,       40.69,
 139.874234,   35.480631,       41.21,
 139.878739,   35.480631,       41.73,
 139.883243,   35.480631,       42.25,
 139.887748,   35.480631,       42.76,
 139.892252,   35.480631,       43.41,
 139.896757,   35.480631,       44.00,
 139.901261,   35.480631,       44.66,
 139.905766,   35.480631,       45.37,
 139.910270,   35.480631,       46.00,
 139.914775,   35.480631,       46.53,
 139.919279,   35.480631,       47.04,
 139.923784,   35.480631,       47.49,
 139.928288,   35.480631,       47.86,
 139.932793,   35.480631,       48.21,
 139.937297,   35.480631,       48.53,
 139.941802,   35.480631,       48.81,
 139.946306,   35.480631,       49.08,
 139.950811,   35.480631,       49.34,
 139.955315,   35.480631,       49.60,
 139.959820,   35.480631,       49.87,
 139.964324,   35.480631,       50.15,
 139.968829,   35.480631,       50.43,
 139.973333,   35.480631,       50.71,
 139.977838,   35.480631,       50.98,
 139.982342,   35.480631,       51.26,
 139.986847,   35.480631,       51.55,
 139.991351,   35.480631,       51.85,
 139.995856,   35.480631,       52.15,
 140.000360,   35.480631,       52.45,
 140.004865,   35.480631,       52.75,
 140.009369,   35.480631,       53.06,
 140.013874,   35.480631,       53.38,
 140.018378,   35.480631,       53.62,
 140.022883,   35.480631,       53.87,
 140.027387,   35.480631,       54.12,
 140.031892,   35.480631,       54.37,
 140.036396,   35.480631,       54.41,
 140.040901,   35.480631,       54.03,
 139.658018,   35.485135,       24.01,
 139.662523,   35.485135,       24.59,
 139.667027,   35.485135,       25.29,
 139.671532,   35.485135,       26.18,
 139.676036,   35.485135,       27.12,
 139.680541,   35.485135,       28.23,
 139.685045,   35.485135,       28.89,
 139.689550,   35.485135,       29.23,
 139.694054,   35.485135,       29.49,
 139.698559,   35.485135,       29.35,
 139.703063,   35.485135,       29.25,
 139.707568,   35.485135,       29.27,
 139.712072,   35.485135,       29.35,
 139.716577,   35.485135,       29.59,
 139.721081,   35.485135,       29.89,
 139.725586,   35.485135,       30.31,
 139.730090,   35.485135,       30.91,
 139.734595,   35.485135,       31.46,
 139.739099,   35.485135,       32.04,
 139.743604,   35.485135,       32.57,
 139.748108,   35.485135,       33.10,
 139.752613,   35.485135,       33.45,
 139.757117,   35.485135,       33.65,
 139.761622,   35.485135,       33.69,
 139.766126,   35.485135,       33.65,
 139.770631,   35.485135,       33.52,
 139.775135,   35.485135,       33.47,
 139.779640,   35.485135,       33.48,
 139.784144,   35.485135,       33.57,
 139.788649,   35.485135,       33.73,
 139.793153,   35.485135,       33.92,
 139.797658,   35.485135,       34.15,
 139.802162,   35.485135,       34.39,
 139.806667,   35.485135,       34.65,
 139.811171,   35.485135,       34.91,
 139.815676,   35.485135,       35.17,
 139.820180,   35.485135,       35.47,
 139.824685,   35.485135,       35.80,
 139.829189,   35.485135,       36.15,
 139.833694,   35.485135,       36.53,
 139.838198,   35.485135,       36.95,
 139.842703,   35.485135,       37.41,
 139.847207,   35.485135,       37.89,
 139.851712,   35.485135,       38.39,
 139.856216,   35.485135,       38.91,
 139.860721,   35.485135,       39.45,
 139.865225,   35.485135,       39.99,
 139.869730,   35.485135,       40.53,
 139.874234,   35.485135,       41.06,
 139.878739,   35.485135,       41.57,
 139.883243,   35.485135,       42.05,
 139.887748,   35.485135,       42.52,
 139.892252,   35.485135,       43.01,
 139.896757,   35.485135,       43.56,
 139.901261,   35.485135,       44.10,
 139.905766,   35.485135,       44.71,
 139.910270,   35.485135,       45.33,
 139.914775,   35.485135,       45.89,
 139.919279,   35.485135,       46.47,
 139.923784,   35.485135,       47.01,
 139.928288,   35.485135,       47.46,
 139.932793,   35.485135,       47.91,
 139.937297,   35.485135,       48.25,
 139.941802,   35.485135,       48.59,
 139.946306,   35.485135,       48.86,
 139.950811,   35.485135,       49.15,
 139.955315,   35.485135,       49.42,
 139.959820,   35.485135,       49.70,
 139.964324,   35.485135,       49.98,
 139.968829,   35.485135,       50.26,
 139.973333,   35.485135,       50.54,
 139.977838,   35.485135,       50.82,
 139.982342,   35.485135,       51.10,
 139.986847,   35.485135,       51.38,
 139.991351,   35.485135,       51.67,
 139.995856,   35.485135,       51.96,
 140.000360,   35.485135,       52.24,
 140.004865,   35.485135,       52.53,
 140.009369,   35.485135,       52.84,
 140.013874,   35.485135,       53.18,
 140.018378,   35.485135,       53.49,
 140.022883,   35.485135,       53.74,
 140.027387,   35.485135,       54.00,
 140.031892,   35.485135,       54.25,
 140.036396,   35.485135,       54.49,
 140.040901,   35.485135,       54.50,
 139.662523,   35.489640,       22.33,
 139.667027,   35.489640,       22.62,
 139.671532,   35.489640,       23.72,
 139.676036,   35.489640,       25.25,
 139.680541,   35.489640,       26.49,
 139.685045,   35.489640,       27.86,
 139.689550,   35.489640,       28.55,
 139.694054,   35.489640,       28.95,
 139.698559,   35.489640,       29.17,
 139.703063,   35.489640,       29.21,
 139.707568,   35.489640,       29.29,
 139.712072,   35.489640,       29.39,
 139.716577,   35.489640,       29.58,
 139.721081,   35.489640,       29.89,
 139.725586,   35.489640,       30.22,
 139.730090,   35.489640,       30.56,
 139.734595,   35.489640,       31.01,
 139.739099,   35.489640,       31.46,
 139.743604,   35.489640,       31.95,
 139.748108,   35.489640,       32.37,
 139.752613,   35.489640,       32.77,
 139.757117,   35.489640,       32.97,
 139.761622,   35.489640,       33.08,
 139.766126,   35.489640,       33.08,
 139.770631,   35.489640,       33.02,
 139.775135,   35.489640,       33.01,
 139.779640,   35.489640,       33.07,
 139.784144,   35.489640,       33.22,
 139.788649,   35.489640,       33.40,
 139.793153,   35.489640,       33.65,
 139.797658,   35.489640,       33.90,
 139.802162,   35.489640,       34.15,
 139.806667,   35.489640,       34.42,
 139.811171,   35.489640,       34.70,
 139.815676,   35.489640,       34.98,
 139.820180,   35.489640,       35.28,
 139.824685,   35.489640,       35.60,
 139.829189,   35.489640,       35.94,
 139.833694,   35.489640,       36.32,
 139.838198,   35.489640,       36.76,
 139.842703,   35.489640,       37.22,
 139.847207,   35.489640,       37.70,
 139.851712,   35.489640,       38.20,
 139.856216,   35.489640,       38.74,
 139.860721,   35.489640,       39.28,
 139.865225,   35.489640,       39.83,
 139.869730,   35.489640,       40.37,
 139.874234,   35.489640,       40.91,
 139.878739,   35.489640,       41.39,
 139.883243,   35.489640,       41.86,
 139.887748,   35.489640,       42.30,
 139.892252,   35.489640,       42.73,
 139.896757,   35.489640,       43.25,
 139.901261,   35.489640,       43.77,
 139.905766,   35.489640,       44.29,
 139.910270,   35.489640,       44.81,
 139.914775,   35.489640,       45.39,
 139.919279,   35.489640,       45.97,
 139.923784,   35.489640,       46.55,
 139.928288,   35.489640,       47.05,
 139.932793,   35.489640,       47.55,
 139.937297,   35.489640,       47.98,
 139.941802,   35.489640,       48.35,
 139.946306,   35.489640,       48.68,
 139.950811,   35.489640,       48.99,
 139.955315,   35.489640,       49.27,
 139.959820,   35.489640,       49.55,
 139.964324,   35.489640,       49.84,
 139.968829,   35.489640,       50.13,
 139.973333,   35.489640,       50.42,
 139.977838,   35.489640,       50.70,
 139.982342,   35.489640,       50.98,
 139.986847,   35.489640,       51.25,
 139.991351,   35.489640,       51.53,
 139.995856,   35.489640,       51.80,
 140.000360,   35.489640,       52.07,
 140.004865,   35.489640,       52.37,
 140.009369,   35.489640,       52.67,
 140.013874,   35.489640,       53.00,
 140.018378,   35.489640,       53.32,
 140.022883,   35.489640,       53.62,
 140.027387,   35.489640,       53.88,
 140.031892,   35.489640,       54.13,
 140.036396,   35.489640,       54.36,
 140.040901,   35.489640,       54.60,
 139.676036,   35.494144,       18.35,
 139.680541,   35.494144,       24.23,
 139.685045,   35.494144,       26.36,
 139.689550,   35.494144,       27.87,
 139.694054,   35.494144,       28.41,
 139.698559,   35.494144,       28.80,
 139.703063,   35.494144,       29.09,
 139.707568,   35.494144,       29.18,
 139.712072,   35.494144,       29.31,
 139.716577,   35.494144,       29.48,
 139.721081,   35.494144,       29.76,
 139.725586,   35.494144,       30.04,
 139.730090,   35.494144,       30.32,
 139.734595,   35.494144,       30.67,
 139.739099,   35.494144,       31.02,
 139.743604,   35.494144,       31.44,
 139.748108,   35.494144,       31.77,
 139.752613,   35.494144,       32.07,
 139.757117,   35.494144,       32.27,
 139.761622,   35.494144,       32.42,
 139.766126,   35.494144,       32.49,
 139.770631,   35.494144,       32.51,
 139.775135,   35.494144,       32.57,
 139.779640,   35.494144,       32.68,
 139.784144,   35.494144,       32.85,
 139.788649,   35.494144,       33.08,
 139.793153,   35.494144,       33.34,
 139.797658,   35.494144,       33.63,
 139.802162,   35.494144,       33.90,
 139.806667,   35.494144,       34.17,
 139.811171,   35.494144,       34.45,
 139.815676,   35.494144,       34.74,
 139.820180,   35.494144,       35.05,
 139.824685,   35.494144,       35.37,
 139.829189,   35.494144,       35.71,
 139.833694,   35.494144,       36.10,
 139.838198,   35.494144,       36.54,
 139.842703,   35.494144,       37.00,
 139.847207,   35.494144,       37.49,
 139.851712,   35.494144,       38.01,
 139.856216,   35.494144,       38.57,
 139.860721,   35.494144,       39.12,
 139.865225,   35.494144,       39.67,
 139.869730,   35.494144,       40.21,
 139.874234,   35.494144,       40.75,
 139.878739,   35.494144,       41.25,
 139.883243,   35.494144,       41.71,
 139.887748,   35.494144,       42.14,
 139.892252,   35.494144,       42.55,
 139.896757,   35.494144,       42.97,
 139.901261,   35.494144,       43.45,
 139.905766,   35.494144,       43.97,
 139.910270,   35.494144,       44.49,
 139.914775,   35.494144,       45.03,
 139.919279,   35.494144,       45.57,
 139.923784,   35.494144,       46.11,
 139.928288,   35.494144,       46.64,
 139.932793,   35.494144,       47.16,
 139.937297,   35.494144,       47.66,
 139.941802,   35.494144,       48.07,
 139.946306,   35.494144,       48.43,
 139.950811,   35.494144,       48.80,
 139.955315,   35.494144,       49.12,
 139.959820,   35.494144,       49.41,
 139.964324,   35.494144,       49.72,
 139.968829,   35.494144,       50.02,
 139.973333,   35.494144,       50.31,
 139.977838,   35.494144,       50.59,
 139.982342,   35.494144,       50.87,
 139.986847,   35.494144,       51.14,
 139.991351,   35.494144,       51.41,
 139.995856,   35.494144,       51.68,
 140.000360,   35.494144,       51.95,
 140.004865,   35.494144,       52.23,
 140.009369,   35.494144,       52.53,
 140.013874,   35.494144,       52.83,
 140.018378,   35.494144,       53.15,
 140.022883,   35.494144,       53.46,
 140.027387,   35.494144,       53.77,
 140.031892,   35.494144,       54.00,
 140.036396,   35.494144,       54.23,
 140.040901,   35.494144,       54.47,
 140.045405,   35.494144,       54.70,
 139.676036,   35.498649,        4.49,
 139.698559,   35.498649,       28.43,
 139.703063,   35.498649,       28.79,
 139.707568,   35.498649,       28.97,
 139.712072,   35.498649,       29.14,
 139.716577,   35.498649,       29.34,
 139.721081,   35.498649,       29.57,
 139.725586,   35.498649,       29.81,
 139.730090,   35.498649,       30.05,
 139.734595,   35.498649,       30.33,
 139.739099,   35.498649,       30.66,
 139.743604,   35.498649,       30.94,
 139.748108,   35.498649,       31.23,
 139.752613,   35.498649,       31.51,
 139.757117,   35.498649,       31.68,
 139.761622,   35.498649,       31.84,
 139.766126,   35.498649,       31.93,
 139.770631,   35.498649,       32.02,
 139.775135,   35.498649,       32.12,
 139.779640,   35.498649,       32.27,
 139.784144,   35.498649,       32.46,
 139.788649,   35.498649,       32.72,
 139.793153,   35.498649,       33.00,
 139.797658,   35.498649,       33.29,
 139.802162,   35.498649,       33.60,
 139.806667,   35.498649,       33.90,
 139.811171,   35.498649,       34.18,
 139.815676,   35.498649,       34.47,
 139.820180,   35.498649,       34.78,
 139.824685,   35.498649,       35.11,
 139.829189,   35.498649,       35.47,
 139.833694,   35.498649,       35.86,
 139.838198,   35.498649,       36.29,
 139.842703,   35.498649,       36.75,
 139.847207,   35.498649,       37.26,
 139.851712,   35.498649,       37.82,
 139.856216,   35.498649,       38.40,
 139.860721,   35.498649,       38.96,
 139.865225,   35.498649,       39.51,
 139.869730,   35.498649,       40.05,
 139.874234,   35.498649,       40.60,
 139.878739,   35.498649,       41.11,
 139.883243,   35.498649,       41.59,
 139.887748,   35.498649,       42.02,
 139.892252,   35.498649,       42.43,
 139.896757,   35.498649,       42.81,
 139.901261,   35.498649,       43.22,
 139.905766,   35.498649,       43.66,
 139.910270,   35.498649,       44.17,
 139.914775,   35.498649,       44.70,
 139.919279,   35.498649,       45.23,
 139.923784,   35.498649,       45.76,
 139.928288,   35.498649,       46.28,
 139.932793,   35.498649,       46.80,
 139.937297,   35.498649,       47.31,
 139.941802,   35.498649,       47.79,
 139.946306,   35.498649,       48.18,
 139.950811,   35.498649,       48.57,
 139.955315,   35.498649,       48.95,
 139.959820,   35.498649,       49.27,
 139.964324,   35.498649,       49.59,
 139.968829,   35.498649,       49.91,
 139.973333,   35.498649,       50.21,
 139.977838,   35.498649,       50.49,
 139.982342,   35.498649,       50.77,
 139.986847,   35.498649,       51.05,
 139.991351,   35.498649,       51.32,
 139.995856,   35.498649,       51.59,
 140.000360,   35.498649,       51.85,
 140.004865,   35.498649,       52.12,
 140.009369,   35.498649,       52.40,
 140.013874,   35.498649,       52.68,
 140.018378,   35.498649,       52.97,
 140.022883,   35.498649,       53.29,
 140.027387,   35.498649,       53.59,
 140.031892,   35.498649,       53.85,
 140.036396,   35.498649,       54.09,
 140.040901,   35.498649,       54.34,
 140.045405,   35.498649,       54.59,
 139.707568,   35.503153,       28.72,
 139.712072,   35.503153,       28.93,
 139.716577,   35.503153,       29.14,
 139.721081,   35.503153,       29.36,
 139.725586,   35.503153,       29.56,
 139.730090,   35.503153,       29.76,
 139.734595,   35.503153,       29.99,
 139.739099,   35.503153,       30.27,
 139.743604,   35.503153,       30.50,
 139.748108,   35.503153,       30.74,
 139.752613,   35.503153,       30.97,
 139.757117,   35.503153,       31.11,
 139.761622,   35.503153,       31.26,
 139.766126,   35.503153,       31.38,
 139.770631,   35.503153,       31.49,
 139.775135,   35.503153,       31.64,
 139.779640,   35.503153,       31.80,
 139.784144,   35.503153,       32.03,
 139.788649,   35.503153,       32.30,
 139.793153,   35.503153,       32.61,
 139.797658,   35.503153,       32.94,
 139.802162,   35.503153,       33.25,
 139.806667,   35.503153,       33.57,
 139.811171,   35.503153,       33.87,
 139.815676,   35.503153,       34.17,
 139.820180,   35.503153,       34.50,
 139.824685,   35.503153,       34.84,
 139.829189,   35.503153,       35.21,
 139.833694,   35.503153,       35.60,
 139.838198,   35.503153,       36.03,
 139.842703,   35.503153,       36.49,
 139.847207,   35.503153,       37.04,
 139.851712,   35.503153,       37.62,
 139.856216,   35.503153,       38.21,
 139.860721,   35.503153,       38.80,
 139.865225,   35.503153,       39.35,
 139.869730,   35.503153,       39.90,
 139.874234,   35.503153,       40.45,
 139.878739,   35.503153,       40.98,
 139.883243,   35.503153,       41.48,
 139.887748,   35.503153,       41.93,
 139.892252,   35.503153,       42.32,
 139.896757,   35.503153,       42.69,
 139.901261,   35.503153,       43.05,
 139.905766,   35.503153,       43.42,
 139.910270,   35.503153,       43.85,
 139.914775,   35.503153,       44.38,
 139.919279,   35.503153,       44.91,
 139.923784,   35.503153,       45.42,
 139.928288,   35.503153,       45.94,
 139.932793,   35.503153,       46.45,
 139.937297,   35.503153,       46.97,
 139.941802,   35.503153,       47.47,
 139.946306,   35.503153,       47.91,
 139.950811,   35.503153,       48.31,
 139.955315,   35.503153,       48.73,
 139.959820,   35.503153,       49.11,
 139.964324,   35.503153,       49.43,
 139.968829,   35.503153,       49.77,
 139.973333,   35.503153,       50.10,
 139.977838,   35.503153,       50.41,
 139.982342,   35.503153,       50.69,
 139.986847,   35.503153,       50.97,
 139.991351,   35.503153,       51.25,
 139.995856,   35.503153,       51.51,
 140.000360,   35.503153,       51.77,
 140.004865,   35.503153,       52.03,
 140.009369,   35.503153,       52.28,
 140.013874,   35.503153,       52.55,
 140.018378,   35.503153,       52.81,
 140.022883,   35.503153,       53.12,
 140.027387,   35.503153,       53.42,
 140.031892,   35.503153,       53.70,
 140.036396,   35.503153,       53.95,
 140.040901,   35.503153,       54.21,
 140.045405,   35.503153,       54.47,
 140.049910,   35.503153,       54.73,
 139.712072,   35.507658,       28.72,
 139.716577,   35.507658,       28.95,
 139.721081,   35.507658,       29.15,
 139.725586,   35.507658,       29.33,
 139.730090,   35.507658,       29.51,
 139.734595,   35.507658,       29.67,
 139.739099,   35.507658,       29.85,
 139.743604,   35.507658,       30.03,
 139.748108,   35.507658,       30.23,
 139.752613,   35.507658,       30.41,
 139.757117,   35.507658,       30.54,
 139.761622,   35.507658,       30.67,
 139.766126,   35.507658,       30.78,
 139.770631,   35.507658,       30.89,
 139.775135,   35.507658,       31.06,
 139.779640,   35.507658,       31.27,
 139.784144,   35.507658,       31.51,
 139.788649,   35.507658,       31.79,
 139.793153,   35.507658,       32.12,
 139.797658,   35.507658,       32.46,
 139.802162,   35.507658,       32.83,
 139.806667,   35.507658,       33.16,
 139.811171,   35.507658,       33.49,
 139.815676,   35.507658,       33.82,
 139.820180,   35.507658,       34.14,
 139.824685,   35.507658,       34.51,
 139.829189,   35.507658,       34.90,
 139.833694,   35.507658,       35.30,
 139.838198,   35.507658,       35.73,
 139.842703,   35.507658,       36.23,
 139.847207,   35.507658,       36.79,
 139.851712,   35.507658,       37.37,
 139.856216,   35.507658,       37.97,
 139.860721,   35.507658,       38.59,
 139.865225,   35.507658,       39.20,
 139.869730,   35.507658,       39.76,
 139.874234,   35.507658,       40.30,
 139.878739,   35.507658,       40.84,
 139.883243,   35.507658,       41.38,
 139.887748,   35.507658,       41.83,
 139.892252,   35.507658,       42.21,
 139.896757,   35.507658,       42.58,
 139.901261,   35.507658,       42.94,
 139.905766,   35.507658,       43.29,
 139.910270,   35.507658,       43.64,
 139.914775,   35.507658,       44.09,
 139.919279,   35.507658,       44.60,
 139.923784,   35.507658,       45.11,
 139.928288,   35.507658,       45.61,
 139.932793,   35.507658,       46.11,
 139.937297,   35.507658,       46.62,
 139.941802,   35.507658,       47.13,
 139.946306,   35.507658,       47.61,
 139.950811,   35.507658,       48.04,
 139.955315,   35.507658,       48.47,
 139.959820,   35.507658,       48.91,
 139.964324,   35.507658,       49.28,
 139.968829,   35.507658,       49.61,
 139.973333,   35.507658,       49.96,
 139.977838,   35.507658,       50.31,
 139.982342,   35.507658,       50.62,
 139.986847,   35.507658,       50.90,
 139.991351,   35.507658,       51.18,
 139.995856,   35.507658,       51.45,
 140.000360,   35.507658,       51.70,
 140.004865,   35.507658,       51.96,
 140.009369,   35.507658,       52.20,
 140.013874,   35.507658,       52.44,
 140.018378,   35.507658,       52.69,
 140.022883,   35.507658,       52.97,
 140.027387,   35.507658,       53.26,
 140.031892,   35.507658,       53.55,
 140.036396,   35.507658,       53.81,
 140.040901,   35.507658,       54.08,
 140.045405,   35.507658,       54.34,
 140.049910,   35.507658,       54.60,
 140.054414,   35.507658,       54.84,
 139.725586,   35.512162,       29.11,
 139.730090,   35.512162,       29.28,
 139.734595,   35.512162,       29.43,
 139.739099,   35.512162,       29.52,
 139.743604,   35.512162,       29.61,
 139.748108,   35.512162,       29.71,
 139.752613,   35.512162,       29.85,
 139.757117,   35.512162,       29.96,
 139.761622,   35.512162,       30.05,
 139.766126,   35.512162,       30.14,
 139.770631,   35.512162,       30.23,
 139.775135,   35.512162,       30.39,
 139.779640,   35.512162,       30.57,
 139.784144,   35.512162,       30.87,
 139.788649,   35.512162,       31.19,
 139.793153,   35.512162,       31.51,
 139.797658,   35.512162,       31.88,
 139.802162,   35.512162,       32.25,
 139.806667,   35.512162,       32.64,
 139.811171,   35.512162,       33.04,
 139.815676,   35.512162,       33.41,
 139.820180,   35.512162,       33.76,
 139.824685,   35.512162,       34.14,
 139.829189,   35.512162,       34.53,
 139.833694,   35.512162,       34.95,
 139.838198,   35.512162,       35.43,
 139.842703,   35.512162,       35.95,
 139.847207,   35.512162,       36.50,
 139.851712,   35.512162,       37.09,
 139.856216,   35.512162,       37.71,
 139.860721,   35.512162,       38.36,
 139.865225,   35.512162,       39.04,
 139.869730,   35.512162,       39.63,
 139.874234,   35.512162,       40.17,
 139.878739,   35.512162,       40.72,
 139.883243,   35.512162,       41.26,
 139.887748,   35.512162,       41.73,
 139.892252,   35.512162,       42.11,
 139.896757,   35.512162,       42.48,
 139.901261,   35.512162,       42.84,
 139.905766,   35.512162,       43.18,
 139.910270,   35.512162,       43.48,
 139.914775,   35.512162,       43.86,
 139.919279,   35.512162,       44.31,
 139.923784,   35.512162,       44.81,
 139.928288,   35.512162,       45.29,
 139.932793,   35.512162,       45.77,
 139.937297,   35.512162,       46.27,
 139.941802,   35.512162,       46.78,
 139.946306,   35.512162,       47.29,
 139.950811,   35.512162,       47.76,
 139.955315,   35.512162,       48.20,
 139.959820,   35.512162,       48.64,
 139.964324,   35.512162,       49.07,
 139.968829,   35.512162,       49.42,
 139.973333,   35.512162,       49.76,
 139.977838,   35.512162,       50.12,
 139.982342,   35.512162,       50.50,
 139.986847,   35.512162,       50.82,
 139.991351,   35.512162,       51.11,
 139.995856,   35.512162,       51.38,
 140.000360,   35.512162,       51.64,
 140.004865,   35.512162,       51.89,
 140.009369,   35.512162,       52.13,
 140.013874,   35.512162,       52.37,
 140.018378,   35.512162,       52.59,
 140.022883,   35.512162,       52.84,
 140.027387,   35.512162,       53.12,
 140.031892,   35.512162,       53.40,
 140.036396,   35.512162,       53.68,
 140.040901,   35.512162,       53.95,
 140.045405,   35.512162,       54.22,
 140.049910,   35.512162,       54.48,
 140.054414,   35.512162,       54.74,
 140.058919,   35.512162,       54.93,
 139.734595,   35.516667,       29.20,
 139.739099,   35.516667,       29.23,
 139.743604,   35.516667,       29.22,
 139.748108,   35.516667,       29.22,
 139.752613,   35.516667,       29.26,
 139.757117,   35.516667,       29.32,
 139.761622,   35.516667,       29.40,
 139.766126,   35.516667,       29.48,
 139.770631,   35.516667,       29.53,
 139.775135,   35.516667,       29.63,
 139.779640,   35.516667,       29.83,
 139.784144,   35.516667,       30.09,
 139.788649,   35.516667,       30.41,
 139.793153,   35.516667,       30.79,
 139.797658,   35.516667,       31.18,
 139.802162,   35.516667,       31.61,
 139.806667,   35.516667,       32.04,
 139.811171,   35.516667,       32.47,
 139.815676,   35.516667,       32.89,
 139.820180,   35.516667,       33.31,
 139.824685,   35.516667,       33.71,
 139.829189,   35.516667,       34.13,
 139.833694,   35.516667,       34.60,
 139.838198,   35.516667,       35.11,
 139.842703,   35.516667,       35.65,
 139.847207,   35.516667,       36.20,
 139.851712,   35.516667,       36.79,
 139.856216,   35.516667,       37.45,
 139.860721,   35.516667,       38.13,
 139.865225,   35.516667,       38.84,
 139.869730,   35.516667,       39.50,
 139.874234,   35.516667,       40.06,
 139.878739,   35.516667,       40.62,
 139.883243,   35.516667,       41.16,
 139.887748,   35.516667,       41.64,
 139.892252,   35.516667,       42.02,
 139.896757,   35.516667,       42.39,
 139.901261,   35.516667,       42.75,
 139.905766,   35.516667,       43.06,
 139.910270,   35.516667,       43.34,
 139.914775,   35.516667,       43.64,
 139.919279,   35.516667,       44.04,
 139.923784,   35.516667,       44.52,
 139.928288,   35.516667,       44.98,
 139.932793,   35.516667,       45.44,
 139.937297,   35.516667,       45.93,
 139.941802,   35.516667,       46.44,
 139.946306,   35.516667,       46.95,
 139.950811,   35.516667,       47.45,
 139.955315,   35.516667,       47.91,
 139.959820,   35.516667,       48.34,
 139.964324,   35.516667,       48.77,
 139.968829,   35.516667,       49.17,
 139.973333,   35.516667,       49.55,
 139.977838,   35.516667,       49.92,
 139.982342,   35.516667,       50.31,
 139.986847,   35.516667,       50.72,
 139.991351,   35.516667,       51.01,
 139.995856,   35.516667,       51.30,
 140.000360,   35.516667,       51.59,
 140.004865,   35.516667,       51.83,
 140.009369,   35.516667,       52.07,
 140.013874,   35.516667,       52.30,
 140.018378,   35.516667,       52.52,
 140.022883,   35.516667,       52.75,
 140.027387,   35.516667,       52.99,
 140.031892,   35.516667,       53.25,
 140.036396,   35.516667,       53.54,
 140.040901,   35.516667,       53.83,
 140.045405,   35.516667,       54.10,
 140.049910,   35.516667,       54.36,
 140.054414,   35.516667,       54.61,
 140.058919,   35.516667,       54.85,
 139.748108,   35.521171,       28.69,
 139.752613,   35.521171,       28.60,
 139.757117,   35.521171,       28.64,
 139.761622,   35.521171,       28.71,
 139.766126,   35.521171,       28.75,
 139.770631,   35.521171,       28.79,
 139.775135,   35.521171,       28.86,
 139.779640,   35.521171,       29.06,
 139.784144,   35.521171,       29.29,
 139.788649,   35.521171,       29.60,
 139.793153,   35.521171,       29.99,
 139.797658,   35.521171,       30.40,
 139.802162,   35.521171,       30.87,
 139.806667,   35.521171,       31.35,
 139.811171,   35.521171,       31.84,
 139.815676,   35.521171,       32.32,
 139.820180,   35.521171,       32.79,
 139.824685,   35.521171,       33.23,
 139.829189,   35.521171,       33.69,
 139.833694,   35.521171,       34.21,
 139.838198,   35.521171,       34.75,
 139.842703,   35.521171,       35.31,
 139.847207,   35.521171,       35.88,
 139.851712,   35.521171,       36.50,
 139.856216,   35.521171,       37.20,
 139.860721,   35.521171,       37.90,
 139.865225,   35.521171,       38.61,
 139.869730,   35.521171,       39.31,
 139.874234,   35.521171,       39.92,
 139.878739,   35.521171,       40.51,
 139.883243,   35.521171,       41.08,
 139.887748,   35.521171,       41.56,
 139.892252,   35.521171,       41.95,
 139.896757,   35.521171,       42.32,
 139.901261,   35.521171,       42.69,
 139.905766,   35.521171,       42.98,
 139.910270,   35.521171,       43.26,
 139.914775,   35.521171,       43.52,
 139.919279,   35.521171,       43.81,
 139.923784,   35.521171,       44.28,
 139.928288,   35.521171,       44.74,
 139.932793,   35.521171,       45.17,
 139.937297,   35.521171,       45.58,
 139.941802,   35.521171,       46.10,
 139.946306,   35.521171,       46.61,
 139.950811,   35.521171,       47.12,
 139.955315,   35.521171,       47.61,
 139.959820,   35.521171,       48.04,
 139.964324,   35.521171,       48.47,
 139.968829,   35.521171,       48.90,
 139.973333,   35.521171,       49.32,
 139.977838,   35.521171,       49.71,
 139.982342,   35.521171,       50.12,
 139.986847,   35.521171,       50.52,
 139.991351,   35.521171,       50.87,
 139.995856,   35.521171,       51.17,
 140.000360,   35.521171,       51.48,
 140.004865,   35.521171,       51.76,
 140.009369,   35.521171,       52.01,
 140.013874,   35.521171,       52.24,
 140.018378,   35.521171,       52.47,
 140.022883,   35.521171,       52.69,
 140.027387,   35.521171,       52.92,
 140.031892,   35.521171,       53.17,
 140.036396,   35.521171,       53.43,
 140.040901,   35.521171,       53.71,
 140.045405,   35.521171,       53.98,
 140.049910,   35.521171,       54.23,
 140.054414,   35.521171,       54.48,
 140.058919,   35.521171,       54.73,
 140.063423,   35.521171,       54.94,
 139.748108,   35.525676,       28.10,
 139.752613,   35.525676,       27.95,
 139.757117,   35.525676,       27.91,
 139.761622,   35.525676,       27.89,
 139.766126,   35.525676,       27.95,
 139.770631,   35.525676,       28.01,
 139.775135,   35.525676,       28.10,
 139.779640,   35.525676,       28.27,
 139.784144,   35.525676,       28.49,
 139.788649,   35.525676,       28.78,
 139.793153,   35.525676,       29.17,
 139.797658,   35.525676,       29.61,
 139.802162,   35.525676,       30.10,
 139.806667,   35.525676,       30.63,
 139.811171,   35.525676,       31.16,
 139.815676,   35.525676,       31.69,
 139.820180,   35.525676,       32.21,
 139.824685,   35.525676,       32.74,
 139.829189,   35.525676,       33.25,
 139.833694,   35.525676,       33.77,
 139.838198,   35.525676,       34.36,
 139.842703,   35.525676,       34.93,
 139.847207,   35.525676,       35.52,
 139.851712,   35.525676,       36.21,
 139.856216,   35.525676,       36.93,
 139.860721,   35.525676,       37.64,
 139.865225,   35.525676,       38.35,
 139.869730,   35.525676,       39.04,
 139.874234,   35.525676,       39.68,
 139.878739,   35.525676,       40.32,
 139.883243,   35.525676,       40.95,
 139.887748,   35.525676,       41.50,
 139.892252,   35.525676,       41.87,
 139.896757,   35.525676,       42.25,
 139.901261,   35.525676,       42.63,
 139.905766,   35.525676,       42.96,
 139.910270,   35.525676,       43.23,
 139.914775,   35.525676,       43.49,
 139.919279,   35.525676,       43.77,
 139.923784,   35.525676,       44.12,
 139.928288,   35.525676,       44.55,
 139.932793,   35.525676,       44.98,
 139.937297,   35.525676,       45.37,
 139.941802,   35.525676,       45.78,
 139.946306,   35.525676,       46.28,
 139.950811,   35.525676,       46.79,
 139.955315,   35.525676,       47.28,
 139.959820,   35.525676,       47.73,
 139.964324,   35.525676,       48.17,
 139.968829,   35.525676,       48.61,
 139.973333,   35.525676,       49.06,
 139.977838,   35.525676,       49.50,
 139.982342,   35.525676,       49.91,
 139.986847,   35.525676,       50.32,
 139.991351,   35.525676,       50.71,
 139.995856,   35.525676,       51.03,
 140.000360,   35.525676,       51.35,
 140.004865,   35.525676,       51.66,
 140.009369,   35.525676,       51.92,
 140.013874,   35.525676,       52.18,
 140.018378,   35.525676,       52.42,
 140.022883,   35.525676,       52.65,
 140.027387,   35.525676,       52.88,
 140.031892,   35.525676,       53.11,
 140.036396,   35.525676,       53.34,
 140.040901,   35.525676,       53.61,
 140.045405,   35.525676,       53.86,
 140.049910,   35.525676,       54.12,
 140.054414,   35.525676,       54.37,
 140.058919,   35.525676,       54.61,
 140.063423,   35.525676,       54.83,
 139.752613,   35.530180,       26.87,
 139.757117,   35.530180,       26.67,
 139.761622,   35.530180,       26.75,
 139.766126,   35.530180,       26.99,
 139.770631,   35.530180,       27.17,
 139.775135,   35.530180,       27.33,
 139.779640,   35.530180,       27.50,
 139.784144,   35.530180,       27.71,
 139.788649,   35.530180,       27.97,
 139.793153,   35.530180,       28.34,
 139.797658,   35.530180,       28.81,
 139.802162,   35.530180,       29.34,
 139.806667,   35.530180,       29.89,
 139.811171,   35.530180,       30.47,
 139.815676,   35.530180,       31.07,
 139.820180,   35.530180,       31.62,
 139.824685,   35.530180,       32.20,
 139.829189,   35.530180,       32.76,
 139.833694,   35.530180,       33.35,
 139.838198,   35.530180,       33.96,
 139.842703,   35.530180,       34.55,
 139.847207,   35.530180,       35.19,
 139.851712,   35.530180,       35.90,
 139.856216,   35.530180,       36.63,
 139.860721,   35.530180,       37.36,
 139.865225,   35.530180,       38.09,
 139.869730,   35.530180,       38.77,
 139.874234,   35.530180,       39.43,
 139.878739,   35.530180,       40.09,
 139.883243,   35.530180,       40.74,
 139.887748,   35.530180,       41.35,
 139.892252,   35.530180,       41.77,
 139.896757,   35.530180,       42.16,
 139.901261,   35.530180,       42.56,
 139.905766,   35.530180,       42.94,
 139.910270,   35.530180,       43.21,
 139.914775,   35.530180,       43.47,
 139.919279,   35.530180,       43.73,
 139.923784,   35.530180,       44.02,
 139.928288,   35.530180,       44.40,
 139.932793,   35.530180,       44.80,
 139.937297,   35.530180,       45.17,
 139.941802,   35.530180,       45.53,
 139.946306,   35.530180,       45.96,
 139.950811,   35.530180,       46.46,
 139.955315,   35.530180,       46.96,
 139.959820,   35.530180,       47.43,
 139.964324,   35.530180,       47.88,
 139.968829,   35.530180,       48.34,
 139.973333,   35.530180,       48.82,
 139.977838,   35.530180,       49.27,
 139.982342,   35.530180,       49.70,
 139.986847,   35.530180,       50.11,
 139.991351,   35.530180,       50.51,
 139.995856,   35.530180,       50.87,
 140.000360,   35.530180,       51.20,
 140.004865,   35.530180,       51.53,
 140.009369,   35.530180,       51.84,
 140.013874,   35.530180,       52.11,
 140.018378,   35.530180,       52.37,
 140.022883,   35.530180,       52.62,
 140.027387,   35.530180,       52.86,
 140.031892,   35.530180,       53.08,
 140.036396,   35.530180,       53.29,
 140.040901,   35.530180,       53.53,
 140.045405,   35.530180,       53.77,
 140.049910,   35.530180,       54.01,
 140.054414,   35.530180,       54.26,
 140.058919,   35.530180,       54.50,
 140.063423,   35.530180,       54.71,
 140.067928,   35.530180,       54.90,
 139.757117,   35.534685,       24.99,
 139.761622,   35.534685,       25.31,
 139.766126,   35.534685,       25.80,
 139.770631,   35.534685,       26.06,
 139.775135,   35.534685,       26.27,
 139.779640,   35.534685,       26.52,
 139.784144,   35.534685,       26.82,
 139.788649,   35.534685,       27.18,
 139.793153,   35.534685,       27.61,
 139.797658,   35.534685,       28.10,
 139.802162,   35.534685,       28.62,
 139.806667,   35.534685,       29.21,
 139.811171,   35.534685,       29.81,
 139.815676,   35.534685,       30.44,
 139.820180,   35.534685,       31.07,
 139.824685,   35.534685,       31.67,
 139.829189,   35.534685,       32.27,
 139.833694,   35.534685,       32.91,
 139.838198,   35.534685,       33.56,
 139.842703,   35.534685,       34.19,
 139.847207,   35.534685,       34.85,
 139.851712,   35.534685,       35.58,
 139.856216,   35.534685,       36.33,
 139.860721,   35.534685,       37.07,
 139.865225,   35.534685,       37.81,
 139.869730,   35.534685,       38.51,
 139.874234,   35.534685,       39.19,
 139.878739,   35.534685,       39.86,
 139.883243,   35.534685,       40.54,
 139.887748,   35.534685,       41.17,
 139.892252,   35.534685,       41.64,
 139.896757,   35.534685,       42.05,
 139.901261,   35.534685,       42.47,
 139.905766,   35.534685,       42.90,
 139.910270,   35.534685,       43.20,
 139.914775,   35.534685,       43.46,
 139.919279,   35.534685,       43.71,
 139.923784,   35.534685,       43.96,
 139.928288,   35.534685,       44.26,
 139.932793,   35.534685,       44.64,
 139.937297,   35.534685,       45.00,
 139.941802,   35.534685,       45.35,
 139.946306,   35.534685,       45.74,
 139.950811,   35.534685,       46.22,
 139.955315,   35.534685,       46.68,
 139.959820,   35.534685,       47.13,
 139.964324,   35.534685,       47.61,
 139.968829,   35.534685,       48.09,
 139.973333,   35.534685,       48.58,
 139.977838,   35.534685,       49.05,
 139.982342,   35.534685,       49.48,
 139.986847,   35.534685,       49.89,
 139.991351,   35.534685,       50.30,
 139.995856,   35.534685,       50.69,
 140.000360,   35.534685,       51.04,
 140.004865,   35.534685,       51.38,
 140.009369,   35.534685,       51.72,
 140.013874,   35.534685,       52.05,
 140.018378,   35.534685,       52.31,
 140.022883,   35.534685,       52.57,
 140.027387,   35.534685,       52.83,
 140.031892,   35.534685,       53.05,
 140.036396,   35.534685,       53.27,
 140.040901,   35.534685,       53.47,
 140.045405,   35.534685,       53.70,
 140.049910,   35.534685,       53.94,
 140.054414,   35.534685,       54.18,
 140.058919,   35.534685,       54.39,
 140.063423,   35.534685,       54.59,
 140.067928,   35.534685,       54.79,
 140.072432,   35.534685,       54.97,
 140.090450,   35.534685,       55.65,
 140.094955,   35.534685,       55.80,
 140.099459,   35.534685,       55.94,
 140.103964,   35.534685,       56.10,
 140.108468,   35.534685,       56.02,
 139.761622,   35.539189,       20.20,
 139.766126,   35.539189,       22.46,
 139.770631,   35.539189,       24.24,
 139.775135,   35.539189,       24.64,
 139.779640,   35.539189,       25.26,
 139.784144,   35.539189,       25.83,
 139.788649,   35.539189,       26.42,
 139.793153,   35.539189,       26.92,
 139.797658,   35.539189,       27.42,
 139.802162,   35.539189,       28.01,
 139.806667,   35.539189,       28.60,
 139.811171,   35.539189,       29.20,
 139.815676,   35.539189,       29.86,
 139.820180,   35.539189,       30.51,
 139.824685,   35.539189,       31.16,
 139.829189,   35.539189,       31.79,
 139.833694,   35.539189,       32.47,
 139.838198,   35.539189,       33.14,
 139.842703,   35.539189,       33.80,
 139.847207,   35.539189,       34.52,
 139.851712,   35.539189,       35.27,
 139.856216,   35.539189,       36.02,
 139.860721,   35.539189,       36.77,
 139.865225,   35.539189,       37.53,
 139.869730,   35.539189,       38.28,
 139.874234,   35.539189,       38.97,
 139.878739,   35.539189,       39.65,
 139.883243,   35.539189,       40.34,
 139.887748,   35.539189,       41.01,
 139.892252,   35.539189,       41.51,
 139.896757,   35.539189,       41.95,
 139.901261,   35.539189,       42.40,
 139.905766,   35.539189,       42.85,
 139.910270,   35.539189,       43.20,
 139.914775,   35.539189,       43.46,
 139.919279,   35.539189,       43.72,
 139.923784,   35.539189,       43.98,
 139.928288,   35.539189,       44.25,
 139.932793,   35.539189,       44.58,
 139.937297,   35.539189,       44.91,
 139.941802,   35.539189,       45.23,
 139.946306,   35.539189,       45.58,
 139.950811,   35.539189,       46.03,
 139.955315,   35.539189,       46.49,
 139.959820,   35.539189,       46.94,
 139.964324,   35.539189,       47.40,
 139.968829,   35.539189,       47.88,
 139.973333,   35.539189,       48.35,
 139.977838,   35.539189,       48.82,
 139.982342,   35.539189,       49.26,
 139.986847,   35.539189,       49.67,
 139.991351,   35.539189,       50.08,
 139.995856,   35.539189,       50.49,
 140.000360,   35.539189,       50.88,
 140.004865,   35.539189,       51.24,
 140.009369,   35.539189,       51.59,
 140.013874,   35.539189,       51.93,
 140.018378,   35.539189,       52.25,
 140.022883,   35.539189,       52.54,
 140.027387,   35.539189,       52.79,
 140.031892,   35.539189,       53.03,
 140.036396,   35.539189,       53.25,
 140.040901,   35.539189,       53.45,
 140.045405,   35.539189,       53.65,
 140.049910,   35.539189,       53.86,
 140.054414,   35.539189,       54.08,
 140.058919,   35.539189,       54.29,
 140.063423,   35.539189,       54.49,
 140.067928,   35.539189,       54.70,
 140.072432,   35.539189,       54.88,
 140.076937,   35.539189,       55.05,
 140.081441,   35.539189,       55.22,
 140.085946,   35.539189,       55.40,
 140.090450,   35.539189,       55.56,
 140.094955,   35.539189,       55.71,
 140.099459,   35.539189,       55.85,
 140.103964,   35.539189,       56.02,
 140.108468,   35.539189,       56.23,
 140.112973,   35.539189,       56.33,
 139.743604,   35.543694,       28.28,
 139.757117,   35.543694,       17.66,
 139.775135,   35.543694,       22.32,
 139.779640,   35.543694,       24.46,
 139.784144,   35.543694,       25.18,
 139.788649,   35.543694,       25.79,
 139.793153,   35.543694,       26.31,
 139.797658,   35.543694,       26.86,
 139.802162,   35.543694,       27.46,
 139.806667,   35.543694,       28.08,
 139.811171,   35.543694,       28.71,
 139.815676,   35.543694,       29.35,
 139.820180,   35.543694,       30.01,
 139.824685,   35.543694,       30.68,
 139.829189,   35.543694,       31.38,
 139.833694,   35.543694,       32.07,
 139.838198,   35.543694,       32.74,
 139.842703,   35.543694,       33.46,
 139.847207,   35.543694,       34.21,
 139.851712,   35.543694,       34.96,
 139.856216,   35.543694,       35.71,
 139.860721,   35.543694,       36.48,
 139.865225,   35.543694,       37.27,
 139.869730,   35.543694,       38.04,
 139.874234,   35.543694,       38.76,
 139.878739,   35.543694,       39.45,
 139.883243,   35.543694,       40.14,
 139.887748,   35.543694,       40.82,
 139.892252,   35.543694,       41.39,
 139.896757,   35.543694,       41.85,
 139.901261,   35.543694,       42.33,
 139.905766,   35.543694,       42.81,
 139.910270,   35.543694,       43.21,
 139.914775,   35.543694,       43.48,
 139.919279,   35.543694,       43.75,
 139.923784,   35.543694,       44.03,
 139.928288,   35.543694,       44.31,
 139.932793,   35.543694,       44.60,
 139.937297,   35.543694,       44.89,
 139.941802,   35.543694,       45.16,
 139.946306,   35.543694,       45.42,
 139.950811,   35.543694,       45.89,
 139.955315,   35.543694,       46.33,
 139.959820,   35.543694,       46.76,
 139.964324,   35.543694,       47.20,
 139.968829,   35.543694,       47.67,
 139.973333,   35.543694,       48.14,
 139.977838,   35.543694,       48.60,
 139.982342,   35.543694,       49.04,
 139.986847,   35.543694,       49.46,
 139.991351,   35.543694,       49.87,
 139.995856,   35.543694,       50.28,
 140.000360,   35.543694,       50.69,
 140.004865,   35.543694,       51.09,
 140.009369,   35.543694,       51.47,
 140.013874,   35.543694,       51.81,
 140.018378,   35.543694,       52.14,
 140.022883,   35.543694,       52.46,
 140.027387,   35.543694,       52.76,
 140.031892,   35.543694,       53.00,
 140.036396,   35.543694,       53.22,
 140.040901,   35.543694,       53.44,
 140.045405,   35.543694,       53.63,
 140.049910,   35.543694,       53.82,
 140.054414,   35.543694,       54.00,
 140.058919,   35.543694,       54.21,
 140.063423,   35.543694,       54.41,
 140.067928,   35.543694,       54.61,
 140.072432,   35.543694,       54.78,
 140.076937,   35.543694,       54.95,
 140.081441,   35.543694,       55.12,
 140.085946,   35.543694,       55.27,
 140.090450,   35.543694,       55.42,
 140.094955,   35.543694,       55.57,
 140.099459,   35.543694,       55.74,
 140.103964,   35.543694,       55.93,
 140.108468,   35.543694,       56.15,
 140.112973,   35.543694,       56.37,
 140.117477,   35.543694,       56.46,
 139.775135,   35.548198,       22.27,
 139.779640,   35.548198,       24.45,
 139.784144,   35.548198,       25.15,
 139.788649,   35.548198,       25.56,
 139.793153,   35.548198,       26.03,
 139.797658,   35.548198,       26.45,
 139.802162,   35.548198,       27.08,
 139.806667,   35.548198,       27.67,
 139.811171,   35.548198,       28.29,
 139.815676,   35.548198,       28.93,
 139.820180,   35.548198,       29.57,
 139.824685,   35.548198,       30.27,
 139.829189,   35.548198,       30.98,
 139.833694,   35.548198,       31.68,
 139.838198,   35.548198,       32.38,
 139.842703,   35.548198,       33.13,
 139.847207,   35.548198,       33.89,
 139.851712,   35.548198,       34.65,
 139.856216,   35.548198,       35.41,
 139.860721,   35.548198,       36.21,
 139.865225,   35.548198,       37.01,
 139.869730,   35.548198,       37.81,
 139.874234,   35.548198,       38.55,
 139.878739,   35.548198,       39.25,
 139.883243,   35.548198,       39.93,
 139.887748,   35.548198,       40.62,
 139.892252,   35.548198,       41.24,
 139.896757,   35.548198,       41.74,
 139.901261,   35.548198,       42.23,
 139.905766,   35.548198,       42.72,
 139.910270,   35.548198,       43.23,
 139.914775,   35.548198,       43.51,
 139.919279,   35.548198,       43.79,
 139.923784,   35.548198,       44.08,
 139.928288,   35.548198,       44.38,
 139.932793,   35.548198,       44.65,
 139.937297,   35.548198,       44.92,
 139.941802,   35.548198,       45.19,
 139.946306,   35.548198,       45.47,
 139.950811,   35.548198,       45.85,
 139.955315,   35.548198,       46.26,
 139.959820,   35.548198,       46.64,
 139.964324,   35.548198,       47.01,
 139.968829,   35.548198,       47.47,
 139.973333,   35.548198,       47.94,
 139.977838,   35.548198,       48.40,
 139.982342,   35.548198,       48.83,
 139.986847,   35.548198,       49.25,
 139.991351,   35.548198,       49.66,
 139.995856,   35.548198,       50.08,
 140.000360,   35.548198,       50.51,
 140.004865,   35.548198,       50.92,
 140.009369,   35.548198,       51.33,
 140.013874,   35.548198,       51.70,
 140.018378,   35.548198,       52.03,
 140.022883,   35.548198,       52.37,
 140.027387,   35.548198,       52.70,
 140.031892,   35.548198,       52.97,
 140.036396,   35.548198,       53.20,
 140.040901,   35.548198,       53.42,
 140.045405,   35.548198,       53.61,
 140.049910,   35.548198,       53.80,
 140.054414,   35.548198,       53.97,
 140.058919,   35.548198,       54.14,
 140.063423,   35.548198,       54.34,
 140.067928,   35.548198,       54.53,
 140.072432,   35.548198,       54.69,
 140.076937,   35.548198,       54.85,
 140.081441,   35.548198,       55.00,
 140.085946,   35.548198,       55.14,
 140.090450,   35.548198,       55.28,
 140.094955,   35.548198,       55.43,
 140.099459,   35.548198,       55.60,
 140.103964,   35.548198,       55.78,
 140.108468,   35.548198,       56.02,
 140.112973,   35.548198,       56.28,
 140.117477,   35.548198,       56.53,
 139.761622,   35.552703,       19.44,
 139.766126,   35.552703,       21.84,
 139.770631,   35.552703,       23.86,
 139.775135,   35.552703,       24.24,
 139.779640,   35.552703,       25.02,
 139.784144,   35.552703,       25.44,
 139.788649,   35.552703,       25.71,
 139.793153,   35.552703,       26.01,
 139.797658,   35.552703,       26.37,
 139.802162,   35.552703,       26.83,
 139.806667,   35.552703,       27.37,
 139.811171,   35.552703,       27.95,
 139.815676,   35.552703,       28.56,
 139.820180,   35.552703,       29.22,
 139.824685,   35.552703,       29.91,
 139.829189,   35.552703,       30.61,
 139.833694,   35.552703,       31.31,
 139.838198,   35.552703,       32.05,
 139.842703,   35.552703,       32.82,
 139.847207,   35.552703,       33.59,
 139.851712,   35.552703,       34.35,
 139.856216,   35.552703,       35.13,
 139.860721,   35.552703,       35.94,
 139.865225,   35.552703,       36.76,
 139.869730,   35.552703,       37.57,
 139.874234,   35.552703,       38.35,
 139.878739,   35.552703,       39.04,
 139.883243,   35.552703,       39.73,
 139.887748,   35.552703,       40.42,
 139.892252,   35.552703,       41.06,
 139.896757,   35.552703,       41.61,
 139.901261,   35.552703,       42.11,
 139.905766,   35.552703,       42.61,
 139.910270,   35.552703,       43.11,
 139.914775,   35.552703,       43.50,
 139.919279,   35.552703,       43.80,
 139.923784,   35.552703,       44.11,
 139.928288,   35.552703,       44.43,
 139.932793,   35.552703,       44.72,
 139.937297,   35.552703,       45.00,
 139.941802,   35.552703,       45.28,
 139.946306,   35.552703,       45.56,
 139.950811,   35.552703,       45.89,
 139.955315,   35.552703,       46.25,
 139.959820,   35.552703,       46.59,
 139.964324,   35.552703,       46.92,
 139.968829,   35.552703,       47.30,
 139.973333,   35.552703,       47.77,
 139.977838,   35.552703,       48.22,
 139.982342,   35.552703,       48.64,
 139.986847,   35.552703,       49.05,
 139.991351,   35.552703,       49.46,
 139.995856,   35.552703,       49.90,
 140.000360,   35.552703,       50.33,
 140.004865,   35.552703,       50.76,
 140.009369,   35.552703,       51.17,
 140.013874,   35.552703,       51.57,
 140.018378,   35.552703,       51.94,
 140.022883,   35.552703,       52.28,
 140.027387,   35.552703,       52.61,
 140.031892,   35.552703,       52.90,
 140.036396,   35.552703,       53.17,
 140.040901,   35.552703,       53.40,
 140.045405,   35.552703,       53.60,
 140.049910,   35.552703,       53.79,
 140.054414,   35.552703,       53.95,
 140.058919,   35.552703,       54.11,
 140.063423,   35.552703,       54.27,
 140.067928,   35.552703,       54.44,
 140.072432,   35.552703,       54.60,
 140.076937,   35.552703,       54.74,
 140.081441,   35.552703,       54.88,
 140.085946,   35.552703,       55.01,
 140.090450,   35.552703,       55.15,
 140.094955,   35.552703,       55.29,
 140.099459,   35.552703,       55.47,
 140.103964,   35.552703,       55.65,
 140.108468,   35.552703,       55.89,
 140.112973,   35.552703,       56.14,
 139.752613,   35.557207,       30.40,
 139.757117,   35.557207,       29.35,
 139.761622,   35.557207,       28.49,
 139.766126,   35.557207,       26.60,
 139.770631,   35.557207,       25.89,
 139.775135,   35.557207,       25.95,
 139.779640,   35.557207,       26.11,
 139.784144,   35.557207,       26.27,
 139.788649,   35.557207,       26.39,
 139.793153,   35.557207,       26.27,
 139.797658,   35.557207,       26.48,
 139.802162,   35.557207,       26.77,
 139.806667,   35.557207,       27.24,
 139.811171,   35.557207,       27.76,
 139.815676,   35.557207,       28.34,
 139.820180,   35.557207,       28.92,
 139.824685,   35.557207,       29.59,
 139.829189,   35.557207,       30.31,
 139.833694,   35.557207,       31.04,
 139.838198,   35.557207,       31.77,
 139.842703,   35.557207,       32.52,
 139.847207,   35.557207,       33.29,
 139.851712,   35.557207,       34.07,
 139.856216,   35.557207,       34.88,
 139.860721,   35.557207,       35.69,
 139.865225,   35.557207,       36.50,
 139.869730,   35.557207,       37.31,
 139.874234,   35.557207,       38.12,
 139.878739,   35.557207,       38.83,
 139.883243,   35.557207,       39.52,
 139.887748,   35.557207,       40.21,
 139.892252,   35.557207,       40.90,
 139.896757,   35.557207,       41.47,
 139.901261,   35.557207,       41.98,
 139.905766,   35.557207,       42.50,
 139.910270,   35.557207,       43.02,
 139.914775,   35.557207,       43.45,
 139.919279,   35.557207,       43.79,
 139.923784,   35.557207,       44.12,
 139.928288,   35.557207,       44.47,
 139.932793,   35.557207,       44.80,
 139.937297,   35.557207,       45.08,
 139.941802,   35.557207,       45.37,
 139.946306,   35.557207,       45.65,
 139.950811,   35.557207,       45.96,
 139.955315,   35.557207,       46.29,
 139.959820,   35.557207,       46.62,
 139.964324,   35.557207,       46.94,
 139.968829,   35.557207,       47.24,
 139.973333,   35.557207,       47.63,
 139.977838,   35.557207,       48.06,
 139.982342,   35.557207,       48.49,
 139.986847,   35.557207,       48.90,
 139.991351,   35.557207,       49.32,
 139.995856,   35.557207,       49.75,
 140.000360,   35.557207,       50.18,
 140.004865,   35.557207,       50.61,
 140.009369,   35.557207,       51.02,
 140.013874,   35.557207,       51.43,
 140.018378,   35.557207,       51.81,
 140.022883,   35.557207,       52.19,
 140.027387,   35.557207,       52.53,
 140.031892,   35.557207,       52.82,
 140.036396,   35.557207,       53.11,
 140.040901,   35.557207,       53.37,
 140.045405,   35.557207,       53.57,
 140.049910,   35.557207,       53.77,
 140.054414,   35.557207,       53.93,
 140.058919,   35.557207,       54.09,
 140.063423,   35.557207,       54.25,
 140.067928,   35.557207,       54.39,
 140.072432,   35.557207,       54.53,
 140.076937,   35.557207,       54.65,
 140.081441,   35.557207,       54.77,
 140.085946,   35.557207,       54.90,
 140.090450,   35.557207,       55.04,
 140.094955,   35.557207,       55.19,
 140.099459,   35.557207,       55.36,
 140.103964,   35.557207,       55.54,
 140.108468,   35.557207,       55.75,
 140.112973,   35.557207,       55.98,
 140.117477,   35.557207,       56.14,
 140.121982,   35.557207,       56.37,
 139.757117,   35.561712,       31.10,
 139.761622,   35.561712,       29.69,
 139.766126,   35.561712,       28.27,
 139.770631,   35.561712,       27.58,
 139.775135,   35.561712,       27.21,
 139.779640,   35.561712,       27.33,
 139.784144,   35.561712,       27.35,
 139.788649,   35.561712,       27.13,
 139.793153,   35.561712,       26.84,
 139.797658,   35.561712,       26.75,
 139.802162,   35.561712,       26.98,
 139.806667,   35.561712,       27.27,
 139.811171,   35.561712,       27.72,
 139.815676,   35.561712,       28.21,
 139.820180,   35.561712,       28.79,
 139.824685,   35.561712,       29.39,
 139.829189,   35.561712,       30.06,
 139.833694,   35.561712,       30.78,
 139.838198,   35.561712,       31.51,
 139.842703,   35.561712,       32.25,
 139.847207,   35.561712,       33.01,
 139.851712,   35.561712,       33.82,
 139.856216,   35.561712,       34.63,
 139.860721,   35.561712,       35.44,
 139.865225,   35.561712,       36.25,
 139.869730,   35.561712,       37.07,
 139.874234,   35.561712,       37.88,
 139.878739,   35.561712,       38.62,
 139.883243,   35.561712,       39.32,
 139.887748,   35.561712,       40.01,
 139.892252,   35.561712,       40.70,
 139.896757,   35.561712,       41.33,
 139.901261,   35.561712,       41.86,
 139.905766,   35.561712,       42.39,
 139.910270,   35.561712,       42.93,
 139.914775,   35.561712,       43.41,
 139.919279,   35.561712,       43.77,
 139.923784,   35.561712,       44.14,
 139.928288,   35.561712,       44.52,
 139.932793,   35.561712,       44.87,
 139.937297,   35.561712,       45.17,
 139.941802,   35.561712,       45.45,
 139.946306,   35.561712,       45.74,
 139.950811,   35.561712,       46.04,
 139.955315,   35.561712,       46.35,
 139.959820,   35.561712,       46.66,
 139.964324,   35.561712,       46.97,
 139.968829,   35.561712,       47.24,
 139.973333,   35.561712,       47.54,
 139.977838,   35.561712,       47.94,
 139.982342,   35.561712,       48.37,
 139.986847,   35.561712,       48.80,
 139.991351,   35.561712,       49.21,
 139.995856,   35.561712,       49.63,
 140.000360,   35.561712,       50.05,
 140.004865,   35.561712,       50.47,
 140.009369,   35.561712,       50.88,
 140.013874,   35.561712,       51.28,
 140.018378,   35.561712,       51.68,
 140.022883,   35.561712,       52.07,
 140.027387,   35.561712,       52.43,
 140.031892,   35.561712,       52.74,
 140.036396,   35.561712,       53.04,
 140.040901,   35.561712,       53.31,
 140.045405,   35.561712,       53.52,
 140.049910,   35.561712,       53.73,
 140.054414,   35.561712,       53.91,
 140.058919,   35.561712,       54.07,
 140.063423,   35.561712,       54.22,
 140.067928,   35.561712,       54.35,
 140.072432,   35.561712,       54.47,
 140.076937,   35.561712,       54.58,
 140.081441,   35.561712,       54.70,
 140.085946,   35.561712,       54.81,
 140.090450,   35.561712,       54.93,
 140.094955,   35.561712,       55.09,
 140.099459,   35.561712,       55.26,
 140.103964,   35.561712,       55.44,
 140.108468,   35.561712,       55.64,
 140.112973,   35.561712,       55.83,
 140.117477,   35.561712,       56.02,
 140.121982,   35.561712,       56.20,
 140.126486,   35.561712,       56.22,
 139.752613,   35.566216,       31.88,
 139.757117,   35.566216,       31.15,
 139.761622,   35.566216,       30.50,
 139.766126,   35.566216,       29.76,
 139.770631,   35.566216,       29.22,
 139.775135,   35.566216,       28.87,
 139.779640,   35.566216,       28.69,
 139.784144,   35.566216,       28.33,
 139.788649,   35.566216,       27.80,
 139.793153,   35.566216,       27.36,
 139.797658,   35.566216,       27.25,
 139.802162,   35.566216,       27.27,
 139.806667,   35.566216,       27.50,
 139.811171,   35.566216,       27.79,
 139.815676,   35.566216,       28.21,
 139.820180,   35.566216,       28.70,
 139.824685,   35.566216,       29.30,
 139.829189,   35.566216,       29.87,
 139.833694,   35.566216,       30.53,
 139.838198,   35.566216,       31.29,
 139.842703,   35.566216,       32.03,
 139.847207,   35.566216,       32.79,
 139.851712,   35.566216,       33.59,
 139.856216,   35.566216,       34.39,
 139.860721,   35.566216,       35.19,
 139.865225,   35.566216,       36.01,
 139.869730,   35.566216,       36.83,
 139.874234,   35.566216,       37.65,
 139.878739,   35.566216,       38.41,
 139.883243,   35.566216,       39.11,
 139.887748,   35.566216,       39.81,
 139.892252,   35.566216,       40.50,
 139.896757,   35.566216,       41.15,
 139.901261,   35.566216,       41.72,
 139.905766,   35.566216,       42.26,
 139.910270,   35.566216,       42.80,
 139.914775,   35.566216,       43.34,
 139.919279,   35.566216,       43.75,
 139.923784,   35.566216,       44.14,
 139.928288,   35.566216,       44.55,
 139.932793,   35.566216,       44.95,
 139.937297,   35.566216,       45.25,
 139.941802,   35.566216,       45.54,
 139.946306,   35.566216,       45.84,
 139.950811,   35.566216,       46.14,
 139.955315,   35.566216,       46.43,
 139.959820,   35.566216,       46.72,
 139.964324,   35.566216,       47.01,
 139.968829,   35.566216,       47.31,
 139.973333,   35.566216,       47.59,
 139.977838,   35.566216,       47.91,
 139.982342,   35.566216,       48.29,
 139.986847,   35.566216,       48.70,
 139.991351,   35.566216,       49.12,
 139.995856,   35.566216,       49.53,
 140.000360,   35.566216,       49.94,
 140.004865,   35.566216,       50.34,
 140.009369,   35.566216,       50.75,
 140.013874,   35.566216,       51.15,
 140.018378,   35.566216,       51.54,
 140.022883,   35.566216,       51.94,
 140.027387,   35.566216,       52.31,
 140.031892,   35.566216,       52.63,
 140.036396,   35.566216,       52.95,
 140.040901,   35.566216,       53.25,
 140.045405,   35.566216,       53.46,
 140.049910,   35.566216,       53.69,
 140.054414,   35.566216,       53.88,
 140.058919,   35.566216,       54.03,
 140.063423,   35.566216,       54.18,
 140.067928,   35.566216,       54.32,
 140.072432,   35.566216,       54.43,
 140.076937,   35.566216,       54.54,
 140.081441,   35.566216,       54.64,
 140.085946,   35.566216,       54.76,
 140.090450,   35.566216,       54.88,
 140.094955,   35.566216,       55.02,
 140.099459,   35.566216,       55.17,
 140.103964,   35.566216,       55.36,
 140.108468,   35.566216,       55.55,
 140.112973,   35.566216,       55.75,
 140.117477,   35.566216,       55.94,
 140.121982,   35.566216,       56.12,
 140.126486,   35.566216,       56.29,
 139.748108,   35.570721,       29.77,
 139.752613,   35.570721,       30.73,
 139.757117,   35.570721,       31.01,
 139.761622,   35.570721,       30.68,
 139.766126,   35.570721,       30.42,
 139.770631,   35.570721,       30.22,
 139.775135,   35.570721,       30.06,
 139.779640,   35.570721,       29.68,
 139.784144,   35.570721,       29.12,
 139.788649,   35.570721,       28.57,
 139.793153,   35.570721,       28.02,
 139.797658,   35.570721,       27.80,
 139.802162,   35.570721,       27.67,
 139.806667,   35.570721,       27.80,
 139.811171,   35.570721,       27.96,
 139.815676,   35.570721,       28.33,
 139.820180,   35.570721,       28.71,
 139.824685,   35.570721,       29.27,
 139.829189,   35.570721,       29.82,
 139.833694,   35.570721,       30.43,
 139.838198,   35.570721,       31.14,
 139.842703,   35.570721,       31.85,
 139.847207,   35.570721,       32.58,
 139.851712,   35.570721,       33.38,
 139.856216,   35.570721,       34.18,
 139.860721,   35.570721,       34.98,
 139.865225,   35.570721,       35.79,
 139.869730,   35.570721,       36.61,
 139.874234,   35.570721,       37.42,
 139.878739,   35.570721,       38.21,
 139.883243,   35.570721,       38.91,
 139.887748,   35.570721,       39.60,
 139.892252,   35.570721,       40.29,
 139.896757,   35.570721,       40.97,
 139.901261,   35.570721,       41.57,
 139.905766,   35.570721,       42.11,
 139.910270,   35.570721,       42.66,
 139.914775,   35.570721,       43.20,
 139.919279,   35.570721,       43.68,
 139.923784,   35.570721,       44.10,
 139.928288,   35.570721,       44.53,
 139.932793,   35.570721,       44.97,
 139.937297,   35.570721,       45.30,
 139.941802,   35.570721,       45.61,
 139.946306,   35.570721,       45.93,
 139.950811,   35.570721,       46.25,
 139.955315,   35.570721,       46.54,
 139.959820,   35.570721,       46.84,
 139.964324,   35.570721,       47.14,
 139.968829,   35.570721,       47.43,
 139.973333,   35.570721,       47.73,
 139.977838,   35.570721,       48.04,
 139.982342,   35.570721,       48.35,
 139.986847,   35.570721,       48.67,
 139.991351,   35.570721,       49.06,
 139.995856,   35.570721,       49.48,
 140.000360,   35.570721,       49.88,
 140.004865,   35.570721,       50.27,
 140.009369,   35.570721,       50.64,
 140.013874,   35.570721,       51.03,
 140.018378,   35.570721,       51.42,
 140.022883,   35.570721,       51.81,
 140.027387,   35.570721,       52.18,
 140.031892,   35.570721,       52.51,
 140.036396,   35.570721,       52.84,
 140.040901,   35.570721,       53.15,
 140.045405,   35.570721,       53.39,
 140.049910,   35.570721,       53.62,
 140.054414,   35.570721,       53.84,
 140.058919,   35.570721,       53.99,
 140.063423,   35.570721,       54.14,
 140.067928,   35.570721,       54.29,
 140.072432,   35.570721,       54.40,
 140.076937,   35.570721,       54.50,
 140.081441,   35.570721,       54.61,
 140.085946,   35.570721,       54.72,
 140.090450,   35.570721,       54.83,
 140.094955,   35.570721,       54.98,
 140.099459,   35.570721,       55.13,
 140.103964,   35.570721,       55.30,
 140.108468,   35.570721,       55.48,
 140.112973,   35.570721,       55.68,
 140.117477,   35.570721,       55.87,
 140.121982,   35.570721,       56.06,
 140.126486,   35.570721,       56.23,
 139.739099,   35.575225,       27.00,
 139.743604,   35.575225,       27.81,
 139.748108,   35.575225,       28.84,
 139.752613,   35.575225,       29.98,
 139.757117,   35.575225,       30.68,
 139.761622,   35.575225,       30.73,
 139.766126,   35.575225,       30.89,
 139.770631,   35.575225,       30.78,
 139.775135,   35.575225,       30.53,
 139.779640,   35.575225,       30.29,
 139.784144,   35.575225,       29.77,
 139.788649,   35.575225,       29.19,
 139.793153,   35.575225,       28.66,
 139.797658,   35.575225,       28.32,
 139.802162,   35.575225,       28.13,
 139.806667,   35.575225,       28.16,
 139.811171,   35.575225,       28.26,
 139.815676,   35.575225,       28.53,
 139.820180,   35.575225,       28.80,
 139.824685,   35.575225,       29.27,
 139.829189,   35.575225,       29.77,
 139.833694,   35.575225,       30.35,
 139.838198,   35.575225,       31.03,
 139.842703,   35.575225,       31.70,
 139.847207,   35.575225,       32.38,
 139.851712,   35.575225,       33.18,
 139.856216,   35.575225,       33.98,
 139.860721,   35.575225,       34.77,
 139.865225,   35.575225,       35.58,
 139.869730,   35.575225,       36.39,
 139.874234,   35.575225,       37.20,
 139.878739,   35.575225,       38.00,
 139.883243,   35.575225,       38.71,
 139.887748,   35.575225,       39.40,
 139.892252,   35.575225,       40.09,
 139.896757,   35.575225,       40.78,
 139.901261,   35.575225,       41.42,
 139.905766,   35.575225,       41.95,
 139.910270,   35.575225,       42.49,
 139.914775,   35.575225,       43.05,
 139.919279,   35.575225,       43.57,
 139.923784,   35.575225,       44.01,
 139.928288,   35.575225,       44.45,
 139.932793,   35.575225,       44.90,
 139.937297,   35.575225,       45.29,
 139.941802,   35.575225,       45.63,
 139.946306,   35.575225,       45.98,
 139.950811,   35.575225,       46.35,
 139.955315,   35.575225,       46.65,
 139.959820,   35.575225,       46.95,
 139.964324,   35.575225,       47.25,
 139.968829,   35.575225,       47.56,
 139.973333,   35.575225,       47.86,
 139.977838,   35.575225,       48.16,
 139.982342,   35.575225,       48.46,
 139.986847,   35.575225,       48.75,
 139.991351,   35.575225,       49.06,
 139.995856,   35.575225,       49.46,
 140.000360,   35.575225,       49.85,
 140.004865,   35.575225,       50.21,
 140.009369,   35.575225,       50.57,
 140.013874,   35.575225,       50.94,
 140.018378,   35.575225,       51.32,
 140.022883,   35.575225,       51.70,
 140.027387,   35.575225,       52.05,
 140.031892,   35.575225,       52.39,
 140.036396,   35.575225,       52.72,
 140.040901,   35.575225,       53.04,
 140.045405,   35.575225,       53.30,
 140.049910,   35.575225,       53.53,
 140.054414,   35.575225,       53.75,
 140.058919,   35.575225,       53.93,
 140.063423,   35.575225,       54.08,
 140.067928,   35.575225,       54.24,
 140.072432,   35.575225,       54.37,
 140.076937,   35.575225,       54.48,
 140.081441,   35.575225,       54.58,
 140.085946,   35.575225,       54.69,
 140.090450,   35.575225,       54.81,
 140.094955,   35.575225,       54.95,
 140.099459,   35.575225,       55.09,
 140.103964,   35.575225,       55.27,
 140.108468,   35.575225,       55.45,
 140.112973,   35.575225,       55.65,
 140.117477,   35.575225,       55.86,
 140.121982,   35.575225,       56.04,
 140.126486,   35.575225,       56.20,
 139.739099,   35.579730,       26.49,
 139.743604,   35.579730,       27.35,
 139.748108,   35.579730,       28.29,
 139.752613,   35.579730,       29.34,
 139.757117,   35.579730,       30.20,
 139.761622,   35.579730,       30.46,
 139.766126,   35.579730,       30.74,
 139.770631,   35.579730,       30.90,
 139.775135,   35.579730,       30.79,
 139.779640,   35.579730,       30.61,
 139.784144,   35.579730,       30.29,
 139.788649,   35.579730,       29.76,
 139.793153,   35.579730,       29.26,
 139.797658,   35.579730,       28.86,
 139.802162,   35.579730,       28.63,
 139.806667,   35.579730,       28.57,
 139.811171,   35.579730,       28.57,
 139.815676,   35.579730,       28.78,
 139.820180,   35.579730,       29.02,
 139.824685,   35.579730,       29.39,
 139.829189,   35.579730,       29.81,
 139.833694,   35.579730,       30.29,
 139.838198,   35.579730,       30.95,
 139.842703,   35.579730,       31.61,
 139.847207,   35.579730,       32.28,
 139.851712,   35.579730,       33.01,
 139.856216,   35.579730,       33.80,
 139.860721,   35.579730,       34.58,
 139.865225,   35.579730,       35.38,
 139.869730,   35.579730,       36.19,
 139.874234,   35.579730,       36.99,
 139.878739,   35.579730,       37.76,
 139.883243,   35.579730,       38.49,
 139.887748,   35.579730,       39.19,
 139.892252,   35.579730,       39.88,
 139.896757,   35.579730,       40.56,
 139.901261,   35.579730,       41.20,
 139.905766,   35.579730,       41.75,
 139.910270,   35.579730,       42.30,
 139.914775,   35.579730,       42.87,
 139.919279,   35.579730,       43.45,
 139.923784,   35.579730,       43.89,
 139.928288,   35.579730,       44.35,
 139.932793,   35.579730,       44.83,
 139.937297,   35.579730,       45.25,
 139.941802,   35.579730,       45.63,
 139.946306,   35.579730,       46.02,
 139.950811,   35.579730,       46.42,
 139.955315,   35.579730,       46.75,
 139.959820,   35.579730,       47.06,
 139.964324,   35.579730,       47.37,
 139.968829,   35.579730,       47.68,
 139.973333,   35.579730,       47.99,
 139.977838,   35.579730,       48.30,
 139.982342,   35.579730,       48.59,
 139.986847,   35.579730,       48.85,
 139.991351,   35.579730,       49.10,
 139.995856,   35.579730,       49.45,
 140.000360,   35.579730,       49.82,
 140.004865,   35.579730,       50.16,
 140.009369,   35.579730,       50.50,
 140.013874,   35.579730,       50.86,
 140.018378,   35.579730,       51.23,
 140.022883,   35.579730,       51.59,
 140.027387,   35.579730,       51.93,
 140.031892,   35.579730,       52.27,
 140.036396,   35.579730,       52.60,
 140.040901,   35.579730,       52.93,
 140.045405,   35.579730,       53.20,
 140.049910,   35.579730,       53.43,
 140.054414,   35.579730,       53.66,
 140.058919,   35.579730,       53.87,
 140.063423,   35.579730,       54.03,
 140.067928,   35.579730,       54.19,
 140.072432,   35.579730,       54.33,
 140.076937,   35.579730,       54.46,
 140.081441,   35.579730,       54.56,
 140.085946,   35.579730,       54.68,
 140.090450,   35.579730,       54.80,
 140.094955,   35.579730,       54.94,
 140.099459,   35.579730,       55.09,
 140.103964,   35.579730,       55.26,
 140.108468,   35.579730,       55.44,
 140.112973,   35.579730,       55.65,
 140.117477,   35.579730,       55.85,
 140.121982,   35.579730,       56.03,
 140.126486,   35.579730,       56.18,
 139.739099,   35.584234,       26.03,
 139.743604,   35.584234,       26.86,
 139.748108,   35.584234,       27.75,
 139.752613,   35.584234,       28.70,
 139.757117,   35.584234,       29.46,
 139.761622,   35.584234,       29.96,
 139.766126,   35.584234,       30.28,
 139.770631,   35.584234,       30.61,
 139.775135,   35.584234,       30.81,
 139.779640,   35.584234,       30.70,
 139.784144,   35.584234,       30.52,
 139.788649,   35.584234,       30.31,
 139.793153,   35.584234,       29.86,
 139.797658,   35.584234,       29.45,
 139.802162,   35.584234,       29.19,
 139.806667,   35.584234,       29.05,
 139.811171,   35.584234,       29.06,
 139.815676,   35.584234,       29.15,
 139.820180,   35.584234,       29.25,
 139.824685,   35.584234,       29.57,
 139.829189,   35.584234,       29.94,
 139.833694,   35.584234,       30.38,
 139.838198,   35.584234,       30.92,
 139.842703,   35.584234,       31.52,
 139.847207,   35.584234,       32.21,
 139.851712,   35.584234,       32.87,
 139.856216,   35.584234,       33.65,
 139.860721,   35.584234,       34.44,
 139.865225,   35.584234,       35.23,
 139.869730,   35.584234,       36.00,
 139.874234,   35.584234,       36.78,
 139.878739,   35.584234,       37.53,
 139.883243,   35.584234,       38.27,
 139.887748,   35.584234,       38.98,
 139.892252,   35.584234,       39.65,
 139.896757,   35.584234,       40.30,
 139.901261,   35.584234,       40.92,
 139.905766,   35.584234,       41.51,
 139.910270,   35.584234,       42.07,
 139.914775,   35.584234,       42.63,
 139.919279,   35.584234,       43.17,
 139.923784,   35.584234,       43.68,
 139.928288,   35.584234,       44.17,
 139.932793,   35.584234,       44.68,
 139.937297,   35.584234,       45.20,
 139.941802,   35.584234,       45.61,
 139.946306,   35.584234,       46.05,
 139.950811,   35.584234,       46.50,
 139.955315,   35.584234,       46.85,
 139.959820,   35.584234,       47.18,
 139.964324,   35.584234,       47.50,
 139.968829,   35.584234,       47.82,
 139.973333,   35.584234,       48.14,
 139.977838,   35.584234,       48.44,
 139.982342,   35.584234,       48.73,
 139.986847,   35.584234,       48.99,
 139.991351,   35.584234,       49.24,
 139.995856,   35.584234,       49.50,
 140.000360,   35.584234,       49.83,
 140.004865,   35.584234,       50.16,
 140.009369,   35.584234,       50.47,
 140.013874,   35.584234,       50.79,
 140.018378,   35.584234,       51.14,
 140.022883,   35.584234,       51.48,
 140.027387,   35.584234,       51.81,
 140.031892,   35.584234,       52.15,
 140.036396,   35.584234,       52.47,
 140.040901,   35.584234,       52.79,
 140.045405,   35.584234,       53.07,
 140.049910,   35.584234,       53.32,
 140.054414,   35.584234,       53.56,
 140.058919,   35.584234,       53.79,
 140.063423,   35.584234,       53.97,
 140.067928,   35.584234,       54.13,
 140.072432,   35.584234,       54.29,
 140.076937,   35.584234,       54.44,
 140.081441,   35.584234,       54.56,
 140.085946,   35.584234,       54.68,
 140.090450,   35.584234,       54.80,
 140.094955,   35.584234,       54.94,
 140.099459,   35.584234,       55.10,
 140.103964,   35.584234,       55.27,
 140.108468,   35.584234,       55.44,
 140.112973,   35.584234,       55.65,
 140.117477,   35.584234,       55.85,
 140.121982,   35.584234,       56.03,
 139.739099,   35.588739,       25.50,
 139.743604,   35.588739,       26.33,
 139.748108,   35.588739,       27.17,
 139.752613,   35.588739,       27.88,
 139.757117,   35.588739,       28.59,
 139.761622,   35.588739,       29.35,
 139.766126,   35.588739,       29.79,
 139.770631,   35.588739,       30.14,
 139.775135,   35.588739,       30.52,
 139.779640,   35.588739,       30.71,
 139.784144,   35.588739,       30.70,
 139.788649,   35.588739,       30.53,
 139.793153,   35.588739,       30.26,
 139.797658,   35.588739,       30.02,
 139.802162,   35.588739,       29.81,
 139.806667,   35.588739,       29.62,
 139.811171,   35.588739,       29.53,
 139.815676,   35.588739,       29.59,
 139.820180,   35.588739,       29.65,
 139.824685,   35.588739,       29.84,
 139.829189,   35.588739,       30.10,
 139.833694,   35.588739,       30.51,
 139.838198,   35.588739,       31.03,
 139.842703,   35.588739,       31.56,
 139.847207,   35.588739,       32.19,
 139.851712,   35.588739,       32.87,
 139.856216,   35.588739,       33.59,
 139.860721,   35.588739,       34.32,
 139.865225,   35.588739,       35.10,
 139.869730,   35.588739,       35.87,
 139.874234,   35.588739,       36.61,
 139.878739,   35.588739,       37.35,
 139.883243,   35.588739,       38.07,
 139.887748,   35.588739,       38.74,
 139.892252,   35.588739,       39.39,
 139.896757,   35.588739,       40.03,
 139.901261,   35.588739,       40.63,
 139.905766,   35.588739,       41.22,
 139.910270,   35.588739,       41.81,
 139.914775,   35.588739,       42.33,
 139.919279,   35.588739,       42.88,
 139.923784,   35.588739,       43.42,
 139.928288,   35.588739,       43.94,
 139.932793,   35.588739,       44.46,
 139.937297,   35.588739,       45.01,
 139.941802,   35.588739,       45.51,
 139.946306,   35.588739,       45.99,
 139.950811,   35.588739,       46.50,
 139.955315,   35.588739,       46.94,
 139.959820,   35.588739,       47.29,
 139.964324,   35.588739,       47.64,
 139.968829,   35.588739,       47.97,
 139.973333,   35.588739,       48.30,
 139.977838,   35.588739,       48.61,
 139.982342,   35.588739,       48.90,
 139.986847,   35.588739,       49.16,
 139.991351,   35.588739,       49.39,
 139.995856,   35.588739,       49.63,
 140.000360,   35.588739,       49.91,
 140.004865,   35.588739,       50.22,
 140.009369,   35.588739,       50.50,
 140.013874,   35.588739,       50.76,
 140.018378,   35.588739,       51.07,
 140.022883,   35.588739,       51.40,
 140.027387,   35.588739,       51.71,
 140.031892,   35.588739,       52.03,
 140.036396,   35.588739,       52.34,
 140.040901,   35.588739,       52.65,
 140.045405,   35.588739,       52.95,
 140.049910,   35.588739,       53.20,
 140.054414,   35.588739,       53.44,
 140.058919,   35.588739,       53.69,
 140.063423,   35.588739,       53.89,
 140.067928,   35.588739,       54.06,
 140.072432,   35.588739,       54.24,
 140.076937,   35.588739,       54.42,
 140.081441,   35.588739,       54.55,
 140.085946,   35.588739,       54.68,
 140.090450,   35.588739,       54.82,
 140.094955,   35.588739,       54.98,
 140.099459,   35.588739,       55.14,
 140.103964,   35.588739,       55.32,
 140.108468,   35.588739,       55.49,
 140.112973,   35.588739,       55.67,
 140.117477,   35.588739,       55.86,
 140.121982,   35.588739,       56.04,
 139.739099,   35.593243,       24.92,
 139.743604,   35.593243,       25.72,
 139.748108,   35.593243,       26.34,
 139.752613,   35.593243,       26.87,
 139.757117,   35.593243,       27.54,
 139.761622,   35.593243,       28.30,
 139.766126,   35.593243,       29.03,
 139.770631,   35.593243,       29.56,
 139.775135,   35.593243,       29.93,
 139.779640,   35.593243,       30.33,
 139.784144,   35.593243,       30.64,
 139.788649,   35.593243,       30.77,
 139.793153,   35.593243,       30.61,
 139.797658,   35.593243,       30.52,
 139.802162,   35.593243,       30.40,
 139.806667,   35.593243,       30.23,
 139.811171,   35.593243,       30.10,
 139.815676,   35.593243,       30.08,
 139.820180,   35.593243,       30.04,
 139.824685,   35.593243,       30.20,
 139.829189,   35.593243,       30.41,
 139.833694,   35.593243,       30.73,
 139.838198,   35.593243,       31.16,
 139.842703,   35.593243,       31.70,
 139.847207,   35.593243,       32.27,
 139.851712,   35.593243,       32.91,
 139.856216,   35.593243,       33.64,
 139.860721,   35.593243,       34.33,
 139.865225,   35.593243,       35.04,
 139.869730,   35.593243,       35.78,
 139.874234,   35.593243,       36.48,
 139.878739,   35.593243,       37.19,
 139.883243,   35.593243,       37.87,
 139.887748,   35.593243,       38.50,
 139.892252,   35.593243,       39.13,
 139.896757,   35.593243,       39.73,
 139.901261,   35.593243,       40.29,
 139.905766,   35.593243,       40.86,
 139.910270,   35.593243,       41.42,
 139.914775,   35.593243,       41.99,
 139.919279,   35.593243,       42.56,
 139.923784,   35.593243,       43.16,
 139.928288,   35.593243,       43.68,
 139.932793,   35.593243,       44.22,
 139.937297,   35.593243,       44.80,
 139.941802,   35.593243,       45.34,
 139.946306,   35.593243,       45.86,
 139.950811,   35.593243,       46.39,
 139.955315,   35.593243,       46.89,
 139.959820,   35.593243,       47.35,
 139.964324,   35.593243,       47.78,
 139.968829,   35.593243,       48.11,
 139.973333,   35.593243,       48.44,
 139.977838,   35.593243,       48.76,
 139.982342,   35.593243,       49.09,
 139.986847,   35.593243,       49.34,
 139.991351,   35.593243,       49.56,
 139.995856,   35.593243,       49.78,
 140.000360,   35.593243,       50.02,
 140.004865,   35.593243,       50.28,
 140.009369,   35.593243,       50.52,
 140.013874,   35.593243,       50.75,
 140.018378,   35.593243,       51.04,
 140.022883,   35.593243,       51.35,
 140.027387,   35.593243,       51.66,
 140.031892,   35.593243,       51.95,
 140.036396,   35.593243,       52.25,
 140.040901,   35.593243,       52.55,
 140.045405,   35.593243,       52.83,
 140.049910,   35.593243,       53.08,
 140.054414,   35.593243,       53.33,
 140.058919,   35.593243,       53.58,
 140.063423,   35.593243,       53.82,
 140.067928,   35.593243,       54.01,
 140.072432,   35.593243,       54.20,
 140.076937,   35.593243,       54.39,
 140.081441,   35.593243,       54.54,
 140.085946,   35.593243,       54.70,
 140.090450,   35.593243,       54.87,
 140.094955,   35.593243,       55.03,
 140.099459,   35.593243,       55.20,
 140.103964,   35.593243,       55.37,
 140.108468,   35.593243,       55.54,
 140.112973,   35.593243,       55.71,
 140.117477,   35.593243,       55.88,
 139.743604,   35.597748,       25.02,
 139.748108,   35.597748,       25.44,
 139.752613,   35.597748,       25.85,
 139.757117,   35.597748,       26.43,
 139.761622,   35.597748,       27.21,
 139.766126,   35.597748,       28.03,
 139.770631,   35.597748,       28.85,
 139.775135,   35.597748,       29.36,
 139.779640,   35.597748,       29.82,
 139.784144,   35.597748,       30.26,
 139.788649,   35.597748,       30.73,
 139.793153,   35.597748,       30.92,
 139.797658,   35.597748,       30.93,
 139.802162,   35.597748,       30.89,
 139.806667,   35.597748,       30.81,
 139.811171,   35.597748,       30.71,
 139.815676,   35.597748,       30.66,
 139.820180,   35.597748,       30.63,
 139.824685,   35.597748,       30.67,
 139.829189,   35.597748,       30.78,
 139.833694,   35.597748,       31.08,
 139.838198,   35.597748,       31.48,
 139.842703,   35.597748,       31.91,
 139.847207,   35.597748,       32.45,
 139.851712,   35.597748,       33.08,
 139.856216,   35.597748,       33.75,
 139.860721,   35.597748,       34.43,
 139.865225,   35.597748,       35.09,
 139.869730,   35.597748,       35.78,
 139.874234,   35.597748,       36.47,
 139.878739,   35.597748,       37.08,
 139.883243,   35.597748,       37.72,
 139.887748,   35.597748,       38.32,
 139.892252,   35.597748,       38.86,
 139.896757,   35.597748,       39.42,
 139.901261,   35.597748,       39.97,
 139.905766,   35.597748,       40.50,
 139.910270,   35.597748,       41.04,
 139.914775,   35.597748,       41.60,
 139.919279,   35.597748,       42.19,
 139.923784,   35.597748,       42.77,
 139.928288,   35.597748,       43.35,
 139.932793,   35.597748,       43.92,
 139.937297,   35.597748,       44.52,
 139.941802,   35.597748,       45.13,
 139.946306,   35.597748,       45.69,
 139.950811,   35.597748,       46.28,
 139.955315,   35.597748,       46.79,
 139.959820,   35.597748,       47.29,
 139.964324,   35.597748,       47.78,
 139.968829,   35.597748,       48.22,
 139.973333,   35.597748,       48.56,
 139.977838,   35.597748,       48.89,
 139.982342,   35.597748,       49.23,
 139.986847,   35.597748,       49.52,
 139.991351,   35.597748,       49.75,
 139.995856,   35.597748,       49.96,
 140.000360,   35.597748,       50.15,
 140.004865,   35.597748,       50.35,
 140.009369,   35.597748,       50.57,
 140.013874,   35.597748,       50.78,
 140.018378,   35.597748,       51.02,
 140.022883,   35.597748,       51.31,
 140.027387,   35.597748,       51.60,
 140.031892,   35.597748,       51.90,
 140.036396,   35.597748,       52.19,
 140.040901,   35.597748,       52.46,
 140.045405,   35.597748,       52.73,
 140.049910,   35.597748,       52.98,
 140.054414,   35.597748,       53.22,
 140.058919,   35.597748,       53.47,
 140.063423,   35.597748,       53.72,
 140.067928,   35.597748,       53.96,
 140.072432,   35.597748,       54.16,
 140.076937,   35.597748,       54.36,
 140.081441,   35.597748,       54.56,
 140.085946,   35.597748,       54.74,
 140.090450,   35.597748,       54.91,
 140.094955,   35.597748,       55.08,
 140.099459,   35.597748,       55.25,
 140.103964,   35.597748,       55.43,
 140.108468,   35.597748,       55.59,
 140.112973,   35.597748,       55.76,
 140.117477,   35.597748,       55.93,
 139.743604,   35.602252,       24.15,
 139.748108,   35.602252,       24.47,
 139.752613,   35.602252,       24.81,
 139.757117,   35.602252,       25.30,
 139.761622,   35.602252,       26.03,
 139.766126,   35.602252,       26.81,
 139.770631,   35.602252,       27.68,
 139.775135,   35.602252,       28.63,
 139.779640,   35.602252,       29.31,
 139.784144,   35.602252,       29.80,
 139.788649,   35.602252,       30.36,
 139.793153,   35.602252,       30.86,
 139.797658,   35.602252,       31.21,
 139.802162,   35.602252,       31.21,
 139.806667,   35.602252,       31.23,
 139.811171,   35.602252,       31.24,
 139.815676,   35.602252,       31.23,
 139.820180,   35.602252,       31.22,
 139.824685,   35.602252,       31.26,
 139.829189,   35.602252,       31.41,
 139.833694,   35.602252,       31.59,
 139.838198,   35.602252,       31.91,
 139.842703,   35.602252,       32.34,
 139.847207,   35.602252,       32.79,
 139.851712,   35.602252,       33.40,
 139.856216,   35.602252,       34.02,
 139.860721,   35.602252,       34.66,
 139.865225,   35.602252,       35.29,
 139.869730,   35.602252,       35.92,
 139.874234,   35.602252,       36.58,
 139.878739,   35.602252,       37.14,
 139.883243,   35.602252,       37.69,
 139.887748,   35.602252,       38.26,
 139.892252,   35.602252,       38.77,
 139.896757,   35.602252,       39.21,
 139.901261,   35.602252,       39.70,
 139.905766,   35.602252,       40.18,
 139.910270,   35.602252,       40.73,
 139.914775,   35.602252,       41.25,
 139.919279,   35.602252,       41.81,
 139.923784,   35.602252,       42.40,
 139.928288,   35.602252,       42.98,
 139.932793,   35.602252,       43.56,
 139.937297,   35.602252,       44.18,
 139.941802,   35.602252,       44.81,
 139.946306,   35.602252,       45.43,
 139.950811,   35.602252,       46.06,
 139.955315,   35.602252,       46.67,
 139.959820,   35.602252,       47.21,
 139.964324,   35.602252,       47.72,
 139.968829,   35.602252,       48.21,
 139.973333,   35.602252,       48.65,
 139.977838,   35.602252,       49.00,
 139.982342,   35.602252,       49.36,
 139.986847,   35.602252,       49.70,
 139.991351,   35.602252,       49.96,
 139.995856,   35.602252,       50.15,
 140.000360,   35.602252,       50.30,
 140.004865,   35.602252,       50.48,
 140.009369,   35.602252,       50.68,
 140.013874,   35.602252,       50.89,
 140.018378,   35.602252,       51.09,
 140.022883,   35.602252,       51.32,
 140.027387,   35.602252,       51.57,
 140.031892,   35.602252,       51.85,
 140.036396,   35.602252,       52.12,
 140.040901,   35.602252,       52.38,
 140.045405,   35.602252,       52.63,
 140.049910,   35.602252,       52.87,
 140.054414,   35.602252,       53.12,
 140.058919,   35.602252,       53.37,
 140.063423,   35.602252,       53.64,
 140.067928,   35.602252,       53.89,
 140.072432,   35.602252,       54.13,
 140.076937,   35.602252,       54.34,
 140.081441,   35.602252,       54.57,
 140.085946,   35.602252,       54.78,
 140.090450,   35.602252,       54.96,
 140.094955,   35.602252,       55.14,
 140.099459,   35.602252,       55.31,
 140.103964,   35.602252,       55.48,
 140.108468,   35.602252,       55.65,
 140.112973,   35.602252,       55.82,
 139.748108,   35.606757,       23.34,
 139.752613,   35.606757,       23.51,
 139.757117,   35.606757,       23.84,
 139.761622,   35.606757,       24.66,
 139.766126,   35.606757,       25.46,
 139.770631,   35.606757,       26.37,
 139.775135,   35.606757,       27.51,
 139.779640,   35.606757,       28.60,
 139.784144,   35.606757,       29.36,
 139.788649,   35.606757,       29.94,
 139.793153,   35.606757,       30.55,
 139.797658,   35.606757,       31.17,
 139.802162,   35.606757,       31.44,
 139.806667,   35.606757,       31.60,
 139.811171,   35.606757,       31.69,
 139.815676,   35.606757,       31.71,
 139.820180,   35.606757,       31.77,
 139.824685,   35.606757,       31.89,
 139.829189,   35.606757,       32.06,
 139.833694,   35.606757,       32.23,
 139.838198,   35.606757,       32.46,
 139.842703,   35.606757,       32.88,
 139.847207,   35.606757,       33.30,
 139.851712,   35.606757,       33.82,
 139.856216,   35.606757,       34.44,
 139.860721,   35.606757,       35.04,
 139.865225,   35.606757,       35.64,
 139.869730,   35.606757,       36.21,
 139.874234,   35.606757,       36.75,
 139.878739,   35.606757,       37.30,
 139.883243,   35.606757,       37.84,
 139.887748,   35.606757,       38.30,
 139.892252,   35.606757,       38.74,
 139.896757,   35.606757,       39.22,
 139.901261,   35.606757,       39.66,
 139.905766,   35.606757,       40.10,
 139.910270,   35.606757,       40.57,
 139.914775,   35.606757,       41.07,
 139.919279,   35.606757,       41.54,
 139.923784,   35.606757,       42.06,
 139.928288,   35.606757,       42.64,
 139.932793,   35.606757,       43.24,
 139.937297,   35.606757,       43.86,
 139.941802,   35.606757,       44.49,
 139.946306,   35.606757,       45.15,
 139.950811,   35.606757,       45.80,
 139.955315,   35.606757,       46.47,
 139.959820,   35.606757,       47.12,
 139.964324,   35.606757,       47.66,
 139.968829,   35.606757,       48.17,
 139.973333,   35.606757,       48.67,
 139.977838,   35.606757,       49.10,
 139.982342,   35.606757,       49.47,
 139.986847,   35.606757,       49.84,
 139.991351,   35.606757,       50.16,
 139.995856,   35.606757,       50.30,
 140.000360,   35.606757,       50.45,
 140.004865,   35.606757,       50.61,
 140.009369,   35.606757,       50.79,
 140.013874,   35.606757,       50.98,
 140.018378,   35.606757,       51.18,
 140.022883,   35.606757,       51.38,
 140.027387,   35.606757,       51.59,
 140.031892,   35.606757,       51.81,
 140.036396,   35.606757,       52.05,
 140.040901,   35.606757,       52.31,
 140.045405,   35.606757,       52.55,
 140.049910,   35.606757,       52.78,
 140.054414,   35.606757,       53.01,
 140.058919,   35.606757,       53.30,
 140.063423,   35.606757,       53.58,
 140.067928,   35.606757,       53.84,
 140.072432,   35.606757,       54.09,
 140.076937,   35.606757,       54.35,
 140.081441,   35.606757,       54.59,
 140.085946,   35.606757,       54.82,
 140.090450,   35.606757,       55.01,
 140.094955,   35.606757,       55.19,
 140.099459,   35.606757,       55.36,
 140.103964,   35.606757,       55.53,
 140.108468,   35.606757,       55.70,
 139.748108,   35.611261,       22.15,
 139.752613,   35.611261,       22.04,
 139.757117,   35.611261,       22.23,
 139.761622,   35.611261,       23.11,
 139.766126,   35.611261,       24.01,
 139.770631,   35.611261,       25.05,
 139.775135,   35.611261,       26.20,
 139.779640,   35.611261,       27.38,
 139.784144,   35.611261,       28.57,
 139.788649,   35.611261,       29.41,
 139.793153,   35.611261,       30.06,
 139.797658,   35.611261,       30.65,
 139.802162,   35.611261,       31.18,
 139.806667,   35.611261,       31.63,
 139.811171,   35.611261,       32.08,
 139.815676,   35.611261,       32.21,
 139.820180,   35.611261,       32.33,
 139.824685,   35.611261,       32.52,
 139.829189,   35.611261,       32.71,
 139.833694,   35.611261,       32.92,
 139.838198,   35.611261,       33.15,
 139.842703,   35.611261,       33.49,
 139.847207,   35.611261,       33.92,
 139.851712,   35.611261,       34.38,
 139.856216,   35.611261,       34.95,
 139.860721,   35.611261,       35.53,
 139.865225,   35.611261,       36.08,
 139.869730,   35.611261,       36.65,
 139.874234,   35.611261,       37.14,
 139.878739,   35.611261,       37.60,
 139.883243,   35.611261,       38.09,
 139.887748,   35.611261,       38.54,
 139.892252,   35.611261,       38.98,
 139.896757,   35.611261,       39.39,
 139.901261,   35.611261,       39.79,
 139.905766,   35.611261,       40.20,
 139.910270,   35.611261,       40.58,
 139.914775,   35.611261,       41.04,
 139.919279,   35.611261,       41.50,
 139.923784,   35.611261,       41.90,
 139.928288,   35.611261,       42.41,
 139.932793,   35.611261,       42.97,
 139.937297,   35.611261,       43.56,
 139.941802,   35.611261,       44.21,
 139.946306,   35.611261,       44.86,
 139.950811,   35.611261,       45.61,
 139.955315,   35.611261,       46.30,
 139.959820,   35.611261,       46.96,
 139.964324,   35.611261,       47.59,
 139.968829,   35.611261,       48.13,
 139.973333,   35.611261,       48.64,
 139.977838,   35.611261,       49.15,
 139.982342,   35.611261,       49.55,
 139.986847,   35.611261,       49.92,
 139.991351,   35.611261,       50.25,
 139.995856,   35.611261,       50.43,
 140.000360,   35.611261,       50.59,
 140.004865,   35.611261,       50.75,
 140.009369,   35.611261,       50.90,
 140.013874,   35.611261,       51.07,
 140.018378,   35.611261,       51.25,
 140.022883,   35.611261,       51.44,
 140.027387,   35.611261,       51.64,
 140.031892,   35.611261,       51.82,
 140.036396,   35.611261,       52.02,
 140.040901,   35.611261,       52.25,
 140.045405,   35.611261,       52.49,
 140.049910,   35.611261,       52.73,
 140.054414,   35.611261,       53.00,
 140.058919,   35.611261,       53.29,
 140.063423,   35.611261,       53.58,
 140.067928,   35.611261,       53.85,
 140.072432,   35.611261,       54.12,
 140.076937,   35.611261,       54.38,
 140.081441,   35.611261,       54.64,
 140.085946,   35.611261,       54.88,
 140.090450,   35.611261,       55.07,
 140.094955,   35.611261,       55.24,
 140.099459,   35.611261,       55.42,
 140.103964,   35.611261,       55.59,
 139.748108,   35.615766,       20.89,
 139.752613,   35.615766,       20.45,
 139.757117,   35.615766,       20.57,
 139.761622,   35.615766,       21.46,
 139.766126,   35.615766,       22.48,
 139.770631,   35.615766,       23.66,
 139.775135,   35.615766,       24.83,
 139.779640,   35.615766,       26.02,
 139.784144,   35.615766,       27.30,
 139.788649,   35.615766,       28.50,
 139.793153,   35.615766,       29.52,
 139.797658,   35.615766,       30.14,
 139.802162,   35.615766,       30.75,
 139.806667,   35.615766,       31.35,
 139.811171,   35.615766,       31.94,
 139.815676,   35.615766,       32.44,
 139.820180,   35.615766,       32.72,
 139.824685,   35.615766,       32.97,
 139.829189,   35.615766,       33.18,
 139.833694,   35.615766,       33.45,
 139.838198,   35.615766,       33.76,
 139.842703,   35.615766,       34.12,
 139.847207,   35.615766,       34.53,
 139.851712,   35.615766,       34.98,
 139.856216,   35.615766,       35.50,
 139.860721,   35.615766,       36.02,
 139.865225,   35.615766,       36.57,
 139.869730,   35.615766,       37.09,
 139.874234,   35.615766,       37.47,
 139.878739,   35.615766,       37.89,
 139.883243,   35.615766,       38.33,
 139.887748,   35.615766,       38.76,
 139.892252,   35.615766,       39.20,
 139.896757,   35.615766,       39.64,
 139.901261,   35.615766,       40.08,
 139.905766,   35.615766,       40.49,
 139.910270,   35.615766,       40.86,
 139.914775,   35.615766,       41.21,
 139.919279,   35.615766,       41.59,
 139.923784,   35.615766,       42.01,
 139.928288,   35.615766,       42.46,
 139.932793,   35.615766,       43.00,
 139.937297,   35.615766,       43.53,
 139.941802,   35.615766,       44.13,
 139.946306,   35.615766,       44.80,
 139.950811,   35.615766,       45.49,
 139.955315,   35.615766,       46.17,
 139.959820,   35.615766,       46.85,
 139.964324,   35.615766,       47.50,
 139.968829,   35.615766,       48.10,
 139.973333,   35.615766,       48.62,
 139.977838,   35.615766,       49.14,
 139.982342,   35.615766,       49.60,
 139.986847,   35.615766,       49.99,
 139.991351,   35.615766,       50.35,
 139.995856,   35.615766,       50.56,
 140.000360,   35.615766,       50.73,
 140.004865,   35.615766,       50.91,
 140.009369,   35.615766,       51.06,
 140.013874,   35.615766,       51.19,
 140.018378,   35.615766,       51.33,
 140.022883,   35.615766,       51.49,
 140.027387,   35.615766,       51.67,
 140.031892,   35.615766,       51.84,
 140.036396,   35.615766,       52.01,
 140.040901,   35.615766,       52.22,
 140.045405,   35.615766,       52.45,
 140.049910,   35.615766,       52.72,
 140.054414,   35.615766,       53.02,
 140.058919,   35.615766,       53.31,
 140.063423,   35.615766,       53.60,
 140.067928,   35.615766,       53.88,
 140.072432,   35.615766,       54.15,
 140.076937,   35.615766,       54.42,
 140.081441,   35.615766,       54.69,
 140.085946,   35.615766,       54.94,
 140.090450,   35.615766,       55.13,
 140.094955,   35.615766,       55.31,
 140.099459,   35.615766,       55.49,
 139.748108,   35.620270,       19.18,
 139.752613,   35.620270,       19.04,
 139.757117,   35.620270,       19.15,
 139.761622,   35.620270,       19.82,
 139.766126,   35.620270,       20.98,
 139.770631,   35.620270,       22.21,
 139.775135,   35.620270,       23.42,
 139.779640,   35.620270,       24.65,
 139.784144,   35.620270,       25.93,
 139.788649,   35.620270,       27.24,
 139.793153,   35.620270,       28.57,
 139.797658,   35.620270,       29.58,
 139.802162,   35.620270,       30.29,
 139.806667,   35.620270,       30.90,
 139.811171,   35.620270,       31.53,
 139.815676,   35.620270,       32.17,
 139.820180,   35.620270,       32.70,
 139.824685,   35.620270,       33.21,
 139.829189,   35.620270,       33.53,
 139.833694,   35.620270,       33.85,
 139.838198,   35.620270,       34.19,
 139.842703,   35.620270,       34.60,
 139.847207,   35.620270,       35.04,
 139.851712,   35.620270,       35.49,
 139.856216,   35.620270,       35.97,
 139.860721,   35.620270,       36.48,
 139.865225,   35.620270,       36.99,
 139.869730,   35.620270,       37.36,
 139.874234,   35.620270,       37.70,
 139.878739,   35.620270,       38.10,
 139.883243,   35.620270,       38.51,
 139.887748,   35.620270,       38.94,
 139.892252,   35.620270,       39.38,
 139.896757,   35.620270,       39.91,
 139.901261,   35.620270,       40.40,
 139.905766,   35.620270,       40.84,
 139.910270,   35.620270,       41.22,
 139.914775,   35.620270,       41.58,
 139.919279,   35.620270,       41.95,
 139.923784,   35.620270,       42.30,
 139.928288,   35.620270,       42.65,
 139.932793,   35.620270,       43.17,
 139.937297,   35.620270,       43.67,
 139.941802,   35.620270,       44.16,
 139.946306,   35.620270,       44.85,
 139.950811,   35.620270,       45.53,
 139.955315,   35.620270,       46.16,
 139.959820,   35.620270,       46.81,
 139.964324,   35.620270,       47.46,
 139.968829,   35.620270,       48.06,
 139.973333,   35.620270,       48.60,
 139.977838,   35.620270,       49.13,
 139.982342,   35.620270,       49.58,
 139.986847,   35.620270,       50.01,
 139.991351,   35.620270,       50.42,
 139.995856,   35.620270,       50.69,
 140.000360,   35.620270,       50.88,
 140.004865,   35.620270,       51.08,
 140.009369,   35.620270,       51.23,
 140.013874,   35.620270,       51.35,
 140.018378,   35.620270,       51.44,
 140.022883,   35.620270,       51.54,
 140.027387,   35.620270,       51.71,
 140.031892,   35.620270,       51.87,
 140.036396,   35.620270,       52.02,
 140.040901,   35.620270,       52.19,
 140.045405,   35.620270,       52.44,
 140.049910,   35.620270,       52.75,
 140.054414,   35.620270,       53.05,
 140.058919,   35.620270,       53.34,
 140.063423,   35.620270,       53.63,
 140.067928,   35.620270,       53.91,
 140.072432,   35.620270,       54.19,
 140.076937,   35.620270,       54.47,
 140.081441,   35.620270,       54.74,
 140.085946,   35.620270,       55.01,
 140.090450,   35.620270,       55.22,
 140.094955,   35.620270,       55.40,
 139.739099,   35.624775,       16.13,
 139.743604,   35.624775,       17.09,
 139.748108,   35.624775,       17.59,
 139.752613,   35.624775,       17.72,
 139.757117,   35.624775,       17.95,
 139.761622,   35.624775,       18.39,
 139.766126,   35.624775,       19.53,
 139.770631,   35.624775,       20.76,
 139.775135,   35.624775,       21.99,
 139.779640,   35.624775,       23.24,
 139.784144,   35.624775,       24.51,
 139.788649,   35.624775,       25.81,
 139.793153,   35.624775,       27.14,
 139.797658,   35.624775,       28.48,
 139.802162,   35.624775,       29.59,
 139.806667,   35.624775,       30.47,
 139.811171,   35.624775,       31.13,
 139.815676,   35.624775,       31.85,
 139.820180,   35.624775,       32.52,
 139.824685,   35.624775,       33.21,
 139.829189,   35.624775,       33.87,
 139.833694,   35.624775,       34.15,
 139.838198,   35.624775,       34.51,
 139.842703,   35.624775,       34.97,
 139.847207,   35.624775,       35.49,
 139.851712,   35.624775,       35.93,
 139.856216,   35.624775,       36.38,
 139.860721,   35.624775,       36.90,
 139.865225,   35.624775,       37.29,
 139.869730,   35.624775,       37.51,
 139.874234,   35.624775,       37.87,
 139.878739,   35.624775,       38.22,
 139.883243,   35.624775,       38.26,
 139.887748,   35.624775,       38.55,
 139.892252,   35.624775,       39.28,
 139.896757,   35.624775,       40.19,
 139.901261,   35.624775,       40.84,
 139.905766,   35.624775,       41.28,
 139.910270,   35.624775,       41.64,
 139.914775,   35.624775,       41.99,
 139.919279,   35.624775,       42.35,
 139.923784,   35.624775,       42.72,
 139.928288,   35.624775,       43.08,
 139.932793,   35.624775,       43.50,
 139.937297,   35.624775,       43.99,
 139.941802,   35.624775,       44.47,
 139.946306,   35.624775,       44.97,
 139.950811,   35.624775,       45.60,
 139.955315,   35.624775,       46.23,
 139.959820,   35.624775,       46.83,
 139.964324,   35.624775,       47.45,
 139.968829,   35.624775,       48.04,
 139.973333,   35.624775,       48.60,
 139.977838,   35.624775,       49.12,
 139.982342,   35.624775,       49.59,
 139.986847,   35.624775,       50.04,
 139.991351,   35.624775,       50.46,
 139.995856,   35.624775,       50.76,
 140.000360,   35.624775,       51.00,
 140.004865,   35.624775,       51.24,
 140.009369,   35.624775,       51.42,
 140.013874,   35.624775,       51.51,
 140.018378,   35.624775,       51.59,
 140.022883,   35.624775,       51.67,
 140.027387,   35.624775,       51.79,
 140.031892,   35.624775,       51.94,
 140.036396,   35.624775,       52.10,
 140.040901,   35.624775,       52.26,
 140.045405,   35.624775,       52.49,
 140.049910,   35.624775,       52.80,
 140.054414,   35.624775,       53.10,
 140.058919,   35.624775,       53.39,
 140.063423,   35.624775,       53.68,
 140.067928,   35.624775,       53.96,
 140.072432,   35.624775,       54.25,
 140.076937,   35.624775,       54.54,
 140.081441,   35.624775,       54.81,
 140.085946,   35.624775,       55.09,
 140.090450,   35.624775,       55.31,
 139.739099,   35.629279,       15.22,
 139.743604,   35.629279,       15.78,
 139.748108,   35.629279,       16.15,
 139.752613,   35.629279,       16.41,
 139.757117,   35.629279,       16.88,
 139.761622,   35.629279,       17.40,
 139.766126,   35.629279,       18.13,
 139.770631,   35.629279,       19.35,
 139.775135,   35.629279,       20.59,
 139.779640,   35.629279,       21.82,
 139.784144,   35.629279,       23.06,
 139.788649,   35.629279,       24.35,
 139.793153,   35.629279,       25.69,
 139.797658,   35.629279,       27.05,
 139.802162,   35.629279,       28.44,
 139.806667,   35.629279,       29.84,
 139.811171,   35.629279,       30.74,
 139.815676,   35.629279,       31.47,
 139.820180,   35.629279,       32.20,
 139.824685,   35.629279,       32.93,
 139.829189,   35.629279,       33.70,
 139.833694,   35.629279,       34.27,
 139.838198,   35.629279,       34.71,
 139.842703,   35.629279,       35.20,
 139.847207,   35.629279,       35.77,
 139.851712,   35.629279,       36.24,
 139.856216,   35.629279,       36.69,
 139.860721,   35.629279,       37.13,
 139.865225,   35.629279,       37.20,
 139.869730,   35.629279,       37.35,
 139.874234,   35.629279,       37.14,
 139.878739,   35.629279,       36.66,
 139.883243,   35.629279,       37.03,
 139.887748,   35.629279,       37.36,
 139.892252,   35.629279,       38.46,
 139.896757,   35.629279,       40.12,
 139.901261,   35.629279,       41.30,
 139.905766,   35.629279,       41.79,
 139.910270,   35.629279,       42.21,
 139.914775,   35.629279,       42.61,
 139.919279,   35.629279,       42.96,
 139.923784,   35.629279,       43.28,
 139.928288,   35.629279,       43.57,
 139.932793,   35.629279,       43.87,
 139.937297,   35.629279,       44.34,
 139.941802,   35.629279,       44.82,
 139.946306,   35.629279,       45.28,
 139.950811,   35.629279,       45.80,
 139.955315,   35.629279,       46.41,
 139.959820,   35.629279,       47.00,
 139.964324,   35.629279,       47.53,
 139.968829,   35.629279,       48.09,
 139.973333,   35.629279,       48.66,
 139.977838,   35.629279,       49.18,
 139.982342,   35.629279,       49.64,
 139.986847,   35.629279,       50.10,
 139.991351,   35.629279,       50.52,
 139.995856,   35.629279,       50.82,
 140.000360,   35.629279,       51.11,
 140.004865,   35.629279,       51.38,
 140.009369,   35.629279,       51.57,
 140.013874,   35.629279,       51.65,
 140.018378,   35.629279,       51.72,
 140.022883,   35.629279,       51.79,
 140.027387,   35.629279,       51.90,
 140.031892,   35.629279,       52.05,
 140.036396,   35.629279,       52.22,
 140.040901,   35.629279,       52.40,
 140.045405,   35.629279,       52.60,
 140.049910,   35.629279,       52.87,
 140.054414,   35.629279,       53.17,
 140.058919,   35.629279,       53.46,
 140.063423,   35.629279,       53.76,
 140.067928,   35.629279,       54.06,
 140.072432,   35.629279,       54.35,
 140.076937,   35.629279,       54.63,
 140.081441,   35.629279,       54.90,
 140.085946,   35.629279,       55.17,
 139.739099,   35.633784,       14.78,
 139.743604,   35.633784,       15.07,
 139.748108,   35.633784,       15.30,
 139.752613,   35.633784,       15.50,
 139.757117,   35.633784,       16.00,
 139.761622,   35.633784,       16.51,
 139.766126,   35.633784,       16.98,
 139.770631,   35.633784,       18.02,
 139.775135,   35.633784,       19.26,
 139.779640,   35.633784,       20.45,
 139.784144,   35.633784,       21.63,
 139.788649,   35.633784,       22.87,
 139.793153,   35.633784,       24.15,
 139.797658,   35.633784,       25.49,
 139.802162,   35.633784,       26.86,
 139.806667,   35.633784,       28.28,
 139.811171,   35.633784,       29.76,
 139.815676,   35.633784,       30.90,
 139.820180,   35.633784,       31.83,
 139.824685,   35.633784,       32.58,
 139.829189,   35.633784,       33.37,
 139.833694,   35.633784,       34.15,
 139.838198,   35.633784,       34.77,
 139.842703,   35.633784,       35.26,
 139.847207,   35.633784,       35.77,
 139.851712,   35.633784,       36.29,
 139.856216,   35.633784,       36.81,
 139.860721,   35.633784,       37.10,
 139.865225,   35.633784,       36.98,
 139.869730,   35.633784,       36.75,
 139.874234,   35.633784,       35.00,
 139.878739,   35.633784,       33.77,
 139.883243,   35.633784,       33.67,
 139.887748,   35.633784,       35.87,
 139.892252,   35.633784,       38.39,
 139.896757,   35.633784,       40.57,
 139.901261,   35.633784,       42.05,
 139.905766,   35.633784,       42.54,
 139.910270,   35.633784,       42.92,
 139.914775,   35.633784,       43.32,
 139.919279,   35.633784,       43.64,
 139.923784,   35.633784,       43.91,
 139.928288,   35.633784,       44.17,
 139.932793,   35.633784,       44.42,
 139.937297,   35.633784,       44.81,
 139.941802,   35.633784,       45.26,
 139.946306,   35.633784,       45.68,
 139.950811,   35.633784,       46.13,
 139.955315,   35.633784,       46.70,
 139.959820,   35.633784,       47.23,
 139.964324,   35.633784,       47.73,
 139.968829,   35.633784,       48.22,
 139.973333,   35.633784,       48.75,
 139.977838,   35.633784,       49.26,
 139.982342,   35.633784,       49.74,
 139.986847,   35.633784,       50.19,
 139.991351,   35.633784,       50.60,
 139.995856,   35.633784,       50.93,
 140.000360,   35.633784,       51.24,
 140.004865,   35.633784,       51.53,
 140.009369,   35.633784,       51.71,
 140.013874,   35.633784,       51.79,
 140.018378,   35.633784,       51.86,
 140.022883,   35.633784,       51.92,
 140.027387,   35.633784,       52.01,
 140.031892,   35.633784,       52.19,
 140.036396,   35.633784,       52.39,
 140.040901,   35.633784,       52.57,
 140.045405,   35.633784,       52.74,
 140.049910,   35.633784,       52.96,
 140.054414,   35.633784,       53.25,
 140.058919,   35.633784,       53.56,
 140.063423,   35.633784,       53.86,
 140.067928,   35.633784,       54.17,
 140.072432,   35.633784,       54.46,
 140.076937,   35.633784,       54.73,
 140.081441,   35.633784,       55.00,
 139.743604,   35.638288,       14.58,
 139.748108,   35.638288,       14.76,
 139.752613,   35.638288,       14.85,
 139.757117,   35.638288,       15.18,
 139.761622,   35.638288,       15.65,
 139.766126,   35.638288,       16.09,
 139.770631,   35.638288,       16.81,
 139.775135,   35.638288,       17.93,
 139.779640,   35.638288,       18.96,
 139.784144,   35.638288,       19.97,
 139.788649,   35.638288,       21.07,
 139.793153,   35.638288,       22.44,
 139.797658,   35.638288,       23.82,
 139.802162,   35.638288,       25.20,
 139.806667,   35.638288,       26.64,
 139.811171,   35.638288,       28.23,
 139.815676,   35.638288,       29.82,
 139.820180,   35.638288,       31.32,
 139.824685,   35.638288,       32.17,
 139.829189,   35.638288,       32.88,
 139.833694,   35.638288,       33.71,
 139.838198,   35.638288,       34.66,
 139.842703,   35.638288,       35.08,
 139.847207,   35.638288,       35.61,
 139.851712,   35.638288,       36.28,
 139.856216,   35.638288,       36.47,
 139.860721,   35.638288,       36.58,
 139.865225,   35.638288,       36.60,
 139.869730,   35.638288,       36.51,
 139.892252,   35.638288,       38.47,
 139.896757,   35.638288,       42.09,
 139.901261,   35.638288,       43.15,
 139.905766,   35.638288,       43.55,
 139.910270,   35.638288,       43.84,
 139.914775,   35.638288,       44.06,
 139.919279,   35.638288,       44.34,
 139.923784,   35.638288,       44.58,
 139.928288,   35.638288,       44.81,
 139.932793,   35.638288,       45.06,
 139.937297,   35.638288,       45.40,
 139.941802,   35.638288,       45.78,
 139.946306,   35.638288,       46.15,
 139.950811,   35.638288,       46.49,
 139.955315,   35.638288,       46.98,
 139.959820,   35.638288,       47.49,
 139.964324,   35.638288,       47.97,
 139.968829,   35.638288,       48.44,
 139.973333,   35.638288,       48.89,
 139.977838,   35.638288,       49.40,
 139.982342,   35.638288,       49.90,
 139.986847,   35.638288,       50.38,
 139.991351,   35.638288,       50.78,
 139.995856,   35.638288,       51.10,
 140.000360,   35.638288,       51.42,
 140.004865,   35.638288,       51.72,
 140.009369,   35.638288,       51.88,
 140.013874,   35.638288,       51.99,
 140.018378,   35.638288,       52.08,
 140.022883,   35.638288,       52.13,
 140.027387,   35.638288,       52.18,
 140.031892,   35.638288,       52.39,
 140.036396,   35.638288,       52.59,
 140.040901,   35.638288,       52.78,
 140.045405,   35.638288,       52.93,
 140.049910,   35.638288,       53.07,
 140.054414,   35.638288,       53.35,
 140.058919,   35.638288,       53.67,
 140.063423,   35.638288,       53.97,
 140.067928,   35.638288,       54.28,
 140.072432,   35.638288,       54.57,
 140.076937,   35.638288,       54.84,
 139.743604,   35.642793,       14.20,
 139.748108,   35.642793,       14.32,
 139.752613,   35.642793,       14.37,
 139.757117,   35.642793,       14.55,
 139.761622,   35.642793,       14.99,
 139.766126,   35.642793,       15.33,
 139.770631,   35.642793,       15.68,
 139.775135,   35.642793,       16.54,
 139.779640,   35.642793,       17.35,
 139.784144,   35.642793,       18.08,
 139.788649,   35.642793,       19.13,
 139.793153,   35.642793,       20.53,
 139.797658,   35.642793,       21.98,
 139.802162,   35.642793,       23.48,
 139.806667,   35.642793,       24.97,
 139.811171,   35.642793,       26.53,
 139.815676,   35.642793,       28.14,
 139.820180,   35.642793,       29.76,
 139.824685,   35.642793,       31.10,
 139.829189,   35.642793,       32.07,
 139.833694,   35.642793,       32.90,
 139.838198,   35.642793,       33.68,
 139.842703,   35.642793,       34.43,
 139.847207,   35.642793,       35.05,
 139.851712,   35.642793,       35.38,
 139.856216,   35.642793,       35.48,
 139.860721,   35.642793,       35.63,
 139.878739,   35.642793,       19.17,
 139.892252,   35.642793,       38.10,
 139.896757,   35.642793,       43.82,
 139.901261,   35.642793,       44.37,
 139.905766,   35.642793,       44.79,
 139.910270,   35.642793,       45.02,
 139.914775,   35.642793,       45.05,
 139.919279,   35.642793,       45.17,
 139.923784,   35.642793,       45.37,
 139.928288,   35.642793,       45.52,
 139.932793,   35.642793,       45.70,
 139.937297,   35.642793,       46.00,
 139.941802,   35.642793,       46.34,
 139.946306,   35.642793,       46.68,
 139.950811,   35.642793,       47.00,
 139.955315,   35.642793,       47.35,
 139.959820,   35.642793,       47.80,
 139.964324,   35.642793,       48.26,
 139.968829,   35.642793,       48.73,
 139.973333,   35.642793,       49.19,
 139.977838,   35.642793,       49.65,
 139.982342,   35.642793,       50.13,
 139.986847,   35.642793,       50.60,
 139.991351,   35.642793,       50.99,
 139.995856,   35.642793,       51.33,
 140.000360,   35.642793,       51.64,
 140.004865,   35.642793,       51.92,
 140.009369,   35.642793,       52.12,
 140.013874,   35.642793,       52.27,
 140.018378,   35.642793,       52.39,
 140.022883,   35.642793,       52.49,
 140.027387,   35.642793,       52.58,
 140.031892,   35.642793,       52.69,
 140.036396,   35.642793,       52.85,
 140.040901,   35.642793,       53.03,
 140.045405,   35.642793,       53.18,
 140.049910,   35.642793,       53.31,
 140.054414,   35.642793,       53.51,
 140.058919,   35.642793,       53.80,
 140.063423,   35.642793,       54.11,
 140.067928,   35.642793,       54.40,
 139.752613,   35.647297,       14.17,
 139.757117,   35.647297,       14.35,
 139.761622,   35.647297,       14.60,
 139.766126,   35.647297,       14.79,
 139.770631,   35.647297,       14.92,
 139.775135,   35.647297,       15.20,
 139.779640,   35.647297,       15.76,
 139.784144,   35.647297,       16.20,
 139.788649,   35.647297,       17.06,
 139.793153,   35.647297,       18.38,
 139.797658,   35.647297,       19.84,
 139.802162,   35.647297,       21.43,
 139.806667,   35.647297,       23.10,
 139.811171,   35.647297,       24.67,
 139.815676,   35.647297,       26.29,
 139.820180,   35.647297,       27.86,
 139.824685,   35.647297,       29.27,
 139.829189,   35.647297,       30.64,
 139.833694,   35.647297,       31.87,
 139.838198,   35.647297,       32.38,
 139.842703,   35.647297,       33.24,
 139.847207,   35.647297,       34.07,
 139.851712,   35.647297,       34.17,
 139.856216,   35.647297,       34.23,
 139.860721,   35.647297,       33.92,
 139.865225,   35.647297,       33.49,
 139.883243,   35.647297,       33.11,
 139.896757,   35.647297,       45.90,
 139.901261,   35.647297,       45.97,
 139.905766,   35.647297,       46.24,
 139.910270,   35.647297,       46.28,
 139.914775,   35.647297,       46.20,
 139.919279,   35.647297,       46.19,
 139.923784,   35.647297,       46.27,
 139.928288,   35.647297,       46.33,
 139.932793,   35.647297,       46.36,
 139.937297,   35.647297,       46.62,
 139.941802,   35.647297,       46.93,
 139.946306,   35.647297,       47.25,
 139.950811,   35.647297,       47.56,
 139.955315,   35.647297,       47.87,
 139.959820,   35.647297,       48.22,
 139.964324,   35.647297,       48.61,
 139.968829,   35.647297,       49.04,
 139.973333,   35.647297,       49.51,
 139.977838,   35.647297,       49.98,
 139.982342,   35.647297,       50.42,
 139.986847,   35.647297,       50.84,
 139.991351,   35.647297,       51.27,
 139.995856,   35.647297,       51.66,
 140.000360,   35.647297,       52.01,
 140.004865,   35.647297,       52.31,
 140.009369,   35.647297,       52.48,
 140.013874,   35.647297,       52.64,
 140.018378,   35.647297,       52.78,
 140.022883,   35.647297,       52.90,
 140.027387,   35.647297,       52.99,
 140.031892,   35.647297,       53.07,
 140.036396,   35.647297,       53.17,
 140.040901,   35.647297,       53.32,
 140.045405,   35.647297,       53.45,
 140.049910,   35.647297,       53.56,
 140.054414,   35.647297,       53.72,
 140.058919,   35.647297,       53.97,
 140.063423,   35.647297,       54.26,
 139.761622,   35.651802,       14.29,
 139.766126,   35.651802,       14.31,
 139.770631,   35.651802,       14.24,
 139.775135,   35.651802,       14.25,
 139.779640,   35.651802,       14.49,
 139.784144,   35.651802,       14.67,
 139.788649,   35.651802,       14.98,
 139.793153,   35.651802,       15.97,
 139.797658,   35.651802,       17.30,
 139.802162,   35.651802,       19.05,
 139.806667,   35.651802,       20.87,
 139.811171,   35.651802,       22.57,
 139.815676,   35.651802,       24.25,
 139.820180,   35.651802,       25.90,
 139.824685,   35.651802,       27.00,
 139.829189,   35.651802,       28.23,
 139.833694,   35.651802,       29.36,
 139.838198,   35.651802,       30.20,
 139.842703,   35.651802,       30.98,
 139.847207,   35.651802,       32.20,
 139.851712,   35.651802,       32.99,
 139.856216,   35.651802,       32.94,
 139.860721,   35.651802,       32.80,
 139.901261,   35.651802,       47.50,
 139.905766,   35.651802,       47.51,
 139.910270,   35.651802,       47.42,
 139.914775,   35.651802,       47.34,
 139.919279,   35.651802,       47.31,
 139.923784,   35.651802,       47.32,
 139.928288,   35.651802,       47.33,
 139.932793,   35.651802,       47.34,
 139.937297,   35.651802,       47.42,
 139.941802,   35.651802,       47.62,
 139.946306,   35.651802,       47.84,
 139.950811,   35.651802,       48.12,
 139.955315,   35.651802,       48.43,
 139.959820,   35.651802,       48.74,
 139.964324,   35.651802,       49.04,
 139.968829,   35.651802,       49.38,
 139.973333,   35.651802,       49.92,
 139.977838,   35.651802,       50.41,
 139.982342,   35.651802,       50.87,
 139.986847,   35.651802,       51.31,
 139.991351,   35.651802,       51.70,
 139.995856,   35.651802,       52.09,
 140.000360,   35.651802,       52.47,
 140.004865,   35.651802,       52.74,
 140.009369,   35.651802,       52.93,
 140.013874,   35.651802,       53.08,
 140.018378,   35.651802,       53.22,
 140.022883,   35.651802,       53.34,
 140.027387,   35.651802,       53.41,
 140.031892,   35.651802,       53.47,
 140.036396,   35.651802,       53.53,
 140.040901,   35.651802,       53.63,
 140.045405,   35.651802,       53.73,
 140.049910,   35.651802,       53.82,
 140.054414,   35.651802,       53.93,
 140.058919,   35.651802,       54.14,
 139.761622,   35.656306,       13.91,
 139.766126,   35.656306,       13.84,
 139.770631,   35.656306,       13.71,
 139.775135,   35.656306,       13.49,
 139.779640,   35.656306,       13.26,
 139.784144,   35.656306,       13.07,
 139.788649,   35.656306,       13.32,
 139.793153,   35.656306,       13.79,
 139.797658,   35.656306,       14.82,
 139.802162,   35.656306,       16.73,
 139.806667,   35.656306,       18.60,
 139.811171,   35.656306,       20.28,
 139.815676,   35.656306,       21.87,
 139.820180,   35.656306,       23.32,
 139.824685,   35.656306,       24.38,
 139.829189,   35.656306,       25.41,
 139.833694,   35.656306,       26.41,
 139.838198,   35.656306,       27.37,
 139.842703,   35.656306,       28.36,
 139.847207,   35.656306,       29.62,
 139.851712,   35.656306,       28.95,
 139.856216,   35.656306,       24.87,
 139.887748,   35.656306,       38.51,
 139.905766,   35.656306,       48.64,
 139.910270,   35.656306,       48.54,
 139.914775,   35.656306,       48.45,
 139.919279,   35.656306,       48.40,
 139.923784,   35.656306,       48.40,
 139.928288,   35.656306,       48.40,
 139.932793,   35.656306,       48.40,
 139.937297,   35.656306,       48.42,
 139.941802,   35.656306,       48.48,
 139.946306,   35.656306,       48.55,
 139.950811,   35.656306,       48.67,
 139.955315,   35.656306,       49.02,
 139.959820,   35.656306,       49.35,
 139.964324,   35.656306,       49.67,
 139.968829,   35.656306,       50.03,
 139.973333,   35.656306,       50.47,
 139.977838,   35.656306,       50.93,
 139.982342,   35.656306,       51.41,
 139.986847,   35.656306,       51.83,
 139.991351,   35.656306,       52.21,
 139.995856,   35.656306,       52.60,
 140.000360,   35.656306,       52.97,
 140.004865,   35.656306,       53.23,
 140.009369,   35.656306,       53.44,
 140.013874,   35.656306,       53.60,
 140.018378,   35.656306,       53.72,
 140.022883,   35.656306,       53.78,
 140.027387,   35.656306,       53.83,
 140.031892,   35.656306,       53.89,
 140.036396,   35.656306,       53.95,
 140.040901,   35.656306,       54.01,
 140.045405,   35.656306,       54.08,
 140.049910,   35.656306,       54.14,
 140.054414,   35.656306,       54.19,
 139.770631,   35.660811,       13.36,
 139.775135,   35.660811,       13.12,
 139.779640,   35.660811,       12.49,
 139.784144,   35.660811,       11.87,
 139.788649,   35.660811,       11.63,
 139.793153,   35.660811,       11.83,
 139.797658,   35.660811,       12.63,
 139.802162,   35.660811,       14.76,
 139.806667,   35.660811,       16.80,
 139.811171,   35.660811,       18.44,
 139.815676,   35.660811,       19.81,
 139.820180,   35.660811,       20.83,
 139.824685,   35.660811,       21.40,
 139.829189,   35.660811,       21.90,
 139.833694,   35.660811,       22.91,
 139.838198,   35.660811,       24.35,
 139.842703,   35.660811,       25.35,
 139.847207,   35.660811,       26.09,
 139.851712,   35.660811,       17.27,
 139.856216,   35.660811,        8.00,
 139.910270,   35.660811,       49.56,
 139.914775,   35.660811,       49.45,
 139.919279,   35.660811,       49.40,
 139.923784,   35.660811,       49.41,
 139.928288,   35.660811,       49.43,
 139.932793,   35.660811,       49.45,
 139.937297,   35.660811,       49.47,
 139.941802,   35.660811,       49.51,
 139.946306,   35.660811,       49.54,
 139.950811,   35.660811,       49.59,
 139.955315,   35.660811,       49.78,
 139.959820,   35.660811,       50.04,
 139.964324,   35.660811,       50.35,
 139.968829,   35.660811,       50.72,
 139.973333,   35.660811,       51.11,
 139.977838,   35.660811,       51.52,
 139.982342,   35.660811,       51.96,
 139.986847,   35.660811,       52.38,
 139.991351,   35.660811,       52.79,
 139.995856,   35.660811,       53.17,
 140.000360,   35.660811,       53.53,
 140.004865,   35.660811,       53.79,
 140.009369,   35.660811,       54.03,
 140.013874,   35.660811,       54.22,
 140.018378,   35.660811,       54.32,
 140.022883,   35.660811,       54.31,
 140.027387,   35.660811,       54.31,
 140.031892,   35.660811,       54.33,
 140.036396,   35.660811,       54.38,
 140.040901,   35.660811,       54.43,
 140.045405,   35.660811,       54.48,
 139.779640,   35.665315,       11.84,
 139.784144,   35.665315,       11.30,
 139.788649,   35.665315,       10.68,
 139.793153,   35.665315,       10.66,
 139.811171,   35.665315,       17.35,
 139.815676,   35.665315,       18.13,
 139.820180,   35.665315,       18.02,
 139.829189,   35.665315,       17.42,
 139.833694,   35.665315,       17.87,
 139.838198,   35.665315,       19.83,
 139.842703,   35.665315,       18.72,
 139.847207,   35.665315,       15.35,
 139.910270,   35.665315,       50.25,
 139.914775,   35.665315,       50.42,
 139.919279,   35.665315,       50.37,
 139.923784,   35.665315,       50.40,
 139.928288,   35.665315,       50.43,
 139.932793,   35.665315,       50.48,
 139.937297,   35.665315,       50.51,
 139.941802,   35.665315,       50.55,
 139.946306,   35.665315,       50.58,
 139.950811,   35.665315,       50.65,
 139.955315,   35.665315,       50.76,
 139.959820,   35.665315,       50.90,
 139.964324,   35.665315,       51.04,
 139.968829,   35.665315,       51.47,
 139.973333,   35.665315,       51.87,
 139.977838,   35.665315,       52.25,
 139.982342,   35.665315,       52.60,
 139.986847,   35.665315,       53.00,
 139.991351,   35.665315,       53.41,
 139.995856,   35.665315,       53.81,
 140.000360,   35.665315,       54.16,
 140.004865,   35.665315,       54.45,
 140.009369,   35.665315,       54.71,
 140.013874,   35.665315,       54.92,
 140.018378,   35.665315,       54.91,
 140.022883,   35.665315,       54.84,
 140.027387,   35.665315,       54.81,
 140.031892,   35.665315,       54.79,
 140.036396,   35.665315,       54.80,
 139.784144,   35.669820,        8.32,
 139.788649,   35.669820,       10.13,
 139.919279,   35.669820,       51.32,
 139.923784,   35.669820,       51.32,
 139.928288,   35.669820,       51.33,
 139.932793,   35.669820,       51.34,
 139.937297,   35.669820,       51.42,
 139.941802,   35.669820,       51.52,
 139.946306,   35.669820,       51.61,
 139.950811,   35.669820,       51.68,
 139.955315,   35.669820,       51.80,
 139.959820,   35.669820,       51.92,
 139.964324,   35.669820,       52.05,
 139.968829,   35.669820,       52.32,
 139.973333,   35.669820,       52.71,
 139.977838,   35.669820,       53.08,
 139.982342,   35.669820,       53.40,
 139.986847,   35.669820,       53.73,
 139.991351,   35.669820,       54.09,
 139.995856,   35.669820,       54.48,
 140.000360,   35.669820,       54.79,
 140.004865,   35.669820,       55.03,
 140.009369,   35.669820,       55.31,
 140.013874,   35.669820,       55.50,
 140.018378,   35.669820,       55.36,
 140.022883,   35.669820,       55.28,
 140.027387,   35.669820,       55.24,
 140.031892,   35.669820,       55.23,
 139.923784,   35.674324,       52.19,
 139.928288,   35.674324,       52.17,
 139.932793,   35.674324,       52.18,
 139.937297,   35.674324,       52.27,
 139.941802,   35.674324,       52.39,
 139.946306,   35.674324,       52.52,
 139.950811,   35.674324,       52.65,
 139.955315,   35.674324,       52.73,
 139.959820,   35.674324,       52.86,
 139.964324,   35.674324,       53.02,
 139.968829,   35.674324,       53.24,
 139.973333,   35.674324,       53.57,
 139.977838,   35.674324,       53.89,
 139.982342,   35.674324,       54.16,
 139.986847,   35.674324,       54.45,
 139.991351,   35.674324,       54.79,
 139.995856,   35.674324,       55.15,
 140.000360,   35.674324,       55.29,
 140.004865,   35.674324,       55.46,
 140.009369,   35.674324,       55.65,
 140.013874,   35.674324,       55.74,
 140.018378,   35.674324,       55.69,
 140.022883,   35.674324,       55.63,
 139.788649,   35.678829,       -1.56,
 139.887748,   35.678829,       29.85,
 139.932793,   35.678829,       53.00,
 139.937297,   35.678829,       53.05,
 139.941802,   35.678829,       53.11,
 139.946306,   35.678829,       53.18,
 139.950811,   35.678829,       53.29,
 139.955315,   35.678829,       53.45,
 139.959820,   35.678829,       53.62,
 139.964324,   35.678829,       53.84,
 139.968829,   35.678829,       54.12,
 139.973333,   35.678829,       54.40,
 139.977838,   35.678829,       54.58,
 139.982342,   35.678829,       54.79,
 139.986847,   35.678829,       55.03,
 139.991351,   35.678829,       55.32,
 139.995856,   35.678829,       55.53,
 140.000360,   35.678829,       55.65,
 140.004865,   35.678829,       55.77,
 140.009369,   35.678829,       55.90,
 140.013874,   35.678829,       55.97,
 139.793153,   35.683333,       -5.21,
 139.892252,   35.683333,       32.27,
 139.896757,   35.683333,       33.97,
 139.901261,   35.683333,       35.80,
 139.950811,   35.683333,       53.88,
 139.955315,   35.683333,       54.05,
 139.959820,   35.683333,       54.23,
 139.964324,   35.683333,       54.45,
 139.968829,   35.683333,       54.70,
 139.973333,   35.683333,       54.91,
 139.977838,   35.683333,       55.09,
 139.982342,   35.683333,       55.29,
 139.986847,   35.683333,       55.51,
 139.991351,   35.683333,       55.74,
 139.995856,   35.683333,       55.89,
 140.000360,   35.683333,       55.98,
 140.004865,   35.683333,       56.07,
 139.793153,   35.687838,      -10.98,
 139.847207,   35.687838,       15.61,
 139.910270,   35.687838,       38.69,
 139.946306,   35.687838,       54.33,
 139.950811,   35.687838,       54.43,
 139.955315,   35.687838,       54.58,
 139.959820,   35.687838,       54.74,
 139.964324,   35.687838,       54.91,
 139.968829,   35.687838,       55.10,
 139.973333,   35.687838,       55.28,
 139.977838,   35.687838,       55.49,
 139.982342,   35.687838,       55.70,
 139.986847,   35.687838,       55.91,
 139.991351,   35.687838,       56.11,
 139.995856,   35.687838,       56.26,
 139.788649,   35.692342,      -19.34,
 139.914775,   35.692342,       39.48,
 139.959820,   35.692342,       55.18,
 139.964324,   35.692342,       55.32,
 139.968829,   35.692342,       55.47,
 139.973333,   35.692342,       55.65,
 139.977838,   35.692342,       55.87,
 139.982342,   35.692342,       56.08,
 139.986847,   35.692342,       56.29,
 139.991351,   35.692342,       56.50,
