 139.140000,   34.850000,       40.65,
 139.144505,   34.850000,       39.49,
 139.149009,   34.850000,       38.36,
 139.153514,   34.850000,       37.28,
 139.158018,   34.850000,       36.25,
 139.162523,   34.850000,       35.25,
 139.167027,   34.850000,       34.30,
 139.171532,   34.850000,       33.40,
 139.176036,   34.850000,       32.53,
 139.180541,   34.850000,       31.72,
 139.185045,   34.850000,       30.94,
 139.189550,   34.850000,       30.30,
 139.194054,   34.850000,       30.52,
 139.198559,   34.850000,       30.74,
 139.203063,   34.850000,       30.96,
 139.207568,   34.850000,       31.18,
 139.212072,   34.850000,       31.44,
 139.216577,   34.850000,       31.70,
 139.221081,   34.850000,       31.97,
 139.225586,   34.850000,       32.25,
 139.230090,   34.850000,       32.52,
 139.234595,   34.850000,       32.80,
 139.239099,   34.850000,       33.08,
 139.243604,   34.850000,       33.36,
 139.248108,   34.850000,       33.65,
 139.252613,   34.850000,       33.93,
 139.257117,   34.850000,       34.22,
 139.261622,   34.850000,       34.51,
 139.266126,   34.850000,       34.81,
 139.270631,   34.850000,       35.10,
 139.275135,   34.850000,       35.40,
 139.279640,   34.850000,       35.70,
 139.284144,   34.850000,       36.00,
 139.288649,   34.850000,       36.31,
 139.293153,   34.850000,       36.62,
 139.297658,   34.850000,       36.92,
 139.302162,   34.850000,       37.24,
 139.306667,   34.850000,       37.54,
 139.311171,   34.850000,       37.95,
 139.315676,   34.850000,       38.45,
 139.320180,   34.850000,       38.94,
 139.324685,   34.850000,       39.41,
 139.329189,   34.850000,       39.86,
 139.333694,   34.850000,       40.30,
 139.338198,   34.850000,       40.71,
 139.342703,   34.850000,       41.11,
 139.347207,   34.850000,       41.49,
 139.351712,   34.850000,       41.86,
 139.356216,   34.850000,       42.20,
 139.360721,   34.850000,       42.53,
 139.365225,   34.850000,       42.83,
 139.369730,   34.850000,       43.12,
 139.374234,   34.850000,       43.39,
 139.378739,   34.850000,       43.65,
 139.383243,   34.850000,       43.88,
 139.387748,   34.850000,       44.16,
 139.392252,   34.850000,       44.35,
 139.396757,   34.850000,       44.43,
 139.401261,   34.850000,       44.55,
 139.405766,   34.850000,       44.68,
 139.410270,   34.850000,       44.80,
 139.414775,   34.850000,       44.91,
 139.419279,   34.850000,       45.00,
 139.423784,   34.850000,       45.10,
 139.428288,   34.850000,       45.26,
 139.432793,   34.850000,       45.53,
 139.437297,   34.850000,       45.91,
 139.441802,   34.850000,       46.40,
 139.446306,   34.850000,       47.01,
 139.450811,   34.850000,       47.66,
 139.455315,   34.850000,       48.32,
 139.459820,   34.850000,       48.96,
 139.464324,   34.850000,       49.59,
 139.468829,   34.850000,       50.19,
 139.473333,   34.850000,       50.76,
 139.477838,   34.850000,       51.68,
 139.482342,   34.850000,       53.32,
 139.486847,   34.850000,       54.97,
 139.491351,   34.850000,       56.58,
 139.495856,   34.850000,       58.15,
 139.500360,   34.850000,       59.72,
 139.504865,   34.850000,       61.29,
 139.509369,   34.850000,       62.87,
 139.513874,   34.850000,       64.44,
 139.518378,   34.850000,       65.93,
 139.522883,   34.850000,       67.34,
 139.527387,   34.850000,       68.68,
 139.531892,   34.850000,       69.89,
 139.536396,   34.850000,       71.01,
 139.540901,   34.850000,       72.09,
 139.545405,   34.850000,       73.18,
 139.549910,   34.850000,       73.18,
 139.554414,   34.850000,       73.18,
 139.558919,   34.850000,       73.18,
 139.563423,   34.850000,       72.90,
 139.567928,   34.850000,       72.90,
 139.572432,   34.850000,       72.90,
 139.576937,   34.850000,       72.90,
 139.581441,   34.850000,       72.90,
 139.585946,   34.850000,       71.87,
 139.590450,   34.850000,       70.91,
 139.594955,   34.850000,       69.95,
 139.599459,   34.850000,       68.66,
 139.603964,   34.850000,       66.97,
 139.608468,   34.850000,       65.10,
 139.612973,   34.850000,       63.16,
 139.617477,   34.850000,       61.22,
 139.621982,   34.850000,       59.29,
 139.626486,   34.850000,       57.36,
 139.630991,   34.850000,       55.14,
 139.635495,   34.850000,       52.18,
 139.640000,   34.850000,       49.03,
 139.644505,   34.850000,       45.99,
 139.649009,   34.850000,       42.97,
 139.653514,   34.850000,       40.84,
 139.658018,   34.850000,       40.76,
 139.662523,   34.850000,       42.60,
 139.667027,   34.850000,       44.63,
 139.671532,   34.850000,       46.58,
 139.676036,   34.850000,       48.05,
 139.680541,   34.850000,       49.44,
 139.685045,   34.850000,       50.92,
 139.689550,   34.850000,       52.43,
 139.694054,   34.850000,       52.65,
 139.698559,   34.850000,       52.19,
 139.703063,   34.850000,       50.95,
 139.707568,   34.850000,       49.51,
 139.712072,   34.850000,       48.47,
 139.716577,   34.850000,       47.51,
 139.721081,   34.850000,       46.65,
 139.725586,   34.850000,       45.63,
 139.730090,   34.850000,       44.43,
 139.734595,   34.850000,       43.31,
 139.739099,   34.850000,       42.22,
 139.743604,   34.850000,       41.43,
 139.748108,   34.850000,       41.02,
 139.752613,   34.850000,       40.75,
 139.757117,   34.850000,       39.94,
 139.761622,   34.850000,       38.29,
 139.766126,   34.850000,       36.91,
 139.770631,   34.850000,       36.69,
 139.775135,   34.850000,       36.83,
 139.779640,   34.850000,       36.35,
 139.784144,   34.850000,       34.75,
 139.788649,   34.850000,       33.15,
 139.793153,   34.850000,       31.75,
 139.797658,   34.850000,       30.51,
 139.802162,   34.850000,       30.39,
 139.806667,   34.850000,       31.17,
 139.811171,   34.850000,       32.62,
 139.815676,   34.850000,       33.86,
 139.820180,   34.850000,       34.93,
 139.824685,   34.850000,       35.88,
 139.829189,   34.850000,       36.43,
 139.833694,   34.850000,       36.92,
 139.838198,   34.850000,       37.40,
 139.842703,   34.850000,       37.89,
 139.847207,   34.850000,       38.50,
 139.851712,   34.850000,       39.22,
 139.856216,   34.850000,       39.90,
 139.860721,   34.850000,       40.14,
 139.865225,   34.850000,       40.28,
 139.869730,   34.850000,       40.49,
 139.874234,   34.850000,       40.78,
 139.878739,   34.850000,       40.99,
 139.883243,   34.850000,       41.03,
 139.887748,   34.850000,       42.02,
 139.892252,   34.850000,       42.31,
 139.896757,   34.850000,       41.36,
 139.901261,   34.850000,       41.57,
 139.905766,   34.850000,       44.31,
 139.910270,   34.850000,       45.34,
 139.914775,   34.850000,       44.57,
 139.919279,   34.850000,       43.09,
 139.923784,   34.850000,       41.73,
 139.928288,   34.850000,       40.90,
 139.932793,   34.850000,       40.84,
 139.937297,   34.850000,       41.27,
 139.941802,   34.850000,       41.85,
 139.946306,   34.850000,       42.25,
 139.950811,   34.850000,       41.74,
 139.955315,   34.850000,       41.45,
 139.959820,   34.850000,       41.57,
 139.964324,   34.850000,       43.04,
 139.968829,   34.850000,       46.46,
 139.973333,   34.850000,       48.69,
 139.977838,   34.850000,       49.68,
 139.982342,   34.850000,       50.07,
 139.986847,   34.850000,       48.54,
 139.991351,   34.850000,       44.81,
 139.995856,   34.850000,       42.21,
 140.000360,   34.850000,       40.37,
 140.004865,   34.850000,       38.91,
 140.009369,   34.850000,       37.94,
 140.013874,   34.850000,       37.88,
 140.018378,   34.850000,       38.31,
 140.022883,   34.850000,       39.05,
 140.027387,   34.850000,       40.01,
 140.031892,   34.850000,       41.09,
 140.036396,   34.850000,       42.18,
 140.040901,   34.850000,       43.29,
 140.045405,   34.850000,       44.44,
 140.049910,   34.850000,       45.63,
 140.054414,   34.850000,       46.90,
 140.058919,   34.850000,       48.26,
 140.063423,   34.850000,       48.10,
 140.067928,   34.850000,       47.22,
 140.072432,   34.850000,       46.41,
 140.076937,   34.850000,       45.65,
 140.081441,   34.850000,       44.92,
 140.085946,   34.850000,       44.21,
 140.090450,   34.850000,       43.54,
 140.094955,   34.850000,       42.91,
 140.099459,   34.850000,       42.37,
 140.103964,   34.850000,       41.89,
 140.108468,   34.850000,       41.47,
 140.112973,   34.850000,       41.11,
 140.117477,   34.850000,       40.86,
 140.121982,   34.850000,       40.75,
 140.126486,   34.850000,       40.70,
 140.130991,   34.850000,       40.63,
 140.135495,   34.850000,       40.55,
 140.140000,   34.850000,       40.47,
 140.144505,   34.850000,       40.38,
 140.149009,   34.850000,       40.29,
 140.153514,   34.850000,       40.19,
 140.158018,   34.850000,       40.09,
 140.162523,   34.850000,       39.99,
 140.167027,   34.850000,       39.90,
 140.171532,   34.850000,       39.82,
 140.176036,   34.850000,       39.73,
 140.180541,   34.850000,       39.65,
 140.185045,   34.850000,       39.58,
 140.189550,   34.850000,       39.51,
 140.194054,   34.850000,       39.44,
 140.198559,   34.850000,       39.37,
 140.203063,   34.850000,       39.30,
 140.207568,   34.850000,       39.32,
 140.212072,   34.850000,       39.35,
 140.216577,   34.850000,       39.39,
 140.221081,   34.850000,       39.43,
 140.225586,   34.850000,       39.49,
 140.230090,   34.850000,       39.55,
 140.234595,   34.850000,       39.63,
 140.239099,   34.850000,       39.71,
 140.243604,   34.850000,       39.80,
 140.248108,   34.850000,       39.90,
 140.252613,   34.850000,       40.00,
 140.257117,   34.850000,       40.12,
 140.261622,   34.850000,       40.25,
 140.266126,   34.850000,       40.38,
 140.270631,   34.850000,       40.52,
 140.275135,   34.850000,       40.67,
 140.279640,   34.850000,       40.80,
 140.284144,   34.850000,       40.78,
 140.288649,   34.850000,       40.77,
 140.293153,   34.850000,       40.51,
 140.297658,   34.850000,       40.24,
 140.302162,   34.850000,       39.96,
 140.306667,   34.850000,       39.68,
 140.311171,   34.850000,       39.38,
 140.315676,   34.850000,       39.08,
 140.320180,   34.850000,       38.77,
 140.324685,   34.850000,       38.45,
 140.329189,   34.850000,       38.12,
 140.333694,   34.850000,       37.78,
 140.338198,   34.850000,       37.44,
 140.342703,   34.850000,       37.09,
 140.347207,   34.850000,       36.73,
 140.351712,   34.850000,       36.36,
 140.356216,   34.850000,       35.98,
 140.360721,   34.850000,       35.60,
 140.365225,   34.850000,       35.37,
 140.369730,   34.850000,       35.14,
 140.374234,   34.850000,       34.90,
 140.378739,   34.850000,       34.67,
 140.383243,   34.850000,       34.43,
 140.387748,   34.850000,       34.18,
 139.140000,   34.854505,       41.65,
 139.144505,   34.854505,       40.48,
 139.149009,   34.854505,       39.35,
 139.153514,   34.854505,       38.27,
 139.158018,   34.854505,       37.23,
 139.162523,   34.854505,       36.23,
 139.167027,   34.854505,       35.28,
 139.171532,   34.854505,       34.37,
 139.176036,   34.854505,       33.51,
 139.180541,   34.854505,       32.68,
 139.185045,   34.854505,       31.91,
 139.189550,   34.854505,       31.17,
 139.194054,   34.854505,       30.51,
 139.198559,   34.854505,       30.72,
 139.203063,   34.854505,       30.94,
 139.207568,   34.854505,       31.16,
 139.212072,   34.854505,       31.38,
 139.216577,   34.854505,       31.65,
 139.221081,   34.854505,       31.92,
 139.225586,   34.854505,       32.19,
 139.230090,   34.854505,       32.47,
 139.234595,   34.854505,       32.74,
 139.239099,   34.854505,       33.02,
 139.243604,   34.854505,       33.31,
 139.248108,   34.854505,       33.59,
 139.252613,   34.854505,       33.88,
 139.257117,   34.854505,       34.17,
 139.261622,   34.854505,       34.46,
 139.266126,   34.854505,       34.75,
 139.270631,   34.854505,       35.05,
 139.275135,   34.854505,       35.35,
 139.279640,   34.854505,       35.65,
 139.284144,   34.854505,       35.95,
 139.288649,   34.854505,       36.26,
 139.293153,   34.854505,       36.56,
 139.297658,   34.854505,       36.87,
 139.302162,   34.854505,       37.19,
 139.306667,   34.854505,       37.50,
 139.311171,   34.854505,       37.80,
 139.315676,   34.854505,       38.26,
 139.320180,   34.854505,       38.74,
 139.324685,   34.854505,       39.21,
 139.329189,   34.854505,       39.65,
 139.333694,   34.854505,       40.08,
 139.338198,   34.854505,       40.49,
 139.342703,   34.854505,       40.88,
 139.347207,   34.854505,       41.25,
 139.351712,   34.854505,       41.61,
 139.356216,   34.854505,       41.94,
 139.360721,   34.854505,       42.26,
 139.365225,   34.854505,       42.56,
 139.369730,   34.854505,       42.84,
 139.374234,   34.854505,       43.11,
 139.378739,   34.854505,       43.36,
 139.383243,   34.854505,       43.67,
 139.387748,   34.854505,       43.94,
 139.392252,   34.854505,       44.12,
 139.396757,   34.854505,       44.18,
 139.401261,   34.854505,       44.20,
 139.405766,   34.854505,       44.23,
 139.410270,   34.854505,       44.28,
 139.414775,   34.854505,       44.32,
 139.419279,   34.854505,       44.33,
 139.423784,   34.854505,       44.35,
 139.428288,   34.854505,       44.38,
 139.432793,   34.854505,       44.59,
 139.437297,   34.854505,       44.98,
 139.441802,   34.854505,       45.55,
 139.446306,   34.854505,       46.27,
 139.450811,   34.854505,       46.99,
 139.455315,   34.854505,       47.71,
 139.459820,   34.854505,       48.40,
 139.464324,   34.854505,       49.07,
 139.468829,   34.854505,       49.75,
 139.473333,   34.854505,       50.56,
 139.477838,   34.854505,       51.61,
 139.482342,   34.854505,       52.96,
 139.486847,   34.854505,       54.47,
 139.491351,   34.854505,       55.99,
 139.495856,   34.854505,       57.53,
 139.500360,   34.854505,       59.07,
 139.504865,   34.854505,       60.63,
 139.509369,   34.854505,       62.23,
 139.513874,   34.854505,       63.79,
 139.518378,   34.854505,       65.27,
 139.522883,   34.854505,       66.68,
 139.527387,   34.854505,       68.01,
 139.531892,   34.854505,       69.26,
 139.536396,   34.854505,       70.41,
 139.540901,   34.854505,       71.50,
 139.545405,   34.854505,       71.50,
 139.549910,   34.854505,       71.50,
 139.554414,   34.854505,       71.50,
 139.558919,   34.854505,       71.50,
 139.563423,   34.854505,       71.47,
 139.567928,   34.854505,       71.47,
 139.572432,   34.854505,       71.47,
 139.576937,   34.854505,       71.47,
 139.581441,   34.854505,       71.47,
 139.585946,   34.854505,       70.23,
 139.590450,   34.854505,       69.02,
 139.594955,   34.854505,       67.72,
 139.599459,   34.854505,       66.15,
 139.603964,   34.854505,       64.44,
 139.608468,   34.854505,       62.57,
 139.612973,   34.854505,       60.59,
 139.617477,   34.854505,       58.62,
 139.621982,   34.854505,       56.64,
 139.626486,   34.854505,       54.65,
 139.630991,   34.854505,       52.51,
 139.635495,   34.854505,       49.70,
 139.640000,   34.854505,       47.03,
 139.644505,   34.854505,       44.34,
 139.649009,   34.854505,       41.73,
 139.653514,   34.854505,       39.89,
 139.658018,   34.854505,       39.19,
 139.662523,   34.854505,       40.26,
 139.667027,   34.854505,       42.27,
 139.671532,   34.854505,       44.26,
 139.676036,   34.854505,       46.02,
 139.680541,   34.854505,       47.56,
 139.685045,   34.854505,       49.32,
 139.689550,   34.854505,       51.53,
 139.694054,   34.854505,       53.44,
 139.698559,   34.854505,       52.95,
 139.703063,   34.854505,       50.94,
 139.707568,   34.854505,       49.19,
 139.712072,   34.854505,       48.00,
 139.716577,   34.854505,       46.80,
 139.721081,   34.854505,       45.52,
 139.725586,   34.854505,       44.44,
 139.730090,   34.854505,       43.62,
 139.734595,   34.854505,       42.74,
 139.739099,   34.854505,       41.76,
 139.743604,   34.854505,       41.13,
 139.748108,   34.854505,       40.74,
 139.752613,   34.854505,       40.33,
 139.757117,   34.854505,       39.29,
 139.761622,   34.854505,       38.00,
 139.766126,   34.854505,       36.58,
 139.770631,   34.854505,       36.33,
 139.775135,   34.854505,       36.30,
 139.779640,   34.854505,       36.07,
 139.784144,   34.854505,       35.16,
 139.788649,   34.854505,       33.55,
 139.793153,   34.854505,       32.14,
 139.797658,   34.854505,       31.15,
 139.802162,   34.854505,       31.20,
 139.806667,   34.854505,       31.61,
 139.811171,   34.854505,       32.27,
 139.815676,   34.854505,       33.34,
 139.820180,   34.854505,       34.44,
 139.824685,   34.854505,       35.50,
 139.829189,   34.854505,       36.23,
 139.833694,   34.854505,       36.77,
 139.838198,   34.854505,       37.23,
 139.842703,   34.854505,       37.63,
 139.847207,   34.854505,       38.22,
 139.851712,   34.854505,       38.91,
 139.856216,   34.854505,       39.24,
 139.860721,   34.854505,       39.28,
 139.865225,   34.854505,       39.55,
 139.869730,   34.854505,       39.87,
 139.874234,   34.854505,       39.87,
 139.878739,   34.854505,       39.79,
 139.883243,   34.854505,       39.51,
 139.887748,   34.854505,       39.25,
 139.892252,   34.854505,       39.11,
 139.896757,   34.854505,       39.02,
 139.901261,   34.854505,       38.98,
 139.905766,   34.854505,       39.60,
 139.910270,   34.854505,       40.58,
 139.914775,   34.854505,       41.30,
 139.919279,   34.854505,       41.10,
 139.923784,   34.854505,       40.47,
 139.928288,   34.854505,       39.89,
 139.932793,   34.854505,       39.55,
 139.937297,   34.854505,       39.52,
 139.941802,   34.854505,       39.88,
 139.946306,   34.854505,       40.30,
 139.950811,   34.854505,       40.24,
 139.955315,   34.854505,       40.04,
 139.959820,   34.854505,       40.22,
 139.964324,   34.854505,       40.68,
 139.968829,   34.854505,       41.75,
 139.973333,   34.854505,       43.23,
 139.977838,   34.854505,       43.88,
 139.982342,   34.854505,       43.75,
 139.986847,   34.854505,       43.00,
 139.991351,   34.854505,       40.93,
 139.995856,   34.854505,       39.95,
 140.000360,   34.854505,       39.08,
 140.004865,   34.854505,       38.38,
 140.009369,   34.854505,       37.93,
 140.013874,   34.854505,       37.86,
 140.018378,   34.854505,       38.21,
 140.022883,   34.854505,       38.90,
 140.027387,   34.854505,       39.76,
 140.031892,   34.854505,       40.76,
 140.036396,   34.854505,       41.78,
 140.040901,   34.854505,       42.82,
 140.045405,   34.854505,       43.90,
 140.049910,   34.854505,       45.01,
 140.054414,   34.854505,       46.12,
 140.058919,   34.854505,       46.97,
 140.063423,   34.854505,       47.12,
 140.067928,   34.854505,       46.60,
 140.072432,   34.854505,       45.90,
 140.076937,   34.854505,       45.21,
 140.081441,   34.854505,       44.52,
 140.085946,   34.854505,       43.82,
 140.090450,   34.854505,       43.12,
 140.094955,   34.854505,       42.52,
 140.099459,   34.854505,       42.03,
 140.103964,   34.854505,       41.60,
 140.108468,   34.854505,       41.24,
 140.112973,   34.854505,       40.96,
 140.117477,   34.854505,       40.80,
 140.121982,   34.854505,       40.74,
 140.126486,   34.854505,       40.69,
 140.130991,   34.854505,       40.62,
 140.135495,   34.854505,       40.55,
 140.140000,   34.854505,       40.47,
 140.144505,   34.854505,       40.38,
 140.149009,   34.854505,       40.29,
 140.153514,   34.854505,       40.20,
 140.158018,   34.854505,       40.11,
 140.162523,   34.854505,       40.01,
 140.167027,   34.854505,       39.92,
 140.171532,   34.854505,       39.83,
 140.176036,   34.854505,       39.75,
 140.180541,   34.854505,       39.67,
 140.185045,   34.854505,       39.59,
 140.189550,   34.854505,       39.51,
 140.194054,   34.854505,       39.44,
 140.198559,   34.854505,       39.37,
 140.203063,   34.854505,       39.36,
 140.207568,   34.854505,       39.38,
 140.212072,   34.854505,       39.41,
 140.216577,   34.854505,       39.45,
 140.221081,   34.854505,       39.49,
 140.225586,   34.854505,       39.54,
 140.230090,   34.854505,       39.61,
 140.234595,   34.854505,       39.68,
 140.239099,   34.854505,       39.76,
 140.243604,   34.854505,       39.84,
 140.248108,   34.854505,       39.94,
 140.252613,   34.854505,       40.05,
 140.257117,   34.854505,       40.16,
 140.261622,   34.854505,       40.28,
 140.266126,   34.854505,       40.41,
 140.270631,   34.854505,       40.55,
 140.275135,   34.854505,       40.70,
 140.279640,   34.854505,       40.69,
 140.284144,   34.854505,       40.68,
 140.288649,   34.854505,       40.44,
 140.293153,   34.854505,       40.18,
 140.297658,   34.854505,       39.91,
 140.302162,   34.854505,       39.63,
 140.306667,   34.854505,       39.35,
 140.311171,   34.854505,       39.05,
 140.315676,   34.854505,       38.75,
 140.320180,   34.854505,       38.44,
 140.324685,   34.854505,       38.12,
 140.329189,   34.854505,       37.79,
 140.333694,   34.854505,       37.46,
 140.338198,   34.854505,       37.11,
 140.342703,   34.854505,       36.76,
 140.347207,   34.854505,       36.40,
 140.351712,   34.854505,       36.03,
 140.356216,   34.854505,       35.66,
 140.360721,   34.854505,       35.42,
 140.365225,   34.854505,       35.19,
 140.369730,   34.854505,       34.96,
 140.374234,   34.854505,       34.72,
 140.378739,   34.854505,       34.48,
 140.383243,   34.854505,       34.24,
 140.387748,   34.854505,       33.99,
 139.140000,   34.859009,       42.60,
 139.144505,   34.859009,       41.43,
 139.149009,   34.859009,       40.30,
 139.153514,   34.859009,       39.21,
 139.158018,   34.859009,       38.17,
 139.162523,   34.859009,       37.17,
 139.167027,   34.859009,       36.22,
 139.171532,   34.859009,       35.30,
 139.176036,   34.859009,       34.43,
 139.180541,   34.859009,       33.61,
 139.185045,   34.859009,       32.83,
 139.189550,   34.859009,       32.09,
 139.194054,   34.859009,       31.40,
 139.198559,   34.859009,       30.75,
 139.203063,   34.859009,       30.92,
 139.207568,   34.859009,       31.14,
 139.212072,   34.859009,       31.36,
 139.216577,   34.859009,       31.59,
 139.221081,   34.859009,       31.86,
 139.225586,   34.859009,       32.13,
 139.230090,   34.859009,       32.41,
 139.234595,   34.859009,       32.69,
 139.239099,   34.859009,       32.97,
 139.243604,   34.859009,       33.25,
 139.248108,   34.859009,       33.53,
 139.252613,   34.859009,       33.82,
 139.257117,   34.859009,       34.11,
 139.261622,   34.859009,       34.40,
 139.266126,   34.859009,       34.70,
 139.270631,   34.859009,       34.99,
 139.275135,   34.859009,       35.29,
 139.279640,   34.859009,       35.59,
 139.284144,   34.859009,       35.90,
 139.288649,   34.859009,       36.20,
 139.293153,   34.859009,       36.51,
 139.297658,   34.859009,       36.82,
 139.302162,   34.859009,       37.13,
 139.306667,   34.859009,       37.45,
 139.311171,   34.859009,       37.76,
 139.315676,   34.859009,       38.09,
 139.320180,   34.859009,       38.57,
 139.324685,   34.859009,       39.02,
 139.329189,   34.859009,       39.46,
 139.333694,   34.859009,       39.88,
 139.338198,   34.859009,       40.28,
 139.342703,   34.859009,       40.66,
 139.347207,   34.859009,       41.03,
 139.351712,   34.859009,       41.37,
 139.356216,   34.859009,       41.70,
 139.360721,   34.859009,       42.01,
 139.365225,   34.859009,       42.31,
 139.369730,   34.859009,       42.58,
 139.374234,   34.859009,       42.87,
 139.378739,   34.859009,       43.17,
 139.383243,   34.859009,       43.47,
 139.387748,   34.859009,       43.72,
 139.392252,   34.859009,       43.89,
 139.396757,   34.859009,       43.98,
 139.401261,   34.859009,       43.97,
 139.405766,   34.859009,       43.92,
 139.410270,   34.859009,       43.89,
 139.414775,   34.859009,       43.86,
 139.419279,   34.859009,       43.81,
 139.423784,   34.859009,       43.74,
 139.428288,   34.859009,       43.65,
 139.432793,   34.859009,       43.64,
 139.437297,   34.859009,       44.07,
 139.441802,   34.859009,       44.86,
 139.446306,   34.859009,       45.67,
 139.450811,   34.859009,       46.45,
 139.455315,   34.859009,       47.22,
 139.459820,   34.859009,       47.96,
 139.464324,   34.859009,       48.70,
 139.468829,   34.859009,       49.53,
 139.473333,   34.859009,       50.48,
 139.477838,   34.859009,       51.55,
 139.482342,   34.859009,       52.79,
 139.486847,   34.859009,       54.19,
 139.491351,   34.859009,       55.64,
 139.495856,   34.859009,       57.11,
 139.500360,   34.859009,       58.58,
 139.504865,   34.859009,       60.08,
 139.509369,   34.859009,       61.61,
 139.513874,   34.859009,       63.15,
 139.518378,   34.859009,       64.63,
 139.522883,   34.859009,       66.03,
 139.527387,   34.859009,       67.33,
 139.531892,   34.859009,       68.42,
 139.536396,   34.859009,       69.40,
 139.540901,   34.859009,       70.39,
 139.545405,   34.859009,       70.39,
 139.549910,   34.859009,       70.39,
 139.554414,   34.859009,       70.39,
 139.558919,   34.859009,       70.39,
 139.563423,   34.859009,       69.47,
 139.567928,   34.859009,       69.47,
 139.572432,   34.859009,       69.47,
 139.576937,   34.859009,       69.47,
 139.581441,   34.859009,       69.47,
 139.585946,   34.859009,       68.11,
 139.590450,   34.859009,       66.72,
 139.594955,   34.859009,       65.26,
 139.599459,   34.859009,       63.67,
 139.603964,   34.859009,       61.96,
 139.608468,   34.859009,       60.07,
 139.612973,   34.859009,       58.12,
 139.617477,   34.859009,       56.20,
 139.621982,   34.859009,       54.26,
 139.626486,   34.859009,       52.26,
 139.630991,   34.859009,       50.28,
 139.635495,   34.859009,       47.93,
 139.640000,   34.859009,       45.48,
 139.644505,   34.859009,       43.02,
 139.649009,   34.859009,       40.61,
 139.653514,   34.859009,       38.59,
 139.658018,   34.859009,       37.38,
 139.662523,   34.859009,       37.94,
 139.667027,   34.859009,       39.94,
 139.671532,   34.859009,       41.98,
 139.676036,   34.859009,       43.93,
 139.680541,   34.859009,       45.72,
 139.685045,   34.859009,       47.55,
 139.689550,   34.859009,       49.42,
 139.694054,   34.859009,       51.38,
 139.698559,   34.859009,       51.49,
 139.703063,   34.859009,       49.83,
 139.707568,   34.859009,       48.57,
 139.712072,   34.859009,       47.12,
 139.716577,   34.859009,       45.57,
 139.721081,   34.859009,       44.11,
 139.725586,   34.859009,       43.05,
 139.730090,   34.859009,       42.49,
 139.734595,   34.859009,       41.92,
 139.739099,   34.859009,       41.27,
 139.743604,   34.859009,       40.82,
 139.748108,   34.859009,       40.39,
 139.752613,   34.859009,       39.91,
 139.757117,   34.859009,       38.98,
 139.761622,   34.859009,       37.84,
 139.766126,   34.859009,       36.82,
 139.770631,   34.859009,       36.31,
 139.775135,   34.859009,       36.07,
 139.779640,   34.859009,       35.79,
 139.784144,   34.859009,       34.88,
 139.788649,   34.859009,       33.50,
 139.793153,   34.859009,       32.11,
 139.797658,   34.859009,       31.38,
 139.802162,   34.859009,       31.30,
 139.806667,   34.859009,       31.55,
 139.811171,   34.859009,       32.15,
 139.815676,   34.859009,       32.99,
 139.820180,   34.859009,       34.00,
 139.824685,   34.859009,       35.02,
 139.829189,   34.859009,       35.93,
 139.833694,   34.859009,       36.65,
 139.838198,   34.859009,       37.04,
 139.842703,   34.859009,       37.32,
 139.847207,   34.859009,       37.73,
 139.851712,   34.859009,       38.12,
 139.856216,   34.859009,       37.99,
 139.860721,   34.859009,       37.84,
 139.865225,   34.859009,       38.03,
 139.869730,   34.859009,       38.37,
 139.874234,   34.859009,       38.60,
 139.878739,   34.859009,       38.49,
 139.883243,   34.859009,       38.15,
 139.887748,   34.859009,       37.73,
 139.892252,   34.859009,       37.39,
 139.896757,   34.859009,       37.40,
 139.901261,   34.859009,       37.44,
 139.905766,   34.859009,       37.31,
 139.910270,   34.859009,       38.12,
 139.914775,   34.859009,       38.70,
 139.919279,   34.859009,       38.62,
 139.923784,   34.859009,       38.08,
 139.928288,   34.859009,       37.49,
 139.932793,   34.859009,       36.73,
 139.937297,   34.859009,       36.23,
 139.941802,   34.859009,       36.09,
 139.946306,   34.859009,       36.80,
 139.950811,   34.859009,       37.34,
 139.955315,   34.859009,       37.53,
 139.959820,   34.859009,       37.87,
 139.964324,   34.859009,       38.47,
 139.968829,   34.859009,       39.01,
 139.973333,   34.859009,       39.48,
 139.977838,   34.859009,       39.78,
 139.982342,   34.859009,       39.70,
 139.986847,   34.859009,       39.27,
 139.991351,   34.859009,       39.40,
 139.995856,   34.859009,       39.01,
 140.000360,   34.859009,       38.59,
 140.004865,   34.859009,       38.23,
 140.009369,   34.859009,       37.90,
 140.013874,   34.859009,       37.74,
 140.018378,   34.859009,       38.02,
 140.022883,   34.859009,       38.64,
 140.027387,   34.859009,       39.41,
 140.031892,   34.859009,       40.30,
 140.036396,   34.859009,       41.21,
 140.040901,   34.859009,       42.14,
 140.045405,   34.859009,       43.09,
 140.049910,   34.859009,       44.05,
 140.054414,   34.859009,       44.91,
 140.058919,   34.859009,       45.41,
 140.063423,   34.859009,       45.61,
 140.067928,   34.859009,       45.50,
 140.072432,   34.859009,       45.10,
 140.076937,   34.859009,       44.57,
 140.081441,   34.859009,       43.98,
 140.085946,   34.859009,       43.34,
 140.090450,   34.859009,       42.65,
 140.094955,   34.859009,       42.10,
 140.099459,   34.859009,       41.66,
 140.103964,   34.859009,       41.31,
 140.108468,   34.859009,       41.03,
 140.112973,   34.859009,       40.84,
 140.117477,   34.859009,       40.76,
 140.121982,   34.859009,       40.73,
 140.126486,   34.859009,       40.68,
 140.130991,   34.859009,       40.62,
 140.135495,   34.859009,       40.55,
 140.140000,   34.859009,       40.47,
 140.144505,   34.859009,       40.38,
 140.149009,   34.859009,       40.29,
 140.153514,   34.859009,       40.21,
 140.158018,   34.859009,       40.12,
 140.162523,   34.859009,       40.03,
 140.167027,   34.859009,       39.94,
 140.171532,   34.859009,       39.84,
 140.176036,   34.859009,       39.76,
 140.180541,   34.859009,       39.67,
 140.185045,   34.859009,       39.59,
 140.189550,   34.859009,       39.52,
 140.194054,   34.859009,       39.44,
 140.198559,   34.859009,       39.41,
 140.203063,   34.859009,       39.42,
 140.207568,   34.859009,       39.44,
 140.212072,   34.859009,       39.46,
 140.216577,   34.859009,       39.50,
 140.221081,   34.859009,       39.54,
 140.225586,   34.859009,       39.59,
 140.230090,   34.859009,       39.65,
 140.234595,   34.859009,       39.72,
 140.239099,   34.859009,       39.80,
 140.243604,   34.859009,       39.88,
 140.248108,   34.859009,       39.98,
 140.252613,   34.859009,       40.08,
 140.257117,   34.859009,       40.19,
 140.261622,   34.859009,       40.31,
 140.266126,   34.859009,       40.44,
 140.270631,   34.859009,       40.58,
 140.275135,   34.859009,       40.60,
 140.279640,   34.859009,       40.59,
 140.284144,   34.859009,       40.37,
 140.288649,   34.859009,       40.12,
 140.293153,   34.859009,       39.86,
 140.297658,   34.859009,       39.59,
 140.302162,   34.859009,       39.31,
 140.306667,   34.859009,       39.03,
 140.311171,   34.859009,       38.73,
 140.315676,   34.859009,       38.43,
 140.320180,   34.859009,       38.12,
 140.324685,   34.859009,       37.80,
 140.329189,   34.859009,       37.47,
 140.333694,   34.859009,       37.14,
 140.338198,   34.859009,       36.80,
 140.342703,   34.859009,       36.44,
 140.347207,   34.859009,       36.08,
 140.351712,   34.859009,       35.72,
 140.356216,   34.859009,       35.47,
 140.360721,   34.859009,       35.24,
 140.365225,   34.859009,       35.01,
 140.369730,   34.859009,       34.78,
 140.374234,   34.859009,       34.53,
 140.378739,   34.859009,       34.29,
 140.383243,   34.859009,       34.04,
 140.387748,   34.859009,       33.80,
 139.140000,   34.863514,       43.51,
 139.144505,   34.863514,       42.34,
 139.149009,   34.863514,       41.20,
 139.153514,   34.863514,       40.11,
 139.158018,   34.863514,       39.07,
 139.162523,   34.863514,       38.07,
 139.167027,   34.863514,       37.11,
 139.171532,   34.863514,       36.19,
 139.176036,   34.863514,       35.32,
 139.180541,   34.863514,       34.49,
 139.185045,   34.863514,       33.71,
 139.189550,   34.863514,       32.97,
 139.194054,   34.863514,       32.27,
 139.198559,   34.863514,       31.61,
 139.203063,   34.863514,       31.00,
 139.207568,   34.863514,       31.12,
 139.212072,   34.863514,       31.34,
 139.216577,   34.863514,       31.56,
 139.221081,   34.863514,       31.80,
 139.225586,   34.863514,       32.07,
 139.230090,   34.863514,       32.35,
 139.234595,   34.863514,       32.63,
 139.239099,   34.863514,       32.91,
 139.243604,   34.863514,       33.19,
 139.248108,   34.863514,       33.47,
 139.252613,   34.863514,       33.76,
 139.257117,   34.863514,       34.05,
 139.261622,   34.863514,       34.35,
 139.266126,   34.863514,       34.64,
 139.270631,   34.863514,       34.94,
 139.275135,   34.863514,       35.24,
 139.279640,   34.863514,       35.54,
 139.284144,   34.863514,       35.84,
 139.288649,   34.863514,       36.15,
 139.293153,   34.863514,       36.46,
 139.297658,   34.863514,       36.77,
 139.302162,   34.863514,       37.08,
 139.306667,   34.863514,       37.40,
 139.311171,   34.863514,       37.71,
 139.315676,   34.863514,       38.03,
 139.320180,   34.863514,       38.41,
 139.324685,   34.863514,       38.85,
 139.329189,   34.863514,       39.28,
 139.333694,   34.863514,       39.70,
 139.338198,   34.863514,       40.09,
 139.342703,   34.863514,       40.46,
 139.347207,   34.863514,       40.82,
 139.351712,   34.863514,       41.16,
 139.356216,   34.863514,       41.48,
 139.360721,   34.863514,       41.79,
 139.365225,   34.863514,       42.07,
 139.369730,   34.863514,       42.38,
 139.374234,   34.863514,       42.68,
 139.378739,   34.863514,       42.98,
 139.383243,   34.863514,       43.27,
 139.387748,   34.863514,       43.51,
 139.392252,   34.863514,       43.69,
 139.396757,   34.863514,       43.80,
 139.401261,   34.863514,       43.81,
 139.405766,   34.863514,       43.72,
 139.410270,   34.863514,       43.63,
 139.414775,   34.863514,       43.54,
 139.419279,   34.863514,       43.43,
 139.423784,   34.863514,       43.31,
 139.428288,   34.863514,       43.16,
 139.432793,   34.863514,       43.02,
 139.437297,   34.863514,       43.50,
 139.441802,   34.863514,       44.36,
 139.446306,   34.863514,       45.21,
 139.450811,   34.863514,       46.04,
 139.455315,   34.863514,       46.84,
 139.459820,   34.863514,       47.63,
 139.464324,   34.863514,       48.46,
 139.468829,   34.863514,       49.39,
 139.473333,   34.863514,       50.40,
 139.477838,   34.863514,       51.49,
 139.482342,   34.863514,       52.67,
 139.486847,   34.863514,       53.97,
 139.491351,   34.863514,       55.36,
 139.495856,   34.863514,       56.76,
 139.500360,   34.863514,       58.17,
 139.504865,   34.863514,       59.59,
 139.509369,   34.863514,       61.05,
 139.513874,   34.863514,       62.54,
 139.518378,   34.863514,       64.02,
 139.522883,   34.863514,       65.40,
 139.527387,   34.863514,       66.47,
 139.531892,   34.863514,       67.29,
 139.536396,   34.863514,       68.06,
 139.540901,   34.863514,       68.06,
 139.545405,   34.863514,       68.06,
 139.549910,   34.863514,       68.06,
 139.554414,   34.863514,       68.06,
 139.558919,   34.863514,       68.30,
 139.563423,   34.863514,       68.30,
 139.567928,   34.863514,       68.30,
 139.572432,   34.863514,       68.30,
 139.576937,   34.863514,       68.30,
 139.581441,   34.863514,       66.93,
 139.585946,   34.863514,       65.56,
 139.590450,   34.863514,       64.19,
 139.594955,   34.863514,       62.79,
 139.599459,   34.863514,       61.23,
 139.603964,   34.863514,       59.50,
 139.608468,   34.863514,       57.67,
 139.612973,   34.863514,       55.85,
 139.617477,   34.863514,       54.06,
 139.621982,   34.863514,       52.25,
 139.626486,   34.863514,       50.46,
 139.630991,   34.863514,       48.73,
 139.635495,   34.863514,       46.66,
 139.640000,   34.863514,       44.26,
 139.644505,   34.863514,       41.86,
 139.649009,   34.863514,       39.48,
 139.653514,   34.863514,       37.19,
 139.658018,   34.863514,       35.33,
 139.662523,   34.863514,       35.63,
 139.667027,   34.863514,       37.94,
 139.671532,   34.863514,       40.30,
 139.676036,   34.863514,       42.48,
 139.680541,   34.863514,       44.42,
 139.685045,   34.863514,       45.82,
 139.689550,   34.863514,       46.99,
 139.694054,   34.863514,       47.98,
 139.698559,   34.863514,       48.39,
 139.703063,   34.863514,       47.17,
 139.707568,   34.863514,       45.96,
 139.712072,   34.863514,       44.88,
 139.716577,   34.863514,       43.67,
 139.721081,   34.863514,       42.48,
 139.725586,   34.863514,       41.67,
 139.730090,   34.863514,       41.67,
 139.734595,   34.863514,       41.58,
 139.739099,   34.863514,       41.28,
 139.743604,   34.863514,       40.53,
 139.748108,   34.863514,       39.99,
 139.752613,   34.863514,       39.54,
 139.757117,   34.863514,       38.87,
 139.761622,   34.863514,       37.97,
 139.766126,   34.863514,       37.18,
 139.770631,   34.863514,       36.60,
 139.775135,   34.863514,       36.15,
 139.779640,   34.863514,       35.57,
 139.784144,   34.863514,       34.47,
 139.788649,   34.863514,       33.13,
 139.793153,   34.863514,       32.04,
 139.797658,   34.863514,       31.69,
 139.802162,   34.863514,       31.29,
 139.806667,   34.863514,       31.39,
 139.811171,   34.863514,       32.29,
 139.815676,   34.863514,       32.98,
 139.820180,   34.863514,       33.68,
 139.824685,   34.863514,       34.91,
 139.829189,   34.863514,       35.89,
 139.833694,   34.863514,       36.60,
 139.838198,   34.863514,       36.82,
 139.842703,   34.863514,       37.08,
 139.847207,   34.863514,       37.33,
 139.851712,   34.863514,       37.35,
 139.856216,   34.863514,       37.13,
 139.860721,   34.863514,       36.68,
 139.865225,   34.863514,       36.73,
 139.869730,   34.863514,       37.22,
 139.874234,   34.863514,       37.48,
 139.878739,   34.863514,       37.47,
 139.883243,   34.863514,       37.18,
 139.887748,   34.863514,       36.72,
 139.892252,   34.863514,       36.30,
 139.896757,   34.863514,       36.45,
 139.901261,   34.863514,       36.67,
 139.905766,   34.863514,       36.76,
 139.910270,   34.863514,       36.52,
 139.914775,   34.863514,       36.40,
 139.919279,   34.863514,       36.00,
 139.923784,   34.863514,       35.20,
 139.928288,   34.863514,       34.23,
 139.932793,   34.863514,       33.34,
 139.937297,   34.863514,       32.57,
 139.941802,   34.863514,       32.77,
 139.946306,   34.863514,       33.80,
 139.950811,   34.863514,       34.27,
 139.955315,   34.863514,       34.72,
 139.959820,   34.863514,       35.59,
 139.964324,   34.863514,       36.40,
 139.968829,   34.863514,       37.07,
 139.973333,   34.863514,       37.32,
 139.977838,   34.863514,       37.51,
 139.982342,   34.863514,       37.75,
 139.986847,   34.863514,       38.06,
 139.991351,   34.863514,       38.36,
 139.995856,   34.863514,       38.37,
 140.000360,   34.863514,       38.16,
 140.004865,   34.863514,       37.94,
 140.009369,   34.863514,       37.75,
 140.013874,   34.863514,       37.56,
 140.018378,   34.863514,       37.71,
 140.022883,   34.863514,       38.26,
 140.027387,   34.863514,       38.96,
 140.031892,   34.863514,       39.73,
 140.036396,   34.863514,       40.50,
 140.040901,   34.863514,       41.30,
 140.045405,   34.863514,       42.10,
 140.049910,   34.863514,       42.89,
 140.054414,   34.863514,       43.51,
 140.058919,   34.863514,       43.87,
 140.063423,   34.863514,       44.06,
 140.067928,   34.863514,       44.09,
 140.072432,   34.863514,       43.97,
 140.076937,   34.863514,       43.66,
 140.081441,   34.863514,       43.24,
 140.085946,   34.863514,       42.73,
 140.090450,   34.863514,       42.11,
 140.094955,   34.863514,       41.63,
 140.099459,   34.863514,       41.28,
 140.103964,   34.863514,       41.03,
 140.108468,   34.863514,       40.86,
 140.112973,   34.863514,       40.78,
 140.117477,   34.863514,       40.76,
 140.121982,   34.863514,       40.72,
 140.126486,   34.863514,       40.68,
 140.130991,   34.863514,       40.62,
 140.135495,   34.863514,       40.55,
 140.140000,   34.863514,       40.47,
 140.144505,   34.863514,       40.39,
 140.149009,   34.863514,       40.30,
 140.153514,   34.863514,       40.21,
 140.158018,   34.863514,       40.12,
 140.162523,   34.863514,       40.03,
 140.167027,   34.863514,       39.94,
 140.171532,   34.863514,       39.85,
 140.176036,   34.863514,       39.76,
 140.180541,   34.863514,       39.68,
 140.185045,   34.863514,       39.60,
 140.189550,   34.863514,       39.52,
 140.194054,   34.863514,       39.47,
 140.198559,   34.863514,       39.46,
 140.203063,   34.863514,       39.47,
 140.207568,   34.863514,       39.48,
 140.212072,   34.863514,       39.51,
 140.216577,   34.863514,       39.54,
 140.221081,   34.863514,       39.58,
 140.225586,   34.863514,       39.63,
 140.230090,   34.863514,       39.69,
 140.234595,   34.863514,       39.75,
 140.239099,   34.863514,       39.83,
 140.243604,   34.863514,       39.91,
 140.248108,   34.863514,       40.00,
 140.252613,   34.863514,       40.11,
 140.257117,   34.863514,       40.22,
 140.261622,   34.863514,       40.33,
 140.266126,   34.863514,       40.46,
 140.270631,   34.863514,       40.51,
 140.275135,   34.863514,       40.50,
 140.279640,   34.863514,       40.30,
 140.284144,   34.863514,       40.06,
 140.288649,   34.863514,       39.81,
 140.293153,   34.863514,       39.55,
 140.297658,   34.863514,       39.28,
 140.302162,   34.863514,       39.00,
 140.306667,   34.863514,       38.71,
 140.311171,   34.863514,       38.42,
 140.315676,   34.863514,       38.12,
 140.320180,   34.863514,       37.81,
 140.324685,   34.863514,       37.49,
 140.329189,   34.863514,       37.16,
 140.333694,   34.863514,       36.83,
 140.338198,   34.863514,       36.49,
 140.342703,   34.863514,       36.14,
 140.347207,   34.863514,       35.78,
 140.351712,   34.863514,       35.53,
 140.356216,   34.863514,       35.30,
 140.360721,   34.863514,       35.06,
 140.365225,   34.863514,       34.83,
 140.369730,   34.863514,       34.58,
 140.374234,   34.863514,       34.34,
 140.378739,   34.863514,       34.09,
 140.383243,   34.863514,       33.85,
 140.387748,   34.863514,       33.60,
 139.140000,   34.868018,       44.38,
 139.144505,   34.868018,       43.20,
 139.149009,   34.868018,       42.06,
 139.153514,   34.868018,       40.97,
 139.158018,   34.868018,       39.92,
 139.162523,   34.868018,       38.92,
 139.167027,   34.868018,       37.95,
 139.171532,   34.868018,       37.03,
 139.176036,   34.868018,       36.16,
 139.180541,   34.868018,       35.33,
 139.185045,   34.868018,       34.54,
 139.189550,   34.868018,       33.80,
 139.194054,   34.868018,       33.10,
 139.198559,   34.868018,       32.44,
 139.203063,   34.868018,       31.83,
 139.207568,   34.868018,       31.26,
 139.212072,   34.868018,       31.33,
 139.216577,   34.868018,       31.54,
 139.221081,   34.868018,       31.76,
 139.225586,   34.868018,       32.01,
 139.230090,   34.868018,       32.28,
 139.234595,   34.868018,       32.56,
 139.239099,   34.868018,       32.84,
 139.243604,   34.868018,       33.13,
 139.248108,   34.868018,       33.41,
 139.252613,   34.868018,       33.70,
 139.257117,   34.868018,       33.99,
 139.261622,   34.868018,       34.29,
 139.266126,   34.868018,       34.58,
 139.270631,   34.868018,       34.88,
 139.275135,   34.868018,       35.18,
 139.279640,   34.868018,       35.48,
 139.284144,   34.868018,       35.78,
 139.288649,   34.868018,       36.09,
 139.293153,   34.868018,       36.40,
 139.297658,   34.868018,       36.71,
 139.302162,   34.868018,       37.02,
 139.306667,   34.868018,       37.34,
 139.311171,   34.868018,       37.66,
 139.315676,   34.868018,       37.98,
 139.320180,   34.868018,       38.29,
 139.324685,   34.868018,       38.70,
 139.329189,   34.868018,       39.13,
 139.333694,   34.868018,       39.53,
 139.338198,   34.868018,       39.92,
 139.342703,   34.868018,       40.28,
 139.347207,   34.868018,       40.63,
 139.351712,   34.868018,       40.97,
 139.356216,   34.868018,       41.28,
 139.360721,   34.868018,       41.58,
 139.365225,   34.868018,       41.89,
 139.369730,   34.868018,       42.19,
 139.374234,   34.868018,       42.49,
 139.378739,   34.868018,       42.79,
 139.383243,   34.868018,       43.08,
 139.387748,   34.868018,       43.32,
 139.392252,   34.868018,       43.50,
 139.396757,   34.868018,       43.62,
 139.401261,   34.868018,       43.67,
 139.405766,   34.868018,       43.60,
 139.410270,   34.868018,       43.48,
 139.414775,   34.868018,       43.36,
 139.419279,   34.868018,       43.26,
 139.423784,   34.868018,       43.20,
 139.428288,   34.868018,       43.19,
 139.432793,   34.868018,       43.25,
 139.437297,   34.868018,       43.63,
 139.441802,   34.868018,       44.25,
 139.446306,   34.868018,       44.96,
 139.450811,   34.868018,       45.75,
 139.455315,   34.868018,       46.57,
 139.459820,   34.868018,       47.40,
 139.464324,   34.868018,       48.30,
 139.468829,   34.868018,       49.27,
 139.473333,   34.868018,       50.30,
 139.477838,   34.868018,       51.40,
 139.482342,   34.868018,       52.56,
 139.486847,   34.868018,       53.80,
 139.491351,   34.868018,       55.12,
 139.495856,   34.868018,       56.46,
 139.500360,   34.868018,       57.81,
 139.504865,   34.868018,       59.18,
 139.509369,   34.868018,       60.55,
 139.513874,   34.868018,       61.96,
 139.518378,   34.868018,       63.42,
 139.522883,   34.868018,       64.63,
 139.527387,   34.868018,       65.33,
 139.531892,   34.868018,       65.87,
 139.536396,   34.868018,       66.42,
 139.540901,   34.868018,       66.42,
 139.545405,   34.868018,       66.42,
 139.549910,   34.868018,       66.42,
 139.554414,   34.868018,       66.42,
 139.558919,   34.868018,       65.56,
 139.563423,   34.868018,       65.56,
 139.567928,   34.868018,       65.56,
 139.572432,   34.868018,       65.56,
 139.576937,   34.868018,       65.56,
 139.581441,   34.868018,       64.23,
 139.585946,   34.868018,       62.91,
 139.590450,   34.868018,       61.60,
 139.594955,   34.868018,       60.28,
 139.599459,   34.868018,       58.82,
 139.603964,   34.868018,       57.11,
 139.608468,   34.868018,       55.41,
 139.612973,   34.868018,       53.76,
 139.617477,   34.868018,       52.12,
 139.621982,   34.868018,       50.47,
 139.626486,   34.868018,       48.87,
 139.630991,   34.868018,       47.24,
 139.635495,   34.868018,       45.30,
 139.640000,   34.868018,       43.01,
 139.644505,   34.868018,       40.68,
 139.649009,   34.868018,       38.54,
 139.653514,   34.868018,       36.41,
 139.658018,   34.868018,       34.14,
 139.662523,   34.868018,       34.43,
 139.667027,   34.868018,       37.20,
 139.671532,   34.868018,       39.57,
 139.676036,   34.868018,       41.67,
 139.680541,   34.868018,       43.79,
 139.685045,   34.868018,       45.17,
 139.689550,   34.868018,       45.57,
 139.694054,   34.868018,       45.75,
 139.698559,   34.868018,       45.43,
 139.703063,   34.868018,       44.51,
 139.707568,   34.868018,       43.29,
 139.712072,   34.868018,       42.17,
 139.716577,   34.868018,       41.61,
 139.721081,   34.868018,       41.22,
 139.725586,   34.868018,       41.45,
 139.730090,   34.868018,       41.74,
 139.734595,   34.868018,       41.97,
 139.739099,   34.868018,       41.59,
 139.743604,   34.868018,       40.62,
 139.748108,   34.868018,       39.70,
 139.752613,   34.868018,       39.38,
 139.757117,   34.868018,       38.84,
 139.761622,   34.868018,       38.13,
 139.766126,   34.868018,       37.58,
 139.770631,   34.868018,       37.04,
 139.775135,   34.868018,       36.47,
 139.779640,   34.868018,       35.63,
 139.784144,   34.868018,       34.59,
 139.788649,   34.868018,       33.38,
 139.793153,   34.868018,       32.65,
 139.797658,   34.868018,       32.25,
 139.802162,   34.868018,       31.97,
 139.806667,   34.868018,       32.24,
 139.811171,   34.868018,       32.92,
 139.815676,   34.868018,       33.71,
 139.820180,   34.868018,       34.54,
 139.824685,   34.868018,       35.47,
 139.829189,   34.868018,       36.41,
 139.833694,   34.868018,       36.75,
 139.838198,   34.868018,       36.71,
 139.842703,   34.868018,       36.86,
 139.847207,   34.868018,       37.05,
 139.851712,   34.868018,       37.05,
 139.856216,   34.868018,       36.86,
 139.860721,   34.868018,       36.57,
 139.865225,   34.868018,       36.41,
 139.869730,   34.868018,       36.58,
 139.874234,   34.868018,       36.86,
 139.878739,   34.868018,       36.93,
 139.883243,   34.868018,       36.71,
 139.887748,   34.868018,       36.40,
 139.892252,   34.868018,       36.24,
 139.896757,   34.868018,       36.27,
 139.901261,   34.868018,       36.39,
 139.905766,   34.868018,       36.24,
 139.910270,   34.868018,       35.89,
 139.914775,   34.868018,       35.37,
 139.919279,   34.868018,       34.21,
 139.923784,   34.868018,       32.83,
 139.928288,   34.868018,       31.11,
 139.932793,   34.868018,       31.01,
 139.937297,   34.868018,       31.56,
 139.941802,   34.868018,       32.23,
 139.946306,   34.868018,       32.69,
 139.950811,   34.868018,       33.16,
 139.955315,   34.868018,       33.63,
 139.959820,   34.868018,       34.37,
 139.964324,   34.868018,       34.95,
 139.968829,   34.868018,       35.30,
 139.973333,   34.868018,       35.66,
 139.977838,   34.868018,       36.16,
 139.982342,   34.868018,       36.57,
 139.986847,   34.868018,       37.01,
 139.991351,   34.868018,       37.33,
 139.995856,   34.868018,       37.46,
 140.000360,   34.868018,       37.52,
 140.004865,   34.868018,       37.49,
 140.009369,   34.868018,       37.43,
 140.013874,   34.868018,       37.38,
 140.018378,   34.868018,       37.33,
 140.022883,   34.868018,       37.81,
 140.027387,   34.868018,       38.42,
 140.031892,   34.868018,       39.05,
 140.036396,   34.868018,       39.70,
 140.040901,   34.868018,       40.34,
 140.045405,   34.868018,       40.97,
 140.049910,   34.868018,       41.56,
 140.054414,   34.868018,       42.02,
 140.058919,   34.868018,       42.35,
 140.063423,   34.868018,       42.53,
 140.067928,   34.868018,       42.55,
 140.072432,   34.868018,       42.55,
 140.076937,   34.868018,       42.51,
 140.081441,   34.868018,       42.32,
 140.085946,   34.868018,       42.00,
 140.090450,   34.868018,       41.51,
 140.094955,   34.868018,       41.15,
 140.099459,   34.868018,       40.94,
 140.103964,   34.868018,       40.82,
 140.108468,   34.868018,       40.77,
 140.112973,   34.868018,       40.77,
 140.117477,   34.868018,       40.75,
 140.121982,   34.868018,       40.72,
 140.126486,   34.868018,       40.68,
 140.130991,   34.868018,       40.62,
 140.135495,   34.868018,       40.55,
 140.140000,   34.868018,       40.47,
 140.144505,   34.868018,       40.39,
 140.149009,   34.868018,       40.30,
 140.153514,   34.868018,       40.21,
 140.158018,   34.868018,       40.12,
 140.162523,   34.868018,       40.03,
 140.167027,   34.868018,       39.94,
 140.171532,   34.868018,       39.85,
 140.176036,   34.868018,       39.77,
 140.180541,   34.868018,       39.68,
 140.185045,   34.868018,       39.60,
 140.189550,   34.868018,       39.53,
 140.194054,   34.868018,       39.51,
 140.198559,   34.868018,       39.51,
 140.203063,   34.868018,       39.51,
 140.207568,   34.868018,       39.52,
 140.212072,   34.868018,       39.54,
 140.216577,   34.868018,       39.57,
 140.221081,   34.868018,       39.61,
 140.225586,   34.868018,       39.66,
 140.230090,   34.868018,       39.71,
 140.234595,   34.868018,       39.78,
 140.239099,   34.868018,       39.85,
 140.243604,   34.868018,       39.93,
 140.248108,   34.868018,       40.02,
 140.252613,   34.868018,       40.12,
 140.257117,   34.868018,       40.23,
 140.261622,   34.868018,       40.35,
 140.266126,   34.868018,       40.43,
 140.270631,   34.868018,       40.41,
 140.275135,   34.868018,       40.23,
 140.279640,   34.868018,       40.00,
 140.284144,   34.868018,       39.75,
 140.288649,   34.868018,       39.50,
 140.293153,   34.868018,       39.24,
 140.297658,   34.868018,       38.97,
 140.302162,   34.868018,       38.70,
 140.306667,   34.868018,       38.41,
 140.311171,   34.868018,       38.12,
 140.315676,   34.868018,       37.82,
 140.320180,   34.868018,       37.51,
 140.324685,   34.868018,       37.19,
 140.329189,   34.868018,       36.86,
 140.333694,   34.868018,       36.53,
 140.338198,   34.868018,       36.19,
 140.342703,   34.868018,       35.83,
 140.347207,   34.868018,       35.58,
 140.351712,   34.868018,       35.35,
 140.356216,   34.868018,       35.12,
 140.360721,   34.868018,       34.88,
 140.365225,   34.868018,       34.63,
 140.369730,   34.868018,       34.39,
 140.374234,   34.868018,       34.14,
 140.378739,   34.868018,       33.90,
 140.383243,   34.868018,       33.65,
 140.387748,   34.868018,       33.41,
 139.140000,   34.872523,       44.32,
 139.144505,   34.872523,       44.02,
 139.149009,   34.872523,       42.88,
 139.153514,   34.872523,       41.78,
 139.158018,   34.872523,       40.73,
 139.162523,   34.872523,       39.72,
 139.167027,   34.872523,       38.76,
 139.171532,   34.872523,       37.83,
 139.176036,   34.872523,       36.96,
 139.180541,   34.872523,       36.12,
 139.185045,   34.872523,       35.33,
 139.189550,   34.872523,       34.58,
 139.194054,   34.872523,       33.88,
 139.198559,   34.872523,       33.22,
 139.203063,   34.872523,       32.60,
 139.207568,   34.872523,       32.03,
 139.212072,   34.872523,       31.50,
 139.216577,   34.872523,       31.53,
 139.221081,   34.872523,       31.74,
 139.225586,   34.872523,       31.96,
 139.230090,   34.872523,       32.22,
 139.234595,   34.872523,       32.50,
 139.239099,   34.872523,       32.78,
 139.243604,   34.872523,       33.06,
 139.248108,   34.872523,       33.35,
 139.252613,   34.872523,       33.64,
 139.257117,   34.872523,       33.93,
 139.261622,   34.872523,       34.22,
 139.266126,   34.872523,       34.52,
 139.270631,   34.872523,       34.82,
 139.275135,   34.872523,       35.12,
 139.279640,   34.872523,       35.42,
 139.284144,   34.872523,       35.72,
 139.288649,   34.872523,       36.03,
 139.293153,   34.872523,       36.34,
 139.297658,   34.872523,       36.65,
 139.302162,   34.872523,       36.96,
 139.306667,   34.872523,       37.28,
 139.311171,   34.872523,       37.60,
 139.315676,   34.872523,       37.92,
 139.320180,   34.872523,       38.24,
 139.324685,   34.872523,       38.57,
 139.329189,   34.872523,       38.99,
 139.333694,   34.872523,       39.38,
 139.338198,   34.872523,       39.76,
 139.342703,   34.872523,       40.12,
 139.347207,   34.872523,       40.46,
 139.351712,   34.872523,       40.79,
 139.356216,   34.872523,       41.09,
 139.360721,   34.872523,       41.40,
 139.365225,   34.872523,       41.70,
 139.369730,   34.872523,       42.01,
 139.374234,   34.872523,       42.31,
 139.378739,   34.872523,       42.61,
 139.383243,   34.872523,       42.89,
 139.387748,   34.872523,       43.13,
 139.392252,   34.872523,       43.33,
 139.396757,   34.872523,       43.47,
 139.401261,   34.872523,       43.53,
 139.405766,   34.872523,       43.49,
 139.410270,   34.872523,       43.37,
 139.414775,   34.872523,       43.29,
 139.419279,   34.872523,       43.27,
 139.423784,   34.872523,       43.29,
 139.428288,   34.872523,       43.35,
 139.432793,   34.872523,       43.49,
 139.437297,   34.872523,       43.84,
 139.441802,   34.872523,       44.35,
 139.446306,   34.872523,       44.95,
 139.450811,   34.872523,       45.62,
 139.455315,   34.872523,       46.38,
 139.459820,   34.872523,       47.22,
 139.464324,   34.872523,       48.14,
 139.468829,   34.872523,       49.12,
 139.473333,   34.872523,       50.18,
 139.477838,   34.872523,       51.29,
 139.482342,   34.872523,       52.42,
 139.486847,   34.872523,       53.58,
 139.491351,   34.872523,       54.79,
 139.495856,   34.872523,       56.05,
 139.500360,   34.872523,       57.33,
 139.504865,   34.872523,       58.66,
 139.509369,   34.872523,       60.04,
 139.513874,   34.872523,       61.45,
 139.518378,   34.872523,       62.84,
 139.522883,   34.872523,       63.54,
 139.527387,   34.872523,       63.85,
 139.531892,   34.872523,       64.18,
 139.536396,   34.872523,       64.55,
 139.540901,   34.872523,       64.55,
 139.545405,   34.872523,       64.55,
 139.549910,   34.872523,       64.55,
 139.554414,   34.872523,       64.05,
 139.558919,   34.872523,       64.05,
 139.563423,   34.872523,       64.05,
 139.567928,   34.872523,       64.05,
 139.572432,   34.872523,       64.05,
 139.576937,   34.872523,       62.77,
 139.581441,   34.872523,       61.50,
 139.585946,   34.872523,       60.25,
 139.590450,   34.872523,       59.00,
 139.594955,   34.872523,       57.70,
 139.599459,   34.872523,       56.41,
 139.603964,   34.872523,       54.87,
 139.608468,   34.872523,       53.50,
 139.612973,   34.872523,       52.04,
 139.617477,   34.872523,       50.51,
 139.621982,   34.872523,       48.93,
 139.626486,   34.872523,       47.41,
 139.630991,   34.872523,       45.80,
 139.635495,   34.872523,       43.93,
 139.640000,   34.872523,       41.81,
 139.644505,   34.872523,       40.02,
 139.649009,   34.872523,       38.48,
 139.653514,   34.872523,       37.04,
 139.658018,   34.872523,       35.97,
 139.662523,   34.872523,       36.54,
 139.667027,   34.872523,       38.25,
 139.671532,   34.872523,       40.17,
 139.676036,   34.872523,       41.90,
 139.680541,   34.872523,       43.57,
 139.685045,   34.872523,       44.92,
 139.689550,   34.872523,       44.94,
 139.694054,   34.872523,       44.84,
 139.698559,   34.872523,       44.45,
 139.703063,   34.872523,       43.38,
 139.707568,   34.872523,       41.83,
 139.712072,   34.872523,       40.75,
 139.716577,   34.872523,       40.90,
 139.721081,   34.872523,       41.16,
 139.725586,   34.872523,       41.52,
 139.730090,   34.872523,       41.93,
 139.734595,   34.872523,       42.35,
 139.739099,   34.872523,       42.03,
 139.743604,   34.872523,       41.18,
 139.748108,   34.872523,       40.38,
 139.752613,   34.872523,       39.75,
 139.757117,   34.872523,       39.12,
 139.761622,   34.872523,       38.50,
 139.766126,   34.872523,       38.02,
 139.770631,   34.872523,       37.53,
 139.775135,   34.872523,       36.93,
 139.779640,   34.872523,       36.10,
 139.784144,   34.872523,       35.20,
 139.788649,   34.872523,       34.27,
 139.793153,   34.872523,       33.63,
 139.797658,   34.872523,       33.04,
 139.802162,   34.872523,       32.97,
 139.806667,   34.872523,       33.52,
 139.811171,   34.872523,       33.95,
 139.815676,   34.872523,       34.64,
 139.820180,   34.872523,       35.46,
 139.824685,   34.872523,       36.33,
 139.829189,   34.872523,       37.04,
 139.833694,   34.872523,       36.93,
 139.838198,   34.872523,       36.73,
 139.842703,   34.872523,       36.65,
 139.847207,   34.872523,       36.86,
 139.851712,   34.872523,       36.92,
 139.856216,   34.872523,       36.81,
 139.860721,   34.872523,       36.63,
 139.865225,   34.872523,       36.41,
 139.869730,   34.872523,       36.17,
 139.874234,   34.872523,       36.36,
 139.878739,   34.872523,       36.44,
 139.883243,   34.872523,       36.36,
 139.887748,   34.872523,       36.24,
 139.892252,   34.872523,       36.18,
 139.896757,   34.872523,       36.15,
 139.901261,   34.872523,       36.03,
 139.905766,   34.872523,       35.67,
 139.910270,   34.872523,       35.24,
 139.914775,   34.872523,       34.48,
 139.919279,   34.872523,       33.44,
 139.923784,   34.872523,       32.09,
 139.928288,   34.872523,       31.16,
 139.932793,   34.872523,       31.23,
 139.937297,   34.872523,       31.68,
 139.941802,   34.872523,       32.09,
 139.946306,   34.872523,       32.64,
 139.950811,   34.872523,       33.10,
 139.955315,   34.872523,       33.55,
 139.959820,   34.872523,       33.97,
 139.964324,   34.872523,       34.38,
 139.968829,   34.872523,       34.79,
 139.973333,   34.872523,       35.09,
 139.977838,   34.872523,       35.44,
 139.982342,   34.872523,       35.77,
 139.986847,   34.872523,       36.06,
 139.991351,   34.872523,       36.34,
 139.995856,   34.872523,       36.57,
 140.000360,   34.872523,       36.74,
 140.004865,   34.872523,       36.84,
 140.009369,   34.872523,       36.89,
 140.013874,   34.872523,       36.91,
 140.018378,   34.872523,       36.94,
 140.022883,   34.872523,       37.16,
 140.027387,   34.872523,       37.69,
 140.031892,   34.872523,       38.23,
 140.036396,   34.872523,       38.75,
 140.040901,   34.872523,       39.24,
 140.045405,   34.872523,       39.70,
 140.049910,   34.872523,       40.16,
 140.054414,   34.872523,       40.57,
 140.058919,   34.872523,       40.87,
 140.063423,   34.872523,       41.02,
 140.067928,   34.872523,       41.10,
 140.072432,   34.872523,       41.18,
 140.076937,   34.872523,       41.22,
 140.081441,   34.872523,       41.20,
 140.085946,   34.872523,       41.11,
 140.090450,   34.872523,       40.88,
 140.094955,   34.872523,       40.78,
 140.099459,   34.872523,       40.76,
 140.103964,   34.872523,       40.75,
 140.108468,   34.872523,       40.75,
 140.112973,   34.872523,       40.75,
 140.117477,   34.872523,       40.75,
 140.121982,   34.872523,       40.72,
 140.126486,   34.872523,       40.68,
 140.130991,   34.872523,       40.62,
 140.135495,   34.872523,       40.55,
 140.140000,   34.872523,       40.47,
 140.144505,   34.872523,       40.39,
 140.149009,   34.872523,       40.30,
 140.153514,   34.872523,       40.21,
 140.158018,   34.872523,       40.12,
 140.162523,   34.872523,       40.03,
 140.167027,   34.872523,       39.94,
 140.171532,   34.872523,       39.85,
 140.176036,   34.872523,       39.76,
 140.180541,   34.872523,       39.68,
 140.185045,   34.872523,       39.59,
 140.189550,   34.872523,       39.56,
 140.194054,   34.872523,       39.55,
 140.198559,   34.872523,       39.54,
 140.203063,   34.872523,       39.54,
 140.207568,   34.872523,       39.55,
 140.212072,   34.872523,       39.57,
 140.216577,   34.872523,       39.60,
 140.221081,   34.872523,       39.63,
 140.225586,   34.872523,       39.68,
 140.230090,   34.872523,       39.73,
 140.234595,   34.872523,       39.79,
 140.239099,   34.872523,       39.87,
 140.243604,   34.872523,       39.95,
 140.248108,   34.872523,       40.03,
 140.252613,   34.872523,       40.13,
 140.257117,   34.872523,       40.24,
 140.261622,   34.872523,       40.34,
 140.266126,   34.872523,       40.32,
 140.270631,   34.872523,       40.16,
 140.275135,   34.872523,       39.93,
 140.279640,   34.872523,       39.70,
 140.284144,   34.872523,       39.45,
 140.288649,   34.872523,       39.20,
 140.293153,   34.872523,       38.94,
 140.297658,   34.872523,       38.67,
 140.302162,   34.872523,       38.40,
 140.306667,   34.872523,       38.11,
 140.311171,   34.872523,       37.82,
 140.315676,   34.872523,       37.52,
 140.320180,   34.872523,       37.21,
 140.324685,   34.872523,       36.89,
 140.329189,   34.872523,       36.57,
 140.333694,   34.872523,       36.23,
 140.338198,   34.872523,       35.89,
 140.342703,   34.872523,       35.63,
 140.347207,   34.872523,       35.40,
 140.351712,   34.872523,       35.17,
 140.356216,   34.872523,       34.93,
 140.360721,   34.872523,       34.68,
 140.365225,   34.872523,       34.44,
 140.369730,   34.872523,       34.19,
 140.374234,   34.872523,       33.94,
 140.378739,   34.872523,       33.70,
 140.383243,   34.872523,       33.46,
 140.387748,   34.872523,       33.21,
 139.140000,   34.877027,       44.07,
 139.144505,   34.877027,       43.88,
 139.149009,   34.877027,       43.65,
 139.153514,   34.877027,       42.55,
 139.158018,   34.877027,       41.50,
 139.162523,   34.877027,       40.48,
 139.167027,   34.877027,       39.52,
 139.171532,   34.877027,       38.59,
 139.176036,   34.877027,       37.71,
 139.180541,   34.877027,       36.87,
 139.185045,   34.877027,       36.08,
 139.189550,   34.877027,       35.33,
 139.194054,   34.877027,       34.62,
 139.198559,   34.877027,       33.96,
 139.203063,   34.877027,       33.34,
 139.207568,   34.877027,       32.76,
 139.212072,   34.877027,       32.23,
 139.216577,   34.877027,       31.74,
 139.221081,   34.877027,       31.73,
 139.225586,   34.877027,       31.94,
 139.230090,   34.877027,       32.16,
 139.234595,   34.877027,       32.43,
 139.239099,   34.877027,       32.71,
 139.243604,   34.877027,       33.00,
 139.248108,   34.877027,       33.28,
 139.252613,   34.877027,       33.57,
 139.257117,   34.877027,       33.86,
 139.261622,   34.877027,       34.16,
 139.266126,   34.877027,       34.45,
 139.270631,   34.877027,       34.75,
 139.275135,   34.877027,       35.05,
 139.279640,   34.877027,       35.36,
 139.284144,   34.877027,       35.66,
 139.288649,   34.877027,       35.97,
 139.293153,   34.877027,       36.28,
 139.297658,   34.877027,       36.59,
 139.302162,   34.877027,       36.90,
 139.306667,   34.877027,       37.22,
 139.311171,   34.877027,       37.54,
 139.315676,   34.877027,       37.86,
 139.320180,   34.877027,       38.18,
 139.324685,   34.877027,       38.51,
 139.329189,   34.877027,       38.87,
 139.333694,   34.877027,       39.25,
 139.338198,   34.877027,       39.63,
 139.342703,   34.877027,       39.98,
 139.347207,   34.877027,       40.30,
 139.351712,   34.877027,       40.61,
 139.356216,   34.877027,       40.93,
 139.360721,   34.877027,       41.24,
 139.365225,   34.877027,       41.54,
 139.369730,   34.877027,       41.84,
 139.374234,   34.877027,       42.14,
 139.378739,   34.877027,       42.43,
 139.383243,   34.877027,       42.71,
 139.387748,   34.877027,       42.96,
 139.392252,   34.877027,       43.17,
 139.396757,   34.877027,       43.32,
 139.401261,   34.877027,       43.40,
 139.405766,   34.877027,       43.37,
 139.410270,   34.877027,       43.29,
 139.414775,   34.877027,       43.29,
 139.419279,   34.877027,       43.33,
 139.423784,   34.877027,       43.42,
 139.428288,   34.877027,       43.55,
 139.432793,   34.877027,       43.75,
 139.437297,   34.877027,       44.06,
 139.441802,   34.877027,       44.50,
 139.446306,   34.877027,       45.00,
 139.450811,   34.877027,       45.58,
 139.455315,   34.877027,       46.24,
 139.459820,   34.877027,       47.03,
 139.464324,   34.877027,       47.96,
 139.468829,   34.877027,       48.96,
 139.473333,   34.877027,       50.03,
 139.477838,   34.877027,       51.10,
 139.482342,   34.877027,       52.16,
 139.486847,   34.877027,       53.25,
 139.491351,   34.877027,       54.37,
 139.495856,   34.877027,       55.53,
 139.500360,   34.877027,       56.73,
 139.504865,   34.877027,       57.98,
 139.509369,   34.877027,       59.29,
 139.513874,   34.877027,       60.66,
 139.518378,   34.877027,       61.79,
 139.522883,   34.877027,       61.97,
 139.527387,   34.877027,       62.14,
 139.531892,   34.877027,       62.33,
 139.536396,   34.877027,       62.53,
 139.540901,   34.877027,       62.74,
 139.545405,   34.877027,       62.74,
 139.549910,   34.877027,       62.74,
 139.554414,   34.877027,       62.14,
 139.558919,   34.877027,       62.14,
 139.563423,   34.877027,       62.14,
 139.567928,   34.877027,       62.14,
 139.572432,   34.877027,       61.18,
 139.576937,   34.877027,       60.04,
 139.581441,   34.877027,       58.96,
 139.585946,   34.877027,       57.90,
 139.590450,   34.877027,       56.82,
 139.594955,   34.877027,       55.71,
 139.599459,   34.877027,       54.70,
 139.603964,   34.877027,       53.75,
 139.608468,   34.877027,       52.32,
 139.612973,   34.877027,       50.86,
 139.617477,   34.877027,       49.33,
 139.621982,   34.877027,       47.75,
 139.626486,   34.877027,       46.11,
 139.630991,   34.877027,       44.43,
 139.635495,   34.877027,       42.61,
 139.640000,   34.877027,       40.95,
 139.644505,   34.877027,       39.91,
 139.649009,   34.877027,       39.12,
 139.653514,   34.877027,       38.52,
 139.658018,   34.877027,       38.41,
 139.662523,   34.877027,       39.15,
 139.667027,   34.877027,       40.30,
 139.671532,   34.877027,       41.72,
 139.676036,   34.877027,       43.02,
 139.680541,   34.877027,       44.02,
 139.685045,   34.877027,       44.64,
 139.689550,   34.877027,       44.50,
 139.694054,   34.877027,       44.22,
 139.698559,   34.877027,       43.74,
 139.703063,   34.877027,       42.93,
 139.707568,   34.877027,       41.76,
 139.712072,   34.877027,       41.25,
 139.716577,   34.877027,       41.15,
 139.721081,   34.877027,       41.18,
 139.725586,   34.877027,       41.54,
 139.730090,   34.877027,       41.93,
 139.734595,   34.877027,       42.30,
 139.739099,   34.877027,       42.21,
 139.743604,   34.877027,       41.57,
 139.748108,   34.877027,       40.98,
 139.752613,   34.877027,       40.28,
 139.757117,   34.877027,       39.52,
 139.761622,   34.877027,       38.83,
 139.766126,   34.877027,       38.37,
 139.770631,   34.877027,       37.99,
 139.775135,   34.877027,       35.56,
 139.779640,   34.877027,       33.31,
 139.784144,   34.877027,       33.27,
 139.788649,   34.877027,       35.12,
 139.793153,   34.877027,       34.87,
 139.797658,   34.877027,       34.31,
 139.802162,   34.877027,       34.76,
 139.806667,   34.877027,       35.42,
 139.811171,   34.877027,       35.80,
 139.815676,   34.877027,       35.76,
 139.820180,   34.877027,       36.29,
 139.824685,   34.877027,       37.09,
 139.829189,   34.877027,       37.35,
 139.833694,   34.877027,       37.22,
 139.838198,   34.877027,       37.04,
 139.842703,   34.877027,       37.05,
 139.847207,   34.877027,       37.19,
 139.851712,   34.877027,       37.26,
 139.856216,   34.877027,       37.26,
 139.860721,   34.877027,       37.12,
 139.865225,   34.877027,       36.90,
 139.869730,   34.877027,       36.58,
 139.874234,   34.877027,       36.35,
 139.878739,   34.877027,       36.37,
 139.883243,   34.877027,       36.37,
 139.887748,   34.877027,       36.29,
 139.892252,   34.877027,       36.22,
 139.896757,   34.877027,       36.14,
 139.901261,   34.877027,       35.89,
 139.905766,   34.877027,       35.51,
 139.910270,   34.877027,       34.98,
 139.914775,   34.877027,       34.15,
 139.919279,   34.877027,       33.33,
 139.923784,   34.877027,       32.73,
 139.928288,   34.877027,       32.10,
 139.932793,   34.877027,       32.12,
 139.937297,   34.877027,       32.50,
 139.941802,   34.877027,       32.85,
 139.946306,   34.877027,       33.06,
 139.950811,   34.877027,       33.27,
 139.955315,   34.877027,       33.50,
 139.959820,   34.877027,       33.93,
 139.964324,   34.877027,       34.35,
 139.968829,   34.877027,       34.74,
 139.973333,   34.877027,       35.05,
 139.977838,   34.877027,       35.17,
 139.982342,   34.877027,       35.30,
 139.986847,   34.877027,       35.40,
 139.991351,   34.877027,       35.47,
 139.995856,   34.877027,       35.82,
 140.000360,   34.877027,       36.06,
 140.004865,   34.877027,       36.22,
 140.009369,   34.877027,       36.33,
 140.013874,   34.877027,       36.41,
 140.018378,   34.877027,       36.50,
 140.022883,   34.877027,       36.60,
 140.027387,   34.877027,       36.88,
 140.031892,   34.877027,       37.29,
 140.036396,   34.877027,       37.71,
 140.040901,   34.877027,       38.10,
 140.045405,   34.877027,       38.46,
 140.049910,   34.877027,       38.81,
 140.054414,   34.877027,       39.15,
 140.058919,   34.877027,       39.42,
 140.063423,   34.877027,       39.64,
 140.067928,   34.877027,       39.87,
 140.072432,   34.877027,       40.07,
 140.076937,   34.877027,       40.21,
 140.081441,   34.877027,       40.29,
 140.085946,   34.877027,       40.35,
 140.090450,   34.877027,       40.54,
 140.094955,   34.877027,       40.64,
 140.099459,   34.877027,       40.66,
 140.103964,   34.877027,       40.67,
 140.108468,   34.877027,       40.69,
 140.112973,   34.877027,       40.71,
 140.117477,   34.877027,       40.73,
 140.121982,   34.877027,       40.72,
 140.126486,   34.877027,       40.69,
 140.130991,   34.877027,       40.63,
 140.135495,   34.877027,       40.56,
 140.140000,   34.877027,       40.48,
 140.144505,   34.877027,       40.38,
 140.149009,   34.877027,       40.29,
 140.153514,   34.877027,       40.20,
 140.158018,   34.877027,       40.11,
 140.162523,   34.877027,       40.02,
 140.167027,   34.877027,       39.93,
 140.171532,   34.877027,       39.84,
 140.176036,   34.877027,       39.75,
 140.180541,   34.877027,       39.66,
 140.185045,   34.877027,       39.60,
 140.189550,   34.877027,       39.59,
 140.194054,   34.877027,       39.58,
 140.198559,   34.877027,       39.57,
 140.203063,   34.877027,       39.57,
 140.207568,   34.877027,       39.57,
 140.212072,   34.877027,       39.59,
 140.216577,   34.877027,       39.62,
 140.221081,   34.877027,       39.65,
 140.225586,   34.877027,       39.69,
 140.230090,   34.877027,       39.74,
 140.234595,   34.877027,       39.80,
 140.239099,   34.877027,       39.87,
 140.243604,   34.877027,       39.95,
 140.248108,   34.877027,       40.03,
 140.252613,   34.877027,       40.13,
 140.257117,   34.877027,       40.23,
 140.261622,   34.877027,       40.23,
 140.266126,   34.877027,       40.09,
 140.270631,   34.877027,       39.87,
 140.275135,   34.877027,       39.64,
 140.279640,   34.877027,       39.41,
 140.284144,   34.877027,       39.16,
 140.288649,   34.877027,       38.91,
 140.293153,   34.877027,       38.65,
 140.297658,   34.877027,       38.39,
 140.302162,   34.877027,       38.11,
 140.306667,   34.877027,       37.83,
 140.311171,   34.877027,       37.53,
 140.315676,   34.877027,       37.23,
 140.320180,   34.877027,       36.92,
 140.324685,   34.877027,       36.61,
 140.329189,   34.877027,       36.28,
 140.333694,   34.877027,       35.95,
 140.338198,   34.877027,       35.69,
 140.342703,   34.877027,       35.46,
 140.347207,   34.877027,       35.22,
 140.351712,   34.877027,       34.98,
 140.356216,   34.877027,       34.73,
 140.360721,   34.877027,       34.49,
 140.365225,   34.877027,       34.24,
 140.369730,   34.877027,       33.99,
 140.374234,   34.877027,       33.75,
 140.378739,   34.877027,       33.50,
 140.383243,   34.877027,       33.26,
 140.387748,   34.877027,       33.02,
 139.140000,   34.881532,       43.82,
 139.144505,   34.881532,       43.63,
 139.149009,   34.881532,       43.44,
 139.153514,   34.881532,       43.25,
 139.158018,   34.881532,       42.22,
 139.162523,   34.881532,       41.20,
 139.167027,   34.881532,       40.23,
 139.171532,   34.881532,       39.30,
 139.176036,   34.881532,       38.42,
 139.180541,   34.881532,       37.58,
 139.185045,   34.881532,       36.78,
 139.189550,   34.881532,       36.03,
 139.194054,   34.881532,       35.32,
 139.198559,   34.881532,       34.65,
 139.203063,   34.881532,       34.03,
 139.207568,   34.881532,       33.45,
 139.212072,   34.881532,       32.92,
 139.216577,   34.881532,       32.42,
 139.221081,   34.881532,       31.98,
 139.225586,   34.881532,       31.93,
 139.230090,   34.881532,       32.14,
 139.234595,   34.881532,       32.36,
 139.239099,   34.881532,       32.64,
 139.243604,   34.881532,       32.93,
 139.248108,   34.881532,       33.22,
 139.252613,   34.881532,       33.50,
 139.257117,   34.881532,       33.80,
 139.261622,   34.881532,       34.09,
 139.266126,   34.881532,       34.39,
 139.270631,   34.881532,       34.69,
 139.275135,   34.881532,       34.99,
 139.279640,   34.881532,       35.29,
 139.284144,   34.881532,       35.60,
 139.288649,   34.881532,       35.90,
 139.293153,   34.881532,       36.21,
 139.297658,   34.881532,       36.53,
 139.302162,   34.881532,       36.84,
 139.306667,   34.881532,       37.16,
 139.311171,   34.881532,       37.48,
 139.315676,   34.881532,       37.80,
 139.320180,   34.881532,       38.12,
 139.324685,   34.881532,       38.45,
 139.329189,   34.881532,       38.78,
 139.333694,   34.881532,       39.14,
 139.338198,   34.881532,       39.50,
 139.342703,   34.881532,       39.82,
 139.347207,   34.881532,       40.15,
 139.351712,   34.881532,       40.47,
 139.356216,   34.881532,       40.78,
 139.360721,   34.881532,       41.09,
 139.365225,   34.881532,       41.39,
 139.369730,   34.881532,       41.69,
 139.374234,   34.881532,       41.98,
 139.378739,   34.881532,       42.27,
 139.383243,   34.881532,       42.55,
 139.387748,   34.881532,       42.81,
 139.392252,   34.881532,       43.03,
 139.396757,   34.881532,       43.20,
 139.401261,   34.881532,       43.29,
 139.405766,   34.881532,       43.27,
 139.410270,   34.881532,       43.26,
 139.414775,   34.881532,       43.33,
 139.419279,   34.881532,       43.43,
 139.423784,   34.881532,       43.57,
 139.428288,   34.881532,       43.75,
 139.432793,   34.881532,       43.98,
 139.437297,   34.881532,       44.28,
 139.441802,   34.881532,       44.65,
 139.446306,   34.881532,       45.09,
 139.450811,   34.881532,       45.59,
 139.455315,   34.881532,       46.16,
 139.459820,   34.881532,       46.86,
 139.464324,   34.881532,       47.76,
 139.468829,   34.881532,       48.78,
 139.473333,   34.881532,       49.82,
 139.477838,   34.881532,       50.81,
 139.482342,   34.881532,       51.79,
 139.486847,   34.881532,       52.80,
 139.491351,   34.881532,       53.83,
 139.495856,   34.881532,       54.89,
 139.500360,   34.881532,       56.00,
 139.504865,   34.881532,       57.15,
 139.509369,   34.881532,       58.33,
 139.513874,   34.881532,       59.50,
 139.518378,   34.881532,       60.10,
 139.522883,   34.881532,       60.14,
 139.527387,   34.881532,       60.20,
 139.531892,   34.881532,       60.29,
 139.536396,   34.881532,       60.36,
 139.540901,   34.881532,       60.40,
 139.545405,   34.881532,       60.41,
 139.549910,   34.881532,       60.41,
 139.554414,   34.881532,       60.39,
 139.558919,   34.881532,       60.24,
 139.563423,   34.881532,       59.91,
 139.567928,   34.881532,       59.28,
 139.572432,   34.881532,       58.44,
 139.576937,   34.881532,       57.51,
 139.581441,   34.881532,       56.65,
 139.585946,   34.881532,       55.83,
 139.590450,   34.881532,       55.02,
 139.594955,   34.881532,       54.26,
 139.599459,   34.881532,       53.68,
 139.603964,   34.881532,       53.00,
 139.608468,   34.881532,       51.68,
 139.612973,   34.881532,       50.09,
 139.617477,   34.881532,       48.46,
 139.621982,   34.881532,       46.77,
 139.626486,   34.881532,       45.01,
 139.630991,   34.881532,       43.21,
 139.635495,   34.881532,       41.37,
 139.640000,   34.881532,       40.51,
 139.644505,   34.881532,       40.41,
 139.649009,   34.881532,       40.41,
 139.653514,   34.881532,       40.56,
 139.658018,   34.881532,       41.10,
 139.662523,   34.881532,       41.84,
 139.667027,   34.881532,       42.75,
 139.671532,   34.881532,       43.75,
 139.676036,   34.881532,       44.48,
 139.680541,   34.881532,       44.99,
 139.685045,   34.881532,       44.68,
 139.689550,   34.881532,       44.31,
 139.694054,   34.881532,       43.89,
 139.698559,   34.881532,       43.32,
 139.703063,   34.881532,       42.56,
 139.707568,   34.881532,       41.85,
 139.712072,   34.881532,       41.54,
 139.716577,   34.881532,       41.34,
 139.721081,   34.881532,       41.25,
 139.725586,   34.881532,       41.51,
 139.730090,   34.881532,       41.87,
 139.734595,   34.881532,       42.20,
 139.739099,   34.881532,       42.17,
 139.743604,   34.881532,       41.64,
 139.748108,   34.881532,       40.95,
 139.752613,   34.881532,       40.19,
 139.757117,   34.881532,       39.51,
 139.761622,   34.881532,       38.81,
 139.766126,   34.881532,       38.14,
 139.770631,   34.881532,       36.13,
 139.775135,   34.881532,       29.63,
 139.779640,   34.881532,       25.09,
 139.784144,   34.881532,       26.24,
 139.788649,   34.881532,       32.55,
 139.793153,   34.881532,       36.11,
 139.797658,   34.881532,       36.35,
 139.802162,   34.881532,       37.12,
 139.806667,   34.881532,       37.90,
 139.811171,   34.881532,       37.95,
 139.815676,   34.881532,       37.32,
 139.820180,   34.881532,       37.20,
 139.824685,   34.881532,       37.57,
 139.829189,   34.881532,       37.57,
 139.833694,   34.881532,       37.58,
 139.838198,   34.881532,       37.52,
 139.842703,   34.881532,       37.68,
 139.847207,   34.881532,       37.90,
 139.851712,   34.881532,       37.99,
 139.856216,   34.881532,       37.94,
 139.860721,   34.881532,       37.84,
 139.865225,   34.881532,       37.64,
 139.869730,   34.881532,       37.21,
 139.874234,   34.881532,       36.75,
 139.878739,   34.881532,       36.58,
 139.883243,   34.881532,       36.51,
 139.887748,   34.881532,       36.40,
 139.892252,   34.881532,       36.31,
 139.896757,   34.881532,       36.22,
 139.901261,   34.881532,       36.05,
 139.905766,   34.881532,       35.65,
 139.910270,   34.881532,       35.10,
 139.914775,   34.881532,       34.45,
 139.919279,   34.881532,       33.84,
 139.923784,   34.881532,       33.39,
 139.928288,   34.881532,       32.89,
 139.932793,   34.881532,       33.11,
 139.937297,   34.881532,       33.56,
 139.941802,   34.881532,       33.99,
 139.946306,   34.881532,       33.94,
 139.950811,   34.881532,       33.88,
 139.955315,   34.881532,       33.81,
 139.959820,   34.881532,       34.10,
 139.964324,   34.881532,       34.49,
 139.968829,   34.881532,       34.80,
 139.973333,   34.881532,       35.05,
 139.977838,   34.881532,       35.13,
 139.982342,   34.881532,       35.18,
 139.986847,   34.881532,       35.24,
 139.991351,   34.881532,       35.28,
 139.995856,   34.881532,       35.39,
 140.000360,   34.881532,       35.57,
 140.004865,   34.881532,       35.76,
 140.009369,   34.881532,       35.89,
 140.013874,   34.881532,       35.99,
 140.018378,   34.881532,       36.06,
 140.022883,   34.881532,       36.14,
 140.027387,   34.881532,       36.27,
 140.031892,   34.881532,       36.51,
 140.036396,   34.881532,       36.81,
 140.040901,   34.881532,       37.11,
 140.045405,   34.881532,       37.36,
 140.049910,   34.881532,       37.55,
 140.054414,   34.881532,       37.78,
 140.058919,   34.881532,       38.09,
 140.063423,   34.881532,       38.51,
 140.067928,   34.881532,       38.89,
 140.072432,   34.881532,       39.21,
 140.076937,   34.881532,       39.47,
 140.081441,   34.881532,       39.70,
 140.085946,   34.881532,       39.97,
 140.090450,   34.881532,       40.25,
 140.094955,   34.881532,       40.42,
 140.099459,   34.881532,       40.49,
 140.103964,   34.881532,       40.54,
 140.108468,   34.881532,       40.59,
 140.112973,   34.881532,       40.63,
 140.117477,   34.881532,       40.68,
 140.121982,   34.881532,       40.71,
 140.126486,   34.881532,       40.70,
 140.130991,   34.881532,       40.64,
 140.135495,   34.881532,       40.56,
 140.140000,   34.881532,       40.47,
 140.144505,   34.881532,       40.38,
 140.149009,   34.881532,       40.28,
 140.153514,   34.881532,       40.19,
 140.158018,   34.881532,       40.10,
 140.162523,   34.881532,       40.01,
 140.167027,   34.881532,       39.91,
 140.171532,   34.881532,       39.82,
 140.176036,   34.881532,       39.73,
 140.180541,   34.881532,       39.66,
 140.185045,   34.881532,       39.61,
 140.189550,   34.881532,       39.59,
 140.194054,   34.881532,       39.59,
 140.198559,   34.881532,       39.58,
 140.203063,   34.881532,       39.58,
 140.207568,   34.881532,       39.59,
 140.212072,   34.881532,       39.60,
 140.216577,   34.881532,       39.62,
 140.221081,   34.881532,       39.66,
 140.225586,   34.881532,       39.70,
 140.230090,   34.881532,       39.74,
 140.234595,   34.881532,       39.80,
 140.239099,   34.881532,       39.87,
 140.243604,   34.881532,       39.94,
 140.248108,   34.881532,       40.03,
 140.252613,   34.881532,       40.12,
 140.257117,   34.881532,       40.14,
 140.261622,   34.881532,       40.01,
 140.266126,   34.881532,       39.80,
 140.270631,   34.881532,       39.59,
 140.275135,   34.881532,       39.36,
 140.279640,   34.881532,       39.13,
 140.284144,   34.881532,       38.88,
 140.288649,   34.881532,       38.63,
 140.293153,   34.881532,       38.37,
 140.297658,   34.881532,       38.11,
 140.302162,   34.881532,       37.83,
 140.306667,   34.881532,       37.55,
 140.311171,   34.881532,       37.25,
 140.315676,   34.881532,       36.95,
 140.320180,   34.881532,       36.65,
 140.324685,   34.881532,       36.33,
 140.329189,   34.881532,       36.00,
 140.333694,   34.881532,       35.74,
 140.338198,   34.881532,       35.51,
 140.342703,   34.881532,       35.28,
 140.347207,   34.881532,       35.03,
 140.351712,   34.881532,       34.78,
 140.356216,   34.881532,       34.53,
 140.360721,   34.881532,       34.29,
 140.365225,   34.881532,       34.04,
 140.369730,   34.881532,       33.80,
 140.374234,   34.881532,       33.55,
 140.378739,   34.881532,       33.31,
 140.383243,   34.881532,       33.06,
 140.387748,   34.881532,       32.82,
 139.140000,   34.886036,       44.30,
 139.144505,   34.886036,       43.38,
 139.149009,   34.886036,       43.19,
 139.153514,   34.886036,       43.00,
 139.158018,   34.886036,       42.81,
 139.162523,   34.886036,       41.88,
 139.167027,   34.886036,       40.91,
 139.171532,   34.886036,       39.97,
 139.176036,   34.886036,       39.09,
 139.180541,   34.886036,       38.24,
 139.185045,   34.886036,       37.44,
 139.189550,   34.886036,       36.69,
 139.194054,   34.886036,       35.97,
 139.198559,   34.886036,       35.30,
 139.203063,   34.886036,       34.68,
 139.207568,   34.886036,       34.10,
 139.212072,   34.886036,       33.56,
 139.216577,   34.886036,       33.06,
 139.221081,   34.886036,       32.61,
 139.225586,   34.886036,       32.20,
 139.230090,   34.886036,       32.13,
 139.234595,   34.886036,       32.35,
 139.239099,   34.886036,       32.57,
 139.243604,   34.886036,       32.86,
 139.248108,   34.886036,       33.14,
 139.252613,   34.886036,       33.43,
 139.257117,   34.886036,       33.73,
 139.261622,   34.886036,       34.02,
 139.266126,   34.886036,       34.32,
 139.270631,   34.886036,       34.62,
 139.275135,   34.886036,       34.92,
 139.279640,   34.886036,       35.22,
 139.284144,   34.886036,       35.53,
 139.288649,   34.886036,       35.84,
 139.293153,   34.886036,       36.15,
 139.297658,   34.886036,       36.46,
 139.302162,   34.886036,       36.77,
 139.306667,   34.886036,       37.09,
 139.311171,   34.886036,       37.41,
 139.315676,   34.886036,       37.73,
 139.320180,   34.886036,       38.06,
 139.324685,   34.886036,       38.38,
 139.329189,   34.886036,       38.71,
 139.333694,   34.886036,       39.04,
 139.338198,   34.886036,       39.38,
 139.342703,   34.886036,       39.71,
 139.347207,   34.886036,       40.03,
 139.351712,   34.886036,       40.35,
 139.356216,   34.886036,       40.66,
 139.360721,   34.886036,       40.97,
 139.365225,   34.886036,       41.27,
 139.369730,   34.886036,       41.56,
 139.374234,   34.886036,       41.85,
 139.378739,   34.886036,       42.13,
 139.383243,   34.886036,       42.40,
 139.387748,   34.886036,       42.67,
 139.392252,   34.886036,       42.90,
 139.396757,   34.886036,       43.09,
 139.401261,   34.886036,       43.19,
 139.405766,   34.886036,       43.21,
 139.410270,   34.886036,       43.27,
 139.414775,   34.886036,       43.38,
 139.419279,   34.886036,       43.50,
 139.423784,   34.886036,       43.66,
 139.428288,   34.886036,       43.87,
 139.432793,   34.886036,       44.12,
 139.437297,   34.886036,       44.41,
 139.441802,   34.886036,       44.76,
 139.446306,   34.886036,       45.16,
 139.450811,   34.886036,       45.62,
 139.455315,   34.886036,       46.12,
 139.459820,   34.886036,       46.71,
 139.464324,   34.886036,       47.55,
 139.468829,   34.886036,       48.57,
 139.473333,   34.886036,       49.52,
 139.477838,   34.886036,       50.43,
 139.482342,   34.886036,       51.32,
 139.486847,   34.886036,       52.23,
 139.491351,   34.886036,       53.17,
 139.495856,   34.886036,       54.13,
 139.500360,   34.886036,       55.13,
 139.504865,   34.886036,       56.16,
 139.509369,   34.886036,       57.20,
 139.513874,   34.886036,       58.10,
 139.518378,   34.886036,       58.45,
 139.522883,   34.886036,       58.43,
 139.527387,   34.886036,       58.31,
 139.531892,   34.886036,       58.23,
 139.536396,   34.886036,       58.17,
 139.540901,   34.886036,       58.08,
 139.545405,   34.886036,       57.97,
 139.549910,   34.886036,       57.84,
 139.554414,   34.886036,       57.71,
 139.558919,   34.886036,       57.47,
 139.563423,   34.886036,       57.13,
 139.567928,   34.886036,       56.55,
 139.572432,   34.886036,       55.85,
 139.576937,   34.886036,       55.16,
 139.581441,   34.886036,       54.57,
 139.585946,   34.886036,       54.01,
 139.590450,   34.886036,       53.49,
 139.594955,   34.886036,       53.07,
 139.599459,   34.886036,       52.81,
 139.603964,   34.886036,       52.28,
 139.608468,   34.886036,       51.15,
 139.612973,   34.886036,       49.49,
 139.617477,   34.886036,       47.77,
 139.621982,   34.886036,       46.00,
 139.626486,   34.886036,       44.24,
 139.630991,   34.886036,       42.41,
 139.635495,   34.886036,       40.71,
 139.640000,   34.886036,       41.40,
 139.644505,   34.886036,       42.00,
 139.649009,   34.886036,       42.57,
 139.653514,   34.886036,       43.18,
 139.658018,   34.886036,       43.80,
 139.662523,   34.886036,       44.50,
 139.667027,   34.886036,       45.33,
 139.671532,   34.886036,       45.80,
 139.676036,   34.886036,       45.91,
 139.680541,   34.886036,       45.68,
 139.685045,   34.886036,       45.01,
 139.689550,   34.886036,       44.41,
 139.694054,   34.886036,       43.82,
 139.698559,   34.886036,       43.10,
 139.703063,   34.886036,       42.30,
 139.707568,   34.886036,       41.80,
 139.712072,   34.886036,       41.54,
 139.716577,   34.886036,       41.35,
 139.721081,   34.886036,       41.22,
 139.725586,   34.886036,       41.47,
 139.730090,   34.886036,       41.81,
 139.734595,   34.886036,       42.16,
 139.739099,   34.886036,       42.23,
 139.743604,   34.886036,       41.49,
 139.748108,   34.886036,       40.64,
 139.752613,   34.886036,       39.88,
 139.757117,   34.886036,       39.17,
 139.761622,   34.886036,       38.38,
 139.766126,   34.886036,       37.58,
 139.770631,   34.886036,       34.13,
 139.775135,   34.886036,       26.46,
 139.779640,   34.886036,       22.25,
 139.784144,   34.886036,       22.25,
 139.788649,   34.886036,       30.87,
 139.793153,   34.886036,       36.91,
 139.797658,   34.886036,       38.04,
 139.802162,   34.886036,       38.76,
 139.806667,   34.886036,       39.73,
 139.811171,   34.886036,       39.08,
 139.815676,   34.886036,       38.29,
 139.820180,   34.886036,       37.85,
 139.824685,   34.886036,       37.30,
 139.829189,   34.886036,       37.16,
 139.833694,   34.886036,       37.35,
 139.838198,   34.886036,       37.82,
 139.842703,   34.886036,       38.04,
 139.847207,   34.886036,       38.33,
 139.851712,   34.886036,       38.46,
 139.856216,   34.886036,       38.26,
 139.860721,   34.886036,       38.22,
 139.865225,   34.886036,       38.17,
 139.869730,   34.886036,       37.65,
 139.874234,   34.886036,       37.15,
 139.878739,   34.886036,       36.77,
 139.883243,   34.886036,       36.65,
 139.887748,   34.886036,       36.55,
 139.892252,   34.886036,       36.57,
 139.896757,   34.886036,       36.49,
 139.901261,   34.886036,       36.30,
 139.905766,   34.886036,       35.92,
 139.910270,   34.886036,       35.41,
 139.914775,   34.886036,       34.87,
 139.919279,   34.886036,       34.46,
 139.923784,   34.886036,       34.05,
 139.928288,   34.886036,       33.87,
 139.932793,   34.886036,       34.11,
 139.937297,   34.886036,       34.55,
 139.941802,   34.886036,       34.92,
 139.946306,   34.886036,       34.95,
 139.950811,   34.886036,       34.83,
 139.955315,   34.886036,       34.67,
 139.959820,   34.886036,       34.68,
 139.964324,   34.886036,       34.89,
 139.968829,   34.886036,       35.06,
 139.973333,   34.886036,       35.13,
 139.977838,   34.886036,       35.09,
 139.982342,   34.886036,       35.08,
 139.986847,   34.886036,       35.10,
 139.991351,   34.886036,       35.13,
 139.995856,   34.886036,       35.17,
 140.000360,   34.886036,       35.28,
 140.004865,   34.886036,       35.43,
 140.009369,   34.886036,       35.52,
 140.013874,   34.886036,       35.58,
 140.018378,   34.886036,       35.62,
 140.022883,   34.886036,       35.68,
 140.027387,   34.886036,       35.79,
 140.031892,   34.886036,       35.95,
 140.036396,   34.886036,       36.21,
 140.040901,   34.886036,       36.49,
 140.045405,   34.886036,       36.71,
 140.049910,   34.886036,       36.84,
 140.054414,   34.886036,       36.99,
 140.058919,   34.886036,       37.38,
 140.063423,   34.886036,       37.89,
 140.067928,   34.886036,       38.30,
 140.072432,   34.886036,       38.66,
 140.076937,   34.886036,       38.99,
 140.081441,   34.886036,       39.37,
 140.085946,   34.886036,       39.73,
 140.090450,   34.886036,       39.99,
 140.094955,   34.886036,       40.16,
 140.099459,   34.886036,       40.28,
 140.103964,   34.886036,       40.39,
 140.108468,   34.886036,       40.47,
 140.112973,   34.886036,       40.55,
 140.117477,   34.886036,       40.61,
 140.121982,   34.886036,       40.66,
 140.126486,   34.886036,       40.70,
 140.130991,   34.886036,       40.66,
 140.135495,   34.886036,       40.57,
 140.140000,   34.886036,       40.47,
 140.144505,   34.886036,       40.37,
 140.149009,   34.886036,       40.27,
 140.153514,   34.886036,       40.18,
 140.158018,   34.886036,       40.08,
 140.162523,   34.886036,       39.99,
 140.167027,   34.886036,       39.90,
 140.171532,   34.886036,       39.80,
 140.176036,   34.886036,       39.72,
 140.180541,   34.886036,       39.66,
 140.185045,   34.886036,       39.61,
 140.189550,   34.886036,       39.59,
 140.194054,   34.886036,       39.59,
 140.198559,   34.886036,       39.59,
 140.203063,   34.886036,       39.59,
 140.207568,   34.886036,       39.59,
 140.212072,   34.886036,       39.60,
 140.216577,   34.886036,       39.62,
 140.221081,   34.886036,       39.65,
 140.225586,   34.886036,       39.69,
 140.230090,   34.886036,       39.74,
 140.234595,   34.886036,       39.79,
 140.239099,   34.886036,       39.86,
 140.243604,   34.886036,       39.93,
 140.248108,   34.886036,       40.01,
 140.252613,   34.886036,       40.05,
 140.257117,   34.886036,       39.94,
 140.261622,   34.886036,       39.74,
 140.266126,   34.886036,       39.53,
 140.270631,   34.886036,       39.31,
 140.275135,   34.886036,       39.08,
 140.279640,   34.886036,       38.85,
 140.284144,   34.886036,       38.61,
 140.288649,   34.886036,       38.36,
 140.293153,   34.886036,       38.10,
 140.297658,   34.886036,       37.83,
 140.302162,   34.886036,       37.56,
 140.306667,   34.886036,       37.27,
 140.311171,   34.886036,       36.98,
 140.315676,   34.886036,       36.68,
 140.320180,   34.886036,       36.38,
 140.324685,   34.886036,       36.06,
 140.329189,   34.886036,       35.79,
 140.333694,   34.886036,       35.56,
 140.338198,   34.886036,       35.33,
 140.342703,   34.886036,       35.08,
 140.347207,   34.886036,       34.83,
 140.351712,   34.886036,       34.58,
 140.356216,   34.886036,       34.34,
 140.360721,   34.886036,       34.09,
 140.365225,   34.886036,       33.85,
 140.369730,   34.886036,       33.60,
 140.374234,   34.886036,       33.35,
 140.378739,   34.886036,       33.11,
 140.383243,   34.886036,       32.87,
 140.387748,   34.886036,       32.62,
 139.140000,   34.890541,       45.98,
 139.144505,   34.890541,       44.24,
 139.149009,   34.890541,       42.94,
 139.153514,   34.890541,       42.75,
 139.158018,   34.890541,       42.56,
 139.162523,   34.890541,       42.37,
 139.167027,   34.890541,       41.53,
 139.171532,   34.890541,       40.60,
 139.176036,   34.890541,       39.71,
 139.180541,   34.890541,       38.86,
 139.185045,   34.890541,       38.06,
 139.189550,   34.890541,       37.30,
 139.194054,   34.890541,       36.58,
 139.198559,   34.890541,       35.91,
 139.203063,   34.890541,       35.28,
 139.207568,   34.890541,       34.70,
 139.212072,   34.890541,       34.15,
 139.216577,   34.890541,       33.66,
 139.221081,   34.890541,       33.20,
 139.225586,   34.890541,       32.79,
 139.230090,   34.890541,       32.42,
 139.234595,   34.890541,       32.33,
 139.239099,   34.890541,       32.55,
 139.243604,   34.890541,       32.78,
 139.248108,   34.890541,       33.07,
 139.252613,   34.890541,       33.36,
 139.257117,   34.890541,       33.65,
 139.261622,   34.890541,       33.95,
 139.266126,   34.890541,       34.25,
 139.270631,   34.890541,       34.55,
 139.275135,   34.890541,       34.85,
 139.279640,   34.890541,       35.15,
 139.284144,   34.890541,       35.46,
 139.288649,   34.890541,       35.77,
 139.293153,   34.890541,       36.08,
 139.297658,   34.890541,       36.39,
 139.302162,   34.890541,       36.71,
 139.306667,   34.890541,       37.02,
 139.311171,   34.890541,       37.34,
 139.315676,   34.890541,       37.67,
 139.320180,   34.890541,       37.99,
 139.324685,   34.890541,       38.32,
 139.329189,   34.890541,       38.66,
 139.333694,   34.890541,       38.99,
 139.338198,   34.890541,       39.31,
 139.342703,   34.890541,       39.62,
 139.347207,   34.890541,       39.94,
 139.351712,   34.890541,       40.25,
 139.356216,   34.890541,       40.56,
 139.360721,   34.890541,       40.86,
 139.365225,   34.890541,       41.15,
 139.369730,   34.890541,       41.44,
 139.374234,   34.890541,       41.72,
 139.378739,   34.890541,       42.00,
 139.383243,   34.890541,       42.27,
 139.387748,   34.890541,       42.53,
 139.392252,   34.890541,       42.78,
 139.396757,   34.890541,       42.99,
 139.401261,   34.890541,       43.11,
 139.405766,   34.890541,       43.18,
 139.410270,   34.890541,       43.26,
 139.414775,   34.890541,       43.36,
 139.419279,   34.890541,       43.50,
 139.423784,   34.890541,       43.68,
 139.428288,   34.890541,       43.90,
 139.432793,   34.890541,       44.17,
 139.437297,   34.890541,       44.46,
 139.441802,   34.890541,       44.79,
 139.446306,   34.890541,       45.18,
 139.450811,   34.890541,       45.61,
 139.455315,   34.890541,       46.08,
 139.459820,   34.890541,       46.60,
 139.464324,   34.890541,       47.33,
 139.468829,   34.890541,       48.30,
 139.473333,   34.890541,       49.15,
 139.477838,   34.890541,       49.95,
 139.482342,   34.890541,       50.75,
 139.486847,   34.890541,       51.56,
 139.491351,   34.890541,       52.39,
 139.495856,   34.890541,       53.25,
 139.500360,   34.890541,       54.14,
 139.504865,   34.890541,       55.05,
 139.509369,   34.890541,       55.95,
 139.513874,   34.890541,       56.62,
 139.518378,   34.890541,       56.86,
 139.522883,   34.890541,       56.79,
 139.527387,   34.890541,       56.55,
 139.531892,   34.890541,       56.33,
 139.536396,   34.890541,       56.13,
 139.540901,   34.890541,       55.92,
 139.545405,   34.890541,       55.69,
 139.549910,   34.890541,       55.42,
 139.554414,   34.890541,       55.13,
 139.558919,   34.890541,       54.82,
 139.563423,   34.890541,       54.42,
 139.567928,   34.890541,       53.93,
 139.572432,   34.890541,       53.44,
 139.576937,   34.890541,       53.09,
 139.581441,   34.890541,       52.79,
 139.585946,   34.890541,       52.49,
 139.590450,   34.890541,       52.23,
 139.594955,   34.890541,       52.08,
 139.599459,   34.890541,       52.05,
 139.603964,   34.890541,       51.64,
 139.608468,   34.890541,       50.68,
 139.612973,   34.890541,       49.06,
 139.617477,   34.890541,       47.37,
 139.621982,   34.890541,       45.96,
 139.626486,   34.890541,       44.71,
 139.630991,   34.890541,       43.68,
 139.635495,   34.890541,       43.45,
 139.640000,   34.890541,       44.05,
 139.644505,   34.890541,       44.67,
 139.649009,   34.890541,       45.29,
 139.653514,   34.890541,       45.91,
 139.658018,   34.890541,       46.53,
 139.662523,   34.890541,       47.15,
 139.667027,   34.890541,       47.70,
 139.671532,   34.890541,       47.27,
 139.676036,   34.890541,       46.70,
 139.680541,   34.890541,       46.02,
 139.685045,   34.890541,       45.36,
 139.689550,   34.890541,       44.71,
 139.694054,   34.890541,       43.93,
 139.698559,   34.890541,       43.04,
 139.703063,   34.890541,       42.04,
 139.707568,   34.890541,       41.43,
 139.712072,   34.890541,       41.29,
 139.716577,   34.890541,       41.17,
 139.721081,   34.890541,       41.13,
 139.725586,   34.890541,       41.44,
 139.730090,   34.890541,       41.76,
 139.734595,   34.890541,       42.07,
 139.739099,   34.890541,       41.94,
 139.743604,   34.890541,       40.88,
 139.748108,   34.890541,       39.92,
 139.752613,   34.890541,       39.11,
 139.757117,   34.890541,       38.54,
 139.761622,   34.890541,       37.95,
 139.766126,   34.890541,       37.33,
 139.770631,   34.890541,       36.34,
 139.775135,   34.890541,       30.59,
 139.779640,   34.890541,       25.95,
 139.784144,   34.890541,       28.17,
 139.788649,   34.890541,       34.62,
 139.793153,   34.890541,       39.07,
 139.797658,   34.890541,       39.11,
 139.802162,   34.890541,       39.47,
 139.806667,   34.890541,       39.53,
 139.811171,   34.890541,       38.87,
 139.815676,   34.890541,       38.19,
 139.820180,   34.890541,       37.35,
 139.824685,   34.890541,       36.46,
 139.829189,   34.890541,       36.02,
 139.833694,   34.890541,       36.41,
 139.838198,   34.890541,       37.33,
 139.842703,   34.890541,       37.98,
 139.847207,   34.890541,       38.22,
 139.851712,   34.890541,       38.18,
 139.856216,   34.890541,       38.08,
 139.860721,   34.890541,       38.01,
 139.865225,   34.890541,       37.98,
 139.869730,   34.890541,       37.77,
 139.874234,   34.890541,       37.37,
 139.878739,   34.890541,       37.02,
 139.883243,   34.890541,       36.81,
 139.887748,   34.890541,       36.91,
 139.892252,   34.890541,       37.08,
 139.896757,   34.890541,       37.01,
 139.901261,   34.890541,       36.78,
 139.905766,   34.890541,       36.42,
 139.910270,   34.890541,       35.96,
 139.914775,   34.890541,       35.51,
 139.919279,   34.890541,       35.14,
 139.923784,   34.890541,       34.81,
 139.928288,   34.890541,       34.93,
 139.932793,   34.890541,       35.09,
 139.937297,   34.890541,       35.38,
 139.941802,   34.890541,       35.59,
 139.946306,   34.890541,       35.81,
 139.950811,   34.890541,       35.70,
 139.955315,   34.890541,       35.51,
 139.959820,   34.890541,       35.40,
 139.964324,   34.890541,       35.45,
 139.968829,   34.890541,       35.43,
 139.973333,   34.890541,       35.32,
 139.977838,   34.890541,       35.19,
 139.982342,   34.890541,       35.06,
 139.986847,   34.890541,       34.93,
 139.991351,   34.890541,       34.92,
 139.995856,   34.890541,       34.95,
 140.000360,   34.890541,       35.02,
 140.004865,   34.890541,       35.07,
 140.009369,   34.890541,       35.08,
 140.013874,   34.890541,       35.11,
 140.018378,   34.890541,       35.15,
 140.022883,   34.890541,       35.21,
 140.027387,   34.890541,       35.31,
 140.031892,   34.890541,       35.60,
 140.036396,   34.890541,       35.99,
 140.040901,   34.890541,       36.36,
 140.045405,   34.890541,       36.70,
 140.049910,   34.890541,       37.07,
 140.054414,   34.890541,       37.43,
 140.058919,   34.890541,       37.62,
 140.063423,   34.890541,       37.88,
 140.067928,   34.890541,       38.17,
 140.072432,   34.890541,       38.48,
 140.076937,   34.890541,       38.80,
 140.081441,   34.890541,       39.17,
 140.085946,   34.890541,       39.50,
 140.090450,   34.890541,       39.75,
 140.094955,   34.890541,       39.94,
 140.099459,   34.890541,       40.09,
 140.103964,   34.890541,       40.23,
 140.108468,   34.890541,       40.35,
 140.112973,   34.890541,       40.46,
 140.117477,   34.890541,       40.55,
 140.121982,   34.890541,       40.62,
 140.126486,   34.890541,       40.68,
 140.130991,   34.890541,       40.66,
 140.135495,   34.890541,       40.56,
 140.140000,   34.890541,       40.46,
 140.144505,   34.890541,       40.36,
 140.149009,   34.890541,       40.26,
 140.153514,   34.890541,       40.16,
 140.158018,   34.890541,       40.07,
 140.162523,   34.890541,       39.97,
 140.167027,   34.890541,       39.87,
 140.171532,   34.890541,       39.78,
 140.176036,   34.890541,       39.71,
 140.180541,   34.890541,       39.65,
 140.185045,   34.890541,       39.61,
 140.189550,   34.890541,       39.59,
 140.194054,   34.890541,       39.59,
 140.198559,   34.890541,       39.59,
 140.203063,   34.890541,       39.59,
 140.207568,   34.890541,       39.59,
 140.212072,   34.890541,       39.59,
 140.216577,   34.890541,       39.61,
 140.221081,   34.890541,       39.64,
 140.225586,   34.890541,       39.68,
 140.230090,   34.890541,       39.72,
 140.234595,   34.890541,       39.77,
 140.239099,   34.890541,       39.84,
 140.243604,   34.890541,       39.91,
 140.248108,   34.890541,       39.97,
 140.252613,   34.890541,       39.86,
 140.257117,   34.890541,       39.67,
 140.261622,   34.890541,       39.47,
 140.266126,   34.890541,       39.26,
 140.270631,   34.890541,       39.04,
 140.275135,   34.890541,       38.82,
 140.279640,   34.890541,       38.59,
 140.284144,   34.890541,       38.34,
 140.288649,   34.890541,       38.09,
 140.293153,   34.890541,       37.84,
 140.297658,   34.890541,       37.57,
 140.302162,   34.890541,       37.29,
 140.306667,   34.890541,       37.01,
 140.311171,   34.890541,       36.72,
 140.315676,   34.890541,       36.42,
 140.320180,   34.890541,       36.11,
 140.324685,   34.890541,       35.85,
 140.329189,   34.890541,       35.62,
 140.333694,   34.890541,       35.38,
 140.338198,   34.890541,       35.13,
 140.342703,   34.890541,       34.88,
 140.347207,   34.890541,       34.63,
 140.351712,   34.890541,       34.39,
 140.356216,   34.890541,       34.14,
 140.360721,   34.890541,       33.89,
 140.365225,   34.890541,       33.65,
 140.369730,   34.890541,       33.40,
 140.374234,   34.890541,       33.16,
 140.378739,   34.890541,       32.91,
 140.383243,   34.890541,       32.67,
 140.387748,   34.890541,       32.43,
 139.140000,   34.895045,       47.58,
 139.144505,   34.895045,       45.82,
 139.149009,   34.895045,       44.14,
 139.153514,   34.895045,       42.54,
 139.158018,   34.895045,       42.30,
 139.162523,   34.895045,       42.11,
 139.167027,   34.895045,       41.92,
 139.171532,   34.895045,       41.18,
 139.176036,   34.895045,       40.29,
 139.180541,   34.895045,       39.44,
 139.185045,   34.895045,       38.63,
 139.189550,   34.895045,       37.87,
 139.194054,   34.895045,       37.15,
 139.198559,   34.895045,       36.47,
 139.203063,   34.895045,       35.84,
 139.207568,   34.895045,       35.25,
 139.212072,   34.895045,       34.71,
 139.216577,   34.895045,       34.21,
 139.221081,   34.895045,       33.75,
 139.225586,   34.895045,       33.34,
 139.230090,   34.895045,       32.97,
 139.234595,   34.895045,       32.64,
 139.239099,   34.895045,       32.53,
 139.243604,   34.895045,       32.75,
 139.248108,   34.895045,       33.00,
 139.252613,   34.895045,       33.29,
 139.257117,   34.895045,       33.58,
 139.261622,   34.895045,       33.88,
 139.266126,   34.895045,       34.17,
 139.270631,   34.895045,       34.47,
 139.275135,   34.895045,       34.77,
 139.279640,   34.895045,       35.08,
 139.284144,   34.895045,       35.39,
 139.288649,   34.895045,       35.70,
 139.293153,   34.895045,       36.01,
 139.297658,   34.895045,       36.32,
 139.302162,   34.895045,       36.64,
 139.306667,   34.895045,       36.95,
 139.311171,   34.895045,       37.27,
 139.315676,   34.895045,       37.60,
 139.320180,   34.895045,       37.92,
 139.324685,   34.895045,       38.27,
 139.329189,   34.895045,       38.62,
 139.333694,   34.895045,       38.95,
 139.338198,   34.895045,       39.26,
 139.342703,   34.895045,       39.57,
 139.347207,   34.895045,       39.87,
 139.351712,   34.895045,       40.17,
 139.356216,   34.895045,       40.47,
 139.360721,   34.895045,       40.77,
 139.365225,   34.895045,       41.06,
 139.369730,   34.895045,       41.34,
 139.374234,   34.895045,       41.62,
 139.378739,   34.895045,       41.89,
 139.383243,   34.895045,       42.15,
 139.387748,   34.895045,       42.40,
 139.392252,   34.895045,       42.65,
 139.396757,   34.895045,       42.89,
 139.401261,   34.895045,       43.05,
 139.405766,   34.895045,       43.11,
 139.410270,   34.895045,       43.18,
 139.414775,   34.895045,       43.29,
 139.419279,   34.895045,       43.44,
 139.423784,   34.895045,       43.63,
 139.428288,   34.895045,       43.86,
 139.432793,   34.895045,       44.12,
 139.437297,   34.895045,       44.42,
 139.441802,   34.895045,       44.76,
 139.446306,   34.895045,       45.13,
 139.450811,   34.895045,       45.55,
 139.455315,   34.895045,       46.01,
 139.459820,   34.895045,       46.51,
 139.464324,   34.895045,       47.10,
 139.468829,   34.895045,       47.97,
 139.473333,   34.895045,       48.69,
 139.477838,   34.895045,       49.38,
 139.482342,   34.895045,       50.08,
 139.486847,   34.895045,       50.81,
 139.491351,   34.895045,       51.55,
 139.495856,   34.895045,       52.30,
 139.500360,   34.895045,       53.07,
 139.504865,   34.895045,       53.84,
 139.509369,   34.895045,       54.59,
 139.513874,   34.895045,       55.10,
 139.518378,   34.895045,       55.32,
 139.522883,   34.895045,       55.25,
 139.527387,   34.895045,       54.91,
 139.531892,   34.895045,       54.57,
 139.536396,   34.895045,       54.27,
 139.540901,   34.895045,       53.97,
 139.545405,   34.895045,       53.64,
 139.549910,   34.895045,       53.25,
 139.554414,   34.895045,       52.79,
 139.558919,   34.895045,       52.28,
 139.563423,   34.895045,       51.79,
 139.567928,   34.895045,       51.45,
 139.572432,   34.895045,       51.40,
 139.576937,   34.895045,       51.39,
 139.581441,   34.895045,       51.35,
 139.585946,   34.895045,       51.28,
 139.590450,   34.895045,       51.24,
 139.594955,   34.895045,       51.32,
 139.599459,   34.895045,       51.37,
 139.603964,   34.895045,       51.08,
 139.608468,   34.895045,       50.30,
 139.612973,   34.895045,       48.82,
 139.617477,   34.895045,       47.62,
 139.621982,   34.895045,       46.78,
 139.626486,   34.895045,       46.16,
 139.630991,   34.895045,       45.85,
 139.635495,   34.895045,       46.19,
 139.640000,   34.895045,       46.78,
 139.644505,   34.895045,       47.39,
 139.649009,   34.895045,       48.01,
 139.653514,   34.895045,       48.60,
 139.658018,   34.895045,       49.02,
 139.662523,   34.895045,       49.24,
 139.667027,   34.895045,       48.54,
 139.671532,   34.895045,       47.64,
 139.676036,   34.895045,       46.95,
 139.680541,   34.895045,       46.28,
 139.685045,   34.895045,       45.65,
 139.689550,   34.895045,       45.04,
 139.694054,   34.895045,       44.01,
 139.698559,   34.895045,       42.89,
 139.703063,   34.895045,       41.71,
 139.707568,   34.895045,       40.96,
 139.712072,   34.895045,       40.95,
 139.716577,   34.895045,       40.94,
 139.721081,   34.895045,       41.09,
 139.725586,   34.895045,       41.39,
 139.730090,   34.895045,       41.67,
 139.734595,   34.895045,       41.55,
 139.739099,   34.895045,       40.79,
 139.743604,   34.895045,       39.83,
 139.748108,   34.895045,       38.87,
 139.752613,   34.895045,       37.94,
 139.757117,   34.895045,       37.49,
 139.761622,   34.895045,       37.33,
 139.766126,   34.895045,       37.74,
 139.770631,   34.895045,       38.77,
 139.775135,   34.895045,       38.06,
 139.779640,   34.895045,       36.25,
 139.784144,   34.895045,       37.18,
 139.788649,   34.895045,       40.78,
 139.793153,   34.895045,       40.44,
 139.797658,   34.895045,       39.97,
 139.802162,   34.895045,       39.85,
 139.806667,   34.895045,       39.19,
 139.811171,   34.895045,       38.52,
 139.815676,   34.895045,       37.86,
 139.820180,   34.895045,       37.10,
 139.824685,   34.895045,       36.07,
 139.829189,   34.895045,       34.79,
 139.833694,   34.895045,       35.83,
 139.838198,   34.895045,       36.92,
 139.842703,   34.895045,       37.78,
 139.847207,   34.895045,       37.98,
 139.851712,   34.895045,       37.87,
 139.856216,   34.895045,       37.78,
 139.860721,   34.895045,       37.72,
 139.865225,   34.895045,       37.77,
 139.869730,   34.895045,       37.77,
 139.874234,   34.895045,       37.60,
 139.878739,   34.895045,       37.43,
 139.883243,   34.895045,       37.27,
 139.887748,   34.895045,       37.45,
 139.892252,   34.895045,       37.63,
 139.896757,   34.895045,       37.59,
 139.901261,   34.895045,       37.34,
 139.905766,   34.895045,       36.97,
 139.910270,   34.895045,       36.54,
 139.914775,   34.895045,       36.27,
 139.919279,   34.895045,       36.05,
 139.923784,   34.895045,       35.89,
 139.928288,   34.895045,       35.99,
 139.932793,   34.895045,       36.05,
 139.937297,   34.895045,       36.05,
 139.941802,   34.895045,       36.23,
 139.946306,   34.895045,       36.38,
 139.950811,   34.895045,       36.38,
 139.955315,   34.895045,       36.22,
 139.959820,   34.895045,       36.06,
 139.964324,   34.895045,       35.88,
 139.968829,   34.895045,       35.71,
 139.973333,   34.895045,       35.51,
 139.977838,   34.895045,       35.30,
 139.982342,   34.895045,       34.97,
 139.986847,   34.895045,       34.63,
 139.991351,   34.895045,       34.58,
 139.995856,   34.895045,       34.57,
 140.000360,   34.895045,       34.52,
 140.004865,   34.895045,       34.49,
 140.009369,   34.895045,       34.53,
 140.013874,   34.895045,       34.58,
 140.018378,   34.895045,       34.65,
 140.022883,   34.895045,       34.72,
 140.027387,   34.895045,       34.86,
 140.031892,   34.895045,       35.42,
 140.036396,   34.895045,       35.99,
 140.040901,   34.895045,       36.52,
 140.045405,   34.895045,       37.04,
 140.049910,   34.895045,       37.59,
 140.054414,   34.895045,       37.90,
 140.058919,   34.895045,       37.99,
 140.063423,   34.895045,       38.10,
 140.067928,   34.895045,       38.27,
 140.072432,   34.895045,       38.48,
 140.076937,   34.895045,       38.72,
 140.081441,   34.895045,       39.00,
 140.085946,   34.895045,       39.29,
 140.090450,   34.895045,       39.54,
 140.094955,   34.895045,       39.75,
 140.099459,   34.895045,       39.93,
 140.103964,   34.895045,       40.10,
 140.108468,   34.895045,       40.26,
 140.112973,   34.895045,       40.39,
 140.117477,   34.895045,       40.51,
 140.121982,   34.895045,       40.62,
 140.126486,   34.895045,       40.71,
 140.130991,   34.895045,       40.69,
 140.135495,   34.895045,       40.57,
 140.140000,   34.895045,       40.47,
 140.144505,   34.895045,       40.36,
 140.149009,   34.895045,       40.26,
 140.153514,   34.895045,       40.15,
 140.158018,   34.895045,       40.05,
 140.162523,   34.895045,       39.94,
 140.167027,   34.895045,       39.85,
 140.171532,   34.895045,       39.76,
 140.176036,   34.895045,       39.70,
 140.180541,   34.895045,       39.65,
 140.185045,   34.895045,       39.61,
 140.189550,   34.895045,       39.59,
 140.194054,   34.895045,       39.58,
 140.198559,   34.895045,       39.58,
 140.203063,   34.895045,       39.58,
 140.207568,   34.895045,       39.58,
 140.212072,   34.895045,       39.59,
 140.216577,   34.895045,       39.60,
 140.221081,   34.895045,       39.62,
 140.225586,   34.895045,       39.65,
 140.230090,   34.895045,       39.70,
 140.234595,   34.895045,       39.75,
 140.239099,   34.895045,       39.81,
 140.243604,   34.895045,       39.88,
 140.248108,   34.895045,       39.79,
 140.252613,   34.895045,       39.60,
 140.257117,   34.895045,       39.41,
 140.261622,   34.895045,       39.21,
 140.266126,   34.895045,       39.00,
 140.270631,   34.895045,       38.79,
 140.275135,   34.895045,       38.56,
 140.279640,   34.895045,       38.33,
 140.284144,   34.895045,       38.09,
 140.288649,   34.895045,       37.84,
 140.293153,   34.895045,       37.58,
 140.297658,   34.895045,       37.31,
 140.302162,   34.895045,       37.04,
 140.306667,   34.895045,       36.76,
 140.311171,   34.895045,       36.47,
 140.315676,   34.895045,       36.17,
 140.320180,   34.895045,       35.90,
 140.324685,   34.895045,       35.67,
 140.329189,   34.895045,       35.43,
 140.333694,   34.895045,       35.18,
 140.338198,   34.895045,       34.93,
 140.342703,   34.895045,       34.68,
 140.347207,   34.895045,       34.44,
 140.351712,   34.895045,       34.19,
 140.356216,   34.895045,       33.94,
 140.360721,   34.895045,       33.69,
 140.365225,   34.895045,       33.45,
 140.369730,   34.895045,       33.20,
 140.374234,   34.895045,       32.96,
 140.378739,   34.895045,       32.71,
 140.383243,   34.895045,       32.47,
 140.387748,   34.895045,       32.23,
 139.140000,   34.899550,       49.10,
 139.144505,   34.899550,       47.33,
 139.149009,   34.899550,       45.63,
 139.153514,   34.899550,       44.01,
 139.158018,   34.899550,       42.46,
 139.162523,   34.899550,       41.86,
 139.167027,   34.899550,       41.67,
 139.171532,   34.899550,       41.48,
 139.176036,   34.899550,       40.82,
 139.180541,   34.899550,       39.97,
 139.185045,   34.899550,       39.16,
 139.189550,   34.899550,       38.39,
 139.194054,   34.899550,       37.67,
 139.198559,   34.899550,       36.99,
 139.203063,   34.899550,       36.36,
 139.207568,   34.899550,       35.77,
 139.212072,   34.899550,       35.22,
 139.216577,   34.899550,       34.71,
 139.221081,   34.899550,       34.25,
 139.225586,   34.899550,       33.84,
 139.230090,   34.899550,       33.46,
 139.234595,   34.899550,       33.13,
 139.239099,   34.899550,       32.85,
 139.243604,   34.899550,       32.73,
 139.248108,   34.899550,       32.95,
 139.252613,   34.899550,       33.21,
 139.257117,   34.899550,       33.50,
 139.261622,   34.899550,       33.80,
 139.266126,   34.899550,       34.10,
 139.270631,   34.899550,       34.40,
 139.275135,   34.899550,       34.70,
 139.279640,   34.899550,       35.00,
 139.284144,   34.899550,       35.31,
 139.288649,   34.899550,       35.62,
 139.293153,   34.899550,       35.93,
 139.297658,   34.899550,       36.25,
 139.302162,   34.899550,       36.56,
 139.306667,   34.899550,       36.88,
 139.311171,   34.899550,       37.20,
 139.315676,   34.899550,       37.53,
 139.320180,   34.899550,       37.88,
 139.324685,   34.899550,       38.23,
 139.329189,   34.899550,       38.57,
 139.333694,   34.899550,       38.91,
 139.338198,   34.899550,       39.22,
 139.342703,   34.899550,       39.52,
 139.347207,   34.899550,       39.82,
 139.351712,   34.899550,       40.12,
 139.356216,   34.899550,       40.41,
 139.360721,   34.899550,       40.70,
 139.365225,   34.899550,       40.98,
 139.369730,   34.899550,       41.26,
 139.374234,   34.899550,       41.53,
 139.378739,   34.899550,       41.79,
 139.383243,   34.899550,       42.04,
 139.387748,   34.899550,       42.28,
 139.392252,   34.899550,       42.50,
 139.396757,   34.899550,       42.72,
 139.401261,   34.899550,       42.87,
 139.405766,   34.899550,       42.93,
 139.410270,   34.899550,       43.02,
 139.414775,   34.899550,       43.14,
 139.419279,   34.899550,       43.30,
 139.423784,   34.899550,       43.50,
 139.428288,   34.899550,       43.73,
 139.432793,   34.899550,       44.00,
 139.437297,   34.899550,       44.31,
 139.441802,   34.899550,       44.65,
 139.446306,   34.899550,       45.03,
 139.450811,   34.899550,       45.44,
 139.455315,   34.899550,       45.89,
 139.459820,   34.899550,       46.38,
 139.464324,   34.899550,       46.91,
 139.468829,   34.899550,       47.50,
 139.473333,   34.899550,       48.09,
 139.477838,   34.899550,       48.71,
 139.482342,   34.899550,       49.34,
 139.486847,   34.899550,       49.99,
 139.491351,   34.899550,       50.65,
 139.495856,   34.899550,       51.30,
 139.500360,   34.899550,       51.95,
 139.504865,   34.899550,       52.58,
 139.509369,   34.899550,       53.16,
 139.513874,   34.899550,       53.61,
 139.518378,   34.899550,       53.82,
 139.522883,   34.899550,       53.76,
 139.527387,   34.899550,       53.41,
 139.531892,   34.899550,       52.98,
 139.536396,   34.899550,       52.60,
 139.540901,   34.899550,       52.23,
 139.545405,   34.899550,       51.82,
 139.549910,   34.899550,       51.36,
 139.554414,   34.899550,       50.81,
 139.558919,   34.899550,       50.15,
 139.563423,   34.899550,       49.39,
 139.567928,   34.899550,       49.65,
 139.572432,   34.899550,       49.96,
 139.576937,   34.899550,       50.17,
 139.581441,   34.899550,       50.31,
 139.585946,   34.899550,       50.43,
 139.590450,   34.899550,       50.56,
 139.594955,   34.899550,       50.66,
 139.599459,   34.899550,       50.73,
 139.603964,   34.899550,       50.60,
 139.608468,   34.899550,       49.99,
 139.612973,   34.899550,       48.88,
 139.617477,   34.899550,       48.32,
 139.621982,   34.899550,       48.02,
 139.626486,   34.899550,       47.95,
 139.630991,   34.899550,       48.25,
 139.635495,   34.899550,       48.90,
 139.640000,   34.899550,       49.51,
 139.644505,   34.899550,       50.11,
 139.649009,   34.899550,       50.69,
 139.653514,   34.899550,       50.96,
 139.658018,   34.899550,       50.90,
 139.662523,   34.899550,       50.44,
 139.667027,   34.899550,       49.22,
 139.671532,   34.899550,       47.96,
 139.676036,   34.899550,       47.11,
 139.680541,   34.899550,       46.46,
 139.685045,   34.899550,       45.79,
 139.689550,   34.899550,       45.03,
 139.694054,   34.899550,       44.02,
 139.698559,   34.899550,       42.88,
 139.703063,   34.899550,       41.66,
 139.707568,   34.899550,       40.87,
 139.712072,   34.899550,       40.79,
 139.716577,   34.899550,       40.85,
 139.721081,   34.899550,       41.05,
 139.725586,   34.899550,       41.33,
 139.730090,   34.899550,       41.45,
 139.734595,   34.899550,       40.62,
 139.739099,   34.899550,       39.65,
 139.743604,   34.899550,       38.67,
 139.748108,   34.899550,       37.81,
 139.752613,   34.899550,       36.82,
 139.757117,   34.899550,       37.75,
 139.761622,   34.899550,       38.76,
 139.766126,   34.899550,       39.78,
 139.770631,   34.899550,       40.53,
 139.775135,   34.899550,       40.67,
 139.779640,   34.899550,       40.65,
 139.784144,   34.899550,       41.16,
 139.788649,   34.899550,       41.17,
 139.793153,   34.899550,       40.60,
 139.797658,   34.899550,       40.05,
 139.802162,   34.899550,       39.49,
 139.806667,   34.899550,       38.86,
 139.811171,   34.899550,       38.22,
 139.815676,   34.899550,       37.81,
 139.820180,   34.899550,       37.30,
 139.824685,   34.899550,       36.40,
 139.829189,   34.899550,       35.87,
 139.833694,   34.899550,       36.12,
 139.838198,   34.899550,       36.91,
 139.842703,   34.899550,       37.62,
 139.847207,   34.899550,       37.60,
 139.851712,   34.899550,       37.50,
 139.856216,   34.899550,       37.42,
 139.860721,   34.899550,       37.54,
 139.865225,   34.899550,       37.65,
 139.869730,   34.899550,       37.74,
 139.874234,   34.899550,       38.04,
 139.878739,   34.899550,       38.24,
 139.883243,   34.899550,       38.26,
 139.887748,   34.899550,       38.40,
 139.892252,   34.899550,       38.60,
 139.896757,   34.899550,       38.60,
 139.901261,   34.899550,       38.29,
 139.905766,   34.899550,       37.92,
 139.910270,   34.899550,       37.58,
 139.914775,   34.899550,       37.39,
 139.919279,   34.899550,       37.19,
 139.923784,   34.899550,       36.99,
 139.928288,   34.899550,       36.99,
 139.932793,   34.899550,       36.98,
 139.937297,   34.899550,       36.86,
 139.941802,   34.899550,       36.82,
 139.946306,   34.899550,       36.90,
 139.950811,   34.899550,       36.92,
 139.955315,   34.899550,       36.79,
 139.959820,   34.899550,       36.59,
 139.964324,   34.899550,       36.37,
 139.968829,   34.899550,       36.13,
 139.973333,   34.899550,       35.87,
 139.977838,   34.899550,       35.43,
 139.982342,   34.899550,       34.92,
 139.986847,   34.899550,       34.33,
 139.991351,   34.899550,       34.15,
 139.995856,   34.899550,       34.05,
 140.000360,   34.899550,       33.94,
 140.004865,   34.899550,       33.87,
 140.009369,   34.899550,       33.90,
 140.013874,   34.899550,       34.06,
 140.018378,   34.899550,       34.22,
 140.022883,   34.899550,       34.38,
 140.027387,   34.899550,       34.85,
 140.031892,   34.899550,       35.57,
 140.036396,   34.899550,       36.25,
 140.040901,   34.899550,       36.95,
 140.045405,   34.899550,       37.63,
 140.049910,   34.899550,       38.17,
 140.054414,   34.899550,       38.39,
 140.058919,   34.899550,       38.37,
 140.063423,   34.899550,       38.34,
 140.067928,   34.899550,       38.41,
 140.072432,   34.899550,       38.52,
 140.076937,   34.899550,       38.67,
 140.081441,   34.899550,       38.86,
 140.085946,   34.899550,       39.10,
 140.090450,   34.899550,       39.37,
 140.094955,   34.899550,       39.60,
 140.099459,   34.899550,       39.82,
 140.103964,   34.899550,       40.02,
 140.108468,   34.899550,       40.21,
 140.112973,   34.899550,       40.37,
 140.117477,   34.899550,       40.53,
 140.121982,   34.899550,       40.67,
 140.126486,   34.899550,       40.73,
 140.130991,   34.899550,       40.71,
 140.135495,   34.899550,       40.59,
 140.140000,   34.899550,       40.48,
 140.144505,   34.899550,       40.36,
 140.149009,   34.899550,       40.25,
 140.153514,   34.899550,       40.14,
 140.158018,   34.899550,       40.03,
 140.162523,   34.899550,       39.92,
 140.167027,   34.899550,       39.82,
 140.171532,   34.899550,       39.74,
 140.176036,   34.899550,       39.68,
 140.180541,   34.899550,       39.64,
 140.185045,   34.899550,       39.60,
 140.189550,   34.899550,       39.58,
 140.194054,   34.899550,       39.58,
 140.198559,   34.899550,       39.57,
 140.203063,   34.899550,       39.57,
 140.207568,   34.899550,       39.58,
 140.212072,   34.899550,       39.58,
 140.216577,   34.899550,       39.58,
 140.221081,   34.899550,       39.59,
 140.225586,   34.899550,       39.62,
 140.230090,   34.899550,       39.66,
 140.234595,   34.899550,       39.71,
 140.239099,   34.899550,       39.77,
 140.243604,   34.899550,       39.71,
 140.248108,   34.899550,       39.53,
 140.252613,   34.899550,       39.35,
 140.257117,   34.899550,       39.16,
 140.261622,   34.899550,       38.96,
 140.266126,   34.899550,       38.75,
 140.270631,   34.899550,       38.54,
 140.275135,   34.899550,       38.31,
 140.279640,   34.899550,       38.08,
 140.284144,   34.899550,       37.84,
 140.288649,   34.899550,       37.59,
 140.293153,   34.899550,       37.33,
 140.297658,   34.899550,       37.07,
 140.302162,   34.899550,       36.79,
 140.306667,   34.899550,       36.51,
 140.311171,   34.899550,       36.22,
 140.315676,   34.899550,       35.95,
 140.320180,   34.899550,       35.72,
 140.324685,   34.899550,       35.48,
 140.329189,   34.899550,       35.23,
 140.333694,   34.899550,       34.98,
 140.338198,   34.899550,       34.73,
 140.342703,   34.899550,       34.48,
 140.347207,   34.899550,       34.24,
 140.351712,   34.899550,       33.99,
 140.356216,   34.899550,       33.74,
 140.360721,   34.899550,       33.50,
 140.365225,   34.899550,       33.25,
 140.369730,   34.899550,       33.01,
 140.374234,   34.899550,       32.76,
 140.378739,   34.899550,       32.52,
 140.383243,   34.899550,       32.27,
 140.387748,   34.899550,       32.03,
 139.140000,   34.904054,       50.55,
 139.144505,   34.904054,       48.76,
 139.149009,   34.904054,       47.04,
 139.153514,   34.904054,       45.40,
 139.158018,   34.904054,       43.83,
 139.162523,   34.904054,       42.34,
 139.167027,   34.904054,       41.42,
 139.171532,   34.904054,       41.23,
 139.176036,   34.904054,       41.04,
 139.180541,   34.904054,       40.46,
 139.185045,   34.904054,       39.65,
 139.189550,   34.904054,       38.88,
 139.194054,   34.904054,       38.15,
 139.198559,   34.904054,       37.47,
 139.203063,   34.904054,       36.83,
 139.207568,   34.904054,       36.24,
 139.212072,   34.904054,       35.69,
 139.216577,   34.904054,       35.18,
 139.221081,   34.904054,       34.71,
 139.225586,   34.904054,       34.29,
 139.230090,   34.904054,       33.92,
 139.234595,   34.904054,       33.58,
 139.239099,   34.904054,       33.30,
 139.243604,   34.904054,       33.05,
 139.248108,   34.904054,       32.93,
 139.252613,   34.904054,       33.15,
 139.257117,   34.904054,       33.42,
 139.261622,   34.904054,       33.72,
 139.266126,   34.904054,       34.02,
 139.270631,   34.904054,       34.32,
 139.275135,   34.904054,       34.62,
 139.279640,   34.904054,       34.93,
 139.284144,   34.904054,       35.24,
 139.288649,   34.904054,       35.54,
 139.293153,   34.904054,       35.86,
 139.297658,   34.904054,       36.17,
 139.302162,   34.904054,       36.49,
 139.306667,   34.904054,       36.81,
 139.311171,   34.904054,       37.14,
 139.315676,   34.904054,       37.49,
 139.320180,   34.904054,       37.83,
 139.324685,   34.904054,       38.18,
 139.329189,   34.904054,       38.53,
 139.333694,   34.904054,       38.86,
 139.338198,   34.904054,       39.18,
 139.342703,   34.904054,       39.49,
 139.347207,   34.904054,       39.79,
 139.351712,   34.904054,       40.07,
 139.356216,   34.904054,       40.36,
 139.360721,   34.904054,       40.64,
 139.365225,   34.904054,       40.92,
 139.369730,   34.904054,       41.19,
 139.374234,   34.904054,       41.44,
 139.378739,   34.904054,       41.67,
 139.383243,   34.904054,       41.89,
 139.387748,   34.904054,       42.10,
 139.392252,   34.904054,       42.29,
 139.396757,   34.904054,       42.44,
 139.401261,   34.904054,       42.55,
 139.405766,   34.904054,       42.65,
 139.410270,   34.904054,       42.76,
 139.414775,   34.904054,       42.91,
 139.419279,   34.904054,       43.08,
 139.423784,   34.904054,       43.29,
 139.428288,   34.904054,       43.54,
 139.432793,   34.904054,       43.81,
 139.437297,   34.904054,       44.12,
 139.441802,   34.904054,       44.46,
 139.446306,   34.904054,       44.82,
 139.450811,   34.904054,       45.21,
 139.455315,   34.904054,       45.63,
 139.459820,   34.904054,       46.06,
 139.464324,   34.904054,       46.45,
 139.468829,   34.904054,       46.79,
 139.473333,   34.904054,       47.35,
 139.477838,   34.904054,       47.93,
 139.482342,   34.904054,       48.52,
 139.486847,   34.904054,       49.11,
 139.491351,   34.904054,       49.69,
 139.495856,   34.904054,       50.25,
 139.500360,   34.904054,       50.79,
 139.504865,   34.904054,       51.28,
 139.509369,   34.904054,       51.75,
 139.513874,   34.904054,       52.15,
 139.518378,   34.904054,       52.38,
 139.522883,   34.904054,       52.32,
 139.527387,   34.904054,       51.97,
 139.531892,   34.904054,       51.56,
 139.536396,   34.904054,       51.14,
 139.540901,   34.904054,       50.72,
 139.545405,   34.904054,       50.28,
 139.549910,   34.904054,       49.80,
 139.554414,   34.904054,       49.29,
 139.558919,   34.904054,       48.85,
 139.563423,   34.904054,       48.69,
 139.567928,   34.904054,       48.99,
 139.572432,   34.904054,       49.28,
 139.576937,   34.904054,       49.52,
 139.581441,   34.904054,       49.72,
 139.585946,   34.904054,       49.87,
 139.590450,   34.904054,       49.99,
 139.594955,   34.904054,       50.06,
 139.599459,   34.904054,       50.10,
 139.603964,   34.904054,       50.09,
 139.608468,   34.904054,       49.80,
 139.612973,   34.904054,       49.30,
 139.617477,   34.904054,       49.23,
 139.621982,   34.904054,       49.36,
 139.626486,   34.904054,       49.78,
 139.630991,   34.904054,       50.49,
 139.635495,   34.904054,       51.33,
 139.640000,   34.904054,       52.17,
 139.644505,   34.904054,       52.83,
 139.649009,   34.904054,       53.25,
 139.653514,   34.904054,       53.11,
 139.658018,   34.904054,       52.52,
 139.662523,   34.904054,       51.48,
 139.667027,   34.904054,       49.89,
 139.671532,   34.904054,       48.40,
 139.676036,   34.904054,       47.24,
 139.680541,   34.904054,       46.54,
 139.685045,   34.904054,       45.83,
 139.689550,   34.904054,       45.03,
 139.694054,   34.904054,       44.09,
 139.698559,   34.904054,       43.06,
 139.703063,   34.904054,       42.01,
 139.707568,   34.904054,       41.41,
 139.712072,   34.904054,       41.07,
 139.716577,   34.904054,       40.77,
 139.721081,   34.904054,       40.97,
 139.725586,   34.904054,       41.21,
 139.730090,   34.904054,       41.08,
 139.734595,   34.904054,       39.87,
 139.739099,   34.904054,       38.60,
 139.743604,   34.904054,       38.07,
 139.748108,   34.904054,       37.96,
 139.752613,   34.904054,       38.14,
 139.757117,   34.904054,       39.27,
 139.761622,   34.904054,       40.66,
 139.766126,   34.904054,       42.10,
 139.770631,   34.904054,       42.23,
 139.775135,   34.904054,       41.76,
 139.779640,   34.904054,       41.43,
 139.784144,   34.904054,       41.44,
 139.788649,   34.904054,       40.93,
 139.793153,   34.904054,       40.32,
 139.797658,   34.904054,       39.72,
 139.802162,   34.904054,       39.21,
 139.806667,   34.904054,       38.60,
 139.811171,   34.904054,       38.00,
 139.815676,   34.904054,       37.69,
 139.820180,   34.904054,       37.45,
 139.824685,   34.904054,       37.07,
 139.829189,   34.904054,       36.71,
 139.833694,   34.904054,       36.74,
 139.838198,   34.904054,       37.18,
 139.842703,   34.904054,       37.29,
 139.847207,   34.904054,       37.18,
 139.851712,   34.904054,       37.07,
 139.856216,   34.904054,       37.10,
 139.860721,   34.904054,       37.35,
 139.865225,   34.904054,       37.56,
 139.869730,   34.904054,       37.80,
 139.874234,   34.904054,       38.33,
 139.878739,   34.904054,       38.89,
 139.883243,   34.904054,       39.21,
 139.887748,   34.904054,       39.43,
 139.892252,   34.904054,       39.68,
 139.896757,   34.904054,       39.80,
 139.901261,   34.904054,       39.53,
 139.905766,   34.904054,       39.21,
 139.910270,   34.904054,       38.91,
 139.914775,   34.904054,       38.68,
 139.919279,   34.904054,       38.46,
 139.923784,   34.904054,       38.22,
 139.928288,   34.904054,       38.06,
 139.932793,   34.904054,       38.00,
 139.937297,   34.904054,       37.90,
 139.941802,   34.904054,       37.67,
 139.946306,   34.904054,       37.56,
 139.950811,   34.904054,       37.55,
 139.955315,   34.904054,       37.37,
 139.959820,   34.904054,       37.14,
 139.964324,   34.904054,       36.90,
 139.968829,   34.904054,       36.64,
 139.973333,   34.904054,       36.35,
 139.977838,   34.904054,       35.83,
 139.982342,   34.904054,       35.11,
 139.986847,   34.904054,       34.37,
 139.991351,   34.904054,       33.83,
 139.995856,   34.904054,       33.65,
 140.000360,   34.904054,       33.41,
 140.004865,   34.904054,       33.22,
 140.009369,   34.904054,       33.34,
 140.013874,   34.904054,       33.66,
 140.018378,   34.904054,       33.97,
 140.022883,   34.904054,       34.33,
 140.027387,   34.904054,       35.00,
 140.031892,   34.904054,       35.85,
 140.036396,   34.904054,       36.66,
 140.040901,   34.904054,       37.45,
 140.045405,   34.904054,       38.22,
 140.049910,   34.904054,       38.79,
 140.054414,   34.904054,       38.87,
 140.058919,   34.904054,       38.73,
 140.063423,   34.904054,       38.60,
 140.067928,   34.904054,       38.57,
 140.072432,   34.904054,       38.59,
 140.076937,   34.904054,       38.65,
 140.081441,   34.904054,       38.74,
 140.085946,   34.904054,       38.93,
 140.090450,   34.904054,       39.22,
 140.094955,   34.904054,       39.49,
 140.099459,   34.904054,       39.75,
 140.103964,   34.904054,       39.98,
 140.108468,   34.904054,       40.19,
 140.112973,   34.904054,       40.39,
 140.117477,   34.904054,       40.58,
 140.121982,   34.904054,       40.72,
 140.126486,   34.904054,       40.78,
 140.130991,   34.904054,       40.74,
 140.135495,   34.904054,       40.62,
 140.140000,   34.904054,       40.49,
 140.144505,   34.904054,       40.36,
 140.149009,   34.904054,       40.25,
 140.153514,   34.904054,       40.13,
 140.158018,   34.904054,       40.01,
 140.162523,   34.904054,       39.90,
 140.167027,   34.904054,       39.80,
 140.171532,   34.904054,       39.72,
 140.176036,   34.904054,       39.66,
 140.180541,   34.904054,       39.62,
 140.185045,   34.904054,       39.59,
 140.189550,   34.904054,       39.57,
 140.194054,   34.904054,       39.57,
 140.198559,   34.904054,       39.56,
 140.203063,   34.904054,       39.56,
 140.207568,   34.904054,       39.56,
 140.212072,   34.904054,       39.56,
 140.216577,   34.904054,       39.57,
 140.221081,   34.904054,       39.58,
 140.225586,   34.904054,       39.59,
 140.230090,   34.904054,       39.62,
 140.234595,   34.904054,       39.67,
 140.239099,   34.904054,       39.63,
 140.243604,   34.904054,       39.46,
 140.248108,   34.904054,       39.29,
 140.252613,   34.904054,       39.11,
 140.257117,   34.904054,       38.92,
 140.261622,   34.904054,       38.72,
 140.266126,   34.904054,       38.51,
 140.270631,   34.904054,       38.29,
 140.275135,   34.904054,       38.07,
 140.279640,   34.904054,       37.84,
 140.284144,   34.904054,       37.60,
 140.288649,   34.904054,       37.35,
 140.293153,   34.904054,       37.09,
 140.297658,   34.904054,       36.83,
 140.302162,   34.904054,       36.55,
 140.306667,   34.904054,       36.27,
 140.311171,   34.904054,       36.01,
 140.315676,   34.904054,       35.77,
 140.320180,   34.904054,       35.53,
 140.324685,   34.904054,       35.28,
 140.329189,   34.904054,       35.03,
 140.333694,   34.904054,       34.78,
 140.338198,   34.904054,       34.53,
 140.342703,   34.904054,       34.28,
 140.347207,   34.904054,       34.04,
 140.351712,   34.904054,       33.79,
 140.356216,   34.904054,       33.54,
 140.360721,   34.904054,       33.30,
 140.365225,   34.904054,       33.05,
 140.369730,   34.904054,       32.81,
 140.374234,   34.904054,       32.56,
 140.378739,   34.904054,       32.32,
 140.383243,   34.904054,       32.07,
 140.387748,   34.904054,       31.84,
 139.140000,   34.908559,       51.92,
 139.144505,   34.908559,       50.11,
 139.149009,   34.908559,       48.37,
 139.153514,   34.908559,       46.71,
 139.158018,   34.908559,       45.13,
 139.162523,   34.908559,       43.62,
 139.167027,   34.908559,       42.19,
 139.171532,   34.908559,       40.98,
 139.176036,   34.908559,       40.79,
 139.180541,   34.908559,       40.60,
 139.185045,   34.908559,       40.09,
 139.189550,   34.908559,       39.32,
 139.194054,   34.908559,       38.59,
 139.198559,   34.908559,       37.90,
 139.203063,   34.908559,       37.26,
 139.207568,   34.908559,       36.66,
 139.212072,   34.908559,       36.11,
 139.216577,   34.908559,       35.60,
 139.221081,   34.908559,       35.13,
 139.225586,   34.908559,       34.71,
 139.230090,   34.908559,       34.33,
 139.234595,   34.908559,       33.99,
 139.239099,   34.908559,       33.70,
 139.243604,   34.908559,       33.45,
 139.248108,   34.908559,       33.25,
 139.252613,   34.908559,       33.13,
 139.257117,   34.908559,       33.35,
 139.261622,   34.908559,       33.64,
 139.266126,   34.908559,       33.94,
 139.270631,   34.908559,       34.24,
 139.275135,   34.908559,       34.54,
 139.279640,   34.908559,       34.85,
 139.284144,   34.908559,       35.16,
 139.288649,   34.908559,       35.47,
 139.293153,   34.908559,       35.78,
 139.297658,   34.908559,       36.09,
 139.302162,   34.908559,       36.41,
 139.306667,   34.908559,       36.74,
 139.311171,   34.908559,       37.09,
 139.315676,   34.908559,       37.43,
 139.320180,   34.908559,       37.78,
 139.324685,   34.908559,       38.13,
 139.329189,   34.908559,       38.48,
 139.333694,   34.908559,       38.82,
 139.338198,   34.908559,       39.15,
 139.342703,   34.908559,       39.46,
 139.347207,   34.908559,       39.76,
 139.351712,   34.908559,       40.05,
 139.356216,   34.908559,       40.32,
 139.360721,   34.908559,       40.60,
 139.365225,   34.908559,       40.87,
 139.369730,   34.908559,       41.11,
 139.374234,   34.908559,       41.33,
 139.378739,   34.908559,       41.53,
 139.383243,   34.908559,       41.71,
 139.387748,   34.908559,       41.89,
 139.392252,   34.908559,       42.03,
 139.396757,   34.908559,       42.14,
 139.401261,   34.908559,       42.22,
 139.405766,   34.908559,       42.33,
 139.410270,   34.908559,       42.46,
 139.414775,   34.908559,       42.61,
 139.419279,   34.908559,       42.80,
 139.423784,   34.908559,       43.03,
 139.428288,   34.908559,       43.28,
 139.432793,   34.908559,       43.56,
 139.437297,   34.908559,       43.86,
 139.441802,   34.908559,       44.18,
 139.446306,   34.908559,       44.52,
 139.450811,   34.908559,       44.88,
 139.455315,   34.908559,       45.25,
 139.459820,   34.908559,       45.62,
 139.464324,   34.908559,       45.91,
 139.468829,   34.908559,       46.17,
 139.473333,   34.908559,       46.57,
 139.477838,   34.908559,       47.07,
 139.482342,   34.908559,       47.62,
 139.486847,   34.908559,       48.16,
 139.491351,   34.908559,       48.67,
 139.495856,   34.908559,       49.15,
 139.500360,   34.908559,       49.60,
 139.504865,   34.908559,       50.02,
 139.509369,   34.908559,       50.41,
 139.513874,   34.908559,       50.78,
 139.518378,   34.908559,       50.99,
 139.522883,   34.908559,       50.92,
 139.527387,   34.908559,       50.57,
 139.531892,   34.908559,       50.20,
 139.536396,   34.908559,       49.83,
 139.540901,   34.908559,       49.43,
 139.545405,   34.908559,       49.02,
 139.549910,   34.908559,       48.59,
 139.554414,   34.908559,       48.19,
 139.558919,   34.908559,       47.96,
 139.563423,   34.908559,       48.04,
 139.567928,   34.908559,       48.38,
 139.572432,   34.908559,       48.72,
 139.576937,   34.908559,       49.00,
 139.581441,   34.908559,       49.23,
 139.585946,   34.908559,       49.38,
 139.590450,   34.908559,       49.48,
 139.594955,   34.908559,       49.54,
 139.599459,   34.908559,       49.58,
 139.603964,   34.908559,       49.60,
 139.608468,   34.908559,       49.74,
 139.612973,   34.908559,       50.12,
 139.617477,   34.908559,       50.37,
 139.621982,   34.908559,       50.81,
 139.626486,   34.908559,       51.47,
 139.630991,   34.908559,       52.34,
 139.635495,   34.908559,       53.40,
 139.640000,   34.908559,       54.54,
 139.644505,   34.908559,       55.54,
 139.649009,   34.908559,       55.77,
 139.653514,   34.908559,       55.01,
 139.658018,   34.908559,       53.72,
 139.662523,   34.908559,       52.08,
 139.667027,   34.908559,       50.33,
 139.671532,   34.908559,       48.76,
 139.676036,   34.908559,       47.41,
 139.680541,   34.908559,       46.64,
 139.685045,   34.908559,       45.96,
 139.689550,   34.908559,       45.19,
 139.694054,   34.908559,       44.27,
 139.698559,   34.908559,       43.24,
 139.703063,   34.908559,       42.40,
 139.707568,   34.908559,       42.13,
 139.712072,   34.908559,       41.87,
 139.716577,   34.908559,       41.58,
 139.721081,   34.908559,       41.39,
 139.725586,   34.908559,       41.27,
 139.730090,   34.908559,       40.97,
 139.734595,   34.908559,       39.79,
 139.739099,   34.908559,       38.61,
 139.743604,   34.908559,       38.48,
 139.748108,   34.908559,       38.84,
 139.752613,   34.908559,       39.27,
 139.757117,   34.908559,       40.52,
 139.761622,   34.908559,       41.96,
 139.766126,   34.908559,       43.27,
 139.770631,   34.908559,       42.93,
 139.775135,   34.908559,       42.35,
 139.779640,   34.908559,       41.93,
 139.784144,   34.908559,       41.36,
 139.788649,   34.908559,       40.72,
 139.793153,   34.908559,       40.11,
 139.797658,   34.908559,       39.62,
 139.802162,   34.908559,       39.15,
 139.806667,   34.908559,       38.60,
 139.811171,   34.908559,       37.95,
 139.815676,   34.908559,       37.44,
 139.820180,   34.908559,       37.23,
 139.824685,   34.908559,       37.13,
 139.829189,   34.908559,       37.04,
 139.833694,   34.908559,       37.11,
 139.838198,   34.908559,       37.14,
 139.842703,   34.908559,       37.06,
 139.847207,   34.908559,       36.91,
 139.851712,   34.908559,       36.69,
 139.856216,   34.908559,       36.84,
 139.860721,   34.908559,       37.15,
 139.865225,   34.908559,       37.45,
 139.869730,   34.908559,       37.82,
 139.874234,   34.908559,       38.50,
 139.878739,   34.908559,       39.14,
 139.883243,   34.908559,       39.72,
 139.887748,   34.908559,       40.20,
 139.892252,   34.908559,       40.65,
 139.896757,   34.908559,       41.04,
 139.901261,   34.908559,       40.82,
 139.905766,   34.908559,       40.53,
 139.910270,   34.908559,       40.24,
 139.914775,   34.908559,       40.01,
 139.919279,   34.908559,       39.79,
 139.923784,   34.908559,       39.58,
 139.928288,   34.908559,       39.38,
 139.932793,   34.908559,       39.21,
 139.937297,   34.908559,       39.05,
 139.941802,   34.908559,       38.72,
 139.946306,   34.908559,       38.40,
 139.950811,   34.908559,       38.21,
 139.955315,   34.908559,       37.97,
 139.959820,   34.908559,       37.73,
 139.964324,   34.908559,       37.46,
 139.968829,   34.908559,       37.16,
 139.973333,   34.908559,       36.87,
 139.977838,   34.908559,       36.26,
 139.982342,   34.908559,       35.38,
 139.986847,   34.908559,       34.51,
 139.991351,   34.908559,       33.87,
 139.995856,   34.908559,       33.47,
 140.000360,   34.908559,       33.09,
 140.004865,   34.908559,       32.67,
 140.009369,   34.908559,       32.94,
 140.013874,   34.908559,       33.42,
 140.018378,   34.908559,       33.88,
 140.022883,   34.908559,       34.38,
 140.027387,   34.908559,       35.10,
 140.031892,   34.908559,       35.99,
 140.036396,   34.908559,       36.90,
 140.040901,   34.908559,       37.80,
 140.045405,   34.908559,       38.72,
 140.049910,   34.908559,       39.44,
 140.054414,   34.908559,       39.26,
 140.058919,   34.908559,       39.03,
 140.063423,   34.908559,       38.86,
 140.067928,   34.908559,       38.77,
 140.072432,   34.908559,       38.72,
 140.076937,   34.908559,       38.72,
 140.081441,   34.908559,       38.74,
 140.085946,   34.908559,       38.83,
 140.090450,   34.908559,       39.14,
 140.094955,   34.908559,       39.43,
 140.099459,   34.908559,       39.71,
 140.103964,   34.908559,       39.97,
 140.108468,   34.908559,       40.21,
 140.112973,   34.908559,       40.44,
 140.117477,   34.908559,       40.66,
 140.121982,   34.908559,       40.80,
 140.126486,   34.908559,       40.84,
 140.130991,   34.908559,       40.78,
 140.135495,   34.908559,       40.63,
 140.140000,   34.908559,       40.47,
 140.144505,   34.908559,       40.34,
 140.149009,   34.908559,       40.21,
 140.153514,   34.908559,       40.10,
 140.158018,   34.908559,       39.99,
 140.162523,   34.908559,       39.88,
 140.167027,   34.908559,       39.77,
 140.171532,   34.908559,       39.69,
 140.176036,   34.908559,       39.64,
 140.180541,   34.908559,       39.60,
 140.185045,   34.908559,       39.57,
 140.189550,   34.908559,       39.56,
 140.194054,   34.908559,       39.55,
 140.198559,   34.908559,       39.54,
 140.203063,   34.908559,       39.54,
 140.207568,   34.908559,       39.53,
 140.212072,   34.908559,       39.54,
 140.216577,   34.908559,       39.54,
 140.221081,   34.908559,       39.55,
 140.225586,   34.908559,       39.56,
 140.230090,   34.908559,       39.58,
 140.234595,   34.908559,       39.55,
 140.239099,   34.908559,       39.39,
 140.243604,   34.908559,       39.23,
 140.248108,   34.908559,       39.05,
 140.252613,   34.908559,       38.87,
 140.257117,   34.908559,       38.68,
 140.261622,   34.908559,       38.48,
 140.266126,   34.908559,       38.27,
 140.270631,   34.908559,       38.06,
 140.275135,   34.908559,       37.84,
 140.279640,   34.908559,       37.60,
 140.284144,   34.908559,       37.36,
 140.288649,   34.908559,       37.12,
 140.293153,   34.908559,       36.86,
 140.297658,   34.908559,       36.59,
 140.302162,   34.908559,       36.32,
 140.306667,   34.908559,       36.06,
 140.311171,   34.908559,       35.83,
 140.315676,   34.908559,       35.58,
 140.320180,   34.908559,       35.33,
 140.324685,   34.908559,       35.08,
 140.329189,   34.908559,       34.83,
 140.333694,   34.908559,       34.58,
 140.338198,   34.908559,       34.33,
 140.342703,   34.908559,       34.08,
 140.347207,   34.908559,       33.84,
 140.351712,   34.908559,       33.59,
 140.356216,   34.908559,       33.34,
 140.360721,   34.908559,       33.10,
 140.365225,   34.908559,       32.85,
 140.369730,   34.908559,       32.61,
 140.374234,   34.908559,       32.36,
 140.378739,   34.908559,       32.12,
 140.383243,   34.908559,       31.89,
 140.387748,   34.908559,       31.66,
 139.140000,   34.913063,       53.22,
 139.144505,   34.913063,       51.38,
 139.149009,   34.913063,       49.63,
 139.153514,   34.913063,       47.95,
 139.158018,   34.913063,       46.35,
 139.162523,   34.913063,       44.82,
 139.167027,   34.913063,       43.37,
 139.171532,   34.913063,       41.99,
 139.176036,   34.913063,       40.69,
 139.180541,   34.913063,       40.35,
 139.185045,   34.913063,       40.16,
 139.189550,   34.913063,       39.71,
 139.194054,   34.913063,       38.98,
 139.198559,   34.913063,       38.29,
 139.203063,   34.913063,       37.65,
 139.207568,   34.913063,       37.04,
 139.212072,   34.913063,       36.49,
 139.216577,   34.913063,       35.97,
 139.221081,   34.913063,       35.50,
 139.225586,   34.913063,       35.08,
 139.230090,   34.913063,       34.69,
 139.234595,   34.913063,       34.36,
 139.239099,   34.913063,       34.06,
 139.243604,   34.913063,       33.81,
 139.248108,   34.913063,       33.60,
 139.252613,   34.913063,       33.43,
 139.257117,   34.913063,       33.33,
 139.261622,   34.913063,       33.56,
 139.266126,   34.913063,       33.86,
 139.270631,   34.913063,       34.16,
 139.275135,   34.913063,       34.46,
 139.279640,   34.913063,       34.77,
 139.284144,   34.913063,       35.08,
 139.288649,   34.913063,       35.39,
 139.293153,   34.913063,       35.70,
 139.297658,   34.913063,       36.01,
 139.302162,   34.913063,       36.35,
 139.306667,   34.913063,       36.68,
 139.311171,   34.913063,       37.02,
 139.315676,   34.913063,       37.37,
 139.320180,   34.913063,       37.72,
 139.324685,   34.913063,       38.07,
 139.329189,   34.913063,       38.43,
 139.333694,   34.913063,       38.77,
 139.338198,   34.913063,       39.11,
 139.342703,   34.913063,       39.43,
 139.347207,   34.913063,       39.74,
 139.351712,   34.913063,       40.03,
 139.356216,   34.913063,       40.31,
 139.360721,   34.913063,       40.57,
 139.365225,   34.913063,       40.81,
 139.369730,   34.913063,       41.01,
 139.374234,   34.913063,       41.20,
 139.378739,   34.913063,       41.37,
 139.383243,   34.913063,       41.52,
 139.387748,   34.913063,       41.65,
 139.392252,   34.913063,       41.75,
 139.396757,   34.913063,       41.82,
 139.401261,   34.913063,       41.88,
 139.405766,   34.913063,       41.99,
 139.410270,   34.913063,       42.12,
 139.414775,   34.913063,       42.28,
 139.419279,   34.913063,       42.47,
 139.423784,   34.913063,       42.70,
 139.428288,   34.913063,       42.96,
 139.432793,   34.913063,       43.24,
 139.437297,   34.913063,       43.53,
 139.441802,   34.913063,       43.84,
 139.446306,   34.913063,       44.16,
 139.450811,   34.913063,       44.49,
 139.455315,   34.913063,       44.81,
 139.459820,   34.913063,       45.11,
 139.464324,   34.913063,       45.36,
 139.468829,   34.913063,       45.61,
 139.473333,   34.913063,       45.90,
 139.477838,   34.913063,       46.29,
 139.482342,   34.913063,       46.74,
 139.486847,   34.913063,       47.22,
 139.491351,   34.913063,       47.67,
 139.495856,   34.913063,       48.10,
 139.500360,   34.913063,       48.49,
 139.504865,   34.913063,       48.85,
 139.509369,   34.913063,       49.16,
 139.513874,   34.913063,       49.44,
 139.518378,   34.913063,       49.65,
 139.522883,   34.913063,       49.52,
 139.527387,   34.913063,       49.21,
 139.531892,   34.913063,       48.90,
 139.536396,   34.913063,       48.57,
 139.540901,   34.913063,       48.22,
 139.545405,   34.913063,       47.85,
 139.549910,   34.913063,       47.48,
 139.554414,   34.913063,       47.21,
 139.558919,   34.913063,       47.15,
 139.563423,   34.913063,       47.34,
 139.567928,   34.913063,       47.76,
 139.572432,   34.913063,       48.18,
 139.576937,   34.913063,       48.51,
 139.581441,   34.913063,       48.77,
 139.585946,   34.913063,       48.96,
 139.590450,   34.913063,       49.05,
 139.594955,   34.913063,       49.15,
 139.599459,   34.913063,       49.28,
 139.603964,   34.913063,       49.48,
 139.608468,   34.913063,       49.91,
 139.612973,   34.913063,       50.65,
 139.617477,   34.913063,       51.23,
 139.621982,   34.913063,       51.90,
 139.626486,   34.913063,       52.74,
 139.630991,   34.913063,       53.77,
 139.635495,   34.913063,       55.00,
 139.640000,   34.913063,       56.46,
 139.644505,   34.913063,       56.46,
 139.649009,   34.913063,       56.20,
 139.653514,   34.913063,       56.20,
 139.658018,   34.913063,       54.20,
 139.662523,   34.913063,       52.26,
 139.667027,   34.913063,       50.46,
 139.671532,   34.913063,       48.84,
 139.676036,   34.913063,       47.47,
 139.680541,   34.913063,       46.90,
 139.685045,   34.913063,       46.28,
 139.689550,   34.913063,       45.51,
 139.694054,   34.913063,       44.61,
 139.698559,   34.913063,       43.66,
 139.703063,   34.913063,       43.33,
 139.707568,   34.913063,       43.19,
 139.712072,   34.913063,       42.95,
 139.716577,   34.913063,       42.69,
 139.721081,   34.913063,       42.38,
 139.725586,   34.913063,       42.04,
 139.730090,   34.913063,       41.54,
 139.734595,   34.913063,       40.19,
 139.739099,   34.913063,       38.76,
 139.743604,   34.913063,       38.64,
 139.748108,   34.913063,       39.29,
 139.752613,   34.913063,       40.01,
 139.757117,   34.913063,       41.32,
 139.761622,   34.913063,       42.67,
 139.766126,   34.913063,       43.39,
 139.770631,   34.913063,       43.02,
 139.775135,   34.913063,       42.50,
 139.779640,   34.913063,       41.94,
 139.784144,   34.913063,       41.25,
 139.788649,   34.913063,       40.55,
 139.793153,   34.913063,       39.94,
 139.797658,   34.913063,       39.54,
 139.802162,   34.913063,       39.16,
 139.806667,   34.913063,       38.66,
 139.811171,   34.913063,       37.89,
 139.815676,   34.913063,       37.19,
 139.820180,   34.913063,       36.99,
 139.824685,   34.913063,       36.92,
 139.829189,   34.913063,       37.01,
 139.833694,   34.913063,       37.21,
 139.838198,   34.913063,       37.21,
 139.842703,   34.913063,       37.15,
 139.847207,   34.913063,       37.17,
 139.851712,   34.913063,       37.24,
 139.856216,   34.913063,       37.37,
 139.860721,   34.913063,       37.56,
 139.865225,   34.913063,       37.89,
 139.869730,   34.913063,       38.34,
 139.874234,   34.913063,       38.83,
 139.878739,   34.913063,       39.37,
 139.883243,   34.913063,       39.86,
 139.887748,   34.913063,       40.27,
 139.892252,   34.913063,       40.61,
 139.896757,   34.913063,       40.87,
 139.901261,   34.913063,       41.06,
 139.905766,   34.913063,       41.16,
 139.910270,   34.913063,       41.14,
 139.914775,   34.913063,       41.13,
 139.919279,   34.913063,       41.14,
 139.923784,   34.913063,       40.93,
 139.928288,   34.913063,       40.71,
 139.932793,   34.913063,       40.47,
 139.937297,   34.913063,       40.20,
 139.941802,   34.913063,       39.84,
 139.946306,   34.913063,       39.38,
 139.950811,   34.913063,       38.87,
 139.955315,   34.913063,       38.59,
 139.959820,   34.913063,       38.32,
 139.964324,   34.913063,       38.03,
 139.968829,   34.913063,       37.73,
 139.973333,   34.913063,       37.42,
 139.977838,   34.913063,       36.62,
 139.982342,   34.913063,       35.62,
 139.986847,   34.913063,       34.60,
 139.991351,   34.913063,       33.93,
 139.995856,   34.913063,       33.44,
 140.000360,   34.913063,       32.97,
 140.004865,   34.913063,       32.60,
 140.009369,   34.913063,       32.84,
 140.013874,   34.913063,       33.37,
 140.018378,   34.913063,       33.90,
 140.022883,   34.913063,       34.43,
 140.027387,   34.913063,       35.15,
 140.031892,   34.913063,       35.99,
 140.036396,   34.913063,       36.87,
 140.040901,   34.913063,       37.79,
 140.045405,   34.913063,       38.75,
 140.049910,   34.913063,       39.49,
 140.054414,   34.913063,       39.43,
 140.058919,   34.913063,       39.22,
 140.063423,   34.913063,       39.03,
 140.067928,   34.913063,       38.91,
 140.072432,   34.913063,       38.84,
 140.076937,   34.913063,       38.80,
 140.081441,   34.913063,       38.77,
 140.085946,   34.913063,       38.88,
 140.090450,   34.913063,       39.13,
 140.094955,   34.913063,       39.42,
 140.099459,   34.913063,       39.71,
 140.103964,   34.913063,       39.99,
 140.108468,   34.913063,       40.26,
 140.112973,   34.913063,       40.53,
 140.117477,   34.913063,       40.78,
 140.121982,   34.913063,       40.91,
 140.126486,   34.913063,       40.91,
 140.130991,   34.913063,       40.78,
 140.135495,   34.913063,       40.59,
 140.140000,   34.913063,       40.42,
 140.144505,   34.913063,       40.27,
 140.149009,   34.913063,       40.15,
 140.153514,   34.913063,       40.04,
 140.158018,   34.913063,       39.94,
 140.162523,   34.913063,       39.85,
 140.167027,   34.913063,       39.75,
 140.171532,   34.913063,       39.66,
 140.176036,   34.913063,       39.61,
 140.180541,   34.913063,       39.58,
 140.185045,   34.913063,       39.55,
 140.189550,   34.913063,       39.54,
 140.194054,   34.913063,       39.53,
 140.198559,   34.913063,       39.51,
 140.203063,   34.913063,       39.51,
 140.207568,   34.913063,       39.50,
 140.212072,   34.913063,       39.50,
 140.216577,   34.913063,       39.51,
 140.221081,   34.913063,       39.51,
 140.225586,   34.913063,       39.52,
 140.230090,   34.913063,       39.50,
 140.234595,   34.913063,       39.35,
 140.239099,   34.913063,       39.17,
 140.243604,   34.913063,       39.00,
 140.248108,   34.913063,       38.83,
 140.252613,   34.913063,       38.64,
 140.257117,   34.913063,       38.45,
 140.261622,   34.913063,       38.26,
 140.266126,   34.913063,       38.05,
 140.270631,   34.913063,       37.83,
 140.275135,   34.913063,       37.61,
 140.279640,   34.913063,       37.38,
 140.284144,   34.913063,       37.14,
 140.288649,   34.913063,       36.89,
 140.293153,   34.913063,       36.64,
 140.297658,   34.913063,       36.37,
 140.302162,   34.913063,       36.11,
 140.306667,   34.913063,       35.88,
 140.311171,   34.913063,       35.63,
 140.315676,   34.913063,       35.38,
 140.320180,   34.913063,       35.13,
 140.324685,   34.913063,       34.88,
 140.329189,   34.913063,       34.63,
 140.333694,   34.913063,       34.38,
 140.338198,   34.913063,       34.13,
 140.342703,   34.913063,       33.88,
 140.347207,   34.913063,       33.64,
 140.351712,   34.913063,       33.39,
 140.356216,   34.913063,       33.14,
 140.360721,   34.913063,       32.90,
 140.365225,   34.913063,       32.65,
 140.369730,   34.913063,       32.41,
 140.374234,   34.913063,       32.16,
 140.378739,   34.913063,       31.93,
 140.383243,   34.913063,       31.71,
 140.387748,   34.913063,       31.48,
 139.140000,   34.917568,       54.43,
 139.144505,   34.917568,       52.58,
 139.149009,   34.917568,       50.81,
 139.153514,   34.917568,       49.11,
 139.158018,   34.917568,       47.49,
 139.162523,   34.917568,       45.94,
 139.167027,   34.917568,       44.47,
 139.171532,   34.917568,       43.08,
 139.176036,   34.917568,       41.76,
 139.180541,   34.917568,       40.52,
 139.185045,   34.917568,       39.90,
 139.189550,   34.917568,       39.71,
 139.194054,   34.917568,       39.33,
 139.198559,   34.917568,       38.64,
 139.203063,   34.917568,       37.99,
 139.207568,   34.917568,       37.38,
 139.212072,   34.917568,       36.82,
 139.216577,   34.917568,       36.31,
 139.221081,   34.917568,       35.83,
 139.225586,   34.917568,       35.40,
 139.230090,   34.917568,       35.02,
 139.234595,   34.917568,       34.68,
 139.239099,   34.917568,       34.38,
 139.243604,   34.917568,       34.12,
 139.248108,   34.917568,       33.91,
 139.252613,   34.917568,       33.74,
 139.257117,   34.917568,       33.62,
 139.261622,   34.917568,       33.54,
 139.266126,   34.917568,       33.77,
 139.270631,   34.917568,       34.07,
 139.275135,   34.917568,       34.38,
 139.279640,   34.917568,       34.68,
 139.284144,   34.917568,       34.99,
 139.288649,   34.917568,       35.30,
 139.293153,   34.917568,       35.62,
 139.297658,   34.917568,       35.94,
 139.302162,   34.917568,       36.27,
 139.306667,   34.917568,       36.61,
 139.311171,   34.917568,       36.94,
 139.315676,   34.917568,       37.29,
 139.320180,   34.917568,       37.64,
 139.324685,   34.917568,       37.99,
 139.329189,   34.917568,       38.36,
 139.333694,   34.917568,       38.72,
 139.338198,   34.917568,       39.07,
 139.342703,   34.917568,       39.40,
 139.347207,   34.917568,       39.71,
 139.351712,   34.917568,       40.01,
 139.356216,   34.917568,       40.29,
 139.360721,   34.917568,       40.53,
 139.365225,   34.917568,       40.73,
 139.369730,   34.917568,       40.90,
 139.374234,   34.917568,       41.05,
 139.378739,   34.917568,       41.18,
 139.383243,   34.917568,       41.30,
 139.387748,   34.917568,       41.39,
 139.392252,   34.917568,       41.46,
 139.396757,   34.917568,       41.49,
 139.401261,   34.917568,       41.53,
 139.405766,   34.917568,       41.62,
 139.410270,   34.917568,       41.75,
 139.414775,   34.917568,       41.91,
 139.419279,   34.917568,       42.10,
 139.423784,   34.917568,       42.33,
 139.428288,   34.917568,       42.60,
 139.432793,   34.917568,       42.87,
 139.437297,   34.917568,       43.15,
 139.441802,   34.917568,       43.45,
 139.446306,   34.917568,       43.74,
 139.450811,   34.917568,       44.04,
 139.455315,   34.917568,       44.32,
 139.459820,   34.917568,       44.57,
 139.464324,   34.917568,       44.82,
 139.468829,   34.917568,       45.06,
 139.473333,   34.917568,       45.31,
 139.477838,   34.917568,       45.61,
 139.482342,   34.917568,       45.97,
 139.486847,   34.917568,       46.37,
 139.491351,   34.917568,       46.77,
 139.495856,   34.917568,       47.15,
 139.500360,   34.917568,       47.48,
 139.504865,   34.917568,       47.76,
 139.509369,   34.917568,       48.00,
 139.513874,   34.917568,       48.20,
 139.518378,   34.917568,       48.37,
 139.522883,   34.917568,       48.14,
 139.527387,   34.917568,       47.87,
 139.531892,   34.917568,       47.60,
 139.536396,   34.917568,       47.33,
 139.540901,   34.917568,       47.04,
 139.545405,   34.917568,       46.74,
 139.549910,   34.917568,       46.44,
 139.554414,   34.917568,       46.30,
 139.558919,   34.917568,       46.35,
 139.563423,   34.917568,       46.62,
 139.567928,   34.917568,       47.13,
 139.572432,   34.917568,       47.63,
 139.576937,   34.917568,       48.04,
 139.581441,   34.917568,       48.37,
 139.585946,   34.917568,       48.60,
 139.590450,   34.917568,       48.74,
 139.594955,   34.917568,       48.92,
 139.599459,   34.917568,       49.18,
 139.603964,   34.917568,       49.52,
 139.608468,   34.917568,       50.04,
 139.612973,   34.917568,       50.82,
 139.617477,   34.917568,       51.67,
 139.621982,   34.917568,       52.57,
 139.626486,   34.917568,       53.54,
 139.630991,   34.917568,       54.54,
 139.635495,   34.917568,       55.67,
 139.640000,   34.917568,       55.67,
 139.644505,   34.917568,       55.80,
 139.649009,   34.917568,       55.80,
 139.653514,   34.917568,       55.80,
 139.658018,   34.917568,       53.85,
 139.662523,   34.917568,       52.02,
 139.667027,   34.917568,       50.25,
 139.671532,   34.917568,       48.57,
 139.676036,   34.917568,       47.27,
 139.680541,   34.917568,       47.04,
 139.685045,   34.917568,       46.72,
 139.689550,   34.917568,       46.05,
 139.694054,   34.917568,       45.35,
 139.698559,   34.917568,       44.96,
 139.703063,   34.917568,       44.83,
 139.707568,   34.917568,       44.60,
 139.712072,   34.917568,       44.29,
 139.716577,   34.917568,       43.90,
 139.721081,   34.917568,       43.66,
 139.725586,   34.917568,       43.42,
 139.730090,   34.917568,       43.00,
 139.734595,   34.917568,       41.36,
 139.739099,   34.917568,       39.45,
 139.743604,   34.917568,       38.98,
 139.748108,   34.917568,       39.59,
 139.752613,   34.917568,       40.42,
 139.757117,   34.917568,       41.77,
 139.761622,   34.917568,       43.19,
 139.766126,   34.917568,       43.59,
 139.770631,   34.917568,       43.05,
 139.775135,   34.917568,       42.51,
 139.779640,   34.917568,       41.90,
 139.784144,   34.917568,       41.21,
 139.788649,   34.917568,       40.49,
 139.793153,   34.917568,       39.88,
 139.797658,   34.917568,       39.47,
 139.802162,   34.917568,       39.09,
 139.806667,   34.917568,       38.43,
 139.811171,   34.917568,       37.61,
 139.815676,   34.917568,       36.87,
 139.820180,   34.917568,       36.84,
 139.824685,   34.917568,       37.06,
 139.829189,   34.917568,       37.35,
 139.833694,   34.917568,       37.44,
 139.838198,   34.917568,       37.47,
 139.842703,   34.917568,       37.53,
 139.847207,   34.917568,       37.60,
 139.851712,   34.917568,       37.69,
 139.856216,   34.917568,       37.83,
 139.860721,   34.917568,       38.11,
 139.865225,   34.917568,       38.48,
 139.869730,   34.917568,       38.88,
 139.874234,   34.917568,       39.28,
 139.878739,   34.917568,       39.66,
 139.883243,   34.917568,       40.02,
 139.887748,   34.917568,       40.33,
 139.892252,   34.917568,       40.59,
 139.896757,   34.917568,       40.81,
 139.901261,   34.917568,       40.99,
 139.905766,   34.917568,       41.14,
 139.910270,   34.917568,       41.25,
 139.914775,   34.917568,       41.31,
 139.919279,   34.917568,       41.39,
 139.923784,   34.917568,       41.52,
 139.928288,   34.917568,       41.68,
 139.932793,   34.917568,       41.61,
 139.937297,   34.917568,       41.38,
 139.941802,   34.917568,       40.93,
 139.946306,   34.917568,       40.28,
 139.950811,   34.917568,       39.59,
 139.955315,   34.917568,       39.23,
 139.959820,   34.917568,       38.95,
 139.964324,   34.917568,       38.64,
 139.968829,   34.917568,       38.32,
 139.973333,   34.917568,       37.96,
 139.977838,   34.917568,       37.10,
 139.982342,   34.917568,       35.97,
 139.986847,   34.917568,       34.85,
 139.991351,   34.917568,       33.96,
 139.995856,   34.917568,       33.38,
 140.000360,   34.917568,       32.80,
 140.004865,   34.917568,       32.49,
 140.009369,   34.917568,       32.73,
 140.013874,   34.917568,       33.26,
 140.018378,   34.917568,       33.82,
 140.022883,   34.917568,       34.43,
 140.027387,   34.917568,       35.11,
 140.031892,   34.917568,       35.86,
 140.036396,   34.917568,       36.67,
 140.040901,   34.917568,       37.52,
 140.045405,   34.917568,       38.29,
 140.049910,   34.917568,       38.85,
 140.054414,   34.917568,       39.16,
 140.058919,   34.917568,       39.19,
 140.063423,   34.917568,       39.08,
 140.067928,   34.917568,       38.95,
 140.072432,   34.917568,       38.86,
 140.076937,   34.917568,       38.79,
 140.081441,   34.917568,       38.77,
 140.085946,   34.917568,       38.92,
 140.090450,   34.917568,       39.16,
 140.094955,   34.917568,       39.45,
 140.099459,   34.917568,       39.74,
 140.103964,   34.917568,       40.03,
 140.108468,   34.917568,       40.34,
 140.112973,   34.917568,       40.64,
 140.117477,   34.917568,       40.91,
 140.121982,   34.917568,       41.03,
 140.126486,   34.917568,       40.94,
 140.130991,   34.917568,       40.73,
 140.135495,   34.917568,       40.50,
 140.140000,   34.917568,       40.31,
 140.144505,   34.917568,       40.16,
 140.149009,   34.917568,       40.03,
 140.153514,   34.917568,       39.93,
 140.158018,   34.917568,       39.85,
 140.162523,   34.917568,       39.78,
 140.167027,   34.917568,       39.72,
 140.171532,   34.917568,       39.63,
 140.176036,   34.917568,       39.59,
 140.180541,   34.917568,       39.55,
 140.185045,   34.917568,       39.53,
 140.189550,   34.917568,       39.51,
 140.194054,   34.917568,       39.49,
 140.198559,   34.917568,       39.48,
 140.203063,   34.917568,       39.47,
 140.207568,   34.917568,       39.46,
 140.212072,   34.917568,       39.46,
 140.216577,   34.917568,       39.46,
 140.221081,   34.917568,       39.46,
 140.225586,   34.917568,       39.44,
 140.230090,   34.917568,       39.37,
 140.234595,   34.917568,       39.20,
 140.239099,   34.917568,       38.98,
 140.243604,   34.917568,       38.78,
 140.248108,   34.917568,       38.61,
 140.252613,   34.917568,       38.42,
 140.257117,   34.917568,       38.23,
 140.261622,   34.917568,       38.04,
 140.266126,   34.917568,       37.83,
 140.270631,   34.917568,       37.62,
 140.275135,   34.917568,       37.39,
 140.279640,   34.917568,       37.16,
 140.284144,   34.917568,       36.92,
 140.288649,   34.917568,       36.68,
 140.293153,   34.917568,       36.42,
 140.297658,   34.917568,       36.17,
 140.302162,   34.917568,       35.93,
 140.306667,   34.917568,       35.68,
 140.311171,   34.917568,       35.43,
 140.315676,   34.917568,       35.18,
 140.320180,   34.917568,       34.93,
 140.324685,   34.917568,       34.68,
 140.329189,   34.917568,       34.43,
 140.333694,   34.917568,       34.18,
 140.338198,   34.917568,       33.93,
 140.342703,   34.917568,       33.68,
 140.347207,   34.917568,       33.44,
 140.351712,   34.917568,       33.19,
 140.356216,   34.917568,       32.94,
 140.360721,   34.917568,       32.70,
 140.365225,   34.917568,       32.45,
 140.369730,   34.917568,       32.21,
 140.374234,   34.917568,       31.98,
 140.378739,   34.917568,       31.75,
 140.383243,   34.917568,       31.53,
 140.387748,   34.917568,       31.19,
 139.140000,   34.922072,       55.58,
 139.144505,   34.922072,       53.71,
 139.149009,   34.922072,       51.92,
 139.153514,   34.922072,       50.20,
 139.158018,   34.922072,       48.56,
 139.162523,   34.922072,       46.99,
 139.167027,   34.922072,       45.50,
 139.171532,   34.922072,       44.09,
 139.176036,   34.922072,       42.75,
 139.180541,   34.922072,       41.49,
 139.185045,   34.922072,       40.31,
 139.189550,   34.922072,       39.46,
 139.194054,   34.922072,       39.27,
 139.198559,   34.922072,       38.94,
 139.203063,   34.922072,       38.29,
 139.207568,   34.922072,       37.68,
 139.212072,   34.922072,       37.12,
 139.216577,   34.922072,       36.60,
 139.221081,   34.922072,       36.12,
 139.225586,   34.922072,       35.69,
 139.230090,   34.922072,       35.30,
 139.234595,   34.922072,       34.95,
 139.239099,   34.922072,       34.65,
 139.243604,   34.922072,       34.39,
 139.248108,   34.922072,       34.18,
 139.252613,   34.922072,       34.01,
 139.257117,   34.922072,       33.88,
 139.261622,   34.922072,       33.79,
 139.266126,   34.922072,       33.75,
 139.270631,   34.922072,       33.99,
 139.275135,   34.922072,       34.29,
 139.279640,   34.922072,       34.60,
 139.284144,   34.922072,       34.91,
 139.288649,   34.922072,       35.22,
 139.293153,   34.922072,       35.54,
 139.297658,   34.922072,       35.86,
 139.302162,   34.922072,       36.18,
 139.306667,   34.922072,       36.51,
 139.311171,   34.922072,       36.85,
 139.315676,   34.922072,       37.20,
 139.320180,   34.922072,       37.55,
 139.324685,   34.922072,       37.91,
 139.329189,   34.922072,       38.27,
 139.333694,   34.922072,       38.65,
 139.338198,   34.922072,       39.01,
 139.342703,   34.922072,       39.36,
 139.347207,   34.922072,       39.69,
 139.351712,   34.922072,       39.99,
 139.356216,   34.922072,       40.27,
 139.360721,   34.922072,       40.48,
 139.365225,   34.922072,       40.64,
 139.369730,   34.922072,       40.77,
 139.374234,   34.922072,       40.87,
 139.378739,   34.922072,       40.95,
 139.383243,   34.922072,       41.03,
 139.387748,   34.922072,       41.09,
 139.392252,   34.922072,       41.13,
 139.396757,   34.922072,       41.14,
 139.401261,   34.922072,       41.18,
 139.405766,   34.922072,       41.25,
 139.410270,   34.922072,       41.36,
 139.414775,   34.922072,       41.51,
 139.419279,   34.922072,       41.70,
 139.423784,   34.922072,       41.92,
 139.428288,   34.922072,       42.18,
 139.432793,   34.922072,       42.46,
 139.437297,   34.922072,       42.73,
 139.441802,   34.922072,       43.01,
 139.446306,   34.922072,       43.28,
 139.450811,   34.922072,       43.55,
 139.455315,   34.922072,       43.80,
 139.459820,   34.922072,       44.04,
 139.464324,   34.922072,       44.27,
 139.468829,   34.922072,       44.50,
 139.473333,   34.922072,       44.74,
 139.477838,   34.922072,       45.00,
 139.482342,   34.922072,       45.29,
 139.486847,   34.922072,       45.63,
 139.491351,   34.922072,       45.97,
 139.495856,   34.922072,       46.26,
 139.500360,   34.922072,       46.50,
 139.504865,   34.922072,       46.70,
 139.509369,   34.922072,       46.85,
 139.513874,   34.922072,       46.99,
 139.518378,   34.922072,       46.94,
 139.522883,   34.922072,       46.74,
 139.527387,   34.922072,       46.53,
 139.531892,   34.922072,       46.31,
 139.536396,   34.922072,       46.10,
 139.540901,   34.922072,       45.89,
 139.545405,   34.922072,       45.68,
 139.549910,   34.922072,       45.47,
 139.554414,   34.922072,       45.39,
 139.558919,   34.922072,       45.51,
 139.563423,   34.922072,       45.83,
 139.567928,   34.922072,       46.40,
 139.572432,   34.922072,       46.99,
 139.576937,   34.922072,       47.53,
 139.581441,   34.922072,       47.99,
 139.585946,   34.922072,       48.30,
 139.590450,   34.922072,       48.52,
 139.594955,   34.922072,       48.81,
 139.599459,   34.922072,       49.17,
 139.603964,   34.922072,       49.64,
 139.608468,   34.922072,       50.16,
 139.612973,   34.922072,       50.85,
 139.617477,   34.922072,       51.75,
 139.621982,   34.922072,       52.80,
 139.626486,   34.922072,       53.71,
 139.630991,   34.922072,       54.55,
 139.635495,   34.922072,       55.40,
 139.640000,   34.922072,       56.18,
 139.644505,   34.922072,       56.49,
 139.649009,   34.922072,       55.87,
 139.653514,   34.922072,       54.53,
 139.658018,   34.922072,       52.89,
 139.662523,   34.922072,       51.25,
 139.667027,   34.922072,       49.61,
 139.671532,   34.922072,       47.98,
 139.676036,   34.922072,       46.93,
 139.680541,   34.922072,       46.97,
 139.685045,   34.922072,       47.08,
 139.689550,   34.922072,       46.83,
 139.694054,   34.922072,       46.49,
 139.698559,   34.922072,       46.46,
 139.703063,   34.922072,       46.41,
 139.707568,   34.922072,       46.19,
 139.712072,   34.922072,       46.08,
 139.716577,   34.922072,       46.40,
 139.721081,   34.922072,       46.74,
 139.725586,   34.922072,       46.26,
 139.730090,   34.922072,       45.16,
 139.734595,   34.922072,       42.73,
 139.739099,   34.922072,       40.67,
 139.743604,   34.922072,       40.04,
 139.748108,   34.922072,       40.22,
 139.752613,   34.922072,       40.73,
 139.757117,   34.922072,       42.09,
 139.761622,   34.922072,       43.42,
 139.766126,   34.922072,       43.50,
 139.770631,   34.922072,       43.06,
 139.775135,   34.922072,       42.51,
 139.779640,   34.922072,       41.88,
 139.784144,   34.922072,       41.21,
 139.788649,   34.922072,       40.54,
 139.793153,   34.922072,       39.97,
 139.797658,   34.922072,       39.47,
 139.802162,   34.922072,       38.99,
 139.806667,   34.922072,       38.23,
 139.811171,   34.922072,       37.38,
 139.815676,   34.922072,       36.47,
 139.820180,   34.922072,       36.93,
 139.824685,   34.922072,       37.39,
 139.829189,   34.922072,       37.70,
 139.833694,   34.922072,       37.77,
 139.838198,   34.922072,       37.84,
 139.842703,   34.922072,       37.90,
 139.847207,   34.922072,       37.98,
 139.851712,   34.922072,       38.10,
 139.856216,   34.922072,       38.32,
 139.860721,   34.922072,       38.62,
 139.865225,   34.922072,       38.97,
 139.869730,   34.922072,       39.31,
 139.874234,   34.922072,       39.64,
 139.878739,   34.922072,       39.92,
 139.883243,   34.922072,       40.18,
 139.887748,   34.922072,       40.40,
 139.892252,   34.922072,       40.60,
 139.896757,   34.922072,       40.77,
 139.901261,   34.922072,       40.92,
 139.905766,   34.922072,       41.05,
 139.910270,   34.922072,       41.16,
 139.914775,   34.922072,       41.26,
 139.919279,   34.922072,       41.33,
 139.923784,   34.922072,       41.44,
 139.928288,   34.922072,       41.62,
 139.932793,   34.922072,       41.90,
 139.937297,   34.922072,       42.25,
 139.941802,   34.922072,       42.01,
 139.946306,   34.922072,       41.25,
 139.950811,   34.922072,       40.43,
 139.955315,   34.922072,       39.94,
 139.959820,   34.922072,       39.65,
 139.964324,   34.922072,       39.31,
 139.968829,   34.922072,       38.95,
 139.973333,   34.922072,       38.59,
 139.977838,   34.922072,       37.57,
 139.982342,   34.922072,       36.40,
 139.986847,   34.922072,       35.26,
 139.991351,   34.922072,       34.24,
 139.995856,   34.922072,       33.42,
 140.000360,   34.922072,       32.67,
 140.004865,   34.922072,       32.25,
 140.009369,   34.922072,       32.55,
 140.013874,   34.922072,       33.04,
 140.018378,   34.922072,       33.56,
 140.022883,   34.922072,       34.11,
 140.027387,   34.922072,       34.78,
 140.031892,   34.922072,       35.55,
 140.036396,   34.922072,       36.33,
 140.040901,   34.922072,       37.09,
 140.045405,   34.922072,       37.73,
 140.049910,   34.922072,       38.23,
 140.054414,   34.922072,       38.61,
 140.058919,   34.922072,       38.89,
 140.063423,   34.922072,       38.96,
 140.067928,   34.922072,       38.87,
 140.072432,   34.922072,       38.80,
 140.076937,   34.922072,       38.75,
 140.081441,   34.922072,       38.78,
 140.085946,   34.922072,       38.93,
 140.090450,   34.922072,       39.16,
 140.094955,   34.922072,       39.43,
 140.099459,   34.922072,       39.72,
 140.103964,   34.922072,       40.03,
 140.108468,   34.922072,       40.35,
 140.112973,   34.922072,       40.71,
 140.117477,   34.922072,       41.05,
 140.121982,   34.922072,       41.14,
 140.126486,   34.922072,       40.90,
 140.130991,   34.922072,       40.60,
 140.135495,   34.922072,       40.35,
 140.140000,   34.922072,       40.14,
 140.144505,   34.922072,       39.98,
 140.149009,   34.922072,       39.86,
 140.153514,   34.922072,       39.76,
 140.158018,   34.922072,       39.70,
 140.162523,   34.922072,       39.66,
 140.167027,   34.922072,       39.64,
 140.171532,   34.922072,       39.59,
 140.176036,   34.922072,       39.54,
 140.180541,   34.922072,       39.49,
 140.185045,   34.922072,       39.45,
 140.189550,   34.922072,       39.43,
 140.194054,   34.922072,       39.42,
 140.198559,   34.922072,       39.42,
 140.203063,   34.922072,       39.42,
 140.207568,   34.922072,       39.42,
 140.212072,   34.922072,       39.41,
 140.216577,   34.922072,       39.41,
 140.221081,   34.922072,       39.39,
 140.225586,   34.922072,       39.33,
 140.230090,   34.922072,       39.22,
 140.234595,   34.922072,       39.04,
 140.239099,   34.922072,       38.82,
 140.243604,   34.922072,       38.60,
 140.248108,   34.922072,       38.39,
 140.252613,   34.922072,       38.21,
 140.257117,   34.922072,       38.02,
 140.261622,   34.922072,       37.83,
 140.266126,   34.922072,       37.62,
 140.270631,   34.922072,       37.41,
 140.275135,   34.922072,       37.18,
 140.279640,   34.922072,       36.95,
 140.284144,   34.922072,       36.72,
 140.288649,   34.922072,       36.47,
 140.293153,   34.922072,       36.22,
 140.297658,   34.922072,       35.98,
 140.302162,   34.922072,       35.73,
 140.306667,   34.922072,       35.48,
 140.311171,   34.922072,       35.23,
 140.315676,   34.922072,       34.98,
 140.320180,   34.922072,       34.73,
 140.324685,   34.922072,       34.48,
 140.329189,   34.922072,       34.23,
 140.333694,   34.922072,       33.98,
 140.338198,   34.922072,       33.73,
 140.342703,   34.922072,       33.48,
 140.347207,   34.922072,       33.23,
 140.351712,   34.922072,       32.99,
 140.356216,   34.922072,       32.74,
 140.360721,   34.922072,       32.49,
 140.365225,   34.922072,       32.25,
 140.369730,   34.922072,       32.03,
 140.374234,   34.922072,       31.80,
 140.378739,   34.922072,       31.58,
 140.383243,   34.922072,       31.16,
 140.387748,   34.922072,       30.72,
 139.140000,   34.926577,       54.76,
 139.144505,   34.926577,       54.76,
 139.149009,   34.926577,       52.95,
 139.153514,   34.926577,       51.21,
 139.158018,   34.926577,       49.55,
 139.162523,   34.926577,       47.97,
 139.167027,   34.926577,       46.46,
 139.171532,   34.926577,       45.03,
 139.176036,   34.926577,       43.67,
 139.180541,   34.926577,       42.39,
 139.185045,   34.926577,       41.19,
 139.189550,   34.926577,       40.06,
 139.194054,   34.926577,       39.02,
 139.198559,   34.926577,       38.83,
 139.203063,   34.926577,       38.54,
 139.207568,   34.926577,       37.93,
 139.212072,   34.926577,       37.36,
 139.216577,   34.926577,       36.84,
 139.221081,   34.926577,       36.36,
 139.225586,   34.926577,       35.93,
 139.230090,   34.926577,       35.53,
 139.234595,   34.926577,       35.18,
 139.239099,   34.926577,       34.88,
 139.243604,   34.926577,       34.62,
 139.248108,   34.926577,       34.40,
 139.252613,   34.926577,       34.23,
 139.257117,   34.926577,       34.10,
 139.261622,   34.926577,       34.01,
 139.266126,   34.926577,       33.97,
 139.270631,   34.926577,       33.97,
 139.275135,   34.926577,       34.20,
 139.279640,   34.926577,       34.51,
 139.284144,   34.926577,       34.82,
 139.288649,   34.926577,       35.13,
 139.293153,   34.926577,       35.43,
 139.297658,   34.926577,       35.75,
 139.302162,   34.926577,       36.07,
 139.306667,   34.926577,       36.40,
 139.311171,   34.926577,       36.74,
 139.315676,   34.926577,       37.09,
 139.320180,   34.926577,       37.44,
 139.324685,   34.926577,       37.81,
 139.329189,   34.926577,       38.18,
 139.333694,   34.926577,       38.56,
 139.338198,   34.926577,       38.94,
 139.342703,   34.926577,       39.31,
 139.347207,   34.926577,       39.66,
 139.351712,   34.926577,       39.98,
 139.356216,   34.926577,       40.24,
 139.360721,   34.926577,       40.40,
 139.365225,   34.926577,       40.50,
 139.369730,   34.926577,       40.56,
 139.374234,   34.926577,       40.61,
 139.378739,   34.926577,       40.65,
 139.383243,   34.926577,       40.69,
 139.387748,   34.926577,       40.72,
 139.392252,   34.926577,       40.74,
 139.396757,   34.926577,       40.75,
 139.401261,   34.926577,       40.78,
 139.405766,   34.926577,       40.86,
 139.410270,   34.926577,       40.96,
 139.414775,   34.926577,       41.09,
 139.419279,   34.926577,       41.26,
 139.423784,   34.926577,       41.48,
 139.428288,   34.926577,       41.73,
 139.432793,   34.926577,       42.00,
 139.437297,   34.926577,       42.27,
 139.441802,   34.926577,       42.53,
 139.446306,   34.926577,       42.77,
 139.450811,   34.926577,       43.01,
 139.455315,   34.926577,       43.25,
 139.459820,   34.926577,       43.48,
 139.464324,   34.926577,       43.71,
 139.468829,   34.926577,       43.94,
 139.473333,   34.926577,       44.18,
 139.477838,   34.926577,       44.43,
 139.482342,   34.926577,       44.69,
 139.486847,   34.926577,       44.98,
 139.491351,   34.926577,       45.24,
 139.495856,   34.926577,       45.43,
 139.500360,   34.926577,       45.57,
 139.504865,   34.926577,       45.68,
 139.509369,   34.926577,       45.75,
 139.513874,   34.926577,       45.71,
 139.518378,   34.926577,       45.45,
 139.522883,   34.926577,       45.24,
 139.527387,   34.926577,       45.13,
 139.531892,   34.926577,       45.00,
 139.536396,   34.926577,       44.86,
 139.540901,   34.926577,       44.73,
 139.545405,   34.926577,       44.60,
 139.549910,   34.926577,       44.47,
 139.554414,   34.926577,       44.43,
 139.558919,   34.926577,       44.60,
 139.563423,   34.926577,       44.98,
 139.567928,   34.926577,       45.52,
 139.572432,   34.926577,       46.14,
 139.576937,   34.926577,       46.83,
 139.581441,   34.926577,       47.51,
 139.585946,   34.926577,       48.04,
 139.590450,   34.926577,       48.35,
 139.594955,   34.926577,       48.75,
 139.599459,   34.926577,       49.23,
 139.603964,   34.926577,       49.74,
 139.608468,   34.926577,       50.26,
 139.612973,   34.926577,       50.87,
 139.617477,   34.926577,       51.67,
 139.621982,   34.926577,       52.59,
 139.626486,   34.926577,       53.28,
 139.630991,   34.926577,       53.82,
 139.635495,   34.926577,       54.28,
 139.640000,   34.926577,       54.60,
 139.644505,   34.926577,       54.46,
 139.649009,   34.926577,       53.87,
 139.653514,   34.926577,       52.83,
 139.658018,   34.926577,       51.44,
 139.662523,   34.926577,       50.02,
 139.667027,   34.926577,       48.59,
 139.671532,   34.926577,       47.20,
 139.676036,   34.926577,       46.60,
 139.680541,   34.926577,       46.83,
 139.685045,   34.926577,       47.06,
 139.689550,   34.926577,       47.30,
 139.694054,   34.926577,       47.44,
 139.698559,   34.926577,       47.59,
 139.703063,   34.926577,       47.89,
 139.707568,   34.926577,       47.98,
 139.712072,   34.926577,       48.31,
 139.716577,   34.926577,       49.29,
 139.721081,   34.926577,       50.35,
 139.725586,   34.926577,       50.34,
 139.730090,   34.926577,       48.27,
 139.734595,   34.926577,       44.88,
 139.739099,   34.926577,       41.79,
 139.743604,   34.926577,       40.83,
 139.748108,   34.926577,       40.39,
 139.752613,   34.926577,       40.44,
 139.757117,   34.926577,       42.05,
 139.761622,   34.926577,       43.45,
 139.766126,   34.926577,       43.36,
 139.770631,   34.926577,       43.04,
 139.775135,   34.926577,       42.44,
 139.779640,   34.926577,       41.80,
 139.784144,   34.926577,       41.20,
 139.788649,   34.926577,       40.60,
 139.793153,   34.926577,       40.09,
 139.797658,   34.926577,       39.58,
 139.802162,   34.926577,       38.97,
 139.806667,   34.926577,       38.18,
 139.811171,   34.926577,       37.37,
 139.815676,   34.926577,       37.05,
 139.820180,   34.926577,       37.40,
 139.824685,   34.926577,       37.83,
 139.829189,   34.926577,       38.09,
 139.833694,   34.926577,       38.15,
 139.838198,   34.926577,       38.20,
 139.842703,   34.926577,       38.26,
 139.847207,   34.926577,       38.35,
 139.851712,   34.926577,       38.53,
 139.856216,   34.926577,       38.78,
 139.860721,   34.926577,       39.07,
 139.865225,   34.926577,       39.38,
 139.869730,   34.926577,       39.67,
 139.874234,   34.926577,       39.91,
 139.878739,   34.926577,       40.13,
 139.883243,   34.926577,       40.31,
 139.887748,   34.926577,       40.47,
 139.892252,   34.926577,       40.61,
 139.896757,   34.926577,       40.73,
 139.901261,   34.926577,       40.84,
 139.905766,   34.926577,       40.93,
 139.910270,   34.926577,       41.01,
 139.914775,   34.926577,       41.09,
 139.919279,   34.926577,       41.16,
 139.923784,   34.926577,       41.22,
 139.928288,   34.926577,       41.35,
 139.932793,   34.926577,       41.58,
 139.937297,   34.926577,       41.97,
 139.941802,   34.926577,       42.62,
 139.946306,   34.926577,       42.42,
 139.950811,   34.926577,       41.67,
 139.955315,   34.926577,       40.98,
 139.959820,   34.926577,       40.37,
 139.964324,   34.926577,       39.98,
 139.968829,   34.926577,       39.58,
 139.973333,   34.926577,       39.05,
 139.977838,   34.926577,       37.98,
 139.982342,   34.926577,       36.80,
 139.986847,   34.926577,       35.65,
 139.991351,   34.926577,       34.53,
 139.995856,   34.926577,       33.52,
 140.000360,   34.926577,       32.63,
 140.004865,   34.926577,       31.91,
 140.009369,   34.926577,       32.32,
 140.013874,   34.926577,       32.75,
 140.018378,   34.926577,       33.20,
 140.022883,   34.926577,       33.71,
 140.027387,   34.926577,       34.39,
 140.031892,   34.926577,       35.13,
 140.036396,   34.926577,       35.88,
 140.040901,   34.926577,       36.63,
 140.045405,   34.926577,       37.20,
 140.049910,   34.926577,       37.64,
 140.054414,   34.926577,       38.00,
 140.058919,   34.926577,       38.36,
 140.063423,   34.926577,       38.70,
 140.067928,   34.926577,       38.74,
 140.072432,   34.926577,       38.73,
 140.076937,   34.926577,       38.73,
 140.081441,   34.926577,       38.76,
 140.085946,   34.926577,       38.91,
 140.090450,   34.926577,       39.10,
 140.094955,   34.926577,       39.33,
 140.099459,   34.926577,       39.61,
 140.103964,   34.926577,       39.91,
 140.108468,   34.926577,       40.25,
 140.112973,   34.926577,       40.64,
 140.117477,   34.926577,       41.09,
 140.121982,   34.926577,       41.13,
 140.126486,   34.926577,       40.72,
 140.130991,   34.926577,       40.39,
 140.135495,   34.926577,       40.12,
 140.140000,   34.926577,       39.90,
 140.144505,   34.926577,       39.73,
 140.149009,   34.926577,       39.60,
 140.153514,   34.926577,       39.50,
 140.158018,   34.926577,       39.44,
 140.162523,   34.926577,       39.40,
 140.167027,   34.926577,       39.37,
 140.171532,   34.926577,       39.36,
 140.176036,   34.926577,       39.37,
 140.180541,   34.926577,       39.34,
 140.185045,   34.926577,       39.32,
 140.189550,   34.926577,       39.31,
 140.194054,   34.926577,       39.31,
 140.198559,   34.926577,       39.32,
 140.203063,   34.926577,       39.34,
 140.207568,   34.926577,       39.35,
 140.212072,   34.926577,       39.35,
 140.216577,   34.926577,       39.34,
 140.221081,   34.926577,       39.30,
 140.225586,   34.926577,       39.21,
 140.230090,   34.926577,       39.08,
 140.234595,   34.926577,       38.89,
 140.239099,   34.926577,       38.67,
 140.243604,   34.926577,       38.44,
 140.248108,   34.926577,       38.22,
 140.252613,   34.926577,       38.01,
 140.257117,   34.926577,       37.82,
 140.261622,   34.926577,       37.62,
 140.266126,   34.926577,       37.42,
 140.270631,   34.926577,       37.21,
 140.275135,   34.926577,       36.98,
 140.279640,   34.926577,       36.75,
 140.284144,   34.926577,       36.52,
 140.288649,   34.926577,       36.27,
 140.293153,   34.926577,       36.03,
 140.297658,   34.926577,       35.78,
 140.302162,   34.926577,       35.53,
 140.306667,   34.926577,       35.28,
 140.311171,   34.926577,       35.02,
 140.315676,   34.926577,       34.77,
 140.320180,   34.926577,       34.52,
 140.324685,   34.926577,       34.27,
 140.329189,   34.926577,       34.02,
 140.333694,   34.926577,       33.78,
 140.338198,   34.926577,       33.53,
 140.342703,   34.926577,       33.28,
 140.347207,   34.926577,       33.03,
 140.351712,   34.926577,       32.78,
 140.356216,   34.926577,       32.54,
 140.360721,   34.926577,       32.30,
 140.365225,   34.926577,       32.07,
 140.369730,   34.926577,       31.85,
 140.374234,   34.926577,       31.57,
 140.378739,   34.926577,       31.14,
 140.383243,   34.926577,       30.71,
 140.387748,   34.926577,       30.26,
 139.140000,   34.931081,       55.73,
 139.144505,   34.931081,       55.73,
 139.149009,   34.931081,       53.90,
 139.153514,   34.931081,       52.14,
 139.158018,   34.931081,       50.46,
 139.162523,   34.931081,       48.86,
 139.167027,   34.931081,       47.34,
 139.171532,   34.931081,       45.88,
 139.176036,   34.931081,       44.51,
 139.180541,   34.931081,       43.21,
 139.185045,   34.931081,       41.99,
 139.189550,   34.931081,       40.84,
 139.194054,   34.931081,       39.77,
 139.198559,   34.931081,       38.78,
 139.203063,   34.931081,       38.39,
 139.207568,   34.931081,       38.14,
 139.212072,   34.931081,       37.57,
 139.216577,   34.931081,       37.04,
 139.221081,   34.931081,       36.56,
 139.225586,   34.931081,       36.12,
 139.230090,   34.931081,       35.73,
 139.234595,   34.931081,       35.37,
 139.239099,   34.931081,       35.07,
 139.243604,   34.931081,       34.80,
 139.248108,   34.931081,       34.58,
 139.252613,   34.931081,       34.40,
 139.257117,   34.931081,       34.27,
 139.261622,   34.931081,       34.18,
 139.266126,   34.931081,       34.13,
 139.270631,   34.931081,       34.13,
 139.275135,   34.931081,       34.17,
 139.279640,   34.931081,       34.41,
 139.284144,   34.931081,       34.70,
 139.288649,   34.931081,       35.00,
 139.293153,   34.931081,       35.31,
 139.297658,   34.931081,       35.62,
 139.302162,   34.931081,       35.95,
 139.306667,   34.931081,       36.28,
 139.311171,   34.931081,       36.62,
 139.315676,   34.931081,       36.97,
 139.320180,   34.931081,       37.33,
 139.324685,   34.931081,       37.69,
 139.329189,   34.931081,       38.07,
 139.333694,   34.931081,       38.46,
 139.338198,   34.931081,       38.85,
 139.342703,   34.931081,       39.25,
 139.347207,   34.931081,       39.63,
 139.351712,   34.931081,       39.96,
 139.356216,   34.931081,       40.19,
 139.360721,   34.931081,       40.27,
 139.365225,   34.931081,       40.27,
 139.369730,   34.931081,       40.27,
 139.374234,   34.931081,       40.26,
 139.378739,   34.931081,       40.27,
 139.383243,   34.931081,       40.28,
 139.387748,   34.931081,       40.28,
 139.392252,   34.931081,       40.29,
 139.396757,   34.931081,       40.32,
 139.401261,   34.931081,       40.36,
 139.405766,   34.931081,       40.43,
 139.410270,   34.931081,       40.54,
 139.414775,   34.931081,       40.67,
 139.419279,   34.931081,       40.82,
 139.423784,   34.931081,       41.01,
 139.428288,   34.931081,       41.25,
 139.432793,   34.931081,       41.51,
 139.437297,   34.931081,       41.77,
 139.441802,   34.931081,       42.00,
 139.446306,   34.931081,       42.23,
 139.450811,   34.931081,       42.45,
 139.455315,   34.931081,       42.67,
 139.459820,   34.931081,       42.90,
 139.464324,   34.931081,       43.12,
 139.468829,   34.931081,       43.35,
 139.473333,   34.931081,       43.60,
 139.477838,   34.931081,       43.85,
 139.482342,   34.931081,       44.11,
 139.486847,   34.931081,       44.37,
 139.491351,   34.931081,       44.55,
 139.495856,   34.931081,       44.64,
 139.500360,   34.931081,       44.67,
 139.504865,   34.931081,       44.64,
 139.509369,   34.931081,       44.55,
 139.513874,   34.931081,       44.31,
 139.518378,   34.931081,       43.94,
 139.522883,   34.931081,       43.70,
 139.527387,   34.931081,       43.59,
 139.531892,   34.931081,       43.57,
 139.536396,   34.931081,       43.53,
 139.540901,   34.931081,       43.48,
 139.545405,   34.931081,       43.45,
 139.549910,   34.931081,       43.41,
 139.554414,   34.931081,       43.41,
 139.558919,   34.931081,       43.63,
 139.563423,   34.931081,       44.01,
 139.567928,   34.931081,       44.47,
 139.572432,   34.931081,       45.05,
 139.576937,   34.931081,       45.73,
 139.581441,   34.931081,       46.54,
 139.585946,   34.931081,       47.52,
 139.590450,   34.931081,       48.27,
 139.594955,   34.931081,       48.76,
 139.599459,   34.931081,       49.26,
 139.603964,   34.931081,       49.78,
 139.608468,   34.931081,       50.32,
 139.612973,   34.931081,       50.89,
 139.617477,   34.931081,       51.56,
 139.621982,   34.931081,       52.25,
 139.626486,   34.931081,       52.53,
 139.630991,   34.931081,       52.71,
 139.635495,   34.931081,       52.81,
 139.640000,   34.931081,       52.76,
 139.644505,   34.931081,       52.46,
 139.649009,   34.931081,       51.89,
 139.653514,   34.931081,       50.99,
 139.658018,   34.931081,       49.79,
 139.662523,   34.931081,       48.59,
 139.667027,   34.931081,       47.40,
 139.671532,   34.931081,       46.24,
 139.676036,   34.931081,       46.44,
 139.680541,   34.931081,       46.73,
 139.685045,   34.931081,       47.04,
 139.689550,   34.931081,       47.33,
 139.694054,   34.931081,       47.67,
 139.698559,   34.931081,       47.94,
 139.703063,   34.931081,       48.08,
 139.707568,   34.931081,       48.32,
 139.712072,   34.931081,       49.13,
 139.716577,   34.931081,       50.60,
 139.721081,   34.931081,       52.80,
 139.725586,   34.931081,       54.49,
 139.730090,   34.931081,       50.48,
 139.734595,   34.931081,       46.65,
 139.739099,   34.931081,       43.08,
 139.743604,   34.931081,       41.13,
 139.748108,   34.931081,       40.17,
 139.752613,   34.931081,       39.72,
 139.757117,   34.931081,       41.62,
 139.761622,   34.931081,       43.56,
 139.766126,   34.931081,       43.80,
 139.770631,   34.931081,       43.17,
 139.775135,   34.931081,       42.23,
 139.779640,   34.931081,       41.57,
 139.784144,   34.931081,       41.03,
 139.788649,   34.931081,       40.60,
 139.793153,   34.931081,       40.19,
 139.797658,   34.931081,       39.76,
 139.802162,   34.931081,       39.06,
 139.806667,   34.931081,       38.26,
 139.811171,   34.931081,       37.50,
 139.815676,   34.931081,       37.61,
 139.820180,   34.931081,       38.00,
 139.824685,   34.931081,       38.39,
 139.829189,   34.931081,       38.48,
 139.833694,   34.931081,       38.50,
 139.838198,   34.931081,       38.55,
 139.842703,   34.931081,       38.61,
 139.847207,   34.931081,       38.74,
 139.851712,   34.931081,       38.94,
 139.856216,   34.931081,       39.20,
 139.860721,   34.931081,       39.47,
 139.865225,   34.931081,       39.74,
 139.869730,   34.931081,       39.96,
 139.874234,   34.931081,       40.14,
 139.878739,   34.931081,       40.29,
 139.883243,   34.931081,       40.42,
 139.887748,   34.931081,       40.53,
 139.892252,   34.931081,       40.61,
 139.896757,   34.931081,       40.69,
 139.901261,   34.931081,       40.75,
 139.905766,   34.931081,       40.80,
 139.910270,   34.931081,       40.83,
 139.914775,   34.931081,       40.87,
 139.919279,   34.931081,       40.90,
 139.923784,   34.931081,       40.94,
 139.928288,   34.931081,       41.00,
 139.932793,   34.931081,       41.14,
 139.937297,   34.931081,       41.42,
 139.941802,   34.931081,       41.93,
 139.946306,   34.931081,       42.93,
 139.950811,   34.931081,       42.85,
 139.955315,   34.931081,       42.11,
 139.959820,   34.931081,       41.39,
 139.964324,   34.931081,       40.73,
 139.968829,   34.931081,       40.20,
 139.973333,   34.931081,       39.52,
 139.977838,   34.931081,       38.36,
 139.982342,   34.931081,       37.16,
 139.986847,   34.931081,       35.93,
 139.991351,   34.931081,       34.66,
 139.995856,   34.931081,       33.56,
 140.000360,   34.931081,       32.64,
 140.004865,   34.931081,       32.01,
 140.009369,   34.931081,       32.07,
 140.013874,   34.931081,       32.43,
 140.018378,   34.931081,       32.80,
 140.022883,   34.931081,       33.29,
 140.027387,   34.931081,       34.00,
 140.031892,   34.931081,       34.72,
 140.036396,   34.931081,       35.45,
 140.040901,   34.931081,       36.19,
 140.045405,   34.931081,       36.65,
 140.049910,   34.931081,       37.04,
 140.054414,   34.931081,       37.43,
 140.058919,   34.931081,       37.80,
 140.063423,   34.931081,       38.16,
 140.067928,   34.931081,       38.42,
 140.072432,   34.931081,       38.53,
 140.076937,   34.931081,       38.62,
 140.081441,   34.931081,       38.70,
 140.085946,   34.931081,       38.84,
 140.090450,   34.931081,       38.99,
 140.094955,   34.931081,       39.16,
 140.099459,   34.931081,       39.38,
 140.103964,   34.931081,       39.64,
 140.108468,   34.931081,       39.94,
 140.112973,   34.931081,       40.28,
 140.117477,   34.931081,       40.57,
 140.121982,   34.931081,       40.59,
 140.126486,   34.931081,       40.35,
 140.130991,   34.931081,       40.06,
 140.135495,   34.931081,       39.80,
 140.140000,   34.931081,       39.58,
 140.144505,   34.931081,       39.40,
 140.149009,   34.931081,       39.26,
 140.153514,   34.931081,       39.16,
 140.158018,   34.931081,       39.09,
 140.162523,   34.931081,       39.02,
 140.167027,   34.931081,       38.95,
 140.171532,   34.931081,       38.97,
 140.176036,   34.931081,       39.06,
 140.180541,   34.931081,       39.10,
 140.185045,   34.931081,       39.12,
 140.189550,   34.931081,       39.14,
 140.194054,   34.931081,       39.17,
 140.198559,   34.931081,       39.20,
 140.203063,   34.931081,       39.23,
 140.207568,   34.931081,       39.26,
 140.212072,   34.931081,       39.28,
 140.216577,   34.931081,       39.27,
 140.221081,   34.931081,       39.20,
 140.225586,   34.931081,       39.09,
 140.230090,   34.931081,       38.94,
 140.234595,   34.931081,       38.74,
 140.239099,   34.931081,       38.51,
 140.243604,   34.931081,       38.29,
 140.248108,   34.931081,       38.06,
 140.252613,   34.931081,       37.84,
 140.257117,   34.931081,       37.63,
 140.261622,   34.931081,       37.43,
 140.266126,   34.931081,       37.23,
 140.270631,   34.931081,       37.01,
 140.275135,   34.931081,       36.79,
 140.279640,   34.931081,       36.56,
 140.284144,   34.931081,       36.33,
 140.288649,   34.931081,       36.08,
 140.293153,   34.931081,       35.83,
 140.297658,   34.931081,       35.58,
 140.302162,   34.931081,       35.32,
 140.306667,   34.931081,       35.07,
 140.311171,   34.931081,       34.82,
 140.315676,   34.931081,       34.57,
 140.320180,   34.931081,       34.32,
 140.324685,   34.931081,       34.07,
 140.329189,   34.931081,       33.82,
 140.333694,   34.931081,       33.57,
 140.338198,   34.931081,       33.32,
 140.342703,   34.931081,       33.08,
 140.347207,   34.931081,       32.83,
 140.351712,   34.931081,       32.58,
 140.356216,   34.931081,       32.34,
 140.360721,   34.931081,       32.12,
 140.365225,   34.931081,       31.89,
 140.369730,   34.931081,       31.54,
 140.374234,   34.931081,       31.13,
 140.378739,   34.931081,       30.70,
 140.383243,   34.931081,       30.26,
 140.387748,   34.931081,       29.81,
 139.140000,   34.935586,       54.78,
 139.144505,   34.935586,       54.78,
 139.149009,   34.935586,       54.78,
 139.153514,   34.935586,       53.00,
 139.158018,   34.935586,       51.30,
 139.162523,   34.935586,       49.68,
 139.167027,   34.935586,       48.14,
 139.171532,   34.935586,       46.67,
 139.176036,   34.935586,       45.27,
 139.180541,   34.935586,       43.96,
 139.185045,   34.935586,       42.71,
 139.189550,   34.935586,       41.55,
 139.194054,   34.935586,       40.46,
 139.198559,   34.935586,       39.45,
 139.203063,   34.935586,       38.51,
 139.207568,   34.935586,       37.95,
 139.212072,   34.935586,       37.73,
 139.216577,   34.935586,       37.20,
 139.221081,   34.935586,       36.71,
 139.225586,   34.935586,       36.27,
 139.230090,   34.935586,       35.87,
 139.234595,   34.935586,       35.52,
 139.239099,   34.935586,       35.21,
 139.243604,   34.935586,       34.94,
 139.248108,   34.935586,       34.72,
 139.252613,   34.935586,       34.54,
 139.257117,   34.935586,       34.40,
 139.261622,   34.935586,       34.31,
 139.266126,   34.935586,       34.26,
 139.270631,   34.935586,       34.25,
 139.275135,   34.935586,       34.25,
 139.279640,   34.935586,       34.33,
 139.284144,   34.935586,       34.57,
 139.288649,   34.935586,       34.85,
 139.293153,   34.935586,       35.15,
 139.297658,   34.935586,       35.47,
 139.302162,   34.935586,       35.80,
 139.306667,   34.935586,       36.14,
 139.311171,   34.935586,       36.48,
 139.315676,   34.935586,       36.83,
 139.320180,   34.935586,       37.19,
 139.324685,   34.935586,       37.57,
 139.329189,   34.935586,       37.95,
 139.333694,   34.935586,       38.34,
 139.338198,   34.935586,       38.74,
 139.342703,   34.935586,       39.15,
 139.347207,   34.935586,       39.57,
 139.351712,   34.935586,       39.95,
 139.356216,   34.935586,       40.08,
 139.360721,   34.935586,       40.01,
 139.365225,   34.935586,       39.93,
 139.369730,   34.935586,       39.87,
 139.374234,   34.935586,       39.83,
 139.378739,   34.935586,       39.80,
 139.383243,   34.935586,       39.79,
 139.387748,   34.935586,       39.79,
 139.392252,   34.935586,       39.81,
 139.396757,   34.935586,       39.85,
 139.401261,   34.935586,       39.90,
 139.405766,   34.935586,       39.98,
 139.410270,   34.935586,       40.09,
 139.414775,   34.935586,       40.22,
 139.419279,   34.935586,       40.37,
 139.423784,   34.935586,       40.54,
 139.428288,   34.935586,       40.77,
 139.432793,   34.935586,       41.02,
 139.437297,   34.935586,       41.24,
 139.441802,   34.935586,       41.45,
 139.446306,   34.935586,       41.65,
 139.450811,   34.935586,       41.86,
 139.455315,   34.935586,       42.06,
 139.459820,   34.935586,       42.28,
 139.464324,   34.935586,       42.49,
 139.468829,   34.935586,       42.73,
 139.473333,   34.935586,       42.99,
 139.477838,   34.935586,       43.26,
 139.482342,   34.935586,       43.52,
 139.486847,   34.935586,       43.74,
 139.491351,   34.935586,       43.82,
 139.495856,   34.935586,       43.78,
 139.500360,   34.935586,       43.68,
 139.504865,   34.935586,       43.51,
 139.509369,   34.935586,       43.23,
 139.513874,   34.935586,       42.80,
 139.518378,   34.935586,       42.41,
 139.522883,   34.935586,       42.13,
 139.527387,   34.935586,       41.99,
 139.531892,   34.935586,       42.01,
 139.536396,   34.935586,       42.11,
 139.540901,   34.935586,       42.21,
 139.545405,   34.935586,       42.29,
 139.549910,   34.935586,       42.35,
 139.554414,   34.935586,       42.41,
 139.558919,   34.935586,       42.56,
 139.563423,   34.935586,       42.81,
 139.567928,   34.935586,       43.17,
 139.572432,   34.935586,       43.68,
 139.576937,   34.935586,       44.27,
 139.581441,   34.935586,       45.13,
 139.585946,   34.935586,       46.54,
 139.590450,   34.935586,       47.82,
 139.594955,   34.935586,       48.62,
 139.599459,   34.935586,       49.23,
 139.603964,   34.935586,       49.76,
 139.608468,   34.935586,       50.31,
 139.612973,   34.935586,       50.85,
 139.617477,   34.935586,       51.42,
 139.621982,   34.935586,       51.46,
 139.626486,   34.935586,       51.36,
 139.630991,   34.935586,       51.24,
 139.635495,   34.935586,       51.06,
 139.640000,   34.935586,       50.84,
 139.644505,   34.935586,       50.54,
 139.649009,   34.935586,       50.01,
 139.653514,   34.935586,       49.11,
 139.658018,   34.935586,       48.14,
 139.662523,   34.935586,       47.21,
 139.667027,   34.935586,       46.30,
 139.671532,   34.935586,       45.82,
 139.676036,   34.935586,       46.00,
 139.680541,   34.935586,       46.41,
 139.685045,   34.935586,       46.86,
 139.689550,   34.935586,       47.34,
 139.694054,   34.935586,       47.62,
 139.698559,   34.935586,       47.54,
 139.703063,   34.935586,       47.34,
 139.707568,   34.935586,       47.26,
 139.712072,   34.935586,       48.38,
 139.716577,   34.935586,       50.15,
 139.721081,   34.935586,       51.99,
 139.725586,   34.935586,       52.85,
 139.730090,   34.935586,       50.21,
 139.734595,   34.935586,       46.90,
 139.739099,   34.935586,       43.82,
 139.743604,   34.935586,       41.70,
 139.748108,   34.935586,       40.12,
 139.752613,   34.935586,       38.83,
 139.757117,   34.935586,       40.57,
 139.761622,   34.935586,       43.19,
 139.766126,   34.935586,       44.30,
 139.770631,   34.935586,       42.89,
 139.775135,   34.935586,       41.96,
 139.779640,   34.935586,       41.27,
 139.784144,   34.935586,       40.84,
 139.788649,   34.935586,       40.47,
 139.793153,   34.935586,       40.12,
 139.797658,   34.935586,       39.79,
 139.802162,   34.935586,       39.13,
 139.806667,   34.935586,       38.40,
 139.811171,   34.935586,       37.90,
 139.815676,   34.935586,       38.21,
 139.820180,   34.935586,       38.59,
 139.824685,   34.935586,       38.87,
 139.829189,   34.935586,       38.83,
 139.833694,   34.935586,       38.84,
 139.838198,   34.935586,       38.89,
 139.842703,   34.935586,       38.97,
 139.847207,   34.935586,       39.12,
 139.851712,   34.935586,       39.34,
 139.856216,   34.935586,       39.58,
 139.860721,   34.935586,       39.83,
 139.865225,   34.935586,       40.04,
 139.869730,   34.935586,       40.20,
 139.874234,   34.935586,       40.33,
 139.878739,   34.935586,       40.43,
 139.883243,   34.935586,       40.51,
 139.887748,   34.935586,       40.57,
 139.892252,   34.935586,       40.61,
 139.896757,   34.935586,       40.63,
 139.901261,   34.935586,       40.65,
 139.905766,   34.935586,       40.65,
 139.910270,   34.935586,       40.64,
 139.914775,   34.935586,       40.63,
 139.919279,   34.935586,       40.62,
 139.923784,   34.935586,       40.61,
 139.928288,   34.935586,       40.61,
 139.932793,   34.935586,       40.66,
 139.937297,   34.935586,       40.82,
 139.941802,   34.935586,       41.14,
 139.946306,   34.935586,       41.76,
 139.950811,   34.935586,       42.90,
 139.955315,   34.935586,       43.14,
 139.959820,   34.935586,       42.37,
 139.964324,   34.935586,       41.51,
 139.968829,   34.935586,       40.81,
 139.973333,   34.935586,       39.92,
 139.977838,   34.935586,       38.68,
 139.982342,   34.935586,       37.44,
 139.986847,   34.935586,       36.07,
 139.991351,   34.935586,       34.61,
 139.995856,   34.935586,       33.38,
 140.000360,   34.935586,       32.59,
 140.004865,   34.935586,       32.02,
 140.009369,   34.935586,       31.90,
 140.013874,   34.935586,       32.18,
 140.018378,   34.935586,       32.49,
 140.022883,   34.935586,       32.88,
 140.027387,   34.935586,       33.57,
 140.031892,   34.935586,       34.26,
 140.036396,   34.935586,       34.93,
 140.040901,   34.935586,       35.54,
 140.045405,   34.935586,       36.01,
 140.049910,   34.935586,       36.43,
 140.054414,   34.935586,       36.85,
 140.058919,   34.935586,       37.27,
 140.063423,   34.935586,       37.62,
 140.067928,   34.935586,       37.89,
 140.072432,   34.935586,       38.15,
 140.076937,   34.935586,       38.38,
 140.081441,   34.935586,       38.60,
 140.085946,   34.935586,       38.75,
 140.090450,   34.935586,       38.82,
 140.094955,   34.935586,       38.91,
 140.099459,   34.935586,       39.06,
 140.103964,   34.935586,       39.25,
 140.108468,   34.935586,       39.47,
 140.112973,   34.935586,       39.68,
 140.117477,   34.935586,       39.78,
 140.121982,   34.935586,       39.82,
 140.126486,   34.935586,       39.75,
 140.130991,   34.935586,       39.58,
 140.135495,   34.935586,       39.37,
 140.140000,   34.935586,       39.16,
 140.144505,   34.935586,       38.99,
 140.149009,   34.935586,       38.86,
 140.153514,   34.935586,       38.75,
 140.158018,   34.935586,       38.66,
 140.162523,   34.935586,       38.58,
 140.167027,   34.935586,       38.52,
 140.171532,   34.935586,       38.58,
 140.176036,   34.935586,       38.69,
 140.180541,   34.935586,       38.78,
 140.185045,   34.935586,       38.85,
 140.189550,   34.935586,       38.92,
 140.194054,   34.935586,       38.97,
 140.198559,   34.935586,       39.03,
 140.203063,   34.935586,       39.09,
 140.207568,   34.935586,       39.14,
 140.212072,   34.935586,       39.19,
 140.216577,   34.935586,       39.18,
 140.221081,   34.935586,       39.10,
 140.225586,   34.935586,       38.98,
 140.230090,   34.935586,       38.80,
 140.234595,   34.935586,       38.58,
 140.239099,   34.935586,       38.36,
 140.243604,   34.935586,       38.13,
 140.248108,   34.935586,       37.91,
 140.252613,   34.935586,       37.69,
 140.257117,   34.935586,       37.46,
 140.261622,   34.935586,       37.25,
 140.266126,   34.935586,       37.04,
 140.270631,   34.935586,       36.83,
 140.275135,   34.935586,       36.61,
 140.279640,   34.935586,       36.38,
 140.284144,   34.935586,       36.13,
 140.288649,   34.935586,       35.88,
 140.293153,   34.935586,       35.63,
 140.297658,   34.935586,       35.37,
 140.302162,   34.935586,       35.12,
 140.306667,   34.935586,       34.87,
 140.311171,   34.935586,       34.62,
 140.315676,   34.935586,       34.37,
 140.320180,   34.935586,       34.12,
 140.324685,   34.935586,       33.87,
 140.329189,   34.935586,       33.62,
 140.333694,   34.935586,       33.37,
 140.338198,   34.935586,       33.12,
 140.342703,   34.935586,       32.87,
 140.347207,   34.935586,       32.63,
 140.351712,   34.935586,       32.39,
 140.356216,   34.935586,       32.17,
 140.360721,   34.935586,       31.93,
 140.365225,   34.935586,       31.53,
 140.369730,   34.935586,       31.12,
 140.374234,   34.935586,       30.70,
 140.378739,   34.935586,       30.27,
 140.383243,   34.935586,       29.83,
 140.387748,   34.935586,       29.38,
 139.140000,   34.940090,       53.78,
 139.144505,   34.940090,       53.78,
 139.149009,   34.940090,       53.78,
 139.153514,   34.940090,       53.78,
 139.158018,   34.940090,       52.07,
 139.162523,   34.940090,       50.43,
 139.167027,   34.940090,       48.86,
 139.171532,   34.940090,       47.37,
 139.176036,   34.940090,       45.96,
 139.180541,   34.940090,       44.63,
 139.185045,   34.940090,       43.37,
 139.189550,   34.940090,       42.18,
 139.194054,   34.940090,       41.07,
 139.198559,   34.940090,       40.04,
 139.203063,   34.940090,       39.08,
 139.207568,   34.940090,       38.20,
 139.212072,   34.940090,       37.50,
 139.216577,   34.940090,       37.31,
 139.221081,   34.940090,       36.83,
 139.225586,   34.940090,       36.38,
 139.230090,   34.940090,       35.98,
 139.234595,   34.940090,       35.62,
 139.239099,   34.940090,       35.31,
 139.243604,   34.940090,       35.04,
 139.248108,   34.940090,       34.81,
 139.252613,   34.940090,       34.62,
 139.257117,   34.940090,       34.48,
 139.261622,   34.940090,       34.39,
 139.266126,   34.940090,       34.34,
 139.270631,   34.940090,       34.31,
 139.275135,   34.940090,       34.27,
 139.279640,   34.940090,       34.31,
 139.284144,   34.940090,       34.50,
 139.288649,   34.940090,       34.74,
 139.293153,   34.940090,       35.01,
 139.297658,   34.940090,       35.31,
 139.302162,   34.940090,       35.64,
 139.306667,   34.940090,       35.98,
 139.311171,   34.940090,       36.32,
 139.315676,   34.940090,       36.68,
 139.320180,   34.940090,       37.05,
 139.324685,   34.940090,       37.42,
 139.329189,   34.940090,       37.81,
 139.333694,   34.940090,       38.19,
 139.338198,   34.940090,       38.58,
 139.342703,   34.940090,       38.98,
 139.347207,   34.940090,       39.38,
 139.351712,   34.940090,       39.77,
 139.356216,   34.940090,       39.68,
 139.360721,   34.940090,       39.54,
 139.365225,   34.940090,       39.43,
 139.369730,   34.940090,       39.34,
 139.374234,   34.940090,       39.28,
 139.378739,   34.940090,       39.25,
 139.383243,   34.940090,       39.23,
 139.387748,   34.940090,       39.25,
 139.392252,   34.940090,       39.28,
 139.396757,   34.940090,       39.33,
 139.401261,   34.940090,       39.41,
 139.405766,   34.940090,       39.50,
 139.410270,   34.940090,       39.61,
 139.414775,   34.940090,       39.75,
 139.419279,   34.940090,       39.91,
 139.423784,   34.940090,       40.07,
 139.428288,   34.940090,       40.28,
 139.432793,   34.940090,       40.50,
 139.437297,   34.940090,       40.69,
 139.441802,   34.940090,       40.87,
 139.446306,   34.940090,       41.04,
 139.450811,   34.940090,       41.22,
 139.455315,   34.940090,       41.41,
 139.459820,   34.940090,       41.61,
 139.464324,   34.940090,       41.83,
 139.468829,   34.940090,       42.07,
 139.473333,   34.940090,       42.34,
 139.477838,   34.940090,       42.63,
 139.482342,   34.940090,       42.93,
 139.486847,   34.940090,       43.11,
 139.491351,   34.940090,       43.05,
 139.495856,   34.940090,       42.92,
 139.500360,   34.940090,       42.72,
 139.504865,   34.940090,       42.40,
 139.509369,   34.940090,       41.93,
 139.513874,   34.940090,       41.38,
 139.518378,   34.940090,       40.87,
 139.522883,   34.940090,       40.54,
 139.527387,   34.940090,       40.38,
 139.531892,   34.940090,       40.48,
 139.536396,   34.940090,       40.71,
 139.540901,   34.940090,       40.96,
 139.545405,   34.940090,       41.22,
 139.549910,   34.940090,       41.51,
 139.554414,   34.940090,       41.76,
 139.558919,   34.940090,       41.53,
 139.563423,   34.940090,       41.49,
 139.567928,   34.940090,       41.59,
 139.572432,   34.940090,       41.88,
 139.576937,   34.940090,       42.52,
 139.581441,   34.940090,       43.79,
 139.585946,   34.940090,       45.67,
 139.590450,   34.940090,       47.20,
 139.594955,   34.940090,       48.30,
 139.599459,   34.940090,       49.09,
 139.603964,   34.940090,       49.62,
 139.608468,   34.940090,       50.01,
 139.612973,   34.940090,       50.31,
 139.617477,   34.940090,       50.40,
 139.621982,   34.940090,       50.05,
 139.626486,   34.940090,       49.78,
 139.630991,   34.940090,       49.57,
 139.635495,   34.940090,       49.33,
 139.640000,   34.940090,       49.04,
 139.644505,   34.940090,       48.71,
 139.649009,   34.940090,       48.21,
 139.653514,   34.940090,       47.46,
 139.658018,   34.940090,       46.79,
 139.662523,   34.940090,       46.13,
 139.667027,   34.940090,       45.57,
 139.671532,   34.940090,       45.31,
 139.676036,   34.940090,       45.43,
 139.680541,   34.940090,       45.91,
 139.685045,   34.940090,       46.46,
 139.689550,   34.940090,       47.07,
 139.694054,   34.940090,       47.27,
 139.698559,   34.940090,       46.84,
 139.703063,   34.940090,       46.43,
 139.707568,   34.940090,       46.05,
 139.712072,   34.940090,       46.63,
 139.716577,   34.940090,       47.97,
 139.721081,   34.940090,       49.04,
 139.725586,   34.940090,       49.42,
 139.730090,   34.940090,       48.17,
 139.734595,   34.940090,       45.74,
 139.739099,   34.940090,       43.70,
 139.743604,   34.940090,       41.75,
 139.748108,   34.940090,       39.52,
 139.752613,   34.940090,       37.56,
 139.757117,   34.940090,       38.56,
 139.761622,   34.940090,       40.66,
 139.766126,   34.940090,       41.73,
 139.770631,   34.940090,       41.10,
 139.775135,   34.940090,       40.60,
 139.779640,   34.940090,       40.90,
 139.784144,   34.940090,       40.60,
 139.788649,   34.940090,       40.30,
 139.793153,   34.940090,       39.99,
 139.797658,   34.940090,       39.67,
 139.802162,   34.940090,       39.24,
 139.806667,   34.940090,       38.80,
 139.811171,   34.940090,       38.59,
 139.815676,   34.940090,       38.81,
 139.820180,   34.940090,       39.17,
 139.824685,   34.940090,       39.17,
 139.829189,   34.940090,       39.14,
 139.833694,   34.940090,       39.16,
 139.838198,   34.940090,       39.21,
 139.842703,   34.940090,       39.31,
 139.847207,   34.940090,       39.48,
 139.851712,   34.940090,       39.70,
 139.856216,   34.940090,       39.94,
 139.860721,   34.940090,       40.14,
 139.865225,   34.940090,       40.30,
 139.869730,   34.940090,       40.41,
 139.874234,   34.940090,       40.50,
 139.878739,   34.940090,       40.55,
 139.883243,   34.940090,       40.59,
 139.887748,   34.940090,       40.60,
 139.892252,   34.940090,       40.60,
 139.896757,   34.940090,       40.58,
 139.901261,   34.940090,       40.55,
 139.905766,   34.940090,       40.50,
 139.910270,   34.940090,       40.44,
 139.914775,   34.940090,       40.38,
 139.919279,   34.940090,       40.32,
 139.923784,   34.940090,       40.25,
 139.928288,   34.940090,       40.19,
 139.932793,   34.940090,       40.16,
 139.937297,   34.940090,       40.20,
 139.941802,   34.940090,       40.35,
 139.946306,   34.940090,       40.69,
 139.950811,   34.940090,       41.33,
 139.955315,   34.940090,       42.84,
 139.959820,   34.940090,       42.99,
 139.964324,   34.940090,       41.89,
 139.968829,   34.940090,       40.91,
 139.973333,   34.940090,       39.89,
 139.977838,   34.940090,       38.82,
 139.982342,   34.940090,       37.67,
 139.986847,   34.940090,       36.22,
 139.991351,   34.940090,       34.71,
 139.995856,   34.940090,       33.33,
 140.000360,   34.940090,       32.67,
 140.004865,   34.940090,       32.03,
 140.009369,   34.940090,       31.66,
 140.013874,   34.940090,       31.94,
 140.018378,   34.940090,       32.21,
 140.022883,   34.940090,       32.50,
 140.027387,   34.940090,       33.09,
 140.031892,   34.940090,       33.70,
 140.036396,   34.940090,       34.28,
 140.040901,   34.940090,       34.81,
 140.045405,   34.940090,       35.30,
 140.049910,   34.940090,       35.77,
 140.054414,   34.940090,       36.24,
 140.058919,   34.940090,       36.73,
 140.063423,   34.940090,       36.99,
 140.067928,   34.940090,       37.19,
 140.072432,   34.940090,       37.45,
 140.076937,   34.940090,       37.75,
 140.081441,   34.940090,       38.09,
 140.085946,   34.940090,       38.38,
 140.090450,   34.940090,       38.42,
 140.094955,   34.940090,       38.46,
 140.099459,   34.940090,       38.56,
 140.103964,   34.940090,       38.71,
 140.108468,   34.940090,       38.85,
 140.112973,   34.940090,       38.94,
 140.117477,   34.940090,       38.99,
 140.121982,   34.940090,       39.03,
 140.126486,   34.940090,       39.02,
 140.130991,   34.940090,       38.94,
 140.135495,   34.940090,       38.80,
 140.140000,   34.940090,       38.64,
 140.144505,   34.940090,       38.49,
 140.149009,   34.940090,       38.37,
 140.153514,   34.940090,       38.27,
 140.158018,   34.940090,       38.18,
 140.162523,   34.940090,       38.12,
 140.167027,   34.940090,       38.10,
 140.171532,   34.940090,       38.17,
 140.176036,   34.940090,       38.29,
 140.180541,   34.940090,       38.42,
 140.185045,   34.940090,       38.53,
 140.189550,   34.940090,       38.64,
 140.194054,   34.940090,       38.73,
 140.198559,   34.940090,       38.82,
 140.203063,   34.940090,       38.92,
 140.207568,   34.940090,       39.00,
 140.212072,   34.940090,       39.08,
 140.216577,   34.940090,       39.10,
 140.221081,   34.940090,       39.01,
 140.225586,   34.940090,       38.85,
 140.230090,   34.940090,       38.65,
 140.234595,   34.940090,       38.43,
 140.239099,   34.940090,       38.20,
 140.243604,   34.940090,       37.98,
 140.248108,   34.940090,       37.75,
 140.252613,   34.940090,       37.53,
 140.257117,   34.940090,       37.31,
 140.261622,   34.940090,       37.08,
 140.266126,   34.940090,       36.86,
 140.270631,   34.940090,       36.65,
 140.275135,   34.940090,       36.43,
 140.279640,   34.940090,       36.18,
 140.284144,   34.940090,       35.93,
 140.288649,   34.940090,       35.67,
 140.293153,   34.940090,       35.42,
 140.297658,   34.940090,       35.17,
 140.302162,   34.940090,       34.92,
 140.306667,   34.940090,       34.66,
 140.311171,   34.940090,       34.41,
 140.315676,   34.940090,       34.16,
 140.320180,   34.940090,       33.91,
 140.324685,   34.940090,       33.66,
 140.329189,   34.940090,       33.41,
 140.333694,   34.940090,       33.17,
 140.338198,   34.940090,       32.92,
 140.342703,   34.940090,       32.67,
 140.347207,   34.940090,       32.44,
 140.351712,   34.940090,       32.21,
 140.356216,   34.940090,       31.91,
 140.360721,   34.940090,       31.52,
 140.365225,   34.940090,       31.12,
 140.369730,   34.940090,       30.71,
 140.374234,   34.940090,       30.29,
 140.378739,   34.940090,       29.85,
 140.383243,   34.940090,       29.41,
 140.387748,   34.940090,       28.95,
 139.140000,   34.944595,       52.76,
 139.144505,   34.944595,       52.76,
 139.149009,   34.944595,       52.76,
 139.153514,   34.944595,       52.76,
 139.158018,   34.944595,       52.76,
 139.162523,   34.944595,       51.10,
 139.167027,   34.944595,       49.51,
 139.171532,   34.944595,       48.00,
 139.176036,   34.944595,       46.57,
 139.180541,   34.944595,       45.22,
 139.185045,   34.944595,       43.94,
 139.189550,   34.944595,       42.74,
 139.194054,   34.944595,       41.61,
 139.198559,   34.944595,       40.56,
 139.203063,   34.944595,       39.58,
 139.207568,   34.944595,       38.68,
 139.212072,   34.944595,       37.86,
 139.216577,   34.944595,       37.11,
 139.221081,   34.944595,       36.87,
 139.225586,   34.944595,       36.44,
 139.230090,   34.944595,       36.04,
 139.234595,   34.944595,       35.68,
 139.239099,   34.944595,       35.36,
 139.243604,   34.944595,       35.09,
 139.248108,   34.944595,       34.86,
 139.252613,   34.944595,       34.67,
 139.257117,   34.944595,       34.53,
 139.261622,   34.944595,       34.43,
 139.266126,   34.944595,       34.37,
 139.270631,   34.944595,       34.33,
 139.275135,   34.944595,       34.30,
 139.279640,   34.944595,       34.31,
 139.284144,   34.944595,       34.44,
 139.288649,   34.944595,       34.64,
 139.293153,   34.944595,       34.88,
 139.297658,   34.944595,       35.15,
 139.302162,   34.944595,       35.46,
 139.306667,   34.944595,       35.80,
 139.311171,   34.944595,       36.15,
 139.315676,   34.944595,       36.51,
 139.320180,   34.944595,       36.88,
 139.324685,   34.944595,       37.25,
 139.329189,   34.944595,       37.60,
 139.333694,   34.944595,       37.94,
 139.338198,   34.944595,       38.27,
 139.342703,   34.944595,       38.60,
 139.347207,   34.944595,       38.89,
 139.351712,   34.944595,       38.99,
 139.356216,   34.944595,       38.94,
 139.360721,   34.944595,       38.85,
 139.365225,   34.944595,       38.77,
 139.369730,   34.944595,       38.70,
 139.374234,   34.944595,       38.66,
 139.378739,   34.944595,       38.64,
 139.383243,   34.944595,       38.64,
 139.387748,   34.944595,       38.66,
 139.392252,   34.944595,       38.71,
 139.396757,   34.944595,       38.78,
 139.401261,   34.944595,       38.87,
 139.405766,   34.944595,       38.98,
 139.410270,   34.944595,       39.11,
 139.414775,   34.944595,       39.26,
 139.419279,   34.944595,       39.43,
 139.423784,   34.944595,       39.60,
 139.428288,   34.944595,       39.79,
 139.432793,   34.944595,       39.96,
 139.437297,   34.944595,       40.10,
 139.441802,   34.944595,       40.24,
 139.446306,   34.944595,       40.39,
 139.450811,   34.944595,       40.55,
 139.455315,   34.944595,       40.71,
 139.459820,   34.944595,       40.90,
 139.464324,   34.944595,       41.11,
 139.468829,   34.944595,       41.35,
 139.473333,   34.944595,       41.63,
 139.477838,   34.944595,       41.95,
 139.482342,   34.944595,       42.30,
 139.486847,   34.944595,       42.44,
 139.491351,   34.944595,       42.32,
 139.495856,   34.944595,       42.11,
 139.500360,   34.944595,       41.80,
 139.504865,   34.944595,       41.37,
 139.509369,   34.944595,       40.83,
 139.513874,   34.944595,       40.19,
 139.518378,   34.944595,       39.49,
 139.522883,   34.944595,       38.93,
 139.527387,   34.944595,       38.77,
 139.531892,   34.944595,       39.04,
 139.536396,   34.944595,       39.46,
 139.540901,   34.944595,       39.90,
 139.545405,   34.944595,       40.38,
 139.549910,   34.944595,       40.92,
 139.554414,   34.944595,       41.23,
 139.558919,   34.944595,       40.92,
 139.563423,   34.944595,       40.36,
 139.567928,   34.944595,       40.02,
 139.572432,   34.944595,       39.90,
 139.576937,   34.944595,       40.83,
 139.581441,   34.944595,       42.73,
 139.585946,   34.944595,       44.90,
 139.590450,   34.944595,       46.62,
 139.594955,   34.944595,       47.94,
 139.599459,   34.944595,       48.88,
 139.603964,   34.944595,       49.27,
 139.608468,   34.944595,       49.42,
 139.612973,   34.944595,       49.44,
 139.617477,   34.944595,       49.23,
 139.621982,   34.944595,       48.79,
 139.626486,   34.944595,       48.39,
 139.630991,   34.944595,       48.07,
 139.635495,   34.944595,       47.76,
 139.640000,   34.944595,       47.43,
 139.644505,   34.944595,       47.06,
 139.649009,   34.944595,       46.72,
 139.653514,   34.944595,       46.26,
 139.658018,   34.944595,       45.79,
 139.662523,   34.944595,       45.36,
 139.667027,   34.944595,       44.95,
 139.671532,   34.944595,       44.70,
 139.676036,   34.944595,       44.76,
 139.680541,   34.944595,       45.22,
 139.685045,   34.944595,       45.69,
 139.689550,   34.944595,       46.07,
 139.694054,   34.944595,       46.13,
 139.698559,   34.944595,       45.85,
 139.703063,   34.944595,       45.44,
 139.707568,   34.944595,       45.08,
 139.712072,   34.944595,       44.88,
 139.716577,   34.944595,       45.75,
 139.721081,   34.944595,       46.31,
 139.725586,   34.944595,       46.43,
 139.730090,   34.944595,       45.55,
 139.734595,   34.944595,       44.22,
 139.739099,   34.944595,       43.28,
 139.743604,   34.944595,       41.65,
 139.748108,   34.944595,       39.11,
 139.752613,   34.944595,       36.33,
 139.757117,   34.944595,       36.22,
 139.761622,   34.944595,       38.19,
 139.766126,   34.944595,       38.67,
 139.770631,   34.944595,       38.24,
 139.775135,   34.944595,       38.88,
 139.779640,   34.944595,       40.07,
 139.784144,   34.944595,       40.22,
 139.788649,   34.944595,       40.05,
 139.793153,   34.944595,       39.85,
 139.797658,   34.944595,       39.57,
 139.802162,   34.944595,       39.39,
 139.806667,   34.944595,       39.29,
 139.811171,   34.944595,       39.13,
 139.815676,   34.944595,       39.30,
 139.820180,   34.944595,       39.40,
 139.824685,   34.944595,       39.41,
 139.829189,   34.944595,       39.42,
 139.833694,   34.944595,       39.46,
 139.838198,   34.944595,       39.52,
 139.842703,   34.944595,       39.65,
 139.847207,   34.944595,       39.83,
 139.851712,   34.944595,       40.04,
 139.856216,   34.944595,       40.26,
 139.860721,   34.944595,       40.42,
 139.865225,   34.944595,       40.53,
 139.869730,   34.944595,       40.60,
 139.874234,   34.944595,       40.65,
 139.878739,   34.944595,       40.66,
 139.883243,   34.944595,       40.65,
 139.887748,   34.944595,       40.63,
 139.892252,   34.944595,       40.58,
 139.896757,   34.944595,       40.52,
 139.901261,   34.944595,       40.44,
 139.905766,   34.944595,       40.35,
 139.910270,   34.944595,       40.24,
 139.914775,   34.944595,       40.13,
 139.919279,   34.944595,       40.01,
 139.923784,   34.944595,       39.89,
 139.928288,   34.944595,       39.77,
 139.932793,   34.944595,       39.65,
 139.937297,   34.944595,       39.58,
 139.941802,   34.944595,       39.59,
 139.946306,   34.944595,       39.71,
 139.950811,   34.944595,       39.98,
 139.955315,   34.944595,       40.53,
 139.959820,   34.944595,       41.56,
 139.964324,   34.944595,       41.59,
 139.968829,   34.944595,       40.76,
 139.973333,   34.944595,       39.57,
 139.977838,   34.944595,       38.44,
 139.982342,   34.944595,       37.40,
 139.986847,   34.944595,       36.13,
 139.991351,   34.944595,       34.79,
 139.995856,   34.944595,       33.48,
 140.000360,   34.944595,       32.77,
 140.004865,   34.944595,       32.12,
 140.009369,   34.944595,       31.65,
 140.013874,   34.944595,       31.80,
 140.018378,   34.944595,       32.01,
 140.022883,   34.944595,       32.19,
 140.027387,   34.944595,       32.57,
 140.031892,   34.944595,       33.10,
 140.036396,   34.944595,       33.60,
 140.040901,   34.944595,       34.08,
 140.045405,   34.944595,       34.57,
 140.049910,   34.944595,       35.04,
 140.054414,   34.944595,       35.46,
 140.058919,   34.944595,       35.86,
 140.063423,   34.944595,       36.13,
 140.067928,   34.944595,       36.34,
 140.072432,   34.944595,       36.58,
 140.076937,   34.944595,       36.84,
 140.081441,   34.944595,       37.11,
 140.085946,   34.944595,       37.34,
 140.090450,   34.944595,       37.54,
 140.094955,   34.944595,       37.68,
 140.099459,   34.944595,       37.81,
 140.103964,   34.944595,       37.95,
 140.108468,   34.944595,       38.08,
 140.112973,   34.944595,       38.15,
 140.117477,   34.944595,       38.19,
 140.121982,   34.944595,       38.22,
 140.126486,   34.944595,       38.26,
 140.130991,   34.944595,       38.24,
 140.135495,   34.944595,       38.15,
 140.140000,   34.944595,       38.02,
 140.144505,   34.944595,       37.91,
 140.149009,   34.944595,       37.83,
 140.153514,   34.944595,       37.76,
 140.158018,   34.944595,       37.71,
 140.162523,   34.944595,       37.68,
 140.167027,   34.944595,       37.69,
 140.171532,   34.944595,       37.76,
 140.176036,   34.944595,       37.87,
 140.180541,   34.944595,       38.01,
 140.185045,   34.944595,       38.17,
 140.189550,   34.944595,       38.32,
 140.194054,   34.944595,       38.45,
 140.198559,   34.944595,       38.57,
 140.203063,   34.944595,       38.71,
 140.207568,   34.944595,       38.84,
 140.212072,   34.944595,       38.96,
 140.216577,   34.944595,       39.02,
 140.221081,   34.944595,       38.91,
 140.225586,   34.944595,       38.72,
 140.230090,   34.944595,       38.50,
 140.234595,   34.944595,       38.27,
 140.239099,   34.944595,       38.05,
 140.243604,   34.944595,       37.82,
 140.248108,   34.944595,       37.60,
 140.252613,   34.944595,       37.37,
 140.257117,   34.944595,       37.15,
 140.261622,   34.944595,       36.93,
 140.266126,   34.944595,       36.71,
 140.270631,   34.944595,       36.48,
 140.275135,   34.944595,       36.23,
 140.279640,   34.944595,       35.98,
 140.284144,   34.944595,       35.72,
 140.288649,   34.944595,       35.47,
 140.293153,   34.944595,       35.22,
 140.297658,   34.944595,       34.96,
 140.302162,   34.944595,       34.71,
 140.306667,   34.944595,       34.46,
 140.311171,   34.944595,       34.21,
 140.315676,   34.944595,       33.96,
 140.320180,   34.944595,       33.71,
 140.324685,   34.944595,       33.46,
 140.329189,   34.944595,       33.21,
 140.333694,   34.944595,       32.96,
 140.338198,   34.944595,       32.71,
 140.342703,   34.944595,       32.48,
 140.347207,   34.944595,       32.26,
 140.351712,   34.944595,       31.91,
 140.356216,   34.944595,       31.52,
 140.360721,   34.944595,       31.13,
 140.365225,   34.944595,       30.73,
 140.369730,   34.944595,       30.31,
 140.374234,   34.944595,       29.88,
 140.378739,   34.944595,       29.44,
 140.383243,   34.944595,       28.99,
 140.387748,   34.944595,       28.53,
 139.140000,   34.949099,       50.38,
 139.144505,   34.949099,       51.51,
 139.149009,   34.949099,       51.51,
 139.153514,   34.949099,       51.69,
 139.158018,   34.949099,       51.69,
 139.162523,   34.949099,       51.69,
 139.167027,   34.949099,       50.09,
 139.171532,   34.949099,       48.56,
 139.176036,   34.949099,       47.11,
 139.180541,   34.949099,       45.74,
 139.185045,   34.949099,       44.44,
 139.189550,   34.949099,       43.21,
 139.194054,   34.949099,       42.07,
 139.198559,   34.949099,       41.00,
 139.203063,   34.949099,       40.00,
 139.207568,   34.949099,       39.09,
 139.212072,   34.949099,       38.25,
 139.216577,   34.949099,       37.48,
 139.221081,   34.949099,       36.79,
 139.225586,   34.949099,       36.43,
 139.230090,   34.949099,       36.06,
 139.234595,   34.949099,       35.69,
 139.239099,   34.949099,       35.37,
 139.243604,   34.949099,       35.10,
 139.248108,   34.949099,       34.86,
 139.252613,   34.949099,       34.67,
 139.257117,   34.949099,       34.53,
 139.261622,   34.949099,       34.43,
 139.266126,   34.949099,       34.38,
 139.270631,   34.949099,       34.33,
 139.275135,   34.949099,       34.29,
 139.279640,   34.949099,       34.28,
 139.284144,   34.949099,       34.37,
 139.288649,   34.949099,       34.54,
 139.293153,   34.949099,       34.75,
 139.297658,   34.949099,       35.00,
 139.302162,   34.949099,       35.28,
 139.306667,   34.949099,       35.61,
 139.311171,   34.949099,       35.97,
 139.315676,   34.949099,       36.33,
 139.320180,   34.949099,       36.68,
 139.324685,   34.949099,       37.01,
 139.329189,   34.949099,       37.30,
 139.333694,   34.949099,       37.59,
 139.338198,   34.949099,       37.85,
 139.342703,   34.949099,       38.08,
 139.347207,   34.949099,       38.21,
 139.351712,   34.949099,       38.19,
 139.356216,   34.949099,       38.15,
 139.360721,   34.949099,       38.10,
 139.365225,   34.949099,       38.05,
 139.369730,   34.949099,       38.01,
 139.374234,   34.949099,       37.99,
 139.378739,   34.949099,       37.98,
 139.383243,   34.949099,       38.00,
 139.387748,   34.949099,       38.04,
 139.392252,   34.949099,       38.10,
 139.396757,   34.949099,       38.18,
 139.401261,   34.949099,       38.29,
 139.405766,   34.949099,       38.42,
 139.410270,   34.949099,       38.57,
 139.414775,   34.949099,       38.73,
 139.419279,   34.949099,       38.91,
 139.423784,   34.949099,       39.11,
 139.428288,   34.949099,       39.27,
 139.432793,   34.949099,       39.36,
 139.437297,   34.949099,       39.45,
 139.441802,   34.949099,       39.55,
 139.446306,   34.949099,       39.67,
 139.450811,   34.949099,       39.80,
 139.455315,   34.949099,       39.95,
 139.459820,   34.949099,       40.13,
 139.464324,   34.949099,       40.34,
 139.468829,   34.949099,       40.58,
 139.473333,   34.949099,       40.85,
 139.477838,   34.949099,       41.17,
 139.482342,   34.949099,       41.54,
 139.486847,   34.949099,       41.80,
 139.491351,   34.949099,       41.68,
 139.495856,   34.949099,       41.45,
 139.500360,   34.949099,       41.07,
 139.504865,   34.949099,       40.59,
 139.509369,   34.949099,       39.99,
 139.513874,   34.949099,       39.27,
 139.518378,   34.949099,       38.41,
 139.522883,   34.949099,       37.47,
 139.527387,   34.949099,       37.19,
 139.531892,   34.949099,       37.50,
 139.536396,   34.949099,       37.91,
 139.540901,   34.949099,       38.58,
 139.545405,   34.949099,       39.56,
 139.549910,   34.949099,       40.51,
 139.554414,   34.949099,       40.84,
 139.558919,   34.949099,       40.56,
 139.563423,   34.949099,       39.94,
 139.567928,   34.949099,       39.34,
 139.572432,   34.949099,       38.45,
 139.576937,   34.949099,       40.47,
 139.581441,   34.949099,       42.96,
 139.585946,   34.949099,       44.88,
 139.590450,   34.949099,       46.43,
 139.594955,   34.949099,       47.68,
 139.599459,   34.949099,       48.65,
 139.603964,   34.949099,       48.81,
 139.608468,   34.949099,       48.73,
 139.612973,   34.949099,       48.49,
 139.617477,   34.949099,       48.03,
 139.621982,   34.949099,       47.52,
 139.626486,   34.949099,       47.10,
 139.630991,   34.949099,       46.74,
 139.635495,   34.949099,       46.43,
 139.640000,   34.949099,       46.13,
 139.644505,   34.949099,       45.85,
 139.649009,   34.949099,       45.62,
 139.653514,   34.949099,       45.33,
 139.658018,   34.949099,       44.94,
 139.662523,   34.949099,       44.58,
 139.667027,   34.949099,       44.25,
 139.671532,   34.949099,       43.98,
 139.676036,   34.949099,       44.00,
 139.680541,   34.949099,       44.45,
 139.685045,   34.949099,       44.85,
 139.689550,   34.949099,       45.07,
 139.694054,   34.949099,       45.03,
 139.698559,   34.949099,       44.80,
 139.703063,   34.949099,       44.50,
 139.707568,   34.949099,       44.37,
 139.712072,   34.949099,       44.46,
 139.716577,   34.949099,       44.59,
 139.721081,   34.949099,       44.68,
 139.725586,   34.949099,       44.54,
 139.730090,   34.949099,       44.31,
 139.734595,   34.949099,       43.75,
 139.739099,   34.949099,       43.21,
 139.743604,   34.949099,       41.96,
 139.748108,   34.949099,       39.64,
 139.752613,   34.949099,       37.34,
 139.757117,   34.949099,       36.99,
 139.761622,   34.949099,       38.01,
 139.766126,   34.949099,       38.15,
 139.770631,   34.949099,       37.89,
 139.775135,   34.949099,       38.76,
 139.779640,   34.949099,       39.84,
 139.784144,   34.949099,       40.11,
 139.788649,   34.949099,       39.91,
 139.793153,   34.949099,       39.71,
 139.797658,   34.949099,       39.51,
 139.802162,   34.949099,       39.42,
 139.806667,   34.949099,       39.42,
 139.811171,   34.949099,       39.43,
 139.815676,   34.949099,       39.51,
 139.820180,   34.949099,       39.61,
 139.824685,   34.949099,       39.65,
 139.829189,   34.949099,       39.68,
 139.833694,   34.949099,       39.74,
 139.838198,   34.949099,       39.82,
 139.842703,   34.949099,       39.97,
 139.847207,   34.949099,       40.16,
 139.851712,   34.949099,       40.37,
 139.856216,   34.949099,       40.56,
 139.860721,   34.949099,       40.68,
 139.865225,   34.949099,       40.75,
 139.869730,   34.949099,       40.78,
 139.874234,   34.949099,       40.78,
 139.878739,   34.949099,       40.76,
 139.883243,   34.949099,       40.71,
 139.887748,   34.949099,       40.64,
 139.892252,   34.949099,       40.56,
 139.896757,   34.949099,       40.45,
 139.901261,   34.949099,       40.33,
 139.905766,   34.949099,       40.19,
 139.910270,   34.949099,       40.04,
 139.914775,   34.949099,       39.88,
 139.919279,   34.949099,       39.71,
 139.923784,   34.949099,       39.52,
 139.928288,   34.949099,       39.34,
 139.932793,   34.949099,       39.15,
 139.937297,   34.949099,       38.98,
 139.941802,   34.949099,       38.85,
 139.946306,   34.949099,       38.79,
 139.950811,   34.949099,       38.81,
 139.955315,   34.949099,       38.92,
 139.959820,   34.949099,       39.10,
 139.964324,   34.949099,       39.65,
 139.968829,   34.949099,       39.86,
 139.973333,   34.949099,       38.76,
 139.977838,   34.949099,       37.58,
 139.982342,   34.949099,       36.39,
 139.986847,   34.949099,       35.46,
 139.991351,   34.949099,       34.49,
 139.995856,   34.949099,       33.53,
 140.000360,   34.949099,       32.85,
 140.004865,   34.949099,       32.20,
 140.009369,   34.949099,       31.72,
 140.013874,   34.949099,       31.73,
 140.018378,   34.949099,       31.84,
 140.022883,   34.949099,       31.93,
 140.027387,   34.949099,       32.07,
 140.031892,   34.949099,       32.51,
 140.036396,   34.949099,       32.96,
 140.040901,   34.949099,       33.38,
 140.045405,   34.949099,       33.82,
 140.049910,   34.949099,       34.20,
 140.054414,   34.949099,       34.54,
 140.058919,   34.949099,       34.83,
 140.063423,   34.949099,       35.11,
 140.067928,   34.949099,       35.36,
 140.072432,   34.949099,       35.60,
 140.076937,   34.949099,       35.84,
 140.081441,   34.949099,       36.07,
 140.085946,   34.949099,       36.29,
 140.090450,   34.949099,       36.51,
 140.094955,   34.949099,       36.71,
 140.099459,   34.949099,       36.89,
 140.103964,   34.949099,       37.08,
 140.108468,   34.949099,       37.28,
 140.112973,   34.949099,       37.35,
 140.117477,   34.949099,       37.36,
 140.121982,   34.949099,       37.39,
 140.126486,   34.949099,       37.43,
 140.130991,   34.949099,       37.48,
 140.135495,   34.949099,       37.49,
 140.140000,   34.949099,       37.41,
 140.144505,   34.949099,       37.34,
 140.149009,   34.949099,       37.30,
 140.153514,   34.949099,       37.26,
 140.158018,   34.949099,       37.25,
 140.162523,   34.949099,       37.25,
 140.167027,   34.949099,       37.27,
 140.171532,   34.949099,       37.33,
 140.176036,   34.949099,       37.44,
 140.180541,   34.949099,       37.58,
 140.185045,   34.949099,       37.76,
 140.189550,   34.949099,       37.94,
 140.194054,   34.949099,       38.11,
 140.198559,   34.949099,       38.27,
 140.203063,   34.949099,       38.43,
 140.207568,   34.949099,       38.61,
 140.212072,   34.949099,       38.80,
 140.216577,   34.949099,       38.96,
 140.221081,   34.949099,       38.79,
 140.225586,   34.949099,       38.56,
 140.230090,   34.949099,       38.34,
 140.234595,   34.949099,       38.11,
 140.239099,   34.949099,       37.89,
 140.243604,   34.949099,       37.66,
 140.248108,   34.949099,       37.44,
 140.252613,   34.949099,       37.22,
 140.257117,   34.949099,       36.99,
 140.261622,   34.949099,       36.77,
 140.266126,   34.949099,       36.54,
 140.270631,   34.949099,       36.29,
 140.275135,   34.949099,       36.03,
 140.279640,   34.949099,       35.77,
 140.284144,   34.949099,       35.52,
 140.288649,   34.949099,       35.26,
 140.293153,   34.949099,       35.01,
 140.297658,   34.949099,       34.76,
 140.302162,   34.949099,       34.51,
 140.306667,   34.949099,       34.26,
 140.311171,   34.949099,       34.00,
 140.315676,   34.949099,       33.75,
 140.320180,   34.949099,       33.50,
 140.324685,   34.949099,       33.25,
 140.329189,   34.949099,       33.01,
 140.333694,   34.949099,       32.76,
 140.338198,   34.949099,       32.53,
 140.342703,   34.949099,       32.27,
 140.347207,   34.949099,       31.91,
 140.351712,   34.949099,       31.53,
 140.356216,   34.949099,       31.15,
 140.360721,   34.949099,       30.75,
 140.365225,   34.949099,       30.34,
 140.369730,   34.949099,       29.92,
 140.374234,   34.949099,       29.49,
 140.378739,   34.949099,       29.05,
 140.383243,   34.949099,       28.59,
 140.387748,   34.949099,       28.13,
 139.140000,   34.953604,       47.42,
 139.144505,   34.953604,       48.60,
 139.149009,   34.953604,       49.65,
 139.153514,   34.953604,       50.58,
 139.158018,   34.953604,       51.38,
 139.162523,   34.953604,       51.17,
 139.167027,   34.953604,       50.58,
 139.171532,   34.953604,       49.04,
 139.176036,   34.953604,       47.57,
 139.180541,   34.953604,       46.18,
 139.185045,   34.953604,       44.86,
 139.189550,   34.953604,       43.62,
 139.194054,   34.953604,       42.45,
 139.198559,   34.953604,       41.36,
 139.203063,   34.953604,       40.35,
 139.207568,   34.953604,       39.41,
 139.212072,   34.953604,       38.55,
 139.216577,   34.953604,       37.77,
 139.221081,   34.953604,       37.06,
 139.225586,   34.953604,       36.43,
 139.230090,   34.953604,       35.99,
 139.234595,   34.953604,       35.66,
 139.239099,   34.953604,       35.34,
 139.243604,   34.953604,       35.06,
 139.248108,   34.953604,       34.82,
 139.252613,   34.953604,       34.63,
 139.257117,   34.953604,       34.49,
 139.261622,   34.953604,       34.41,
 139.266126,   34.953604,       34.34,
 139.270631,   34.953604,       34.28,
 139.275135,   34.953604,       34.24,
 139.279640,   34.953604,       34.22,
 139.284144,   34.953604,       34.28,
 139.288649,   34.953604,       34.42,
 139.293153,   34.953604,       34.61,
 139.297658,   34.953604,       34.84,
 139.302162,   34.953604,       35.10,
 139.306667,   34.953604,       35.40,
 139.311171,   34.953604,       35.76,
 139.315676,   34.953604,       36.11,
 139.320180,   34.953604,       36.42,
 139.324685,   34.953604,       36.69,
 139.329189,   34.953604,       36.93,
 139.333694,   34.953604,       37.14,
 139.338198,   34.953604,       37.32,
 139.342703,   34.953604,       37.44,
 139.347207,   34.953604,       37.47,
 139.351712,   34.953604,       37.39,
 139.356216,   34.953604,       37.34,
 139.360721,   34.953604,       37.32,
 139.365225,   34.953604,       37.29,
 139.369730,   34.953604,       37.27,
 139.374234,   34.953604,       37.27,
 139.378739,   34.953604,       37.28,
 139.383243,   34.953604,       37.32,
 139.387748,   34.953604,       37.37,
 139.392252,   34.953604,       37.45,
 139.396757,   34.953604,       37.57,
 139.401261,   34.953604,       37.71,
 139.405766,   34.953604,       37.87,
 139.410270,   34.953604,       38.04,
 139.414775,   34.953604,       38.23,
 139.419279,   34.953604,       38.43,
 139.423784,   34.953604,       38.63,
 139.428288,   34.953604,       38.70,
 139.432793,   34.953604,       38.73,
 139.437297,   34.953604,       38.78,
 139.441802,   34.953604,       38.83,
 139.446306,   34.953604,       38.90,
 139.450811,   34.953604,       39.00,
 139.455315,   34.953604,       39.14,
 139.459820,   34.953604,       39.32,
 139.464324,   34.953604,       39.51,
 139.468829,   34.953604,       39.74,
 139.473333,   34.953604,       40.01,
 139.477838,   34.953604,       40.34,
 139.482342,   34.953604,       40.74,
 139.486847,   34.953604,       41.18,
 139.491351,   34.953604,       41.18,
 139.495856,   34.953604,       41.00,
 139.500360,   34.953604,       40.66,
 139.504865,   34.953604,       40.11,
 139.509369,   34.953604,       39.45,
 139.513874,   34.953604,       38.66,
 139.518378,   34.953604,       37.58,
 139.522883,   34.953604,       36.24,
 139.527387,   34.953604,       34.46,
 139.531892,   34.953604,       34.63,
 139.536396,   34.953604,       35.28,
 139.540901,   34.953604,       36.34,
 139.545405,   34.953604,       37.84,
 139.549910,   34.953604,       39.66,
 139.554414,   34.953604,       40.60,
 139.558919,   34.953604,       40.55,
 139.563423,   34.953604,       40.78,
 139.567928,   34.953604,       41.09,
 139.572432,   34.953604,       41.94,
 139.576937,   34.953604,       43.09,
 139.581441,   34.953604,       44.63,
 139.585946,   34.953604,       45.91,
 139.590450,   34.953604,       46.91,
 139.594955,   34.953604,       47.77,
 139.599459,   34.953604,       48.45,
 139.603964,   34.953604,       48.30,
 139.608468,   34.953604,       48.02,
 139.612973,   34.953604,       47.57,
 139.617477,   34.953604,       47.00,
 139.621982,   34.953604,       46.35,
 139.626486,   34.953604,       45.80,
 139.630991,   34.953604,       45.46,
 139.635495,   34.953604,       45.20,
 139.640000,   34.953604,       44.95,
 139.644505,   34.953604,       44.73,
 139.649009,   34.953604,       44.52,
 139.653514,   34.953604,       44.29,
 139.658018,   34.953604,       44.00,
 139.662523,   34.953604,       43.69,
 139.667027,   34.953604,       43.42,
 139.671532,   34.953604,       43.20,
 139.676036,   34.953604,       43.27,
 139.680541,   34.953604,       43.81,
 139.685045,   34.953604,       44.15,
 139.689550,   34.953604,       44.26,
 139.694054,   34.953604,       44.12,
 139.698559,   34.953604,       43.76,
 139.703063,   34.953604,       43.70,
 139.707568,   34.953604,       43.88,
 139.712072,   34.953604,       44.13,
 139.716577,   34.953604,       44.28,
 139.721081,   34.953604,       44.26,
 139.725586,   34.953604,       44.16,
 139.730090,   34.953604,       43.97,
 139.734595,   34.953604,       43.55,
 139.739099,   34.953604,       42.63,
 139.743604,   34.953604,       41.16,
 139.748108,   34.953604,       40.23,
 139.752613,   34.953604,       39.39,
 139.757117,   34.953604,       39.61,
 139.761622,   34.953604,       40.44,
 139.766126,   34.953604,       40.37,
 139.770631,   34.953604,       39.92,
 139.775135,   34.953604,       40.05,
 139.779640,   34.953604,       40.67,
 139.784144,   34.953604,       40.50,
 139.788649,   34.953604,       40.10,
 139.793153,   34.953604,       39.70,
 139.797658,   34.953604,       39.52,
 139.802162,   34.953604,       39.55,
 139.806667,   34.953604,       39.57,
 139.811171,   34.953604,       39.62,
 139.815676,   34.953604,       39.71,
 139.820180,   34.953604,       39.81,
 139.824685,   34.953604,       39.88,
 139.829189,   34.953604,       39.94,
 139.833694,   34.953604,       40.02,
 139.838198,   34.953604,       40.12,
 139.842703,   34.953604,       40.27,
 139.847207,   34.953604,       40.47,
 139.851712,   34.953604,       40.68,
 139.856216,   34.953604,       40.83,
 139.860721,   34.953604,       40.92,
 139.865225,   34.953604,       40.96,
 139.869730,   34.953604,       40.95,
 139.874234,   34.953604,       40.92,
 139.878739,   34.953604,       40.85,
 139.883243,   34.953604,       40.77,
 139.887748,   34.953604,       40.66,
 139.892252,   34.953604,       40.53,
 139.896757,   34.953604,       40.39,
 139.901261,   34.953604,       40.23,
 139.905766,   34.953604,       40.05,
 139.910270,   34.953604,       39.85,
 139.914775,   34.953604,       39.64,
 139.919279,   34.953604,       39.42,
 139.923784,   34.953604,       39.18,
 139.928288,   34.953604,       38.93,
 139.932793,   34.953604,       38.66,
 139.937297,   34.953604,       38.39,
 139.941802,   34.953604,       38.15,
 139.946306,   34.953604,       37.94,
 139.950811,   34.953604,       37.75,
 139.955315,   34.953604,       37.59,
 139.959820,   34.953604,       37.24,
 139.964324,   34.953604,       37.03,
 139.968829,   34.953604,       37.31,
 139.973333,   34.953604,       37.05,
 139.977838,   34.953604,       36.37,
 139.982342,   34.953604,       35.44,
 139.986847,   34.953604,       34.80,
 139.991351,   34.953604,       34.10,
 139.995856,   34.953604,       33.46,
 140.000360,   34.953604,       32.86,
 140.004865,   34.953604,       32.24,
 140.009369,   34.953604,       31.68,
 140.013874,   34.953604,       31.63,
 140.018378,   34.953604,       31.64,
 140.022883,   34.953604,       31.61,
 140.027387,   34.953604,       31.66,
 140.031892,   34.953604,       32.01,
 140.036396,   34.953604,       32.42,
 140.040901,   34.953604,       32.82,
 140.045405,   34.953604,       33.16,
 140.049910,   34.953604,       33.45,
 140.054414,   34.953604,       33.70,
 140.058919,   34.953604,       33.90,
 140.063423,   34.953604,       34.09,
 140.067928,   34.953604,       34.34,
 140.072432,   34.953604,       34.60,
 140.076937,   34.953604,       34.85,
 140.081441,   34.953604,       35.07,
 140.085946,   34.953604,       35.26,
 140.090450,   34.953604,       35.47,
 140.094955,   34.953604,       35.67,
 140.099459,   34.953604,       35.88,
 140.103964,   34.953604,       36.09,
 140.108468,   34.953604,       36.31,
 140.112973,   34.953604,       36.45,
 140.117477,   34.953604,       36.48,
 140.121982,   34.953604,       36.52,
 140.126486,   34.953604,       36.57,
 140.130991,   34.953604,       36.64,
 140.135495,   34.953604,       36.71,
 140.140000,   34.953604,       36.81,
 140.144505,   34.953604,       36.79,
 140.149009,   34.953604,       36.77,
 140.153514,   34.953604,       36.77,
 140.158018,   34.953604,       36.79,
 140.162523,   34.953604,       36.81,
 140.167027,   34.953604,       36.83,
 140.171532,   34.953604,       36.89,
 140.176036,   34.953604,       37.00,
 140.180541,   34.953604,       37.15,
 140.185045,   34.953604,       37.32,
 140.189550,   34.953604,       37.51,
 140.194054,   34.953604,       37.69,
 140.198559,   34.953604,       37.88,
 140.203063,   34.953604,       38.07,
 140.207568,   34.953604,       38.26,
 140.212072,   34.953604,       38.46,
 140.216577,   34.953604,       38.63,
 140.221081,   34.953604,       38.55,
 140.225586,   34.953604,       38.36,
 140.230090,   34.953604,       38.16,
 140.234595,   34.953604,       37.95,
 140.239099,   34.953604,       37.73,
 140.243604,   34.953604,       37.51,
 140.248108,   34.953604,       37.28,
 140.252613,   34.953604,       37.06,
 140.257117,   34.953604,       36.83,
 140.261622,   34.953604,       36.60,
 140.266126,   34.953604,       36.36,
 140.270631,   34.953604,       36.10,
 140.275135,   34.953604,       35.83,
 140.279640,   34.953604,       35.57,
 140.284144,   34.953604,       35.31,
 140.288649,   34.953604,       35.06,
 140.293153,   34.953604,       34.81,
 140.297658,   34.953604,       34.55,
 140.302162,   34.953604,       34.30,
 140.306667,   34.953604,       34.05,
 140.311171,   34.953604,       33.80,
 140.315676,   34.953604,       33.55,
 140.320180,   34.953604,       33.30,
 140.324685,   34.953604,       33.05,
 140.329189,   34.953604,       32.80,
 140.333694,   34.953604,       32.58,
 140.338198,   34.953604,       32.27,
 140.342703,   34.953604,       31.92,
 140.347207,   34.953604,       31.55,
 140.351712,   34.953604,       31.17,
 140.356216,   34.953604,       30.78,
 140.360721,   34.953604,       30.38,
 140.365225,   34.953604,       29.97,
 140.369730,   34.953604,       29.54,
 140.374234,   34.953604,       29.11,
 140.378739,   34.953604,       28.66,
 140.383243,   34.953604,       28.20,
 140.387748,   34.953604,       27.74,
 139.140000,   34.958108,       44.59,
 139.144505,   34.958108,       45.82,
 139.149009,   34.958108,       46.92,
 139.153514,   34.958108,       47.90,
 139.158018,   34.958108,       48.75,
 139.162523,   34.958108,       49.47,
 139.167027,   34.958108,       49.69,
 139.171532,   34.958108,       49.32,
 139.176036,   34.958108,       47.95,
 139.180541,   34.958108,       46.54,
 139.185045,   34.958108,       45.20,
 139.189550,   34.958108,       43.95,
 139.194054,   34.958108,       42.76,
 139.198559,   34.958108,       41.65,
 139.203063,   34.958108,       40.62,
 139.207568,   34.958108,       39.67,
 139.212072,   34.958108,       38.79,
 139.216577,   34.958108,       37.98,
 139.221081,   34.958108,       37.26,
 139.225586,   34.958108,       36.60,
 139.230090,   34.958108,       36.03,
 139.234595,   34.958108,       35.55,
 139.239099,   34.958108,       35.26,
 139.243604,   34.958108,       34.98,
 139.248108,   34.958108,       34.74,
 139.252613,   34.958108,       34.55,
 139.257117,   34.958108,       34.44,
 139.261622,   34.958108,       34.33,
 139.266126,   34.958108,       34.24,
 139.270631,   34.958108,       34.18,
 139.275135,   34.958108,       34.14,
 139.279640,   34.958108,       34.13,
 139.284144,   34.958108,       34.16,
 139.288649,   34.958108,       34.27,
 139.293153,   34.958108,       34.44,
 139.297658,   34.958108,       34.65,
 139.302162,   34.958108,       34.90,
 139.306667,   34.958108,       35.19,
 139.311171,   34.958108,       35.53,
 139.315676,   34.958108,       35.85,
 139.320180,   34.958108,       36.10,
 139.324685,   34.958108,       36.31,
 139.329189,   34.958108,       36.48,
 139.333694,   34.958108,       36.61,
 139.338198,   34.958108,       36.70,
 139.342703,   34.958108,       36.74,
 139.347207,   34.958108,       36.69,
 139.351712,   34.958108,       36.58,
 139.356216,   34.958108,       36.52,
 139.360721,   34.958108,       36.50,
 139.365225,   34.958108,       36.49,
 139.369730,   34.958108,       36.49,
 139.374234,   34.958108,       36.51,
 139.378739,   34.958108,       36.54,
 139.383243,   34.958108,       36.59,
 139.387748,   34.958108,       36.68,
 139.392252,   34.958108,       36.81,
 139.396757,   34.958108,       36.96,
 139.401261,   34.958108,       37.14,
 139.405766,   34.958108,       37.33,
 139.410270,   34.958108,       37.54,
 139.414775,   34.958108,       37.76,
 139.419279,   34.958108,       37.98,
 139.423784,   34.958108,       38.16,
 139.428288,   34.958108,       38.25,
 139.432793,   34.958108,       38.24,
 139.437297,   34.958108,       38.20,
 139.441802,   34.958108,       38.19,
 139.446306,   34.958108,       38.19,
 139.450811,   34.958108,       38.22,
 139.455315,   34.958108,       38.29,
 139.459820,   34.958108,       38.43,
 139.464324,   34.958108,       38.62,
 139.468829,   34.958108,       38.83,
 139.473333,   34.958108,       39.10,
 139.477838,   34.958108,       39.45,
 139.482342,   34.958108,       39.96,
 139.486847,   34.958108,       40.56,
 139.491351,   34.958108,       40.79,
 139.495856,   34.958108,       40.72,
 139.500360,   34.958108,       40.46,
 139.504865,   34.958108,       39.96,
 139.509369,   34.958108,       39.18,
 139.513874,   34.958108,       37.97,
 139.518378,   34.958108,       36.33,
 139.522883,   34.958108,       34.02,
 139.527387,   34.958108,       31.00,
 139.531892,   34.958108,       30.17,
 139.536396,   34.958108,       31.10,
 139.540901,   34.958108,       32.75,
 139.545405,   34.958108,       34.82,
 139.549910,   34.958108,       37.47,
 139.554414,   34.958108,       40.50,
 139.558919,   34.958108,       41.57,
 139.563423,   34.958108,       42.85,
 139.567928,   34.958108,       44.35,
 139.572432,   34.958108,       46.04,
 139.576937,   34.958108,       47.21,
 139.581441,   34.958108,       47.48,
 139.585946,   34.958108,       47.74,
 139.590450,   34.958108,       48.15,
 139.594955,   34.958108,       48.60,
 139.599459,   34.958108,       48.15,
 139.603964,   34.958108,       47.74,
 139.608468,   34.958108,       47.32,
 139.612973,   34.958108,       46.82,
 139.617477,   34.958108,       46.19,
 139.621982,   34.958108,       45.43,
 139.626486,   34.958108,       44.55,
 139.630991,   34.958108,       44.17,
 139.635495,   34.958108,       43.90,
 139.640000,   34.958108,       43.69,
 139.644505,   34.958108,       43.55,
 139.649009,   34.958108,       43.42,
 139.653514,   34.958108,       43.21,
 139.658018,   34.958108,       42.95,
 139.662523,   34.958108,       42.68,
 139.667027,   34.958108,       42.41,
 139.671532,   34.958108,       42.20,
 139.676036,   34.958108,       42.56,
 139.680541,   34.958108,       43.32,
 139.685045,   34.958108,       43.74,
 139.689550,   34.958108,       43.76,
 139.694054,   34.958108,       43.55,
 139.698559,   34.958108,       43.13,
 139.703063,   34.958108,       43.39,
 139.707568,   34.958108,       43.71,
 139.712072,   34.958108,       43.97,
 139.716577,   34.958108,       44.07,
 139.721081,   34.958108,       43.84,
 139.725586,   34.958108,       43.69,
 139.730090,   34.958108,       43.60,
 139.734595,   34.958108,       42.80,
 139.739099,   34.958108,       40.20,
 139.743604,   34.958108,       37.16,
 139.748108,   34.958108,       36.88,
 139.752613,   34.958108,       39.06,
 139.757117,   34.958108,       40.79,
 139.761622,   34.958108,       41.25,
 139.766126,   34.958108,       41.29,
 139.770631,   34.958108,       41.22,
 139.775135,   34.958108,       41.37,
 139.779640,   34.958108,       41.33,
 139.784144,   34.958108,       40.76,
 139.788649,   34.958108,       40.30,
 139.793153,   34.958108,       39.89,
 139.797658,   34.958108,       39.70,
 139.802162,   34.958108,       39.70,
 139.806667,   34.958108,       39.74,
 139.811171,   34.958108,       39.81,
 139.815676,   34.958108,       39.91,
 139.820180,   34.958108,       40.01,
 139.824685,   34.958108,       40.10,
 139.829189,   34.958108,       40.18,
 139.833694,   34.958108,       40.28,
 139.838198,   34.958108,       40.40,
 139.842703,   34.958108,       40.57,
 139.847207,   34.958108,       40.77,
 139.851712,   34.958108,       40.98,
 139.856216,   34.958108,       41.10,
 139.860721,   34.958108,       41.16,
 139.865225,   34.958108,       41.16,
 139.869730,   34.958108,       41.11,
 139.874234,   34.958108,       41.04,
 139.878739,   34.958108,       40.94,
 139.883243,   34.958108,       40.82,
 139.887748,   34.958108,       40.67,
 139.892252,   34.958108,       40.51,
 139.896757,   34.958108,       40.33,
 139.901261,   34.958108,       40.13,
 139.905766,   34.958108,       39.91,
 139.910270,   34.958108,       39.67,
 139.914775,   34.958108,       39.42,
 139.919279,   34.958108,       39.16,
 139.923784,   34.958108,       38.88,
 139.928288,   34.958108,       38.57,
 139.932793,   34.958108,       38.24,
 139.937297,   34.958108,       37.89,
 139.941802,   34.958108,       37.53,
 139.946306,   34.958108,       37.15,
 139.950811,   34.958108,       36.81,
 139.955315,   34.958108,       36.44,
 139.959820,   34.958108,       35.80,
 139.964324,   34.958108,       34.52,
 139.968829,   34.958108,       35.13,
 139.973333,   34.958108,       35.23,
 139.977838,   34.958108,       34.97,
 139.982342,   34.958108,       34.76,
 139.986847,   34.958108,       34.30,
 139.991351,   34.958108,       33.86,
 139.995856,   34.958108,       33.39,
 140.000360,   34.958108,       32.84,
 140.004865,   34.958108,       32.26,
 140.009369,   34.958108,       31.72,
 140.013874,   34.958108,       31.57,
 140.018378,   34.958108,       31.50,
 140.022883,   34.958108,       31.35,
 140.027387,   34.958108,       31.21,
 140.031892,   34.958108,       31.55,
 140.036396,   34.958108,       31.94,
 140.040901,   34.958108,       32.32,
 140.045405,   34.958108,       32.63,
 140.049910,   34.958108,       32.82,
 140.054414,   34.958108,       32.99,
 140.058919,   34.958108,       33.13,
 140.063423,   34.958108,       33.20,
 140.067928,   34.958108,       33.35,
 140.072432,   34.958108,       33.66,
 140.076937,   34.958108,       33.92,
 140.081441,   34.958108,       34.12,
 140.085946,   34.958108,       34.28,
 140.090450,   34.958108,       34.43,
 140.094955,   34.958108,       34.64,
 140.099459,   34.958108,       34.87,
 140.103964,   34.958108,       35.09,
 140.108468,   34.958108,       35.32,
 140.112973,   34.958108,       35.48,
 140.117477,   34.958108,       35.56,
 140.121982,   34.958108,       35.63,
 140.126486,   34.958108,       35.73,
 140.130991,   34.958108,       35.84,
 140.135495,   34.958108,       35.96,
 140.140000,   34.958108,       36.12,
 140.144505,   34.958108,       36.21,
 140.149009,   34.958108,       36.23,
 140.153514,   34.958108,       36.26,
 140.158018,   34.958108,       36.29,
 140.162523,   34.958108,       36.34,
 140.167027,   34.958108,       36.38,
 140.171532,   34.958108,       36.44,
 140.176036,   34.958108,       36.55,
 140.180541,   34.958108,       36.70,
 140.185045,   34.958108,       36.88,
 140.189550,   34.958108,       37.06,
 140.194054,   34.958108,       37.24,
 140.198559,   34.958108,       37.42,
 140.203063,   34.958108,       37.61,
 140.207568,   34.958108,       37.79,
 140.212072,   34.958108,       37.97,
 140.216577,   34.958108,       38.11,
 140.221081,   34.958108,       38.15,
 140.225586,   34.958108,       38.05,
 140.230090,   34.958108,       37.91,
 140.234595,   34.958108,       37.74,
 140.239099,   34.958108,       37.56,
 140.243604,   34.958108,       37.35,
 140.248108,   34.958108,       37.12,
 140.252613,   34.958108,       36.90,
 140.257117,   34.958108,       36.67,
 140.261622,   34.958108,       36.42,
 140.266126,   34.958108,       36.17,
 140.270631,   34.958108,       35.91,
 140.275135,   34.958108,       35.64,
 140.279640,   34.958108,       35.37,
 140.284144,   34.958108,       35.11,
 140.288649,   34.958108,       34.85,
 140.293153,   34.958108,       34.60,
 140.297658,   34.958108,       34.35,
 140.302162,   34.958108,       34.10,
 140.306667,   34.958108,       33.84,
 140.311171,   34.958108,       33.59,
 140.315676,   34.958108,       33.34,
 140.320180,   34.958108,       33.09,
 140.324685,   34.958108,       32.85,
 140.329189,   34.958108,       32.62,
 140.333694,   34.958108,       32.28,
 140.338198,   34.958108,       31.93,
 140.342703,   34.958108,       31.57,
 140.347207,   34.958108,       31.20,
 140.351712,   34.958108,       30.82,
 140.356216,   34.958108,       30.42,
 140.360721,   34.958108,       30.02,
 140.365225,   34.958108,       29.60,
 140.369730,   34.958108,       29.17,
 140.374234,   34.958108,       28.74,
 140.378739,   34.958108,       28.29,
 140.383243,   34.958108,       27.83,
 140.387748,   34.958108,       27.35,
 139.140000,   34.962613,       41.89,
 139.144505,   34.962613,       43.16,
 139.149009,   34.962613,       44.31,
 139.153514,   34.962613,       45.34,
 139.158018,   34.962613,       46.24,
 139.162523,   34.962613,       47.01,
 139.167027,   34.962613,       47.65,
 139.171532,   34.962613,       48.17,
 139.176036,   34.962613,       47.84,
 139.180541,   34.962613,       46.83,
 139.185045,   34.962613,       45.47,
 139.189550,   34.962613,       44.20,
 139.194054,   34.962613,       42.99,
 139.198559,   34.962613,       41.87,
 139.203063,   34.962613,       40.82,
 139.207568,   34.962613,       39.84,
 139.212072,   34.962613,       38.94,
 139.216577,   34.962613,       38.12,
 139.221081,   34.962613,       37.37,
 139.225586,   34.962613,       36.70,
 139.230090,   34.962613,       36.11,
 139.234595,   34.962613,       35.59,
 139.239099,   34.962613,       35.15,
 139.243604,   34.962613,       34.86,
 139.248108,   34.962613,       34.62,
 139.252613,   34.962613,       34.46,
 139.257117,   34.962613,       34.31,
 139.261622,   34.962613,       34.19,
 139.266126,   34.962613,       34.10,
 139.270631,   34.962613,       34.03,
 139.275135,   34.962613,       34.00,
 139.279640,   34.962613,       34.00,
 139.284144,   34.962613,       34.03,
 139.288649,   34.962613,       34.11,
 139.293153,   34.962613,       34.26,
 139.297658,   34.962613,       34.45,
 139.302162,   34.962613,       34.69,
 139.306667,   34.962613,       34.96,
 139.311171,   34.962613,       35.28,
 139.315676,   34.962613,       35.54,
 139.320180,   34.962613,       35.72,
 139.324685,   34.962613,       35.86,
 139.329189,   34.962613,       35.96,
 139.333694,   34.962613,       36.01,
 139.338198,   34.962613,       36.03,
 139.342703,   34.962613,       35.99,
 139.347207,   34.962613,       35.88,
 139.351712,   34.962613,       35.77,
 139.356216,   34.962613,       35.70,
 139.360721,   34.962613,       35.66,
 139.365225,   34.962613,       35.66,
 139.369730,   34.962613,       35.68,
 139.374234,   34.962613,       35.71,
 139.378739,   34.962613,       35.76,
 139.383243,   34.962613,       35.85,
 139.387748,   34.962613,       35.99,
 139.392252,   34.962613,       36.16,
 139.396757,   34.962613,       36.36,
 139.401261,   34.962613,       36.57,
 139.405766,   34.962613,       36.81,
 139.410270,   34.962613,       37.05,
 139.414775,   34.962613,       37.31,
 139.419279,   34.962613,       37.53,
 139.423784,   34.962613,       37.72,
 139.428288,   34.962613,       37.83,
 139.432793,   34.962613,       37.82,
 139.437297,   34.962613,       37.73,
 139.441802,   34.962613,       37.62,
 139.446306,   34.962613,       37.55,
 139.450811,   34.962613,       37.49,
 139.455315,   34.962613,       37.47,
 139.459820,   34.962613,       37.50,
 139.464324,   34.962613,       37.64,
 139.468829,   34.962613,       37.84,
 139.473333,   34.962613,       38.14,
 139.477838,   34.962613,       38.57,
 139.482342,   34.962613,       39.20,
 139.486847,   34.962613,       39.94,
 139.491351,   34.962613,       40.37,
 139.495856,   34.962613,       40.55,
 139.500360,   34.962613,       40.47,
 139.504865,   34.962613,       40.11,
 139.509369,   34.962613,       39.00,
 139.513874,   34.962613,       37.19,
 139.518378,   34.962613,       34.75,
 139.522883,   34.962613,       31.37,
 139.527387,   34.962613,       27.41,
 139.531892,   34.962613,       25.36,
 139.536396,   34.962613,       25.51,
 139.540901,   34.962613,       27.65,
 139.545405,   34.962613,       30.67,
 139.549910,   34.962613,       34.39,
 139.554414,   34.962613,       39.68,
 139.558919,   34.962613,       44.26,
 139.563423,   34.962613,       46.04,
 139.567928,   34.962613,       47.90,
 139.572432,   34.962613,       49.93,
 139.576937,   34.962613,       51.21,
 139.581441,   34.962613,       50.46,
 139.585946,   34.962613,       49.93,
 139.590450,   34.962613,       49.62,
 139.594955,   34.962613,       49.12,
 139.599459,   34.962613,       48.23,
 139.603964,   34.962613,       47.51,
 139.608468,   34.962613,       46.92,
 139.612973,   34.962613,       46.33,
 139.617477,   34.962613,       45.63,
 139.621982,   34.962613,       44.71,
 139.626486,   34.962613,       43.57,
 139.630991,   34.962613,       42.67,
 139.635495,   34.962613,       42.41,
 139.640000,   34.962613,       42.27,
 139.644505,   34.962613,       42.21,
 139.649009,   34.962613,       42.22,
 139.653514,   34.962613,       42.12,
 139.658018,   34.962613,       41.85,
 139.662523,   34.962613,       41.58,
 139.667027,   34.962613,       41.28,
 139.671532,   34.962613,       41.18,
 139.676036,   34.962613,       41.67,
 139.680541,   34.962613,       42.83,
 139.685045,   34.962613,       43.59,
 139.689550,   34.962613,       43.71,
 139.694054,   34.962613,       43.74,
 139.698559,   34.962613,       43.91,
 139.703063,   34.962613,       43.90,
 139.707568,   34.962613,       43.90,
 139.712072,   34.962613,       44.03,
 139.716577,   34.962613,       43.79,
 139.721081,   34.962613,       43.32,
 139.725586,   34.962613,       43.13,
 139.730090,   34.962613,       43.02,
 139.734595,   34.962613,       42.02,
 139.739099,   34.962613,       38.62,
 139.743604,   34.962613,       34.06,
 139.748108,   34.962613,       33.71,
 139.752613,   34.962613,       37.81,
 139.757117,   34.962613,       40.56,
 139.761622,   34.962613,       41.29,
 139.766126,   34.962613,       41.40,
 139.770631,   34.962613,       41.50,
 139.775135,   34.962613,       41.57,
 139.779640,   34.962613,       41.37,
 139.784144,   34.962613,       40.88,
 139.788649,   34.962613,       40.44,
 139.793153,   34.962613,       40.07,
 139.797658,   34.962613,       39.89,
 139.802162,   34.962613,       39.87,
 139.806667,   34.962613,       39.91,
 139.811171,   34.962613,       40.00,
 139.815676,   34.962613,       40.10,
 139.820180,   34.962613,       40.22,
 139.824685,   34.962613,       40.32,
 139.829189,   34.962613,       40.42,
 139.833694,   34.962613,       40.54,
 139.838198,   34.962613,       40.67,
 139.842703,   34.962613,       40.85,
 139.847207,   34.962613,       41.07,
 139.851712,   34.962613,       41.26,
 139.856216,   34.962613,       41.36,
 139.860721,   34.962613,       41.39,
 139.865225,   34.962613,       41.35,
 139.869730,   34.962613,       41.27,
 139.874234,   34.962613,       41.17,
 139.878739,   34.962613,       41.03,
 139.883243,   34.962613,       40.87,
 139.887748,   34.962613,       40.69,
 139.892252,   34.962613,       40.49,
 139.896757,   34.962613,       40.27,
 139.901261,   34.962613,       40.04,
 139.905766,   34.962613,       39.78,
 139.910270,   34.962613,       39.51,
 139.914775,   34.962613,       39.22,
 139.919279,   34.962613,       38.92,
 139.923784,   34.962613,       38.60,
 139.928288,   34.962613,       38.25,
 139.932793,   34.962613,       37.87,
 139.937297,   34.962613,       37.47,
 139.941802,   34.962613,       37.03,
 139.946306,   34.962613,       36.55,
 139.950811,   34.962613,       35.99,
 139.955315,   34.962613,       35.45,
 139.959820,   34.962613,       34.73,
 139.964324,   34.962613,       33.56,
 139.968829,   34.962613,       33.71,
 139.973333,   34.962613,       33.91,
 139.977838,   34.962613,       34.04,
 139.982342,   34.962613,       34.06,
 139.986847,   34.962613,       33.82,
 139.991351,   34.962613,       33.54,
 139.995856,   34.962613,       33.30,
 140.000360,   34.962613,       32.84,
 140.004865,   34.962613,       32.34,
 140.009369,   34.962613,       31.94,
 140.013874,   34.962613,       31.67,
 140.018378,   34.962613,       31.48,
 140.022883,   34.962613,       31.30,
 140.027387,   34.962613,       31.12,
 140.031892,   34.962613,       31.31,
 140.036396,   34.962613,       31.62,
 140.040901,   34.962613,       31.87,
 140.045405,   34.962613,       32.14,
 140.049910,   34.962613,       32.29,
 140.054414,   34.962613,       32.42,
 140.058919,   34.962613,       32.54,
 140.063423,   34.962613,       32.64,
 140.067928,   34.962613,       32.72,
 140.072432,   34.962613,       32.88,
 140.076937,   34.962613,       33.09,
 140.081441,   34.962613,       33.27,
 140.085946,   34.962613,       33.40,
 140.090450,   34.962613,       33.49,
 140.094955,   34.962613,       33.74,
 140.099459,   34.962613,       33.99,
 140.103964,   34.962613,       34.19,
 140.108468,   34.962613,       34.36,
 140.112973,   34.962613,       34.52,
 140.117477,   34.962613,       34.63,
 140.121982,   34.962613,       34.76,
 140.126486,   34.962613,       34.91,
 140.130991,   34.962613,       35.07,
 140.135495,   34.962613,       35.25,
 140.140000,   34.962613,       35.42,
 140.144505,   34.962613,       35.55,
 140.149009,   34.962613,       35.63,
 140.153514,   34.962613,       35.69,
 140.158018,   34.962613,       35.75,
 140.162523,   34.962613,       35.83,
 140.167027,   34.962613,       35.90,
 140.171532,   34.962613,       35.98,
 140.176036,   34.962613,       36.09,
 140.180541,   34.962613,       36.26,
 140.185045,   34.962613,       36.43,
 140.189550,   34.962613,       36.60,
 140.194054,   34.962613,       36.78,
 140.198559,   34.962613,       36.95,
 140.203063,   34.962613,       37.13,
 140.207568,   34.962613,       37.31,
 140.212072,   34.962613,       37.46,
 140.216577,   34.962613,       37.59,
 140.221081,   34.962613,       37.68,
 140.225586,   34.962613,       37.67,
 140.230090,   34.962613,       37.60,
 140.234595,   34.962613,       37.49,
 140.239099,   34.962613,       37.35,
 140.243604,   34.962613,       37.18,
 140.248108,   34.962613,       36.96,
 140.252613,   34.962613,       36.73,
 140.257117,   34.962613,       36.49,
 140.261622,   34.962613,       36.24,
 140.266126,   34.962613,       35.98,
 140.270631,   34.962613,       35.70,
 140.275135,   34.962613,       35.43,
 140.279640,   34.962613,       35.17,
 140.284144,   34.962613,       34.90,
 140.288649,   34.962613,       34.65,
 140.293153,   34.962613,       34.39,
 140.297658,   34.962613,       34.14,
 140.302162,   34.962613,       33.89,
 140.306667,   34.962613,       33.64,
 140.311171,   34.962613,       33.39,
 140.315676,   34.962613,       33.14,
 140.320180,   34.962613,       32.89,
 140.324685,   34.962613,       32.63,
 140.329189,   34.962613,       32.30,
 140.333694,   34.962613,       31.96,
 140.338198,   34.962613,       31.60,
 140.342703,   34.962613,       31.24,
 140.347207,   34.962613,       30.86,
 140.351712,   34.962613,       30.48,
 140.356216,   34.962613,       30.08,
 140.360721,   34.962613,       29.67,
 140.365225,   34.962613,       29.25,
 140.369730,   34.962613,       28.82,
 140.374234,   34.962613,       28.38,
 140.378739,   34.962613,       27.92,
 140.383243,   34.962613,       27.46,
 140.387748,   34.962613,       26.98,
 139.140000,   34.967117,       39.31,
 139.144505,   34.967117,       40.63,
 139.149009,   34.967117,       41.83,
 139.153514,   34.967117,       42.91,
 139.158018,   34.967117,       43.85,
 139.162523,   34.967117,       44.67,
 139.167027,   34.967117,       45.37,
 139.171532,   34.967117,       45.93,
 139.176036,   34.967117,       46.37,
 139.180541,   34.967117,       46.37,
 139.185045,   34.967117,       45.67,
 139.189550,   34.967117,       44.37,
 139.194054,   34.967117,       43.15,
 139.198559,   34.967117,       42.00,
 139.203063,   34.967117,       40.93,
 139.207568,   34.967117,       39.94,
 139.212072,   34.967117,       39.02,
 139.216577,   34.967117,       38.18,
 139.221081,   34.967117,       37.42,
 139.225586,   34.967117,       36.73,
 139.230090,   34.967117,       36.11,
 139.234595,   34.967117,       35.58,
 139.239099,   34.967117,       35.12,
 139.243604,   34.967117,       34.73,
 139.248108,   34.967117,       34.46,
 139.252613,   34.967117,       34.28,
 139.257117,   34.967117,       34.13,
 139.261622,   34.967117,       34.00,
 139.266126,   34.967117,       33.91,
 139.270631,   34.967117,       33.85,
 139.275135,   34.967117,       33.82,
 139.279640,   34.967117,       33.83,
 139.284144,   34.967117,       33.87,
 139.288649,   34.967117,       33.94,
 139.293153,   34.967117,       34.06,
 139.297658,   34.967117,       34.24,
 139.302162,   34.967117,       34.46,
 139.306667,   34.967117,       34.72,
 139.311171,   34.967117,       35.00,
 139.315676,   34.967117,       35.19,
 139.320180,   34.967117,       35.29,
 139.324685,   34.967117,       35.33,
 139.329189,   34.967117,       35.34,
 139.333694,   34.967117,       35.32,
 139.338198,   34.967117,       35.26,
 139.342703,   34.967117,       35.16,
 139.347207,   34.967117,       35.06,
 139.351712,   34.967117,       34.95,
 139.356216,   34.967117,       34.87,
 139.360721,   34.967117,       34.82,
 139.365225,   34.967117,       34.81,
 139.369730,   34.967117,       34.82,
 139.374234,   34.967117,       34.87,
 139.378739,   34.967117,       34.95,
 139.383243,   34.967117,       35.10,
 139.387748,   34.967117,       35.29,
 139.392252,   34.967117,       35.52,
 139.396757,   34.967117,       35.76,
 139.401261,   34.967117,       36.02,
 139.405766,   34.967117,       36.29,
 139.410270,   34.967117,       36.58,
 139.414775,   34.967117,       36.85,
 139.419279,   34.967117,       37.10,
 139.423784,   34.967117,       37.33,
 139.428288,   34.967117,       37.45,
 139.432793,   34.967117,       37.44,
 139.437297,   34.967117,       37.34,
 139.441802,   34.967117,       37.15,
 139.446306,   34.967117,       36.97,
 139.450811,   34.967117,       36.82,
 139.455315,   34.967117,       36.69,
 139.459820,   34.967117,       36.59,
 139.464324,   34.967117,       36.58,
 139.468829,   34.967117,       36.80,
 139.473333,   34.967117,       37.17,
 139.477838,   34.967117,       37.71,
 139.482342,   34.967117,       38.47,
 139.486847,   34.967117,       39.28,
 139.491351,   34.967117,       39.93,
 139.495856,   34.967117,       40.34,
 139.500360,   34.967117,       40.51,
 139.504865,   34.967117,       40.28,
 139.509369,   34.967117,       38.74,
 139.513874,   34.967117,       36.17,
 139.518378,   34.967117,       32.88,
 139.522883,   34.967117,       28.52,
 139.527387,   34.967117,       23.73,
 139.531892,   34.967117,       23.73,
 139.536396,   34.967117,       26.11,
 139.540901,   34.967117,       26.11,
 139.545405,   34.967117,       26.11,
 139.549910,   34.967117,       31.80,
 139.554414,   34.967117,       39.50,
 139.558919,   34.967117,       45.84,
 139.563423,   34.967117,       48.86,
 139.567928,   34.967117,       50.48,
 139.572432,   34.967117,       52.23,
 139.576937,   34.967117,       51.88,
 139.581441,   34.967117,       51.88,
 139.585946,   34.967117,       51.06,
 139.590450,   34.967117,       50.23,
 139.594955,   34.967117,       49.22,
 139.599459,   34.967117,       48.33,
 139.603964,   34.967117,       47.55,
 139.608468,   34.967117,       46.82,
 139.612973,   34.967117,       46.13,
 139.617477,   34.967117,       45.19,
 139.621982,   34.967117,       43.98,
 139.626486,   34.967117,       42.41,
 139.630991,   34.967117,       41.21,
 139.635495,   34.967117,       40.71,
 139.640000,   34.967117,       40.66,
 139.644505,   34.967117,       40.84,
 139.649009,   34.967117,       41.17,
 139.653514,   34.967117,       41.80,
 139.658018,   34.967117,       41.49,
 139.662523,   34.967117,       41.02,
 139.667027,   34.967117,       40.38,
 139.671532,   34.967117,       40.01,
 139.676036,   34.967117,       40.64,
 139.680541,   34.967117,       42.02,
 139.685045,   34.967117,       43.42,
 139.689550,   34.967117,       44.14,
 139.694054,   34.967117,       44.46,
 139.698559,   34.967117,       44.77,
 139.703063,   34.967117,       44.74,
 139.707568,   34.967117,       44.48,
 139.712072,   34.967117,       44.10,
 139.716577,   34.967117,       43.53,
 139.721081,   34.967117,       42.87,
 139.725586,   34.967117,       42.48,
 139.730090,   34.967117,       42.40,
 139.734595,   34.967117,       42.06,
 139.739099,   34.967117,       39.41,
 139.743604,   34.967117,       36.69,
 139.748108,   34.967117,       36.14,
 139.752613,   34.967117,       38.55,
 139.757117,   34.967117,       40.93,
 139.761622,   34.967117,       41.27,
 139.766126,   34.967117,       41.34,
 139.770631,   34.967117,       41.38,
 139.775135,   34.967117,       41.39,
 139.779640,   34.967117,       41.23,
 139.784144,   34.967117,       40.89,
 139.788649,   34.967117,       40.52,
 139.793153,   34.967117,       40.21,
 139.797658,   34.967117,       40.06,
 139.802162,   34.967117,       40.04,
 139.806667,   34.967117,       40.08,
 139.811171,   34.967117,       40.17,
 139.815676,   34.967117,       40.29,
 139.820180,   34.967117,       40.41,
 139.824685,   34.967117,       40.54,
 139.829189,   34.967117,       40.65,
 139.833694,   34.967117,       40.78,
 139.838198,   34.967117,       40.94,
 139.842703,   34.967117,       41.13,
 139.847207,   34.967117,       41.35,
 139.851712,   34.967117,       41.55,
 139.856216,   34.967117,       41.63,
 139.860721,   34.967117,       41.62,
 139.865225,   34.967117,       41.55,
 139.869730,   34.967117,       41.43,
 139.874234,   34.967117,       41.29,
 139.878739,   34.967117,       41.12,
 139.883243,   34.967117,       40.92,
 139.887748,   34.967117,       40.71,
 139.892252,   34.967117,       40.48,
 139.896757,   34.967117,       40.22,
 139.901261,   34.967117,       39.95,
 139.905766,   34.967117,       39.67,
 139.910270,   34.967117,       39.36,
 139.914775,   34.967117,       39.05,
 139.919279,   34.967117,       38.71,
 139.923784,   34.967117,       38.36,
 139.928288,   34.967117,       37.98,
 139.932793,   34.967117,       37.56,
 139.937297,   34.967117,       37.12,
 139.941802,   34.967117,       36.64,
 139.946306,   34.967117,       36.10,
 139.950811,   34.967117,       35.47,
 139.955315,   34.967117,       34.67,
 139.959820,   34.967117,       33.87,
 139.964324,   34.967117,       33.23,
 139.968829,   34.967117,       33.25,
 139.973333,   34.967117,       33.27,
 139.977838,   34.967117,       33.37,
 139.982342,   34.967117,       33.37,
 139.986847,   34.967117,       33.28,
 139.991351,   34.967117,       33.19,
 139.995856,   34.967117,       33.04,
 140.000360,   34.967117,       32.77,
 140.004865,   34.967117,       32.49,
 140.009369,   34.967117,       32.15,
 140.013874,   34.967117,       31.85,
 140.018378,   34.967117,       31.67,
 140.022883,   34.967117,       31.53,
 140.027387,   34.967117,       31.42,
 140.031892,   34.967117,       31.44,
 140.036396,   34.967117,       31.55,
 140.040901,   34.967117,       31.64,
 140.045405,   34.967117,       31.68,
 140.049910,   34.967117,       31.83,
 140.054414,   34.967117,       31.94,
 140.058919,   34.967117,       32.07,
 140.063423,   34.967117,       32.17,
 140.067928,   34.967117,       32.23,
 140.072432,   34.967117,       32.30,
 140.076937,   34.967117,       32.42,
 140.081441,   34.967117,       32.59,
 140.085946,   34.967117,       32.75,
 140.090450,   34.967117,       32.92,
 140.094955,   34.967117,       33.07,
 140.099459,   34.967117,       33.24,
 140.103964,   34.967117,       33.39,
 140.108468,   34.967117,       33.50,
 140.112973,   34.967117,       33.59,
 140.117477,   34.967117,       33.73,
 140.121982,   34.967117,       33.93,
 140.126486,   34.967117,       34.13,
 140.130991,   34.967117,       34.33,
 140.135495,   34.967117,       34.54,
 140.140000,   34.967117,       34.73,
 140.144505,   34.967117,       34.87,
 140.149009,   34.967117,       34.97,
 140.153514,   34.967117,       35.08,
 140.158018,   34.967117,       35.19,
 140.162523,   34.967117,       35.30,
 140.167027,   34.967117,       35.40,
 140.171532,   34.967117,       35.50,
 140.176036,   34.967117,       35.64,
 140.180541,   34.967117,       35.81,
 140.185045,   34.967117,       35.97,
 140.189550,   34.967117,       36.14,
 140.194054,   34.967117,       36.30,
 140.198559,   34.967117,       36.47,
 140.203063,   34.967117,       36.65,
 140.207568,   34.967117,       36.81,
 140.212072,   34.967117,       36.95,
 140.216577,   34.967117,       37.07,
 140.221081,   34.967117,       37.17,
 140.225586,   34.967117,       37.24,
 140.230090,   34.967117,       37.23,
 140.234595,   34.967117,       37.19,
 140.239099,   34.967117,       37.11,
 140.243604,   34.967117,       36.99,
 140.248108,   34.967117,       36.80,
 140.252613,   34.967117,       36.57,
 140.257117,   34.967117,       36.31,
 140.261622,   34.967117,       36.04,
 140.266126,   34.967117,       35.76,
 140.270631,   34.967117,       35.48,
 140.275135,   34.967117,       35.21,
 140.279640,   34.967117,       34.95,
 140.284144,   34.967117,       34.70,
 140.288649,   34.967117,       34.44,
 140.293153,   34.967117,       34.19,
 140.297658,   34.967117,       33.93,
 140.302162,   34.967117,       33.68,
 140.306667,   34.967117,       33.43,
 140.311171,   34.967117,       33.18,
 140.315676,   34.967117,       32.94,
 140.320180,   34.967117,       32.64,
 140.324685,   34.967117,       32.32,
 140.329189,   34.967117,       31.99,
 140.333694,   34.967117,       31.64,
 140.338198,   34.967117,       31.28,
 140.342703,   34.967117,       30.92,
 140.347207,   34.967117,       30.54,
 140.351712,   34.967117,       30.15,
 140.356216,   34.967117,       29.75,
 140.360721,   34.967117,       29.33,
 140.365225,   34.967117,       28.91,
 140.369730,   34.967117,       28.47,
 140.374234,   34.967117,       28.03,
 140.378739,   34.967117,       27.57,
 140.383243,   34.967117,       27.10,
 140.387748,   34.967117,       26.62,
 139.140000,   34.971622,       36.86,
 139.144505,   34.971622,       38.23,
 139.149009,   34.971622,       39.48,
 139.153514,   34.971622,       40.60,
 139.158018,   34.971622,       41.59,
 139.162523,   34.971622,       42.46,
 139.167027,   34.971622,       43.20,
 139.171532,   34.971622,       43.82,
 139.176036,   34.971622,       44.31,
 139.180541,   34.971622,       44.67,
 139.185045,   34.971622,       44.90,
 139.189550,   34.971622,       44.47,
 139.194054,   34.971622,       43.23,
 139.198559,   34.971622,       42.06,
 139.203063,   34.971622,       40.98,
 139.207568,   34.971622,       39.96,
 139.212072,   34.971622,       39.03,
 139.216577,   34.971622,       38.17,
 139.221081,   34.971622,       37.38,
 139.225586,   34.971622,       36.67,
 139.230090,   34.971622,       36.04,
 139.234595,   34.971622,       35.49,
 139.239099,   34.971622,       35.01,
 139.243604,   34.971622,       34.51,
 139.248108,   34.971622,       34.23,
 139.252613,   34.971622,       34.05,
 139.257117,   34.971622,       33.90,
 139.261622,   34.971622,       33.78,
 139.266126,   34.971622,       33.69,
 139.270631,   34.971622,       33.63,
 139.275135,   34.971622,       33.60,
 139.279640,   34.971622,       33.61,
 139.284144,   34.971622,       33.66,
 139.288649,   34.971622,       33.74,
 139.293153,   34.971622,       33.86,
 139.297658,   34.971622,       34.01,
 139.302162,   34.971622,       34.22,
 139.306667,   34.971622,       34.47,
 139.311171,   34.971622,       34.70,
 139.315676,   34.971622,       34.77,
 139.320180,   34.971622,       34.74,
 139.324685,   34.971622,       34.68,
 139.329189,   34.971622,       34.60,
 139.333694,   34.971622,       34.51,
 139.338198,   34.971622,       34.40,
 139.342703,   34.971622,       34.29,
 139.347207,   34.971622,       34.20,
 139.351712,   34.971622,       34.11,
 139.356216,   34.971622,       34.03,
 139.360721,   34.971622,       33.98,
 139.365225,   34.971622,       33.95,
 139.369730,   34.971622,       33.95,
 139.374234,   34.971622,       33.99,
 139.378739,   34.971622,       34.13,
 139.383243,   34.971622,       34.34,
 139.387748,   34.971622,       34.59,
 139.392252,   34.971622,       34.87,
 139.396757,   34.971622,       35.16,
 139.401261,   34.971622,       35.46,
 139.405766,   34.971622,       35.79,
 139.410270,   34.971622,       36.12,
 139.414775,   34.971622,       36.44,
 139.419279,   34.971622,       36.72,
 139.423784,   34.971622,       36.98,
 139.428288,   34.971622,       37.12,
 139.432793,   34.971622,       37.12,
 139.437297,   34.971622,       37.01,
 139.441802,   34.971622,       36.78,
 139.446306,   34.971622,       36.50,
 139.450811,   34.971622,       36.24,
 139.455315,   34.971622,       35.99,
 139.459820,   34.971622,       35.76,
 139.464324,   34.971622,       35.59,
 139.468829,   34.971622,       35.75,
 139.473333,   34.971622,       36.22,
 139.477838,   34.971622,       36.92,
 139.482342,   34.971622,       37.70,
 139.486847,   34.971622,       38.50,
 139.491351,   34.971622,       39.32,
 139.495856,   34.971622,       40.02,
 139.500360,   34.971622,       40.52,
 139.504865,   34.971622,       40.52,
 139.509369,   34.971622,       38.40,
 139.513874,   34.971622,       35.30,
 139.518378,   34.971622,       31.40,
 139.522883,   34.971622,       26.68,
 139.527387,   34.971622,       21.41,
 139.531892,   34.971622,       21.41,
 139.536396,   34.971622,       22.76,
 139.540901,   34.971622,       22.76,
 139.545405,   34.971622,       22.76,
 139.549910,   34.971622,       30.84,
 139.554414,   34.971622,       39.64,
 139.558919,   34.971622,       47.18,
 139.563423,   34.971622,       50.87,
 139.567928,   34.971622,       51.23,
 139.572432,   34.971622,       50.85,
 139.576937,   34.971622,       49.56,
 139.581441,   34.971622,       50.29,
 139.585946,   34.971622,       50.49,
 139.590450,   34.971622,       50.21,
 139.594955,   34.971622,       49.22,
 139.599459,   34.971622,       48.27,
 139.603964,   34.971622,       47.49,
 139.608468,   34.971622,       46.82,
 139.612973,   34.971622,       46.00,
 139.617477,   34.971622,       44.67,
 139.621982,   34.971622,       43.07,
 139.626486,   34.971622,       41.20,
 139.630991,   34.971622,       39.68,
 139.635495,   34.971622,       38.89,
 139.640000,   34.971622,       39.13,
 139.644505,   34.971622,       39.95,
 139.649009,   34.971622,       41.10,
 139.653514,   34.971622,       42.53,
 139.658018,   34.971622,       42.45,
 139.662523,   34.971622,       41.40,
 139.667027,   34.971622,       40.22,
 139.671532,   34.971622,       38.82,
 139.676036,   34.971622,       39.72,
 139.680541,   34.971622,       41.20,
 139.685045,   34.971622,       42.67,
 139.689550,   34.971622,       43.83,
 139.694054,   34.971622,       44.60,
 139.698559,   34.971622,       45.44,
 139.703063,   34.971622,       45.32,
 139.707568,   34.971622,       44.75,
 139.712072,   34.971622,       44.23,
 139.716577,   34.971622,       43.58,
 139.721081,   34.971622,       42.88,
 139.725586,   34.971622,       42.22,
 139.730090,   34.971622,       41.96,
 139.734595,   34.971622,       41.75,
 139.739099,   34.971622,       41.26,
 139.743604,   34.971622,       39.84,
 139.748108,   34.971622,       39.49,
 139.752613,   34.971622,       40.79,
 139.757117,   34.971622,       41.57,
 139.761622,   34.971622,       41.43,
 139.766126,   34.971622,       41.28,
 139.770631,   34.971622,       41.26,
 139.775135,   34.971622,       41.21,
 139.779640,   34.971622,       41.09,
 139.784144,   34.971622,       40.84,
 139.788649,   34.971622,       40.57,
 139.793153,   34.971622,       40.33,
 139.797658,   34.971622,       40.20,
 139.802162,   34.971622,       40.20,
 139.806667,   34.971622,       40.25,
 139.811171,   34.971622,       40.34,
 139.815676,   34.971622,       40.47,
 139.820180,   34.971622,       40.61,
 139.824685,   34.971622,       40.74,
 139.829189,   34.971622,       40.86,
 139.833694,   34.971622,       41.01,
 139.838198,   34.971622,       41.19,
 139.842703,   34.971622,       41.39,
 139.847207,   34.971622,       41.63,
 139.851712,   34.971622,       41.83,
 139.856216,   34.971622,       41.90,
 139.860721,   34.971622,       41.85,
 139.865225,   34.971622,       41.74,
 139.869730,   34.971622,       41.59,
 139.874234,   34.971622,       41.41,
 139.878739,   34.971622,       41.21,
 139.883243,   34.971622,       40.98,
 139.887748,   34.971622,       40.73,
 139.892252,   34.971622,       40.46,
 139.896757,   34.971622,       40.18,
 139.901261,   34.971622,       39.88,
 139.905766,   34.971622,       39.56,
 139.910270,   34.971622,       39.23,
 139.914775,   34.971622,       38.89,
 139.919279,   34.971622,       38.52,
 139.923784,   34.971622,       38.14,
 139.928288,   34.971622,       37.73,
 139.932793,   34.971622,       37.30,
 139.937297,   34.971622,       36.83,
 139.941802,   34.971622,       36.33,
 139.946306,   34.971622,       35.76,
 139.950811,   34.971622,       35.11,
 139.955315,   34.971622,       34.31,
 139.959820,   34.971622,       33.21,
 139.964324,   34.971622,       32.96,
 139.968829,   34.971622,       33.04,
 139.973333,   34.971622,       33.08,
 139.977838,   34.971622,       33.10,
 139.982342,   34.971622,       33.07,
 139.986847,   34.971622,       33.01,
 139.991351,   34.971622,       32.93,
 139.995856,   34.971622,       32.93,
 140.000360,   34.971622,       32.83,
 140.004865,   34.971622,       32.60,
 140.009369,   34.971622,       32.33,
 140.013874,   34.971622,       32.06,
 140.018378,   34.971622,       31.92,
 140.022883,   34.971622,       31.81,
 140.027387,   34.971622,       31.69,
 140.031892,   34.971622,       31.68,
 140.036396,   34.971622,       31.68,
 140.040901,   34.971622,       31.70,
 140.045405,   34.971622,       31.65,
 140.049910,   34.971622,       31.56,
 140.054414,   34.971622,       31.57,
 140.058919,   34.971622,       31.62,
 140.063423,   34.971622,       31.70,
 140.067928,   34.971622,       31.75,
 140.072432,   34.971622,       31.78,
 140.076937,   34.971622,       31.84,
 140.081441,   34.971622,       32.01,
 140.085946,   34.971622,       32.19,
 140.090450,   34.971622,       32.36,
 140.094955,   34.971622,       32.48,
 140.099459,   34.971622,       32.60,
 140.103964,   34.971622,       32.71,
 140.108468,   34.971622,       32.81,
 140.112973,   34.971622,       32.88,
 140.117477,   34.971622,       33.03,
 140.121982,   34.971622,       33.25,
 140.126486,   34.971622,       33.47,
 140.130991,   34.971622,       33.67,
 140.135495,   34.971622,       33.86,
 140.140000,   34.971622,       34.06,
 140.144505,   34.971622,       34.20,
 140.149009,   34.971622,       34.34,
 140.153514,   34.971622,       34.48,
 140.158018,   34.971622,       34.63,
 140.162523,   34.971622,       34.76,
 140.167027,   34.971622,       34.90,
 140.171532,   34.971622,       35.05,
 140.176036,   34.971622,       35.21,
 140.180541,   34.971622,       35.36,
 140.185045,   34.971622,       35.51,
 140.189550,   34.971622,       35.67,
 140.194054,   34.971622,       35.83,
 140.198559,   34.971622,       35.99,
 140.203063,   34.971622,       36.15,
 140.207568,   34.971622,       36.31,
 140.212072,   34.971622,       36.44,
 140.216577,   34.971622,       36.55,
 140.221081,   34.971622,       36.65,
 140.225586,   34.971622,       36.74,
 140.230090,   34.971622,       36.81,
 140.234595,   34.971622,       36.84,
 140.239099,   34.971622,       36.83,
 140.243604,   34.971622,       36.79,
 140.248108,   34.971622,       36.64,
 140.252613,   34.971622,       36.39,
 140.257117,   34.971622,       36.10,
 140.261622,   34.971622,       35.81,
 140.266126,   34.971622,       35.52,
 140.270631,   34.971622,       35.25,
 140.275135,   34.971622,       34.98,
 140.279640,   34.971622,       34.72,
 140.284144,   34.971622,       34.47,
 140.288649,   34.971622,       34.22,
 140.293153,   34.971622,       33.98,
 140.297658,   34.971622,       33.73,
 140.302162,   34.971622,       33.47,
 140.306667,   34.971622,       33.22,
 140.311171,   34.971622,       32.97,
 140.315676,   34.971622,       32.67,
 140.320180,   34.971622,       32.35,
 140.324685,   34.971622,       32.03,
 140.329189,   34.971622,       31.69,
 140.333694,   34.971622,       31.34,
 140.338198,   34.971622,       30.98,
 140.342703,   34.971622,       30.61,
 140.347207,   34.971622,       30.22,
 140.351712,   34.971622,       29.83,
 140.356216,   34.971622,       29.42,
 140.360721,   34.971622,       29.01,
 140.365225,   34.971622,       28.58,
 140.369730,   34.971622,       28.14,
 140.374234,   34.971622,       27.69,
 140.378739,   34.971622,       27.23,
 140.383243,   34.971622,       26.76,
 140.387748,   34.971622,       26.27,
 139.140000,   34.976126,       36.29,
 139.144505,   34.976126,       35.95,
 139.149009,   34.976126,       37.25,
 139.153514,   34.976126,       38.42,
 139.158018,   34.976126,       39.46,
 139.162523,   34.976126,       40.38,
 139.167027,   34.976126,       41.17,
 139.171532,   34.976126,       41.83,
 139.176036,   34.976126,       42.37,
 139.180541,   34.976126,       42.79,
 139.185045,   34.976126,       43.07,
 139.189550,   34.976126,       43.23,
 139.194054,   34.976126,       43.05,
 139.198559,   34.976126,       42.05,
 139.203063,   34.976126,       40.94,
 139.207568,   34.976126,       39.91,
 139.212072,   34.976126,       38.96,
 139.216577,   34.976126,       38.08,
 139.221081,   34.976126,       37.27,
 139.225586,   34.976126,       36.55,
 139.230090,   34.976126,       35.90,
 139.234595,   34.976126,       35.32,
 139.239099,   34.976126,       34.78,
 139.243604,   34.976126,       34.28,
 139.248108,   34.976126,       33.99,
 139.252613,   34.976126,       33.79,
 139.257117,   34.976126,       33.65,
 139.261622,   34.976126,       33.52,
 139.266126,   34.976126,       33.43,
 139.270631,   34.976126,       33.37,
 139.275135,   34.976126,       33.34,
 139.279640,   34.976126,       33.35,
 139.284144,   34.976126,       33.40,
 139.288649,   34.976126,       33.50,
 139.293153,   34.976126,       33.63,
 139.297658,   34.976126,       33.79,
 139.302162,   34.976126,       33.98,
 139.306667,   34.976126,       34.21,
 139.311171,   34.976126,       34.30,
 139.315676,   34.976126,       34.15,
 139.320180,   34.976126,       34.00,
 139.324685,   34.976126,       33.85,
 139.329189,   34.976126,       33.71,
 139.333694,   34.976126,       33.58,
 139.338198,   34.976126,       33.47,
 139.342703,   34.976126,       33.37,
 139.347207,   34.976126,       33.29,
 139.351712,   34.976126,       33.22,
 139.356216,   34.976126,       33.16,
 139.360721,   34.976126,       33.12,
 139.365225,   34.976126,       33.09,
 139.369730,   34.976126,       33.08,
 139.374234,   34.976126,       33.12,
 139.378739,   34.976126,       33.31,
 139.383243,   34.976126,       33.58,
 139.387748,   34.976126,       33.89,
 139.392252,   34.976126,       34.21,
 139.396757,   34.976126,       34.54,
 139.401261,   34.976126,       34.89,
 139.405766,   34.976126,       35.28,
 139.410270,   34.976126,       35.69,
 139.414775,   34.976126,       36.06,
 139.419279,   34.976126,       36.40,
 139.423784,   34.976126,       36.66,
 139.428288,   34.976126,       36.82,
 139.432793,   34.976126,       36.86,
 139.437297,   34.976126,       36.76,
 139.441802,   34.976126,       36.51,
 139.446306,   34.976126,       36.14,
 139.450811,   34.976126,       35.79,
 139.455315,   34.976126,       35.43,
 139.459820,   34.976126,       35.06,
 139.464324,   34.976126,       34.70,
 139.468829,   34.976126,       34.69,
 139.473333,   34.976126,       35.34,
 139.477838,   34.976126,       36.07,
 139.482342,   34.976126,       36.83,
 139.486847,   34.976126,       37.62,
 139.491351,   34.976126,       38.44,
 139.495856,   34.976126,       39.30,
 139.500360,   34.976126,       40.18,
 139.504865,   34.976126,       40.95,
 139.509369,   34.976126,       38.29,
 139.513874,   34.976126,       34.87,
 139.518378,   34.976126,       30.90,
 139.522883,   34.976126,       26.29,
 139.527387,   34.976126,       20.98,
 139.531892,   34.976126,       20.98,
 139.536396,   34.976126,       22.62,
 139.540901,   34.976126,       22.62,
 139.545405,   34.976126,       22.62,
 139.549910,   34.976126,       31.70,
 139.554414,   34.976126,       40.39,
 139.558919,   34.976126,       48.62,
 139.563423,   34.976126,       52.27,
 139.567928,   34.976126,       50.51,
 139.572432,   34.976126,       47.88,
 139.576937,   34.976126,       45.67,
 139.581441,   34.976126,       48.48,
 139.585946,   34.976126,       50.40,
 139.590450,   34.976126,       50.41,
 139.594955,   34.976126,       48.59,
 139.599459,   34.976126,       47.56,
 139.603964,   34.976126,       46.85,
 139.608468,   34.976126,       46.42,
 139.612973,   34.976126,       45.73,
 139.617477,   34.976126,       44.11,
 139.621982,   34.976126,       42.31,
 139.626486,   34.976126,       40.34,
 139.630991,   34.976126,       38.27,
 139.635495,   34.976126,       36.99,
 139.640000,   34.976126,       37.96,
 139.644505,   34.976126,       39.60,
 139.649009,   34.976126,       41.60,
 139.653514,   34.976126,       43.54,
 139.658018,   34.976126,       44.03,
 139.662523,   34.976126,       42.70,
 139.667027,   34.976126,       41.01,
 139.671532,   34.976126,       39.17,
 139.676036,   34.976126,       39.03,
 139.680541,   34.976126,       40.51,
 139.685045,   34.976126,       41.98,
 139.689550,   34.976126,       43.15,
 139.694054,   34.976126,       43.90,
 139.698559,   34.976126,       44.62,
 139.703063,   34.976126,       44.77,
 139.707568,   34.976126,       44.43,
 139.712072,   34.976126,       44.21,
 139.716577,   34.976126,       43.74,
 139.721081,   34.976126,       43.05,
 139.725586,   34.976126,       42.28,
 139.730090,   34.976126,       41.70,
 139.734595,   34.976126,       41.48,
 139.739099,   34.976126,       41.17,
 139.743604,   34.976126,       40.87,
 139.748108,   34.976126,       41.22,
 139.752613,   34.976126,       42.44,
 139.757117,   34.976126,       42.69,
 139.761622,   34.976126,       42.05,
 139.766126,   34.976126,       41.29,
 139.770631,   34.976126,       41.18,
 139.775135,   34.976126,       41.12,
 139.779640,   34.976126,       40.98,
 139.784144,   34.976126,       40.76,
 139.788649,   34.976126,       40.59,
 139.793153,   34.976126,       40.44,
 139.797658,   34.976126,       40.32,
 139.802162,   34.976126,       40.34,
 139.806667,   34.976126,       40.41,
 139.811171,   34.976126,       40.48,
 139.815676,   34.976126,       40.64,
 139.820180,   34.976126,       40.80,
 139.824685,   34.976126,       40.96,
 139.829189,   34.976126,       41.09,
 139.833694,   34.976126,       41.22,
 139.838198,   34.976126,       41.41,
 139.842703,   34.976126,       41.63,
 139.847207,   34.976126,       41.89,
 139.851712,   34.976126,       42.12,
 139.856216,   34.976126,       42.17,
 139.860721,   34.976126,       42.09,
 139.865225,   34.976126,       41.94,
 139.869730,   34.976126,       41.75,
 139.874234,   34.976126,       41.54,
 139.878739,   34.976126,       41.29,
 139.883243,   34.976126,       41.03,
 139.887748,   34.976126,       40.75,
 139.892252,   34.976126,       40.45,
 139.896757,   34.976126,       40.14,
 139.901261,   34.976126,       39.81,
 139.905766,   34.976126,       39.46,
 139.910270,   34.976126,       39.11,
 139.914775,   34.976126,       38.74,
 139.919279,   34.976126,       38.36,
 139.923784,   34.976126,       37.95,
 139.928288,   34.976126,       37.52,
 139.932793,   34.976126,       37.07,
 139.937297,   34.976126,       36.59,
 139.941802,   34.976126,       36.08,
 139.946306,   34.976126,       35.51,
 139.950811,   34.976126,       34.87,
 139.955315,   34.976126,       34.11,
 139.959820,   34.976126,       33.24,
 139.964324,   34.976126,       32.96,
 139.968829,   34.976126,       33.00,
 139.973333,   34.976126,       32.98,
 139.977838,   34.976126,       32.89,
 139.982342,   34.976126,       32.83,
 139.986847,   34.976126,       32.75,
 139.991351,   34.976126,       32.76,
 139.995856,   34.976126,       32.83,
 140.000360,   34.976126,       32.87,
 140.004865,   34.976126,       32.73,
 140.009369,   34.976126,       32.51,
 140.013874,   34.976126,       32.32,
 140.018378,   34.976126,       32.18,
 140.022883,   34.976126,       32.07,
 140.027387,   34.976126,       31.97,
 140.031892,   34.976126,       31.86,
 140.036396,   34.976126,       31.80,
 140.040901,   34.976126,       31.74,
 140.045405,   34.976126,       31.65,
 140.049910,   34.976126,       31.51,
 140.054414,   34.976126,       31.37,
 140.058919,   34.976126,       31.22,
 140.063423,   34.976126,       31.26,
 140.067928,   34.976126,       31.32,
 140.072432,   34.976126,       31.37,
 140.076937,   34.976126,       31.43,
 140.081441,   34.976126,       31.54,
 140.085946,   34.976126,       31.67,
 140.090450,   34.976126,       31.81,
 140.094955,   34.976126,       31.94,
 140.099459,   34.976126,       32.06,
 140.103964,   34.976126,       32.18,
 140.108468,   34.976126,       32.30,
 140.112973,   34.976126,       32.43,
 140.117477,   34.976126,       32.57,
 140.121982,   34.976126,       32.73,
 140.126486,   34.976126,       32.91,
 140.130991,   34.976126,       33.08,
 140.135495,   34.976126,       33.23,
 140.140000,   34.976126,       33.39,
 140.144505,   34.976126,       33.55,
 140.149009,   34.976126,       33.73,
 140.153514,   34.976126,       33.92,
 140.158018,   34.976126,       34.10,
 140.162523,   34.976126,       34.27,
 140.167027,   34.976126,       34.44,
 140.171532,   34.976126,       34.62,
 140.176036,   34.976126,       34.78,
 140.180541,   34.976126,       34.92,
 140.185045,   34.976126,       35.06,
 140.189550,   34.976126,       35.21,
 140.194054,   34.976126,       35.35,
 140.198559,   34.976126,       35.50,
 140.203063,   34.976126,       35.66,
 140.207568,   34.976126,       35.81,
 140.212072,   34.976126,       35.93,
 140.216577,   34.976126,       36.03,
 140.221081,   34.976126,       36.12,
 140.225586,   34.976126,       36.21,
 140.230090,   34.976126,       36.30,
 140.234595,   34.976126,       36.40,
 140.239099,   34.976126,       36.48,
 140.243604,   34.976126,       36.53,
 140.248108,   34.976126,       36.48,
 140.252613,   34.976126,       36.18,
 140.257117,   34.976126,       35.87,
 140.261622,   34.976126,       35.56,
 140.266126,   34.976126,       35.27,
 140.270631,   34.976126,       34.99,
 140.275135,   34.976126,       34.73,
 140.279640,   34.976126,       34.48,
 140.284144,   34.976126,       34.23,
 140.288649,   34.976126,       33.99,
 140.293153,   34.976126,       33.75,
 140.297658,   34.976126,       33.52,
 140.302162,   34.976126,       33.27,
 140.306667,   34.976126,       33.00,
 140.311171,   34.976126,       32.70,
 140.315676,   34.976126,       32.39,
 140.320180,   34.976126,       32.07,
 140.324685,   34.976126,       31.74,
 140.329189,   34.976126,       31.40,
 140.333694,   34.976126,       31.05,
 140.338198,   34.976126,       30.68,
 140.342703,   34.976126,       30.31,
 140.347207,   34.976126,       29.92,
 140.351712,   34.976126,       29.52,
 140.356216,   34.976126,       29.11,
 140.360721,   34.976126,       28.69,
 140.365225,   34.976126,       28.26,
 140.369730,   34.976126,       27.82,
 140.374234,   34.976126,       27.36,
 140.378739,   34.976126,       26.90,
 140.383243,   34.976126,       26.42,
 140.387748,   34.976126,       25.94,
 139.140000,   34.980631,       40.13,
 139.144505,   34.980631,       36.40,
 139.149009,   34.980631,       35.70,
 139.153514,   34.980631,       36.37,
 139.158018,   34.980631,       37.46,
 139.162523,   34.980631,       38.42,
 139.167027,   34.980631,       39.26,
 139.171532,   34.980631,       39.97,
 139.176036,   34.980631,       40.56,
 139.180541,   34.980631,       41.02,
 139.185045,   34.980631,       41.36,
 139.189550,   34.980631,       41.57,
 139.194054,   34.980631,       41.65,
 139.198559,   34.980631,       41.57,
 139.203063,   34.980631,       40.83,
 139.207568,   34.980631,       39.78,
 139.212072,   34.980631,       38.81,
 139.216577,   34.980631,       37.91,
 139.221081,   34.980631,       37.09,
 139.225586,   34.980631,       36.34,
 139.230090,   34.980631,       35.67,
 139.234595,   34.980631,       35.08,
 139.239099,   34.980631,       34.53,
 139.243604,   34.980631,       34.05,
 139.248108,   34.980631,       33.72,
 139.252613,   34.980631,       33.51,
 139.257117,   34.980631,       33.36,
 139.261622,   34.980631,       33.23,
 139.266126,   34.980631,       33.14,
 139.270631,   34.980631,       33.07,
 139.275135,   34.980631,       33.04,
 139.279640,   34.980631,       33.05,
 139.284144,   34.980631,       33.10,
 139.288649,   34.980631,       33.20,
 139.293153,   34.980631,       33.33,
 139.297658,   34.980631,       33.47,
 139.302162,   34.980631,       33.59,
 139.306667,   34.980631,       33.61,
 139.311171,   34.980631,       33.38,
 139.315676,   34.980631,       33.18,
 139.320180,   34.980631,       33.01,
 139.324685,   34.980631,       32.86,
 139.329189,   34.980631,       32.72,
 139.333694,   34.980631,       32.61,
 139.338198,   34.980631,       32.50,
 139.342703,   34.980631,       32.42,
 139.347207,   34.980631,       32.35,
 139.351712,   34.980631,       32.30,
 139.356216,   34.980631,       32.26,
 139.360721,   34.980631,       32.22,
 139.365225,   34.980631,       32.21,
 139.369730,   34.980631,       32.20,
 139.374234,   34.980631,       32.25,
 139.378739,   34.980631,       32.51,
 139.383243,   34.980631,       32.82,
 139.387748,   34.980631,       33.12,
 139.392252,   34.980631,       33.45,
 139.396757,   34.980631,       33.82,
 139.401261,   34.980631,       34.24,
 139.405766,   34.980631,       34.70,
 139.410270,   34.980631,       35.19,
 139.414775,   34.980631,       35.67,
 139.419279,   34.980631,       36.09,
 139.423784,   34.980631,       36.39,
 139.428288,   34.980631,       36.57,
 139.432793,   34.980631,       36.63,
 139.437297,   34.980631,       36.56,
 139.441802,   34.980631,       36.33,
 139.446306,   34.980631,       35.93,
 139.450811,   34.980631,       35.50,
 139.455315,   34.980631,       35.07,
 139.459820,   34.980631,       34.62,
 139.464324,   34.980631,       34.18,
 139.468829,   34.980631,       33.86,
 139.473333,   34.980631,       34.38,
 139.477838,   34.980631,       35.10,
 139.482342,   34.980631,       35.86,
 139.486847,   34.980631,       36.64,
 139.491351,   34.980631,       37.45,
 139.495856,   34.980631,       38.29,
 139.500360,   34.980631,       39.16,
 139.504865,   34.980631,       40.00,
 139.509369,   34.980631,       38.73,
 139.513874,   34.980631,       35.92,
 139.518378,   34.980631,       32.06,
 139.522883,   34.980631,       27.46,
 139.527387,   34.980631,       22.28,
 139.531892,   34.980631,       22.28,
 139.536396,   34.980631,       25.05,
 139.540901,   34.980631,       25.05,
 139.545405,   34.980631,       25.05,
 139.549910,   34.980631,       33.47,
 139.554414,   34.980631,       42.10,
 139.558919,   34.980631,       49.22,
 139.563423,   34.980631,       51.38,
 139.567928,   34.980631,       49.67,
 139.572432,   34.980631,       46.78,
 139.576937,   34.980631,       46.70,
 139.581441,   34.980631,       51.82,
 139.585946,   34.980631,       51.40,
 139.590450,   34.980631,       51.40,
 139.594955,   34.980631,       47.53,
 139.599459,   34.980631,       45.93,
 139.603964,   34.980631,       45.43,
 139.608468,   34.980631,       45.35,
 139.612973,   34.980631,       45.20,
 139.617477,   34.980631,       43.91,
 139.621982,   34.980631,       42.01,
 139.626486,   34.980631,       39.94,
 139.630991,   34.980631,       37.76,
 139.635495,   34.980631,       35.84,
 139.640000,   34.980631,       37.62,
 139.644505,   34.980631,       39.81,
 139.649009,   34.980631,       42.12,
 139.653514,   34.980631,       44.54,
 139.658018,   34.980631,       45.83,
 139.662523,   34.980631,       43.94,
 139.667027,   34.980631,       41.69,
 139.671532,   34.980631,       39.35,
 139.676036,   34.980631,       38.52,
 139.680541,   34.980631,       39.77,
 139.685045,   34.980631,       41.04,
 139.689550,   34.980631,       41.98,
 139.694054,   34.980631,       42.75,
 139.698559,   34.980631,       43.61,
 139.703063,   34.980631,       43.97,
 139.707568,   34.980631,       43.95,
 139.712072,   34.980631,       43.94,
 139.716577,   34.980631,       43.85,
 139.721081,   34.980631,       43.30,
 139.725586,   34.980631,       42.55,
 139.730090,   34.980631,       41.85,
 139.734595,   34.980631,       41.49,
 139.739099,   34.980631,       41.09,
 139.743604,   34.980631,       40.80,
 139.748108,   34.980631,       42.02,
 139.752613,   34.980631,       43.93,
 139.757117,   34.980631,       44.50,
 139.761622,   34.980631,       42.95,
 139.766126,   34.980631,       41.48,
 139.770631,   34.980631,       41.24,
 139.775135,   34.980631,       41.20,
 139.779640,   34.980631,       41.11,
 139.784144,   34.980631,       40.88,
 139.788649,   34.980631,       40.64,
 139.793153,   34.980631,       40.51,
 139.797658,   34.980631,       40.42,
 139.802162,   34.980631,       40.45,
 139.806667,   34.980631,       40.54,
 139.811171,   34.980631,       40.63,
 139.815676,   34.980631,       40.76,
 139.820180,   34.980631,       41.01,
 139.824685,   34.980631,       41.20,
 139.829189,   34.980631,       41.33,
 139.833694,   34.980631,       41.44,
 139.838198,   34.980631,       41.60,
 139.842703,   34.980631,       41.85,
 139.847207,   34.980631,       42.13,
 139.851712,   34.980631,       42.41,
 139.856216,   34.980631,       42.46,
 139.860721,   34.980631,       42.33,
 139.865225,   34.980631,       42.14,
 139.869730,   34.980631,       41.91,
 139.874234,   34.980631,       41.66,
 139.878739,   34.980631,       41.38,
 139.883243,   34.980631,       41.08,
 139.887748,   34.980631,       40.77,
 139.892252,   34.980631,       40.44,
 139.896757,   34.980631,       40.10,
 139.901261,   34.980631,       39.74,
 139.905766,   34.980631,       39.38,
 139.910270,   34.980631,       39.00,
 139.914775,   34.980631,       38.61,
 139.919279,   34.980631,       38.21,
 139.923784,   34.980631,       37.79,
 139.928288,   34.980631,       37.34,
 139.932793,   34.980631,       36.88,
 139.937297,   34.980631,       36.40,
 139.941802,   34.980631,       35.88,
 139.946306,   34.980631,       35.32,
 139.950811,   34.980631,       34.70,
 139.955315,   34.980631,       34.01,
 139.959820,   34.980631,       33.39,
 139.964324,   34.980631,       33.14,
 139.968829,   34.980631,       33.07,
 139.973333,   34.980631,       32.94,
 139.977838,   34.980631,       32.76,
 139.982342,   34.980631,       32.67,
 139.986847,   34.980631,       32.65,
 139.991351,   34.980631,       32.68,
 139.995856,   34.980631,       32.74,
 140.000360,   34.980631,       32.81,
 140.004865,   34.980631,       32.81,
 140.009369,   34.980631,       32.66,
 140.013874,   34.980631,       32.55,
 140.018378,   34.980631,       32.44,
 140.022883,   34.980631,       32.34,
 140.027387,   34.980631,       32.23,
 140.031892,   34.980631,       32.08,
 140.036396,   34.980631,       31.94,
 140.040901,   34.980631,       31.79,
 140.045405,   34.980631,       31.68,
 140.049910,   34.980631,       31.57,
 140.054414,   34.980631,       31.45,
 140.058919,   34.980631,       31.29,
 140.063423,   34.980631,       31.11,
 140.067928,   34.980631,       31.03,
 140.072432,   34.980631,       31.01,
 140.076937,   34.980631,       31.08,
 140.081441,   34.980631,       31.18,
 140.085946,   34.980631,       31.29,
 140.090450,   34.980631,       31.35,
 140.094955,   34.980631,       31.42,
 140.099459,   34.980631,       31.59,
 140.103964,   34.980631,       31.72,
 140.108468,   34.980631,       31.85,
 140.112973,   34.980631,       31.99,
 140.117477,   34.980631,       32.13,
 140.121982,   34.980631,       32.27,
 140.126486,   34.980631,       32.41,
 140.130991,   34.980631,       32.56,
 140.135495,   34.980631,       32.69,
 140.140000,   34.980631,       32.81,
 140.144505,   34.980631,       32.97,
 140.149009,   34.980631,       33.20,
 140.153514,   34.980631,       33.42,
 140.158018,   34.980631,       33.62,
 140.162523,   34.980631,       33.82,
 140.167027,   34.980631,       34.02,
 140.171532,   34.980631,       34.21,
 140.176036,   34.980631,       34.36,
 140.180541,   34.980631,       34.50,
 140.185045,   34.980631,       34.62,
 140.189550,   34.980631,       34.75,
 140.194054,   34.980631,       34.89,
 140.198559,   34.980631,       35.03,
 140.203063,   34.980631,       35.17,
 140.207568,   34.980631,       35.31,
 140.212072,   34.980631,       35.41,
 140.216577,   34.980631,       35.49,
 140.221081,   34.980631,       35.58,
 140.225586,   34.980631,       35.67,
 140.230090,   34.980631,       35.76,
 140.234595,   34.980631,       35.86,
 140.239099,   34.980631,       35.97,
 140.243604,   34.980631,       36.07,
 140.248108,   34.980631,       36.17,
 140.252613,   34.980631,       35.91,
 140.257117,   34.980631,       35.59,
 140.261622,   34.980631,       35.29,
 140.266126,   34.980631,       35.00,
 140.270631,   34.980631,       34.73,
 140.275135,   34.980631,       34.48,
 140.279640,   34.980631,       34.24,
 140.284144,   34.980631,       34.00,
 140.288649,   34.980631,       33.77,
 140.293153,   34.980631,       33.54,
 140.297658,   34.980631,       33.31,
 140.302162,   34.980631,       33.03,
 140.306667,   34.980631,       32.74,
 140.311171,   34.980631,       32.44,
 140.315676,   34.980631,       32.12,
 140.320180,   34.980631,       31.80,
 140.324685,   34.980631,       31.47,
 140.329189,   34.980631,       31.12,
 140.333694,   34.980631,       30.76,
 140.338198,   34.980631,       30.40,
 140.342703,   34.980631,       30.02,
 140.347207,   34.980631,       29.63,
 140.351712,   34.980631,       29.22,
 140.356216,   34.980631,       28.81,
 140.360721,   34.980631,       28.39,
 140.365225,   34.980631,       27.95,
 140.369730,   34.980631,       27.51,
 140.374234,   34.980631,       27.05,
 140.378739,   34.980631,       26.58,
 140.383243,   34.980631,       26.15,
 140.387748,   34.980631,       25.86,
 139.140000,   34.985135,       46.73,
 139.144505,   34.985135,       42.16,
 139.149009,   34.985135,       37.95,
 139.153514,   34.985135,       35.81,
 139.158018,   34.985135,       35.58,
 139.162523,   34.985135,       36.59,
 139.167027,   34.985135,       37.48,
 139.171532,   34.985135,       38.24,
 139.176036,   34.985135,       38.88,
 139.180541,   34.985135,       39.39,
 139.185045,   34.985135,       39.77,
 139.189550,   34.985135,       40.03,
 139.194054,   34.985135,       40.16,
 139.198559,   34.985135,       40.16,
 139.203063,   34.985135,       40.04,
 139.207568,   34.985135,       39.58,
 139.212072,   34.985135,       38.58,
 139.216577,   34.985135,       37.67,
 139.221081,   34.985135,       36.83,
 139.225586,   34.985135,       36.06,
 139.230090,   34.985135,       35.38,
 139.234595,   34.985135,       34.82,
 139.239099,   34.985135,       34.28,
 139.243604,   34.985135,       33.81,
 139.248108,   34.985135,       33.43,
 139.252613,   34.985135,       33.20,
 139.257117,   34.985135,       33.04,
 139.261622,   34.985135,       32.91,
 139.266126,   34.985135,       32.80,
 139.270631,   34.985135,       32.73,
 139.275135,   34.985135,       32.69,
 139.279640,   34.985135,       32.70,
 139.284144,   34.985135,       32.74,
 139.288649,   34.985135,       32.82,
 139.293153,   34.985135,       32.87,
 139.297658,   34.985135,       32.89,
 139.302162,   34.985135,       32.83,
 139.306667,   34.985135,       32.59,
 139.311171,   34.985135,       32.33,
 139.315676,   34.985135,       32.14,
 139.320180,   34.985135,       31.96,
 139.324685,   34.985135,       31.81,
 139.329189,   34.985135,       31.69,
 139.333694,   34.985135,       31.59,
 139.338198,   34.985135,       31.50,
 139.342703,   34.985135,       31.42,
 139.347207,   34.985135,       31.37,
 139.351712,   34.985135,       31.33,
 139.356216,   34.985135,       31.31,
 139.360721,   34.985135,       31.30,
 139.365225,   34.985135,       31.30,
 139.369730,   34.985135,       31.31,
 139.374234,   34.985135,       31.39,
 139.378739,   34.985135,       31.68,
 139.383243,   34.985135,       31.93,
 139.387748,   34.985135,       32.23,
 139.392252,   34.985135,       32.58,
 139.396757,   34.985135,       33.00,
 139.401261,   34.985135,       33.48,
 139.405766,   34.985135,       34.03,
 139.410270,   34.985135,       34.63,
 139.414775,   34.985135,       35.21,
 139.419279,   34.985135,       35.72,
 139.423784,   34.985135,       36.12,
 139.428288,   34.985135,       36.36,
 139.432793,   34.985135,       36.44,
 139.437297,   34.985135,       36.39,
 139.441802,   34.985135,       36.18,
 139.446306,   34.985135,       35.78,
 139.450811,   34.985135,       35.33,
 139.455315,   34.985135,       34.88,
 139.459820,   34.985135,       34.41,
 139.464324,   34.985135,       33.93,
 139.468829,   34.985135,       33.55,
 139.473333,   34.985135,       33.62,
 139.477838,   34.985135,       34.05,
 139.482342,   34.985135,       34.77,
 139.486847,   34.985135,       35.56,
 139.491351,   34.985135,       36.36,
 139.495856,   34.985135,       37.19,
 139.500360,   34.985135,       38.02,
 139.504865,   34.985135,       38.89,
 139.509369,   34.985135,       38.79,
 139.513874,   34.985135,       37.15,
 139.518378,   34.985135,       34.43,
 139.522883,   34.985135,       30.28,
 139.527387,   34.985135,       25.76,
 139.531892,   34.985135,       22.93,
 139.536396,   34.985135,       22.33,
 139.540901,   34.985135,       25.26,
 139.545405,   34.985135,       30.11,
 139.549910,   34.985135,       36.46,
 139.554414,   34.985135,       44.12,
 139.558919,   34.985135,       49.08,
 139.563423,   34.985135,       50.11,
 139.567928,   34.985135,       49.70,
 139.572432,   34.985135,       48.49,
 139.576937,   34.985135,       51.85,
 139.581441,   34.985135,       51.85,
 139.585946,   34.985135,       51.91,
 139.590450,   34.985135,       51.91,
 139.594955,   34.985135,       46.21,
 139.599459,   34.985135,       43.88,
 139.603964,   34.985135,       44.00,
 139.608468,   34.985135,       44.45,
 139.612973,   34.985135,       44.75,
 139.617477,   34.985135,       43.93,
 139.621982,   34.985135,       42.18,
 139.626486,   34.985135,       40.27,
 139.630991,   34.985135,       38.54,
 139.635495,   34.985135,       37.31,
 139.640000,   34.985135,       37.94,
 139.644505,   34.985135,       39.93,
 139.649009,   34.985135,       42.31,
 139.653514,   34.985135,       44.61,
 139.658018,   34.985135,       46.09,
 139.662523,   34.985135,       43.95,
 139.667027,   34.985135,       41.46,
 139.671532,   34.985135,       39.19,
 139.676036,   34.985135,       37.75,
 139.680541,   34.985135,       38.75,
 139.685045,   34.985135,       39.41,
 139.689550,   34.985135,       40.07,
 139.694054,   34.985135,       41.16,
 139.698559,   34.985135,       42.41,
 139.703063,   34.985135,       43.38,
 139.707568,   34.985135,       43.57,
 139.712072,   34.985135,       43.74,
 139.716577,   34.985135,       43.73,
 139.721081,   34.985135,       43.50,
 139.725586,   34.985135,       43.00,
 139.730090,   34.985135,       42.37,
 139.734595,   34.985135,       41.86,
 139.739099,   34.985135,       41.37,
 139.743604,   34.985135,       40.88,
 139.748108,   34.985135,       41.70,
 139.752613,   34.985135,       43.30,
 139.757117,   34.985135,       43.77,
 139.761622,   34.985135,       42.69,
 139.766126,   34.985135,       41.57,
 139.770631,   34.985135,       41.49,
 139.775135,   34.985135,       41.51,
 139.779640,   34.985135,       41.39,
 139.784144,   34.985135,       41.09,
 139.788649,   34.985135,       40.73,
 139.793153,   34.985135,       40.54,
 139.797658,   34.985135,       40.53,
 139.802162,   34.985135,       40.48,
 139.806667,   34.985135,       40.58,
 139.811171,   34.985135,       40.71,
 139.815676,   34.985135,       40.89,
 139.820180,   34.985135,       41.19,
 139.824685,   34.985135,       41.48,
 139.829189,   34.985135,       41.63,
 139.833694,   34.985135,       41.71,
 139.838198,   34.985135,       41.76,
 139.842703,   34.985135,       41.98,
 139.847207,   34.985135,       42.33,
 139.851712,   34.985135,       42.72,
 139.856216,   34.985135,       42.77,
 139.860721,   34.985135,       42.59,
 139.865225,   34.985135,       42.35,
 139.869730,   34.985135,       42.08,
 139.874234,   34.985135,       41.78,
 139.878739,   34.985135,       41.46,
 139.883243,   34.985135,       41.13,
 139.887748,   34.985135,       40.78,
 139.892252,   34.985135,       40.43,
 139.896757,   34.985135,       40.06,
 139.901261,   34.985135,       39.69,
 139.905766,   34.985135,       39.30,
 139.910270,   34.985135,       38.91,
 139.914775,   34.985135,       38.51,
 139.919279,   34.985135,       38.09,
 139.923784,   34.985135,       37.66,
 139.928288,   34.985135,       37.21,
 139.932793,   34.985135,       36.74,
 139.937297,   34.985135,       36.25,
 139.941802,   34.985135,       35.74,
 139.946306,   34.985135,       35.19,
 139.950811,   34.985135,       34.60,
 139.955315,   34.985135,       34.00,
 139.959820,   34.985135,       33.54,
 139.964324,   34.985135,       33.23,
 139.968829,   34.985135,       33.05,
 139.973333,   34.985135,       32.86,
 139.977838,   34.985135,       32.65,
 139.982342,   34.985135,       32.56,
 139.986847,   34.985135,       32.59,
 139.991351,   34.985135,       32.62,
 139.995856,   34.985135,       32.68,
 140.000360,   34.985135,       32.76,
 140.004865,   34.985135,       32.82,
 140.009369,   34.985135,       32.75,
 140.013874,   34.985135,       32.68,
 140.018378,   34.985135,       32.64,
 140.022883,   34.985135,       32.58,
 140.027387,   34.985135,       32.51,
 140.031892,   34.985135,       32.36,
 140.036396,   34.985135,       32.21,
 140.040901,   34.985135,       32.04,
 140.045405,   34.985135,       31.85,
 140.049910,   34.985135,       31.71,
 140.054414,   34.985135,       31.58,
 140.058919,   34.985135,       31.40,
 140.063423,   34.985135,       31.17,
 140.067928,   34.985135,       30.94,
 140.072432,   34.985135,       30.70,
 140.076937,   34.985135,       30.79,
 140.081441,   34.985135,       30.98,
 140.085946,   34.985135,       31.13,
 140.090450,   34.985135,       31.25,
 140.094955,   34.985135,       31.28,
 140.099459,   34.985135,       31.33,
 140.103964,   34.985135,       31.40,
 140.108468,   34.985135,       31.46,
 140.112973,   34.985135,       31.56,
 140.117477,   34.985135,       31.70,
 140.121982,   34.985135,       31.84,
 140.126486,   34.985135,       31.98,
 140.130991,   34.985135,       32.12,
 140.135495,   34.985135,       32.26,
 140.140000,   34.985135,       32.40,
 140.144505,   34.985135,       32.57,
 140.149009,   34.985135,       32.78,
 140.153514,   34.985135,       32.99,
 140.158018,   34.985135,       33.20,
 140.162523,   34.985135,       33.40,
 140.167027,   34.985135,       33.61,
 140.171532,   34.985135,       33.79,
 140.176036,   34.985135,       33.94,
 140.180541,   34.985135,       34.07,
 140.185045,   34.985135,       34.18,
 140.189550,   34.985135,       34.30,
 140.194054,   34.985135,       34.43,
 140.198559,   34.985135,       34.56,
 140.203063,   34.985135,       34.69,
 140.207568,   34.985135,       34.80,
 140.212072,   34.985135,       34.87,
 140.216577,   34.985135,       34.95,
 140.221081,   34.985135,       35.03,
 140.225586,   34.985135,       35.12,
 140.230090,   34.985135,       35.21,
 140.234595,   34.985135,       35.30,
 140.239099,   34.985135,       35.41,
 140.243604,   34.985135,       35.51,
 140.248108,   34.985135,       35.61,
 140.252613,   34.985135,       35.52,
 140.257117,   34.985135,       35.28,
 140.261622,   34.985135,       35.00,
 140.266126,   34.985135,       34.72,
 140.270631,   34.985135,       34.47,
 140.275135,   34.985135,       34.23,
 140.279640,   34.985135,       34.00,
 140.284144,   34.985135,       33.77,
 140.288649,   34.985135,       33.55,
 140.293153,   34.985135,       33.34,
 140.297658,   34.985135,       33.11,
 140.302162,   34.985135,       32.83,
 140.306667,   34.985135,       32.49,
 140.311171,   34.985135,       32.19,
 140.315676,   34.985135,       31.87,
 140.320180,   34.985135,       31.54,
 140.324685,   34.985135,       31.20,
 140.329189,   34.985135,       30.85,
 140.333694,   34.985135,       30.49,
 140.338198,   34.985135,       30.12,
 140.342703,   34.985135,       29.74,
 140.347207,   34.985135,       29.34,
 140.351712,   34.985135,       28.94,
 140.356216,   34.985135,       28.52,
 140.360721,   34.985135,       28.10,
 140.365225,   34.985135,       27.66,
 140.369730,   34.985135,       27.21,
 140.374234,   34.985135,       26.75,
 140.378739,   34.985135,       26.39,
 140.383243,   34.985135,       26.10,
 140.387748,   34.985135,       26.03,
 139.140000,   34.989640,       48.21,
 139.144505,   34.989640,       48.21,
 139.149009,   34.989640,       43.82,
 139.153514,   34.989640,       39.79,
 139.158018,   34.989640,       36.12,
 139.162523,   34.989640,       35.22,
 139.167027,   34.989640,       35.82,
 139.171532,   34.989640,       36.63,
 139.176036,   34.989640,       37.32,
 139.180541,   34.989640,       37.87,
 139.185045,   34.989640,       38.31,
 139.189550,   34.989640,       38.61,
 139.194054,   34.989640,       38.79,
 139.198559,   34.989640,       38.85,
 139.203063,   34.989640,       38.77,
 139.207568,   34.989640,       38.57,
 139.212072,   34.989640,       38.25,
 139.216577,   34.989640,       37.35,
 139.221081,   34.989640,       36.49,
 139.225586,   34.989640,       35.71,
 139.230090,   34.989640,       35.12,
 139.234595,   34.989640,       34.57,
 139.239099,   34.989640,       34.02,
 139.243604,   34.989640,       33.55,
 139.248108,   34.989640,       33.14,
 139.252613,   34.989640,       32.86,
 139.257117,   34.989640,       32.68,
 139.261622,   34.989640,       32.54,
 139.266126,   34.989640,       32.42,
 139.270631,   34.989640,       32.34,
 139.275135,   34.989640,       32.29,
 139.279640,   34.989640,       32.28,
 139.284144,   34.989640,       32.30,
 139.288649,   34.989640,       32.29,
 139.293153,   34.989640,       32.23,
 139.297658,   34.989640,       32.11,
 139.302162,   34.989640,       31.87,
 139.306667,   34.989640,       31.53,
 139.311171,   34.989640,       31.26,
 139.315676,   34.989640,       31.07,
 139.320180,   34.989640,       30.89,
 139.324685,   34.989640,       30.74,
 139.329189,   34.989640,       30.62,
 139.333694,   34.989640,       30.53,
 139.338198,   34.989640,       30.45,
 139.342703,   34.989640,       30.39,
 139.347207,   34.989640,       30.35,
 139.351712,   34.989640,       30.31,
 139.356216,   34.989640,       30.28,
 139.360721,   34.989640,       30.28,
 139.365225,   34.989640,       30.31,
 139.369730,   34.989640,       30.38,
 139.374234,   34.989640,       30.48,
 139.378739,   34.989640,       30.63,
 139.383243,   34.989640,       30.86,
 139.387748,   34.989640,       31.19,
 139.392252,   34.989640,       31.59,
 139.396757,   34.989640,       32.07,
 139.401261,   34.989640,       32.63,
 139.405766,   34.989640,       33.27,
 139.410270,   34.989640,       33.96,
 139.414775,   34.989640,       34.65,
 139.419279,   34.989640,       35.27,
 139.423784,   34.989640,       35.80,
 139.428288,   34.989640,       36.17,
 139.432793,   34.989640,       36.30,
 139.437297,   34.989640,       36.26,
 139.441802,   34.989640,       36.04,
 139.446306,   34.989640,       35.61,
 139.450811,   34.989640,       35.13,
 139.455315,   34.989640,       34.64,
 139.459820,   34.989640,       34.14,
 139.464324,   34.989640,       33.63,
 139.468829,   34.989640,       33.20,
 139.473333,   34.989640,       33.07,
 139.477838,   34.989640,       33.21,
 139.482342,   34.989640,       33.64,
 139.486847,   34.989640,       34.38,
 139.491351,   34.989640,       35.18,
 139.495856,   34.989640,       36.01,
 139.500360,   34.989640,       36.87,
 139.504865,   34.989640,       37.75,
 139.509369,   34.989640,       38.39,
 139.513874,   34.989640,       38.03,
 139.518378,   34.989640,       36.77,
 139.522883,   34.989640,       34.27,
 139.527387,   34.989640,       30.60,
 139.531892,   34.989640,       29.10,
 139.536396,   34.989640,       29.90,
 139.540901,   34.989640,       32.50,
 139.545405,   34.989640,       36.03,
 139.549910,   34.989640,       40.54,
 139.554414,   34.989640,       46.28,
 139.558919,   34.989640,       48.52,
 139.563423,   34.989640,       49.14,
 139.567928,   34.989640,       49.44,
 139.572432,   34.989640,       49.81,
 139.576937,   34.989640,       49.81,
 139.581441,   34.989640,       49.68,
 139.585946,   34.989640,       49.68,
 139.590450,   34.989640,       49.68,
 139.594955,   34.989640,       44.54,
 139.599459,   34.989640,       42.45,
 139.603964,   34.989640,       43.35,
 139.608468,   34.989640,       43.99,
 139.612973,   34.989640,       44.43,
 139.617477,   34.989640,       44.14,
 139.621982,   34.989640,       42.71,
 139.626486,   34.989640,       41.12,
 139.630991,   34.989640,       39.70,
 139.635495,   34.989640,       38.57,
 139.640000,   34.989640,       38.48,
 139.644505,   34.989640,       39.76,
 139.649009,   34.989640,       41.75,
 139.653514,   34.989640,       43.16,
 139.658018,   34.989640,       43.64,
 139.662523,   34.989640,       42.68,
 139.667027,   34.989640,       40.66,
 139.671532,   34.989640,       38.88,
 139.676036,   34.989640,       38.15,
 139.680541,   34.989640,       38.46,
 139.685045,   34.989640,       38.42,
 139.689550,   34.989640,       38.03,
 139.694054,   34.989640,       39.88,
 139.698559,   34.989640,       41.80,
 139.703063,   34.989640,       43.25,
 139.707568,   34.989640,       43.49,
 139.712072,   34.989640,       43.65,
 139.716577,   34.989640,       43.57,
 139.721081,   34.989640,       43.27,
 139.725586,   34.989640,       42.93,
 139.730090,   34.989640,       42.47,
 139.734595,   34.989640,       42.09,
 139.739099,   34.989640,       41.57,
 139.743604,   34.989640,       41.01,
 139.748108,   34.989640,       40.59,
 139.752613,   34.989640,       41.73,
 139.757117,   34.989640,       42.15,
 139.761622,   34.989640,       41.91,
 139.766126,   34.989640,       41.63,
 139.770631,   34.989640,       41.83,
 139.775135,   34.989640,       41.94,
 139.779640,   34.989640,       41.75,
 139.784144,   34.989640,       41.43,
 139.788649,   34.989640,       41.09,
 139.793153,   34.989640,       40.88,
 139.797658,   34.989640,       40.80,
 139.802162,   34.989640,       40.75,
 139.806667,   34.989640,       40.76,
 139.811171,   34.989640,       40.83,
 139.815676,   34.989640,       41.01,
 139.820180,   34.989640,       41.30,
 139.824685,   34.989640,       41.59,
 139.829189,   34.989640,       41.83,
 139.833694,   34.989640,       41.88,
 139.838198,   34.989640,       41.92,
 139.842703,   34.989640,       42.00,
 139.847207,   34.989640,       42.54,
 139.851712,   34.989640,       43.03,
 139.856216,   34.989640,       43.13,
 139.860721,   34.989640,       42.86,
 139.865225,   34.989640,       42.55,
 139.869730,   34.989640,       42.22,
 139.874234,   34.989640,       41.88,
 139.878739,   34.989640,       41.52,
 139.883243,   34.989640,       41.16,
 139.887748,   34.989640,       40.79,
 139.892252,   34.989640,       40.41,
 139.896757,   34.989640,       40.03,
 139.901261,   34.989640,       39.64,
 139.905766,   34.989640,       39.25,
 139.910270,   34.989640,       38.85,
 139.914775,   34.989640,       38.43,
 139.919279,   34.989640,       38.01,
 139.923784,   34.989640,       37.57,
 139.928288,   34.989640,       37.12,
 139.932793,   34.989640,       36.65,
 139.937297,   34.989640,       36.17,
 139.941802,   34.989640,       35.66,
 139.946306,   34.989640,       35.13,
 139.950811,   34.989640,       34.59,
 139.955315,   34.989640,       34.06,
 139.959820,   34.989640,       33.67,
 139.964324,   34.989640,       33.32,
 139.968829,   34.989640,       33.03,
 139.973333,   34.989640,       32.78,
 139.977838,   34.989640,       32.63,
 139.982342,   34.989640,       32.53,
 139.986847,   34.989640,       32.54,
 139.991351,   34.989640,       32.58,
 139.995856,   34.989640,       32.64,
 140.000360,   34.989640,       32.72,
 140.004865,   34.989640,       32.80,
 140.009369,   34.989640,       32.84,
 140.013874,   34.989640,       32.83,
 140.018378,   34.989640,       32.80,
 140.022883,   34.989640,       32.78,
 140.027387,   34.989640,       32.75,
 140.031892,   34.989640,       32.64,
 140.036396,   34.989640,       32.51,
 140.040901,   34.989640,       32.34,
 140.045405,   34.989640,       32.12,
 140.049910,   34.989640,       31.92,
 140.054414,   34.989640,       31.73,
 140.058919,   34.989640,       31.56,
 140.063423,   34.989640,       31.35,
 140.067928,   34.989640,       31.11,
 140.072432,   34.989640,       30.84,
 140.076937,   34.989640,       30.81,
 140.081441,   34.989640,       30.94,
 140.085946,   34.989640,       31.08,
 140.090450,   34.989640,       31.21,
 140.094955,   34.989640,       31.24,
 140.099459,   34.989640,       31.22,
 140.103964,   34.989640,       31.21,
 140.108468,   34.989640,       31.18,
 140.112973,   34.989640,       31.15,
 140.117477,   34.989640,       31.27,
 140.121982,   34.989640,       31.43,
 140.126486,   34.989640,       31.59,
 140.130991,   34.989640,       31.72,
 140.135495,   34.989640,       31.85,
 140.140000,   34.989640,       32.00,
 140.144505,   34.989640,       32.18,
 140.149009,   34.989640,       32.38,
 140.153514,   34.989640,       32.58,
 140.158018,   34.989640,       32.79,
 140.162523,   34.989640,       33.00,
 140.167027,   34.989640,       33.20,
 140.171532,   34.989640,       33.39,
 140.176036,   34.989640,       33.52,
 140.180541,   34.989640,       33.62,
 140.185045,   34.989640,       33.73,
 140.189550,   34.989640,       33.84,
 140.194054,   34.989640,       33.96,
 140.198559,   34.989640,       34.08,
 140.203063,   34.989640,       34.19,
 140.207568,   34.989640,       34.26,
 140.212072,   34.989640,       34.32,
 140.216577,   34.989640,       34.39,
 140.221081,   34.989640,       34.47,
 140.225586,   34.989640,       34.56,
 140.230090,   34.989640,       34.64,
 140.234595,   34.989640,       34.74,
 140.239099,   34.989640,       34.84,
 140.243604,   34.989640,       34.94,
 140.248108,   34.989640,       35.06,
 140.252613,   34.989640,       35.06,
 140.257117,   34.989640,       34.91,
 140.261622,   34.989640,       34.68,
 140.266126,   34.989640,       34.43,
 140.270631,   34.989640,       34.19,
 140.275135,   34.989640,       33.97,
 140.279640,   34.989640,       33.76,
 140.284144,   34.989640,       33.55,
 140.288649,   34.989640,       33.35,
 140.293153,   34.989640,       33.15,
 140.297658,   34.989640,       32.92,
 140.302162,   34.989640,       32.64,
 140.306667,   34.989640,       32.27,
 140.311171,   34.989640,       31.94,
 140.315676,   34.989640,       31.62,
 140.320180,   34.989640,       31.29,
 140.324685,   34.989640,       30.95,
 140.329189,   34.989640,       30.60,
 140.333694,   34.989640,       30.23,
 140.338198,   34.989640,       29.86,
 140.342703,   34.989640,       29.47,
 140.347207,   34.989640,       29.07,
 140.351712,   34.989640,       28.67,
 140.356216,   34.989640,       28.25,
 140.360721,   34.989640,       27.81,
 140.365225,   34.989640,       27.37,
 140.369730,   34.989640,       26.93,
 140.374234,   34.989640,       26.63,
 140.378739,   34.989640,       26.34,
 140.383243,   34.989640,       26.75,
 140.387748,   34.989640,       27.24,
 139.140000,   34.994144,       49.33,
 139.144505,   34.994144,       49.33,
 139.149009,   34.994144,       49.33,
 139.153514,   34.994144,       45.11,
 139.158018,   34.994144,       41.26,
 139.162523,   34.994144,       37.77,
 139.167027,   34.994144,       35.32,
 139.171532,   34.994144,       35.15,
 139.176036,   34.994144,       35.88,
 139.180541,   34.994144,       36.49,
 139.185045,   34.994144,       36.97,
 139.189550,   34.994144,       37.32,
 139.194054,   34.994144,       37.55,
 139.198559,   34.994144,       37.65,
 139.203063,   34.994144,       37.63,
 139.207568,   34.994144,       37.48,
 139.212072,   34.994144,       37.20,
 139.216577,   34.994144,       36.80,
 139.221081,   34.994144,       36.08,
 139.225586,   34.994144,       35.41,
 139.230090,   34.994144,       34.84,
 139.234595,   34.994144,       34.30,
 139.239099,   34.994144,       33.76,
 139.243604,   34.994144,       33.28,
 139.248108,   34.994144,       32.87,
 139.252613,   34.994144,       32.54,
 139.257117,   34.994144,       32.30,
 139.261622,   34.994144,       32.13,
 139.266126,   34.994144,       31.99,
 139.270631,   34.994144,       31.89,
 139.275135,   34.994144,       31.83,
 139.279640,   34.994144,       31.80,
 139.284144,   34.994144,       31.73,
 139.288649,   34.994144,       31.62,
 139.293153,   34.994144,       31.44,
 139.297658,   34.994144,       31.19,
 139.302162,   34.994144,       30.85,
 139.306667,   34.994144,       30.47,
 139.311171,   34.994144,       30.18,
 139.315676,   34.994144,       29.97,
 139.320180,   34.994144,       29.79,
 139.324685,   34.994144,       29.64,
 139.329189,   34.994144,       29.52,
 139.333694,   34.994144,       29.43,
 139.338198,   34.994144,       29.37,
 139.342703,   34.994144,       29.30,
 139.347207,   34.994144,       29.22,
 139.351712,   34.994144,       29.15,
 139.356216,   34.994144,       29.08,
 139.360721,   34.994144,       29.03,
 139.365225,   34.994144,       28.99,
 139.369730,   34.994144,       28.90,
 139.374234,   34.994144,       28.88,
 139.378739,   34.994144,       29.20,
 139.383243,   34.994144,       29.56,
 139.387748,   34.994144,       29.96,
 139.392252,   34.994144,       30.45,
 139.396757,   34.994144,       31.01,
 139.401261,   34.994144,       31.65,
 139.405766,   34.994144,       32.37,
 139.410270,   34.994144,       33.16,
 139.414775,   34.994144,       33.97,
 139.419279,   34.994144,       34.74,
 139.423784,   34.994144,       35.42,
 139.428288,   34.994144,       35.95,
 139.432793,   34.994144,       36.20,
 139.437297,   34.994144,       36.17,
 139.441802,   34.994144,       35.89,
 139.446306,   34.994144,       35.40,
 139.450811,   34.994144,       34.88,
 139.455315,   34.994144,       34.35,
 139.459820,   34.994144,       33.82,
 139.464324,   34.994144,       33.27,
 139.468829,   34.994144,       32.79,
 139.473333,   34.994144,       32.53,
 139.477838,   34.994144,       32.48,
 139.482342,   34.994144,       32.66,
 139.486847,   34.994144,       33.18,
 139.491351,   34.994144,       33.99,
 139.495856,   34.994144,       34.83,
 139.500360,   34.994144,       35.75,
 139.504865,   34.994144,       36.72,
 139.509369,   34.994144,       37.72,
 139.513874,   34.994144,       38.33,
 139.518378,   34.994144,       38.31,
 139.522883,   34.994144,       37.59,
 139.527387,   34.994144,       35.27,
 139.531892,   34.994144,       35.00,
 139.536396,   34.994144,       36.49,
 139.540901,   34.994144,       38.59,
 139.545405,   34.994144,       41.37,
 139.549910,   34.994144,       44.93,
 139.554414,   34.994144,       47.16,
 139.558919,   34.994144,       48.25,
 139.563423,   34.994144,       49.11,
 139.567928,   34.994144,       49.82,
 139.572432,   34.994144,       50.29,
 139.576937,   34.994144,       50.71,
 139.581441,   34.994144,       51.11,
 139.585946,   34.994144,       50.04,
 139.590450,   34.994144,       47.58,
 139.594955,   34.994144,       44.98,
 139.599459,   34.994144,       44.10,
 139.603964,   34.994144,       44.28,
 139.608468,   34.994144,       44.55,
 139.612973,   34.994144,       44.62,
 139.617477,   34.994144,       44.51,
 139.621982,   34.994144,       43.41,
 139.626486,   34.994144,       42.13,
 139.630991,   34.994144,       40.94,
 139.635495,   34.994144,       39.82,
 139.640000,   34.994144,       39.00,
 139.644505,   34.994144,       39.46,
 139.649009,   34.994144,       40.74,
 139.653514,   34.994144,       41.45,
 139.658018,   34.994144,       41.43,
 139.662523,   34.994144,       40.87,
 139.667027,   34.994144,       39.63,
 139.671532,   34.994144,       38.99,
 139.676036,   34.994144,       39.48,
 139.680541,   34.994144,       39.66,
 139.685045,   34.994144,       39.22,
 139.689550,   34.994144,       38.96,
 139.694054,   34.994144,       40.26,
 139.698559,   34.994144,       41.95,
 139.703063,   34.994144,       43.30,
 139.707568,   34.994144,       43.77,
 139.712072,   34.994144,       44.24,
 139.716577,   34.994144,       44.09,
 139.721081,   34.994144,       43.43,
 139.725586,   34.994144,       42.64,
 139.730090,   34.994144,       42.40,
 139.734595,   34.994144,       42.06,
 139.739099,   34.994144,       41.65,
 139.743604,   34.994144,       41.22,
 139.748108,   34.994144,       40.95,
 139.752613,   34.994144,       41.10,
 139.757117,   34.994144,       41.49,
 139.761622,   34.994144,       41.84,
 139.766126,   34.994144,       42.27,
 139.770631,   34.994144,       42.43,
 139.775135,   34.994144,       42.55,
 139.779640,   34.994144,       42.20,
 139.784144,   34.994144,       41.90,
 139.788649,   34.994144,       41.68,
 139.793153,   34.994144,       41.49,
 139.797658,   34.994144,       41.24,
 139.802162,   34.994144,       41.25,
 139.806667,   34.994144,       41.24,
 139.811171,   34.994144,       41.17,
 139.815676,   34.994144,       41.14,
 139.820180,   34.994144,       41.44,
 139.824685,   34.994144,       41.69,
 139.829189,   34.994144,       41.88,
 139.833694,   34.994144,       41.94,
 139.838198,   34.994144,       41.97,
 139.842703,   34.994144,       42.09,
 139.847207,   34.994144,       42.57,
 139.851712,   34.994144,       43.19,
 139.856216,   34.994144,       43.48,
 139.860721,   34.994144,       43.11,
 139.865225,   34.994144,       42.72,
 139.869730,   34.994144,       42.33,
 139.874234,   34.994144,       41.94,
 139.878739,   34.994144,       41.56,
 139.883243,   34.994144,       41.17,
 139.887748,   34.994144,       40.79,
 139.892252,   34.994144,       40.40,
 139.896757,   34.994144,       40.01,
 139.901261,   34.994144,       39.62,
 139.905766,   34.994144,       39.22,
 139.910270,   34.994144,       38.81,
 139.914775,   34.994144,       38.39,
 139.919279,   34.994144,       37.97,
 139.923784,   34.994144,       37.53,
 139.928288,   34.994144,       37.08,
 139.932793,   34.994144,       36.62,
 139.937297,   34.994144,       36.14,
 139.941802,   34.994144,       35.65,
 139.946306,   34.994144,       35.15,
 139.950811,   34.994144,       34.65,
 139.955315,   34.994144,       34.20,
 139.959820,   34.994144,       33.79,
 139.964324,   34.994144,       33.41,
 139.968829,   34.994144,       33.07,
 139.973333,   34.994144,       32.73,
 139.977838,   34.994144,       32.62,
 139.982342,   34.994144,       32.52,
 139.986847,   34.994144,       32.49,
 139.991351,   34.994144,       32.55,
 139.995856,   34.994144,       32.61,
 140.000360,   34.994144,       32.68,
 140.004865,   34.994144,       32.76,
 140.009369,   34.994144,       32.84,
 140.013874,   34.994144,       32.92,
 140.018378,   34.994144,       32.95,
 140.022883,   34.994144,       32.97,
 140.027387,   34.994144,       33.00,
 140.031892,   34.994144,       32.89,
 140.036396,   34.994144,       32.78,
 140.040901,   34.994144,       32.64,
 140.045405,   34.994144,       32.42,
 140.049910,   34.994144,       32.20,
 140.054414,   34.994144,       31.98,
 140.058919,   34.994144,       31.79,
 140.063423,   34.994144,       31.61,
 140.067928,   34.994144,       31.41,
 140.072432,   34.994144,       31.23,
 140.076937,   34.994144,       31.11,
 140.081441,   34.994144,       31.08,
 140.085946,   34.994144,       31.13,
 140.090450,   34.994144,       31.22,
 140.094955,   34.994144,       31.25,
 140.099459,   34.994144,       31.21,
 140.103964,   34.994144,       31.15,
 140.108468,   34.994144,       31.06,
 140.112973,   34.994144,       30.92,
 140.117477,   34.994144,       30.93,
 140.121982,   34.994144,       31.14,
 140.126486,   34.994144,       31.29,
 140.130991,   34.994144,       31.40,
 140.135495,   34.994144,       31.49,
 140.140000,   34.994144,       31.60,
 140.144505,   34.994144,       31.78,
 140.149009,   34.994144,       31.98,
 140.153514,   34.994144,       32.19,
 140.158018,   34.994144,       32.40,
 140.162523,   34.994144,       32.60,
 140.167027,   34.994144,       32.80,
 140.171532,   34.994144,       32.97,
 140.176036,   34.994144,       33.07,
 140.180541,   34.994144,       33.16,
 140.185045,   34.994144,       33.26,
 140.189550,   34.994144,       33.37,
 140.194054,   34.994144,       33.48,
 140.198559,   34.994144,       33.58,
 140.203063,   34.994144,       33.66,
 140.207568,   34.994144,       33.73,
 140.212072,   34.994144,       33.78,
 140.216577,   34.994144,       33.84,
 140.221081,   34.994144,       33.91,
 140.225586,   34.994144,       33.98,
 140.230090,   34.994144,       34.07,
 140.234595,   34.994144,       34.17,
 140.239099,   34.994144,       34.27,
 140.243604,   34.994144,       34.38,
 140.248108,   34.994144,       34.50,
 140.252613,   34.994144,       34.57,
 140.257117,   34.994144,       34.50,
 140.261622,   34.994144,       34.33,
 140.266126,   34.994144,       34.12,
 140.270631,   34.994144,       33.91,
 140.275135,   34.994144,       33.71,
 140.279640,   34.994144,       33.52,
 140.284144,   34.994144,       33.33,
 140.288649,   34.994144,       33.15,
 140.293153,   34.994144,       32.96,
 140.297658,   34.994144,       32.74,
 140.302162,   34.994144,       32.46,
 140.306667,   34.994144,       32.10,
 140.311171,   34.994144,       31.72,
 140.315676,   34.994144,       31.39,
 140.320180,   34.994144,       31.06,
 140.324685,   34.994144,       30.71,
 140.329189,   34.994144,       30.35,
 140.333694,   34.994144,       29.99,
 140.338198,   34.994144,       29.61,
 140.342703,   34.994144,       29.22,
 140.347207,   34.994144,       28.82,
 140.351712,   34.994144,       28.40,
 140.356216,   34.994144,       27.98,
 140.360721,   34.994144,       27.54,
 140.365225,   34.994144,       27.17,
 140.369730,   34.994144,       26.87,
 140.374234,   34.994144,       27.01,
 140.378739,   34.994144,       27.39,
 140.383243,   34.994144,       27.85,
 140.387748,   34.994144,       28.38,
 139.140000,   34.998649,       54.48,
 139.144505,   34.998649,       54.48,
 139.149009,   34.998649,       54.48,
 139.153514,   34.998649,       50.08,
 139.158018,   34.998649,       46.04,
 139.162523,   34.998649,       42.37,
 139.167027,   34.998649,       39.05,
 139.171532,   34.998649,       36.10,
 139.176036,   34.998649,       34.73,
 139.180541,   34.998649,       35.23,
 139.185045,   34.998649,       35.76,
 139.189550,   34.998649,       36.16,
 139.194054,   34.998649,       36.44,
 139.198559,   34.998649,       36.59,
 139.203063,   34.998649,       36.61,
 139.207568,   34.998649,       36.51,
 139.212072,   34.998649,       36.28,
 139.216577,   34.998649,       35.93,
 139.221081,   34.998649,       35.37,
 139.225586,   34.998649,       34.90,
 139.230090,   34.998649,       34.39,
 139.234595,   34.998649,       33.91,
 139.239099,   34.998649,       33.46,
 139.243604,   34.998649,       33.00,
 139.248108,   34.998649,       32.60,
 139.252613,   34.998649,       32.25,
 139.257117,   34.998649,       31.94,
 139.261622,   34.998649,       31.70,
 139.266126,   34.998649,       31.51,
 139.270631,   34.998649,       31.37,
 139.275135,   34.998649,       31.29,
 139.279640,   34.998649,       31.21,
 139.284144,   34.998649,       31.04,
 139.288649,   34.998649,       30.82,
 139.293153,   34.998649,       30.54,
 139.297658,   34.998649,       30.20,
 139.302162,   34.998649,       29.78,
 139.306667,   34.998649,       29.40,
 139.311171,   34.998649,       29.09,
 139.315676,   34.998649,       28.85,
 139.320180,   34.998649,       28.66,
 139.324685,   34.998649,       28.51,
 139.329189,   34.998649,       28.39,
 139.333694,   34.998649,       28.30,
 139.338198,   34.998649,       28.22,
 139.342703,   34.998649,       28.11,
 139.347207,   34.998649,       28.00,
 139.351712,   34.998649,       27.87,
 139.356216,   34.998649,       27.74,
 139.360721,   34.998649,       27.61,
 139.365225,   34.998649,       27.43,
 139.369730,   34.998649,       27.13,
 139.374234,   34.998649,       27.04,
 139.378739,   34.998649,       27.42,
 139.383243,   34.998649,       27.93,
 139.387748,   34.998649,       28.49,
 139.392252,   34.998649,       29.09,
 139.396757,   34.998649,       29.76,
 139.401261,   34.998649,       30.50,
 139.405766,   34.998649,       31.31,
 139.410270,   34.998649,       32.19,
 139.414775,   34.998649,       33.14,
 139.419279,   34.998649,       34.09,
 139.423784,   34.998649,       34.97,
 139.428288,   34.998649,       35.71,
 139.432793,   34.998649,       36.13,
 139.437297,   34.998649,       36.09,
 139.441802,   34.998649,       35.69,
 139.446306,   34.998649,       35.13,
 139.450811,   34.998649,       34.56,
 139.455315,   34.998649,       34.00,
 139.459820,   34.998649,       33.43,
 139.464324,   34.998649,       32.86,
 139.468829,   34.998649,       32.34,
 139.473333,   34.998649,       31.97,
 139.477838,   34.998649,       31.78,
 139.482342,   34.998649,       31.77,
 139.486847,   34.998649,       32.03,
 139.491351,   34.998649,       32.79,
 139.495856,   34.998649,       33.71,
 139.500360,   34.998649,       34.76,
 139.504865,   34.998649,       35.86,
 139.509369,   34.998649,       36.97,
 139.513874,   34.998649,       37.97,
 139.518378,   34.998649,       38.84,
 139.522883,   34.998649,       39.50,
 139.527387,   34.998649,       39.90,
 139.531892,   34.998649,       40.31,
 139.536396,   34.998649,       41.40,
 139.540901,   34.998649,       43.05,
 139.545405,   34.998649,       45.20,
 139.549910,   34.998649,       47.30,
 139.554414,   34.998649,       48.34,
 139.558919,   34.998649,       49.15,
 139.563423,   34.998649,       49.98,
 139.567928,   34.998649,       50.81,
 139.572432,   34.998649,       51.25,
 139.576937,   34.998649,       50.98,
 139.581441,   34.998649,       50.60,
 139.585946,   34.998649,       49.92,
 139.590450,   34.998649,       48.52,
 139.594955,   34.998649,       46.96,
 139.599459,   34.998649,       46.23,
 139.603964,   34.998649,       46.00,
 139.608468,   34.998649,       45.84,
 139.612973,   34.998649,       45.59,
 139.617477,   34.998649,       45.26,
 139.621982,   34.998649,       44.39,
 139.626486,   34.998649,       43.23,
 139.630991,   34.998649,       42.08,
 139.635495,   34.998649,       40.98,
 139.640000,   34.998649,       39.93,
 139.644505,   34.998649,       39.08,
 139.649009,   34.998649,       39.99,
 139.653514,   34.998649,       40.47,
 139.658018,   34.998649,       40.44,
 139.662523,   34.998649,       39.78,
 139.667027,   34.998649,       39.00,
 139.671532,   34.998649,       39.13,
 139.676036,   34.998649,       39.76,
 139.680541,   34.998649,       40.61,
 139.685045,   34.998649,       40.63,
 139.689550,   34.998649,       40.65,
 139.694054,   34.998649,       41.46,
 139.698559,   34.998649,       42.47,
 139.703063,   34.998649,       43.31,
 139.707568,   34.998649,       44.14,
 139.712072,   34.998649,       45.03,
 139.716577,   34.998649,       44.98,
 139.721081,   34.998649,       44.21,
 139.725586,   34.998649,       43.45,
 139.730090,   34.998649,       42.92,
 139.734595,   34.998649,       42.46,
 139.739099,   34.998649,       41.99,
 139.743604,   34.998649,       41.98,
 139.748108,   34.998649,       41.69,
 139.752613,   34.998649,       41.23,
 139.757117,   34.998649,       41.93,
 139.761622,   34.998649,       42.62,
 139.766126,   34.998649,       43.11,
 139.770631,   34.998649,       43.14,
 139.775135,   34.998649,       42.79,
 139.779640,   34.998649,       42.42,
 139.784144,   34.998649,       42.33,
 139.788649,   34.998649,       42.46,
 139.793153,   34.998649,       42.30,
 139.797658,   34.998649,       42.07,
 139.802162,   34.998649,       41.92,
 139.806667,   34.998649,       41.89,
 139.811171,   34.998649,       41.79,
 139.815676,   34.998649,       41.62,
 139.820180,   34.998649,       41.70,
 139.824685,   34.998649,       41.88,
 139.829189,   34.998649,       41.98,
 139.833694,   34.998649,       41.98,
 139.838198,   34.998649,       42.00,
 139.842703,   34.998649,       42.07,
 139.847207,   34.998649,       42.54,
 139.851712,   34.998649,       43.08,
 139.856216,   34.998649,       43.53,
 139.860721,   34.998649,       43.15,
 139.865225,   34.998649,       42.76,
 139.869730,   34.998649,       42.37,
 139.874234,   34.998649,       41.97,
 139.878739,   34.998649,       41.58,
 139.883243,   34.998649,       41.19,
 139.887748,   34.998649,       40.80,
 139.892252,   34.998649,       40.41,
 139.896757,   34.998649,       40.02,
 139.901261,   34.998649,       39.63,
 139.905766,   34.998649,       39.22,
 139.910270,   34.998649,       38.82,
 139.914775,   34.998649,       38.40,
 139.919279,   34.998649,       37.97,
 139.923784,   34.998649,       37.54,
 139.928288,   34.998649,       37.10,
 139.932793,   34.998649,       36.64,
 139.937297,   34.998649,       36.18,
 139.941802,   34.998649,       35.71,
 139.946306,   34.998649,       35.23,
 139.950811,   34.998649,       34.78,
 139.955315,   34.998649,       34.36,
 139.959820,   34.998649,       33.95,
 139.964324,   34.998649,       33.54,
 139.968829,   34.998649,       33.12,
 139.973333,   34.998649,       32.70,
 139.977838,   34.998649,       32.60,
 139.982342,   34.998649,       32.52,
 139.986847,   34.998649,       32.49,
 139.991351,   34.998649,       32.54,
 139.995856,   34.998649,       32.59,
 140.000360,   34.998649,       32.65,
 140.004865,   34.998649,       32.72,
 140.009369,   34.998649,       32.80,
 140.013874,   34.998649,       32.89,
 140.018378,   34.998649,       32.98,
 140.022883,   34.998649,       33.05,
 140.027387,   34.998649,       33.13,
 140.031892,   34.998649,       33.09,
 140.036396,   34.998649,       32.98,
 140.040901,   34.998649,       32.88,
 140.045405,   34.998649,       32.72,
 140.049910,   34.998649,       32.51,
 140.054414,   34.998649,       32.30,
 140.058919,   34.998649,       32.12,
 140.063423,   34.998649,       31.95,
 140.067928,   34.998649,       31.78,
 140.072432,   34.998649,       31.61,
 140.076937,   34.998649,       31.47,
 140.081441,   34.998649,       31.34,
 140.085946,   34.998649,       31.23,
 140.090450,   34.998649,       31.25,
 140.094955,   34.998649,       31.28,
 140.099459,   34.998649,       31.27,
 140.103964,   34.998649,       31.23,
 140.108468,   34.998649,       31.15,
 140.112973,   34.998649,       31.06,
 140.117477,   34.998649,       30.99,
 140.121982,   34.998649,       31.04,
 140.126486,   34.998649,       31.12,
 140.130991,   34.998649,       31.18,
 140.135495,   34.998649,       31.20,
 140.140000,   34.998649,       31.22,
 140.144505,   34.998649,       31.38,
 140.149009,   34.998649,       31.60,
 140.153514,   34.998649,       31.82,
 140.158018,   34.998649,       32.03,
 140.162523,   34.998649,       32.23,
 140.167027,   34.998649,       32.43,
 140.171532,   34.998649,       32.54,
 140.176036,   34.998649,       32.61,
 140.180541,   34.998649,       32.70,
 140.185045,   34.998649,       32.78,
 140.189550,   34.998649,       32.88,
 140.194054,   34.998649,       32.98,
 140.198559,   34.998649,       33.06,
 140.203063,   34.998649,       33.14,
 140.207568,   34.998649,       33.20,
 140.212072,   34.998649,       33.25,
 140.216577,   34.998649,       33.29,
 140.221081,   34.998649,       33.34,
 140.225586,   34.998649,       33.41,
 140.230090,   34.998649,       33.49,
 140.234595,   34.998649,       33.59,
 140.239099,   34.998649,       33.70,
 140.243604,   34.998649,       33.81,
 140.248108,   34.998649,       33.93,
 140.252613,   34.998649,       34.05,
 140.257117,   34.998649,       34.07,
 140.261622,   34.998649,       33.96,
 140.266126,   34.998649,       33.79,
 140.270631,   34.998649,       33.62,
 140.275135,   34.998649,       33.45,
 140.279640,   34.998649,       33.28,
 140.284144,   34.998649,       33.12,
 140.288649,   34.998649,       32.97,
 140.293153,   34.998649,       32.80,
 140.297658,   34.998649,       32.58,
 140.302162,   34.998649,       32.29,
 140.306667,   34.998649,       31.93,
 140.311171,   34.998649,       31.54,
 140.315676,   34.998649,       31.17,
 140.320180,   34.998649,       30.83,
 140.324685,   34.998649,       30.48,
 140.329189,   34.998649,       30.12,
 140.333694,   34.998649,       29.75,
 140.338198,   34.998649,       29.37,
 140.342703,   34.998649,       28.97,
 140.347207,   34.998649,       28.57,
 140.351712,   34.998649,       28.15,
 140.356216,   34.998649,       27.72,
 140.360721,   34.998649,       27.40,
 140.365225,   34.998649,       27.32,
 140.369730,   34.998649,       27.59,
 140.374234,   34.998649,       27.94,
 140.378739,   34.998649,       28.37,
 140.383243,   34.998649,       28.87,
 140.387748,   34.998649,       29.44,
 139.140000,   35.003153,       55.97,
 139.144505,   35.003153,       55.97,
 139.149009,   35.003153,       54.68,
 139.153514,   35.003153,       54.68,
 139.158018,   35.003153,       50.46,
 139.162523,   35.003153,       46.60,
 139.167027,   35.003153,       43.10,
 139.171532,   35.003153,       39.97,
 139.176036,   35.003153,       37.19,
 139.180541,   35.003153,       34.83,
 139.185045,   35.003153,       34.68,
 139.189550,   35.003153,       35.13,
 139.194054,   35.003153,       35.45,
 139.198559,   35.003153,       35.65,
 139.203063,   35.003153,       35.72,
 139.207568,   35.003153,       35.67,
 139.212072,   35.003153,       35.49,
 139.216577,   35.003153,       35.16,
 139.221081,   35.003153,       34.40,
 139.225586,   35.003153,       33.86,
 139.230090,   35.003153,       33.54,
 139.234595,   35.003153,       33.23,
 139.239099,   35.003153,       32.94,
 139.243604,   35.003153,       32.70,
 139.248108,   35.003153,       32.36,
 139.252613,   35.003153,       32.02,
 139.257117,   35.003153,       31.66,
 139.261622,   35.003153,       31.33,
 139.266126,   35.003153,       31.05,
 139.270631,   35.003153,       30.83,
 139.275135,   35.003153,       30.70,
 139.279640,   35.003153,       30.53,
 139.284144,   35.003153,       30.27,
 139.288649,   35.003153,       29.96,
 139.293153,   35.003153,       29.60,
 139.297658,   35.003153,       29.18,
 139.302162,   35.003153,       28.76,
 139.306667,   35.003153,       28.35,
 139.311171,   35.003153,       28.00,
 139.315676,   35.003153,       27.73,
 139.320180,   35.003153,       27.51,
 139.324685,   35.003153,       27.34,
 139.329189,   35.003153,       27.22,
 139.333694,   35.003153,       27.12,
 139.338198,   35.003153,       27.00,
 139.342703,   35.003153,       26.85,
 139.347207,   35.003153,       26.68,
 139.351712,   35.003153,       26.49,
 139.356216,   35.003153,       26.28,
 139.360721,   35.003153,       26.04,
 139.365225,   35.003153,       25.74,
 139.369730,   35.003153,       25.34,
 139.374234,   35.003153,       25.17,
 139.378739,   35.003153,       25.50,
 139.383243,   35.003153,       26.05,
 139.387748,   35.003153,       26.77,
 139.392252,   35.003153,       27.52,
 139.396757,   35.003153,       28.31,
 139.401261,   35.003153,       29.15,
 139.405766,   35.003153,       30.06,
 139.410270,   35.003153,       31.05,
 139.414775,   35.003153,       32.11,
 139.419279,   35.003153,       33.24,
 139.423784,   35.003153,       34.36,
 139.428288,   35.003153,       35.39,
 139.432793,   35.003153,       36.10,
 139.437297,   35.003153,       36.00,
 139.441802,   35.003153,       35.42,
 139.446306,   35.003153,       34.80,
 139.450811,   35.003153,       34.18,
 139.455315,   35.003153,       33.56,
 139.459820,   35.003153,       32.97,
 139.464324,   35.003153,       32.40,
 139.468829,   35.003153,       31.88,
 139.473333,   35.003153,       31.42,
 139.477838,   35.003153,       31.10,
 139.482342,   35.003153,       30.92,
 139.486847,   35.003153,       30.95,
 139.491351,   35.003153,       31.60,
 139.495856,   35.003153,       32.69,
 139.500360,   35.003153,       33.92,
 139.504865,   35.003153,       35.20,
 139.509369,   35.003153,       36.42,
 139.513874,   35.003153,       37.54,
 139.518378,   35.003153,       38.55,
 139.522883,   35.003153,       39.50,
 139.527387,   35.003153,       41.05,
 139.531892,   35.003153,       42.71,
 139.536396,   35.003153,       44.17,
 139.540901,   35.003153,       45.77,
 139.545405,   35.003153,       47.38,
 139.549910,   35.003153,       48.62,
 139.554414,   35.003153,       49.58,
 139.558919,   35.003153,       50.34,
 139.563423,   35.003153,       51.09,
 139.567928,   35.003153,       51.91,
 139.572432,   35.003153,       52.25,
 139.576937,   35.003153,       51.71,
 139.581441,   35.003153,       51.26,
 139.585946,   35.003153,       50.83,
 139.590450,   35.003153,       50.07,
 139.594955,   35.003153,       48.87,
 139.599459,   35.003153,       48.19,
 139.603964,   35.003153,       47.71,
 139.608468,   35.003153,       47.22,
 139.612973,   35.003153,       46.70,
 139.617477,   35.003153,       46.09,
 139.621982,   35.003153,       45.21,
 139.626486,   35.003153,       44.20,
 139.630991,   35.003153,       43.10,
 139.635495,   35.003153,       42.06,
 139.640000,   35.003153,       41.22,
 139.644505,   35.003153,       40.66,
 139.649009,   35.003153,       40.62,
 139.653514,   35.003153,       40.75,
 139.658018,   35.003153,       40.75,
 139.662523,   35.003153,       40.40,
 139.667027,   35.003153,       39.53,
 139.671532,   35.003153,       38.77,
 139.676036,   35.003153,       38.54,
 139.680541,   35.003153,       39.25,
 139.685045,   35.003153,       40.26,
 139.689550,   35.003153,       41.27,
 139.694054,   35.003153,       41.96,
 139.698559,   35.003153,       42.44,
 139.703063,   35.003153,       43.02,
 139.707568,   35.003153,       44.14,
 139.712072,   35.003153,       45.31,
 139.716577,   35.003153,       45.64,
 139.721081,   35.003153,       44.99,
 139.725586,   35.003153,       44.42,
 139.730090,   35.003153,       43.85,
 139.734595,   35.003153,       43.71,
 139.739099,   35.003153,       43.70,
 139.743604,   35.003153,       43.55,
 139.748108,   35.003153,       43.28,
 139.752613,   35.003153,       43.32,
 139.757117,   35.003153,       43.80,
 139.761622,   35.003153,       44.27,
 139.766126,   35.003153,       44.44,
 139.770631,   35.003153,       44.27,
 139.775135,   35.003153,       43.54,
 139.779640,   35.003153,       42.62,
 139.784144,   35.003153,       43.19,
 139.788649,   35.003153,       43.37,
 139.793153,   35.003153,       43.26,
 139.797658,   35.003153,       43.02,
 139.802162,   35.003153,       42.78,
 139.806667,   35.003153,       42.62,
 139.811171,   35.003153,       42.43,
 139.815676,   35.003153,       42.20,
 139.820180,   35.003153,       42.07,
 139.824685,   35.003153,       42.10,
 139.829189,   35.003153,       42.02,
 139.833694,   35.003153,       41.98,
 139.838198,   35.003153,       42.05,
 139.842703,   35.003153,       42.15,
 139.847207,   35.003153,       42.55,
 139.851712,   35.003153,       43.00,
 139.856216,   35.003153,       43.43,
 139.860721,   35.003153,       43.22,
 139.865225,   35.003153,       42.79,
 139.869730,   35.003153,       42.39,
 139.874234,   35.003153,       41.99,
 139.878739,   35.003153,       41.60,
 139.883243,   35.003153,       41.22,
 139.887748,   35.003153,       40.84,
 139.892252,   35.003153,       40.45,
 139.896757,   35.003153,       40.06,
 139.901261,   35.003153,       39.67,
 139.905766,   35.003153,       39.27,
 139.910270,   35.003153,       38.86,
 139.914775,   35.003153,       38.45,
 139.919279,   35.003153,       38.03,
 139.923784,   35.003153,       37.60,
 139.928288,   35.003153,       37.16,
 139.932793,   35.003153,       36.72,
 139.937297,   35.003153,       36.27,
 139.941802,   35.003153,       35.82,
 139.946306,   35.003153,       35.38,
 139.950811,   35.003153,       34.96,
 139.955315,   35.003153,       34.55,
 139.959820,   35.003153,       34.13,
 139.964324,   35.003153,       33.71,
 139.968829,   35.003153,       33.27,
 139.973333,   35.003153,       32.75,
 139.977838,   35.003153,       32.58,
 139.982342,   35.003153,       32.55,
 139.986847,   35.003153,       32.52,
 139.991351,   35.003153,       32.52,
 139.995856,   35.003153,       32.58,
 140.000360,   35.003153,       32.63,
 140.004865,   35.003153,       32.68,
 140.009369,   35.003153,       32.76,
 140.013874,   35.003153,       32.85,
 140.018378,   35.003153,       32.96,
 140.022883,   35.003153,       33.04,
 140.027387,   35.003153,       33.12,
 140.031892,   35.003153,       33.20,
 140.036396,   35.003153,       33.16,
 140.040901,   35.003153,       33.06,
 140.045405,   35.003153,       32.96,
 140.049910,   35.003153,       32.80,
 140.054414,   35.003153,       32.62,
 140.058919,   35.003153,       32.44,
 140.063423,   35.003153,       32.28,
 140.067928,   35.003153,       32.11,
 140.072432,   35.003153,       31.96,
 140.076937,   35.003153,       31.82,
 140.081441,   35.003153,       31.69,
 140.085946,   35.003153,       31.56,
 140.090450,   35.003153,       31.45,
 140.094955,   35.003153,       31.42,
 140.099459,   35.003153,       31.40,
 140.103964,   35.003153,       31.36,
 140.108468,   35.003153,       31.30,
 140.112973,   35.003153,       31.23,
 140.117477,   35.003153,       31.16,
 140.121982,   35.003153,       31.10,
 140.126486,   35.003153,       31.08,
 140.130991,   35.003153,       31.05,
 140.135495,   35.003153,       31.00,
 140.140000,   35.003153,       30.90,
 140.144505,   35.003153,       31.01,
 140.149009,   35.003153,       31.24,
 140.153514,   35.003153,       31.45,
 140.158018,   35.003153,       31.67,
 140.162523,   35.003153,       31.88,
 140.167027,   35.003153,       32.05,
 140.171532,   35.003153,       32.12,
 140.176036,   35.003153,       32.17,
 140.180541,   35.003153,       32.23,
 140.185045,   35.003153,       32.30,
 140.189550,   35.003153,       32.38,
 140.194054,   35.003153,       32.46,
 140.198559,   35.003153,       32.55,
 140.203063,   35.003153,       32.62,
 140.207568,   35.003153,       32.67,
 140.212072,   35.003153,       32.71,
 140.216577,   35.003153,       32.75,
 140.221081,   35.003153,       32.79,
 140.225586,   35.003153,       32.84,
 140.230090,   35.003153,       32.90,
 140.234595,   35.003153,       33.01,
 140.239099,   35.003153,       33.12,
 140.243604,   35.003153,       33.24,
 140.248108,   35.003153,       33.36,
 140.252613,   35.003153,       33.48,
 140.257117,   35.003153,       33.60,
 140.261622,   35.003153,       33.59,
 140.266126,   35.003153,       33.46,
 140.270631,   35.003153,       33.32,
 140.275135,   35.003153,       33.19,
 140.279640,   35.003153,       33.06,
 140.284144,   35.003153,       32.94,
 140.288649,   35.003153,       32.82,
 140.293153,   35.003153,       32.66,
 140.297658,   35.003153,       32.43,
 140.302162,   35.003153,       32.12,
 140.306667,   35.003153,       31.75,
 140.311171,   35.003153,       31.37,
 140.315676,   35.003153,       30.98,
 140.320180,   35.003153,       30.62,
 140.324685,   35.003153,       30.26,
 140.329189,   35.003153,       29.90,
 140.333694,   35.003153,       29.52,
 140.338198,   35.003153,       29.14,
 140.342703,   35.003153,       28.74,
 140.347207,   35.003153,       28.33,
 140.351712,   35.003153,       27.94,
 140.356216,   35.003153,       27.69,
 140.360721,   35.003153,       27.86,
 140.365225,   35.003153,       28.09,
 140.369730,   35.003153,       28.41,
 140.374234,   35.003153,       28.80,
 140.378739,   35.003153,       29.27,
 140.383243,   35.003153,       29.81,
 140.387748,   35.003153,       30.43,
 139.140000,   35.007658,       49.59,
 139.144505,   35.007658,       51.76,
 139.149009,   35.007658,       53.58,
 139.153514,   35.007658,       55.04,
 139.158018,   35.007658,       53.90,
 139.162523,   35.007658,       50.48,
 139.167027,   35.007658,       46.80,
 139.171532,   35.007658,       43.48,
 139.176036,   35.007658,       40.52,
 139.180541,   35.007658,       37.92,
 139.185045,   35.007658,       35.68,
 139.189550,   35.007658,       34.24,
 139.194054,   35.007658,       34.59,
 139.198559,   35.007658,       34.84,
 139.203063,   35.007658,       34.96,
 139.207568,   35.007658,       34.96,
 139.212072,   35.007658,       34.82,
 139.216577,   35.007658,       34.17,
 139.221081,   35.007658,       33.39,
 139.225586,   35.007658,       32.77,
 139.230090,   35.007658,       32.37,
 139.234595,   35.007658,       32.20,
 139.239099,   35.007658,       32.19,
 139.243604,   35.007658,       32.32,
 139.248108,   35.007658,       32.14,
 139.252613,   35.007658,       31.80,
 139.257117,   35.007658,       31.45,
 139.261622,   35.007658,       31.08,
 139.266126,   35.007658,       30.72,
 139.270631,   35.007658,       30.35,
 139.275135,   35.007658,       30.07,
 139.279640,   35.007658,       29.78,
 139.284144,   35.007658,       29.42,
 139.288649,   35.007658,       29.04,
 139.293153,   35.007658,       28.63,
 139.297658,   35.007658,       28.20,
 139.302162,   35.007658,       27.76,
 139.306667,   35.007658,       27.32,
 139.311171,   35.007658,       26.93,
 139.315676,   35.007658,       26.61,
 139.320180,   35.007658,       26.35,
 139.324685,   35.007658,       26.16,
 139.329189,   35.007658,       26.02,
 139.333694,   35.007658,       25.87,
 139.338198,   35.007658,       25.71,
 139.342703,   35.007658,       25.51,
 139.347207,   35.007658,       25.28,
 139.351712,   35.007658,       25.01,
 139.356216,   35.007658,       24.72,
 139.360721,   35.007658,       24.39,
 139.365225,   35.007658,       24.01,
 139.369730,   35.007658,       23.53,
 139.374234,   35.007658,       23.26,
 139.378739,   35.007658,       23.45,
 139.383243,   35.007658,       24.02,
 139.387748,   35.007658,       24.82,
 139.392252,   35.007658,       25.73,
 139.396757,   35.007658,       26.64,
 139.401261,   35.007658,       27.60,
 139.405766,   35.007658,       28.60,
 139.410270,   35.007658,       29.66,
 139.414775,   35.007658,       30.79,
 139.419279,   35.007658,       32.01,
 139.423784,   35.007658,       33.34,
 139.428288,   35.007658,       34.77,
 139.432793,   35.007658,       36.06,
 139.437297,   35.007658,       35.75,
 139.441802,   35.007658,       35.04,
 139.446306,   35.007658,       34.36,
 139.450811,   35.007658,       33.69,
 139.455315,   35.007658,       33.05,
 139.459820,   35.007658,       32.45,
 139.464324,   35.007658,       31.90,
 139.468829,   35.007658,       31.38,
 139.473333,   35.007658,       30.91,
 139.477838,   35.007658,       30.49,
 139.482342,   35.007658,       30.16,
 139.486847,   35.007658,       29.95,
 139.491351,   35.007658,       30.46,
 139.495856,   35.007658,       31.86,
 139.500360,   35.007658,       33.35,
 139.504865,   35.007658,       34.77,
 139.509369,   35.007658,       36.10,
 139.513874,   35.007658,       37.35,
 139.518378,   35.007658,       38.54,
 139.522883,   35.007658,       39.85,
 139.527387,   35.007658,       41.60,
 139.531892,   35.007658,       43.49,
 139.536396,   35.007658,       45.28,
 139.540901,   35.007658,       47.04,
 139.545405,   35.007658,       48.73,
 139.549910,   35.007658,       49.98,
 139.554414,   35.007658,       50.69,
 139.558919,   35.007658,       51.18,
 139.563423,   35.007658,       51.73,
 139.567928,   35.007658,       52.35,
 139.572432,   35.007658,       52.41,
 139.576937,   35.007658,       51.94,
 139.581441,   35.007658,       51.55,
 139.585946,   35.007658,       51.28,
 139.590450,   35.007658,       51.04,
 139.594955,   35.007658,       50.58,
 139.599459,   35.007658,       49.79,
 139.603964,   35.007658,       48.94,
 139.608468,   35.007658,       48.20,
 139.612973,   35.007658,       47.53,
 139.617477,   35.007658,       46.84,
 139.621982,   35.007658,       46.02,
 139.626486,   35.007658,       45.07,
 139.630991,   35.007658,       44.04,
 139.635495,   35.007658,       43.21,
 139.640000,   35.007658,       42.60,
 139.644505,   35.007658,       42.25,
 139.649009,   35.007658,       42.17,
 139.653514,   35.007658,       42.12,
 139.658018,   35.007658,       42.09,
 139.662523,   35.007658,       41.53,
 139.667027,   35.007658,       40.21,
 139.671532,   35.007658,       38.83,
 139.676036,   35.007658,       37.55,
 139.680541,   35.007658,       38.03,
 139.685045,   35.007658,       39.25,
 139.689550,   35.007658,       40.41,
 139.694054,   35.007658,       41.36,
 139.698559,   35.007658,       41.95,
 139.703063,   35.007658,       42.77,
 139.707568,   35.007658,       43.97,
 139.712072,   35.007658,       45.13,
 139.716577,   35.007658,       45.50,
 139.721081,   35.007658,       45.37,
 139.725586,   35.007658,       45.45,
 139.730090,   35.007658,       45.97,
 139.734595,   35.007658,       46.27,
 139.739099,   35.007658,       46.05,
 139.743604,   35.007658,       45.47,
 139.748108,   35.007658,       45.77,
 139.752613,   35.007658,       46.20,
 139.757117,   35.007658,       46.60,
 139.761622,   35.007658,       46.83,
 139.766126,   35.007658,       46.82,
 139.770631,   35.007658,       46.51,
 139.775135,   35.007658,       45.73,
 139.779640,   35.007658,       44.97,
 139.784144,   35.007658,       44.86,
 139.788649,   35.007658,       44.86,
 139.793153,   35.007658,       44.34,
 139.797658,   35.007658,       43.98,
 139.802162,   35.007658,       43.72,
 139.806667,   35.007658,       43.38,
 139.811171,   35.007658,       43.11,
 139.815676,   35.007658,       42.86,
 139.820180,   35.007658,       42.55,
 139.824685,   35.007658,       42.35,
 139.829189,   35.007658,       42.20,
 139.833694,   35.007658,       42.10,
 139.838198,   35.007658,       42.22,
 139.842703,   35.007658,       42.41,
 139.847207,   35.007658,       42.72,
 139.851712,   35.007658,       43.09,
 139.856216,   35.007658,       43.45,
 139.860721,   35.007658,       43.29,
 139.865225,   35.007658,       42.84,
 139.869730,   35.007658,       42.43,
 139.874234,   35.007658,       42.05,
 139.878739,   35.007658,       41.67,
 139.883243,   35.007658,       41.29,
 139.887748,   35.007658,       40.91,
 139.892252,   35.007658,       40.53,
 139.896757,   35.007658,       40.14,
 139.901261,   35.007658,       39.75,
 139.905766,   35.007658,       39.35,
 139.910270,   35.007658,       38.95,
 139.914775,   35.007658,       38.54,
 139.919279,   35.007658,       38.12,
 139.923784,   35.007658,       37.70,
 139.928288,   35.007658,       37.28,
 139.932793,   35.007658,       36.85,
 139.937297,   35.007658,       36.42,
 139.941802,   35.007658,       35.99,
 139.946306,   35.007658,       35.58,
 139.950811,   35.007658,       35.17,
 139.955315,   35.007658,       34.76,
 139.959820,   35.007658,       34.35,
 139.964324,   35.007658,       33.92,
 139.968829,   35.007658,       33.48,
 139.973333,   35.007658,       32.99,
 139.977838,   35.007658,       32.61,
 139.982342,   35.007658,       32.60,
 139.986847,   35.007658,       32.57,
 139.991351,   35.007658,       32.55,
 139.995856,   35.007658,       32.56,
 140.000360,   35.007658,       32.61,
 140.004865,   35.007658,       32.66,
 140.009369,   35.007658,       32.72,
 140.013874,   35.007658,       32.80,
 140.018378,   35.007658,       32.90,
 140.022883,   35.007658,       33.00,
 140.027387,   35.007658,       33.08,
 140.031892,   35.007658,       33.16,
 140.036396,   35.007658,       33.21,
 140.040901,   35.007658,       33.20,
 140.045405,   35.007658,       33.09,
 140.049910,   35.007658,       32.98,
 140.054414,   35.007658,       32.86,
 140.058919,   35.007658,       32.73,
 140.063423,   35.007658,       32.57,
 140.067928,   35.007658,       32.43,
 140.072432,   35.007658,       32.29,
 140.076937,   35.007658,       32.16,
 140.081441,   35.007658,       32.04,
 140.085946,   35.007658,       31.92,
 140.090450,   35.007658,       31.81,
 140.094955,   35.007658,       31.71,
 140.099459,   35.007658,       31.63,
 140.103964,   35.007658,       31.56,
 140.108468,   35.007658,       31.50,
 140.112973,   35.007658,       31.42,
 140.117477,   35.007658,       31.33,
 140.121982,   35.007658,       31.26,
 140.126486,   35.007658,       31.16,
 140.130991,   35.007658,       31.06,
 140.135495,   35.007658,       30.96,
 140.140000,   35.007658,       30.85,
 140.144505,   35.007658,       30.83,
 140.149009,   35.007658,       30.98,
 140.153514,   35.007658,       31.15,
 140.158018,   35.007658,       31.34,
 140.162523,   35.007658,       31.54,
 140.167027,   35.007658,       31.67,
 140.171532,   35.007658,       31.72,
 140.176036,   35.007658,       31.75,
 140.180541,   35.007658,       31.79,
 140.185045,   35.007658,       31.84,
 140.189550,   35.007658,       31.89,
 140.194054,   35.007658,       31.96,
 140.198559,   35.007658,       32.03,
 140.203063,   35.007658,       32.09,
 140.207568,   35.007658,       32.14,
 140.212072,   35.007658,       32.17,
 140.216577,   35.007658,       32.20,
 140.221081,   35.007658,       32.23,
 140.225586,   35.007658,       32.27,
 140.230090,   35.007658,       32.32,
 140.234595,   35.007658,       32.42,
 140.239099,   35.007658,       32.53,
 140.243604,   35.007658,       32.65,
 140.248108,   35.007658,       32.77,
 140.252613,   35.007658,       32.90,
 140.257117,   35.007658,       33.03,
 140.261622,   35.007658,       33.16,
 140.266126,   35.007658,       33.12,
 140.270631,   35.007658,       33.01,
 140.275135,   35.007658,       32.91,
 140.279640,   35.007658,       32.83,
 140.284144,   35.007658,       32.76,
 140.288649,   35.007658,       32.69,
 140.293153,   35.007658,       32.54,
 140.297658,   35.007658,       32.29,
 140.302162,   35.007658,       31.96,
 140.306667,   35.007658,       31.58,
 140.311171,   35.007658,       31.19,
 140.315676,   35.007658,       30.80,
 140.320180,   35.007658,       30.42,
 140.324685,   35.007658,       30.06,
 140.329189,   35.007658,       29.69,
 140.333694,   35.007658,       29.31,
 140.338198,   35.007658,       28.92,
 140.342703,   35.007658,       28.52,
 140.347207,   35.007658,       28.18,
 140.351712,   35.007658,       28.17,
 140.356216,   35.007658,       28.30,
 140.360721,   35.007658,       28.51,
 140.365225,   35.007658,       28.79,
 140.369730,   35.007658,       29.15,
 140.374234,   35.007658,       29.58,
 140.378739,   35.007658,       30.09,
 140.383243,   35.007658,       30.68,
 140.387748,   35.007658,       31.34,
 139.140000,   35.012162,       43.56,
 139.144505,   35.012162,       45.96,
 139.149009,   35.012162,       48.00,
 139.153514,   35.012162,       49.69,
 139.158018,   35.012162,       51.03,
 139.162523,   35.012162,       52.02,
 139.167027,   35.012162,       50.13,
 139.171532,   35.012162,       46.62,
 139.176036,   35.012162,       43.48,
 139.180541,   35.012162,       40.70,
 139.185045,   35.012162,       38.28,
 139.189550,   35.012162,       36.22,
 139.194054,   35.012162,       34.52,
 139.198559,   35.012162,       34.15,
 139.203063,   35.012162,       34.32,
 139.207568,   35.012162,       34.37,
 139.212072,   35.012162,       33.99,
 139.216577,   35.012162,       33.19,
 139.221081,   35.012162,       32.38,
 139.225586,   35.012162,       31.65,
 139.230090,   35.012162,       31.29,
 139.234595,   35.012162,       31.43,
 139.239099,   35.012162,       31.72,
 139.243604,   35.012162,       31.98,
 139.248108,   35.012162,       31.90,
 139.252613,   35.012162,       31.62,
 139.257117,   35.012162,       31.25,
 139.261622,   35.012162,       30.84,
 139.266126,   35.012162,       30.41,
 139.270631,   35.012162,       29.95,
 139.275135,   35.012162,       29.41,
 139.279640,   35.012162,       28.94,
 139.284144,   35.012162,       28.55,
 139.288649,   35.012162,       28.14,
 139.293153,   35.012162,       27.71,
 139.297658,   35.012162,       27.27,
 139.302162,   35.012162,       26.80,
 139.306667,   35.012162,       26.33,
 139.311171,   35.012162,       25.89,
 139.315676,   35.012162,       25.51,
 139.320180,   35.012162,       25.20,
 139.324685,   35.012162,       24.97,
 139.329189,   35.012162,       24.80,
 139.333694,   35.012162,       24.61,
 139.338198,   35.012162,       24.39,
 139.342703,   35.012162,       24.12,
 139.347207,   35.012162,       23.82,
 139.351712,   35.012162,       23.49,
 139.356216,   35.012162,       23.12,
 139.360721,   35.012162,       22.72,
 139.365225,   35.012162,       22.25,
 139.369730,   35.012162,       21.69,
 139.374234,   35.012162,       21.32,
 139.378739,   35.012162,       21.36,
 139.383243,   35.012162,       21.81,
 139.387748,   35.012162,       22.64,
 139.392252,   35.012162,       23.70,
 139.396757,   35.012162,       24.74,
 139.401261,   35.012162,       25.76,
 139.405766,   35.012162,       26.81,
 139.410270,   35.012162,       27.89,
 139.414775,   35.012162,       29.05,
 139.419279,   35.012162,       30.28,
 139.423784,   35.012162,       31.60,
 139.428288,   35.012162,       32.97,
 139.432793,   35.012162,       34.16,
 139.437297,   35.012162,       34.60,
 139.441802,   35.012162,       34.19,
 139.446306,   35.012162,       33.68,
 139.450811,   35.012162,       33.12,
 139.455315,   35.012162,       32.49,
 139.459820,   35.012162,       31.89,
 139.464324,   35.012162,       31.34,
 139.468829,   35.012162,       30.82,
 139.473333,   35.012162,       30.35,
 139.477838,   35.012162,       29.93,
 139.482342,   35.012162,       29.59,
 139.486847,   35.012162,       29.43,
 139.491351,   35.012162,       30.21,
 139.495856,   35.012162,       31.75,
 139.500360,   35.012162,       33.29,
 139.504865,   35.012162,       34.74,
 139.509369,   35.012162,       36.11,
 139.513874,   35.012162,       37.43,
 139.518378,   35.012162,       38.78,
 139.522883,   35.012162,       40.30,
 139.527387,   35.012162,       42.10,
 139.531892,   35.012162,       44.07,
 139.536396,   35.012162,       45.95,
 139.540901,   35.012162,       47.90,
 139.545405,   35.012162,       49.97,
 139.549910,   35.012162,       51.21,
 139.554414,   35.012162,       51.38,
 139.558919,   35.012162,       51.63,
 139.563423,   35.012162,       51.96,
 139.567928,   35.012162,       52.26,
 139.572432,   35.012162,       52.24,
 139.576937,   35.012162,       51.95,
 139.581441,   35.012162,       51.65,
 139.585946,   35.012162,       51.40,
 139.590450,   35.012162,       51.23,
 139.594955,   35.012162,       51.09,
 139.599459,   35.012162,       50.45,
 139.603964,   35.012162,       49.56,
 139.608468,   35.012162,       48.77,
 139.612973,   35.012162,       48.06,
 139.617477,   35.012162,       47.40,
 139.621982,   35.012162,       46.73,
 139.626486,   35.012162,       45.93,
 139.630991,   35.012162,       45.01,
 139.635495,   35.012162,       44.37,
 139.640000,   35.012162,       43.91,
 139.644505,   35.012162,       43.65,
 139.649009,   35.012162,       43.55,
 139.653514,   35.012162,       43.56,
 139.658018,   35.012162,       43.59,
 139.662523,   35.012162,       42.39,
 139.667027,   35.012162,       40.73,
 139.671532,   35.012162,       39.14,
 139.676036,   35.012162,       37.68,
 139.680541,   35.012162,       37.67,
 139.685045,   35.012162,       38.75,
 139.689550,   35.012162,       39.76,
 139.694054,   35.012162,       40.71,
 139.698559,   35.012162,       41.72,
 139.703063,   35.012162,       42.90,
 139.707568,   35.012162,       43.99,
 139.712072,   35.012162,       45.07,
 139.716577,   35.012162,       45.68,
 139.721081,   35.012162,       46.82,
 139.725586,   35.012162,       48.17,
 139.730090,   35.012162,       49.79,
 139.734595,   35.012162,       50.18,
 139.739099,   35.012162,       49.74,
 139.743604,   35.012162,       49.09,
 139.748108,   35.012162,       48.90,
 139.752613,   35.012162,       49.30,
 139.757117,   35.012162,       49.43,
 139.761622,   35.012162,       49.21,
 139.766126,   35.012162,       49.16,
 139.770631,   35.012162,       49.04,
 139.775135,   35.012162,       48.06,
 139.779640,   35.012162,       47.35,
 139.784144,   35.012162,       47.02,
 139.788649,   35.012162,       46.17,
 139.793153,   35.012162,       45.45,
 139.797658,   35.012162,       44.94,
 139.802162,   35.012162,       44.55,
 139.806667,   35.012162,       44.17,
 139.811171,   35.012162,       43.85,
 139.815676,   35.012162,       43.54,
 139.820180,   35.012162,       43.16,
 139.824685,   35.012162,       42.83,
 139.829189,   35.012162,       42.68,
 139.833694,   35.012162,       42.58,
 139.838198,   35.012162,       42.53,
 139.842703,   35.012162,       42.63,
 139.847207,   35.012162,       42.95,
 139.851712,   35.012162,       43.29,
 139.856216,   35.012162,       43.64,
 139.860721,   35.012162,       43.34,
 139.865225,   35.012162,       42.92,
 139.869730,   35.012162,       42.54,
 139.874234,   35.012162,       42.15,
 139.878739,   35.012162,       41.77,
 139.883243,   35.012162,       41.39,
 139.887748,   35.012162,       41.01,
 139.892252,   35.012162,       40.63,
 139.896757,   35.012162,       40.25,
 139.901261,   35.012162,       39.86,
 139.905766,   35.012162,       39.46,
 139.910270,   35.012162,       39.06,
 139.914775,   35.012162,       38.66,
 139.919279,   35.012162,       38.25,
 139.923784,   35.012162,       37.84,
 139.928288,   35.012162,       37.43,
 139.932793,   35.012162,       37.02,
 139.937297,   35.012162,       36.61,
 139.941802,   35.012162,       36.21,
 139.946306,   35.012162,       35.81,
 139.950811,   35.012162,       35.40,
 139.955315,   35.012162,       35.00,
 139.959820,   35.012162,       34.59,
 139.964324,   35.012162,       34.17,
 139.968829,   35.012162,       33.73,
 139.973333,   35.012162,       33.27,
 139.977838,   35.012162,       32.83,
 139.982342,   35.012162,       32.66,
 139.986847,   35.012162,       32.63,
 139.991351,   35.012162,       32.60,
 139.995856,   35.012162,       32.57,
 140.000360,   35.012162,       32.59,
 140.004865,   35.012162,       32.64,
 140.009369,   35.012162,       32.68,
 140.013874,   35.012162,       32.74,
 140.018378,   35.012162,       32.84,
 140.022883,   35.012162,       32.93,
 140.027387,   35.012162,       33.03,
 140.031892,   35.012162,       33.11,
 140.036396,   35.012162,       33.18,
 140.040901,   35.012162,       33.26,
 140.045405,   35.012162,       33.23,
 140.049910,   35.012162,       33.13,
 140.054414,   35.012162,       33.05,
 140.058919,   35.012162,       32.95,
 140.063423,   35.012162,       32.82,
 140.067928,   35.012162,       32.71,
 140.072432,   35.012162,       32.61,
 140.076937,   35.012162,       32.48,
 140.081441,   35.012162,       32.37,
 140.085946,   35.012162,       32.26,
 140.090450,   35.012162,       32.16,
 140.094955,   35.012162,       32.07,
 140.099459,   35.012162,       31.99,
 140.103964,   35.012162,       31.91,
 140.108468,   35.012162,       31.80,
 140.112973,   35.012162,       31.68,
 140.117477,   35.012162,       31.55,
 140.121982,   35.012162,       31.41,
 140.126486,   35.012162,       31.26,
 140.130991,   35.012162,       31.10,
 140.135495,   35.012162,       30.93,
 140.140000,   35.012162,       30.80,
 140.144505,   35.012162,       30.77,
 140.149009,   35.012162,       30.83,
 140.153514,   35.012162,       30.93,
 140.158018,   35.012162,       31.04,
 140.162523,   35.012162,       31.20,
 140.167027,   35.012162,       31.30,
 140.171532,   35.012162,       31.33,
 140.176036,   35.012162,       31.34,
 140.180541,   35.012162,       31.36,
 140.185045,   35.012162,       31.39,
 140.189550,   35.012162,       31.42,
 140.194054,   35.012162,       31.46,
 140.198559,   35.012162,       31.52,
 140.203063,   35.012162,       31.56,
 140.207568,   35.012162,       31.58,
 140.212072,   35.012162,       31.60,
 140.216577,   35.012162,       31.63,
 140.221081,   35.012162,       31.66,
 140.225586,   35.012162,       31.69,
 140.230090,   35.012162,       31.73,
 140.234595,   35.012162,       31.81,
 140.239099,   35.012162,       31.93,
 140.243604,   35.012162,       32.06,
 140.248108,   35.012162,       32.19,
 140.252613,   35.012162,       32.32,
 140.257117,   35.012162,       32.45,
 140.261622,   35.012162,       32.58,
 140.266126,   35.012162,       32.67,
 140.270631,   35.012162,       32.67,
 140.275135,   35.012162,       32.61,
 140.279640,   35.012162,       32.57,
 140.284144,   35.012162,       32.54,
 140.288649,   35.012162,       32.52,
 140.293153,   35.012162,       32.44,
 140.297658,   35.012162,       32.17,
 140.302162,   35.012162,       31.78,
 140.306667,   35.012162,       31.38,
 140.311171,   35.012162,       31.00,
 140.315676,   35.012162,       30.62,
 140.320180,   35.012162,       30.24,
 140.324685,   35.012162,       29.86,
 140.329189,   35.012162,       29.49,
 140.333694,   35.012162,       29.11,
 140.338198,   35.012162,       28.71,
 140.342703,   35.012162,       28.55,
 140.347207,   35.012162,       28.57,
 140.351712,   35.012162,       28.67,
 140.356216,   35.012162,       28.84,
 140.360721,   35.012162,       29.09,
 140.365225,   35.012162,       29.41,
 140.369730,   35.012162,       29.81,
 140.374234,   35.012162,       30.29,
 140.378739,   35.012162,       30.84,
 140.383243,   35.012162,       31.47,
 140.387748,   35.012162,       32.17,
 139.140000,   35.016667,       38.00,
 139.144505,   35.016667,       40.51,
 139.149009,   35.016667,       42.77,
 139.153514,   35.016667,       44.69,
 139.158018,   35.016667,       46.25,
 139.162523,   35.016667,       47.47,
 139.167027,   35.016667,       48.33,
 139.171532,   35.016667,       48.54,
 139.176036,   35.016667,       46.09,
 139.180541,   35.016667,       43.12,
 139.185045,   35.016667,       40.51,
 139.189550,   35.016667,       38.27,
 139.194054,   35.016667,       36.39,
 139.198559,   35.016667,       34.87,
 139.203063,   35.016667,       33.81,
 139.207568,   35.016667,       33.81,
 139.212072,   35.016667,       33.20,
 139.216577,   35.016667,       32.54,
 139.221081,   35.016667,       31.74,
 139.225586,   35.016667,       30.77,
 139.230090,   35.016667,       30.59,
 139.234595,   35.016667,       31.00,
 139.239099,   35.016667,       31.39,
 139.243604,   35.016667,       31.71,
 139.248108,   35.016667,       31.69,
 139.252613,   35.016667,       31.44,
 139.257117,   35.016667,       30.98,
 139.261622,   35.016667,       30.47,
 139.266126,   35.016667,       29.94,
 139.270631,   35.016667,       29.38,
 139.275135,   35.016667,       28.76,
 139.279640,   35.016667,       28.20,
 139.284144,   35.016667,       27.74,
 139.288649,   35.016667,       27.29,
 139.293153,   35.016667,       26.84,
 139.297658,   35.016667,       26.36,
 139.302162,   35.016667,       25.88,
 139.306667,   35.016667,       25.38,
 139.311171,   35.016667,       24.88,
 139.315676,   35.016667,       24.44,
 139.320180,   35.016667,       24.07,
 139.324685,   35.016667,       23.78,
 139.329189,   35.016667,       23.57,
 139.333694,   35.016667,       23.33,
 139.338198,   35.016667,       23.04,
 139.342703,   35.016667,       22.70,
 139.347207,   35.016667,       22.33,
 139.351712,   35.016667,       21.93,
 139.356216,   35.016667,       21.49,
 139.360721,   35.016667,       21.01,
 139.365225,   35.016667,       20.46,
 139.369730,   35.016667,       19.86,
 139.374234,   35.016667,       19.36,
 139.378739,   35.016667,       19.26,
 139.383243,   35.016667,       19.56,
 139.387748,   35.016667,       20.28,
 139.392252,   35.016667,       21.41,
 139.396757,   35.016667,       22.53,
 139.401261,   35.016667,       23.60,
 139.405766,   35.016667,       24.66,
 139.410270,   35.016667,       25.74,
 139.414775,   35.016667,       26.85,
 139.419279,   35.016667,       28.00,
 139.423784,   35.016667,       29.12,
 139.428288,   35.016667,       30.22,
 139.432793,   35.016667,       31.30,
 139.437297,   35.016667,       32.23,
 139.441802,   35.016667,       32.48,
 139.446306,   35.016667,       32.39,
 139.450811,   35.016667,       32.16,
 139.455315,   35.016667,       31.81,
 139.459820,   35.016667,       31.28,
 139.464324,   35.016667,       30.73,
 139.468829,   35.016667,       30.21,
 139.473333,   35.016667,       29.75,
 139.477838,   35.016667,       29.47,
 139.482342,   35.016667,       29.42,
 139.486847,   35.016667,       29.74,
 139.491351,   35.016667,       30.92,
 139.495856,   35.016667,       32.30,
 139.500360,   35.016667,       33.70,
 139.504865,   35.016667,       35.10,
 139.509369,   35.016667,       36.49,
 139.513874,   35.016667,       37.86,
 139.518378,   35.016667,       39.22,
 139.522883,   35.016667,       40.72,
 139.527387,   35.016667,       42.47,
 139.531892,   35.016667,       44.11,
 139.536396,   35.016667,       45.83,
 139.540901,   35.016667,       47.69,
 139.545405,   35.016667,       49.58,
 139.549910,   35.016667,       50.65,
 139.554414,   35.016667,       51.01,
 139.558919,   35.016667,       51.38,
 139.563423,   35.016667,       51.78,
 139.567928,   35.016667,       52.05,
 139.572432,   35.016667,       52.07,
 139.576937,   35.016667,       51.86,
 139.581441,   35.016667,       51.59,
 139.585946,   35.016667,       51.35,
 139.590450,   35.016667,       51.13,
 139.594955,   35.016667,       50.87,
 139.599459,   35.016667,       50.41,
 139.603964,   35.016667,       49.73,
 139.608468,   35.016667,       49.02,
 139.612973,   35.016667,       48.38,
 139.617477,   35.016667,       47.80,
 139.621982,   35.016667,       47.28,
 139.626486,   35.016667,       46.73,
 139.630991,   35.016667,       45.99,
 139.635495,   35.016667,       45.47,
 139.640000,   35.016667,       45.07,
 139.644505,   35.016667,       44.79,
 139.649009,   35.016667,       44.62,
 139.653514,   35.016667,       44.57,
 139.658018,   35.016667,       44.36,
 139.662523,   35.016667,       42.76,
 139.667027,   35.016667,       41.02,
 139.671532,   35.016667,       39.30,
 139.676036,   35.016667,       37.79,
 139.680541,   35.016667,       37.64,
 139.685045,   35.016667,       38.66,
 139.689550,   35.016667,       39.74,
 139.694054,   35.016667,       40.91,
 139.698559,   35.016667,       42.28,
 139.703063,   35.016667,       43.46,
 139.707568,   35.016667,       44.45,
 139.712072,   35.016667,       45.31,
 139.716577,   35.016667,       46.83,
 139.721081,   35.016667,       48.72,
 139.725586,   35.016667,       50.89,
 139.730090,   35.016667,       53.44,
 139.734595,   35.016667,       54.79,
 139.739099,   35.016667,       53.86,
 139.743604,   35.016667,       52.88,
 139.748108,   35.016667,       52.47,
 139.752613,   35.016667,       52.40,
 139.757117,   35.016667,       51.99,
 139.761622,   35.016667,       51.54,
 139.766126,   35.016667,       51.23,
 139.770631,   35.016667,       50.44,
 139.775135,   35.016667,       49.60,
 139.779640,   35.016667,       48.84,
 139.784144,   35.016667,       47.81,
 139.788649,   35.016667,       46.86,
 139.793153,   35.016667,       46.18,
 139.797658,   35.016667,       45.62,
 139.802162,   35.016667,       45.18,
 139.806667,   35.016667,       44.82,
 139.811171,   35.016667,       44.53,
 139.815676,   35.016667,       44.21,
 139.820180,   35.016667,       43.82,
 139.824685,   35.016667,       43.43,
 139.829189,   35.016667,       43.24,
 139.833694,   35.016667,       43.16,
 139.838198,   35.016667,       43.04,
 139.842703,   35.016667,       42.91,
 139.847207,   35.016667,       43.15,
 139.851712,   35.016667,       43.48,
 139.856216,   35.016667,       43.78,
 139.860721,   35.016667,       43.41,
 139.865225,   35.016667,       43.04,
 139.869730,   35.016667,       42.66,
 139.874234,   35.016667,       42.28,
 139.878739,   35.016667,       41.90,
 139.883243,   35.016667,       41.52,
 139.887748,   35.016667,       41.15,
 139.892252,   35.016667,       40.77,
 139.896757,   35.016667,       40.38,
 139.901261,   35.016667,       40.00,
 139.905766,   35.016667,       39.61,
 139.910270,   35.016667,       39.22,
 139.914775,   35.016667,       38.82,
 139.919279,   35.016667,       38.42,
 139.923784,   35.016667,       38.02,
 139.928288,   35.016667,       37.62,
 139.932793,   35.016667,       37.23,
 139.937297,   35.016667,       36.83,
 139.941802,   35.016667,       36.44,
 139.946306,   35.016667,       36.05,
 139.950811,   35.016667,       35.65,
 139.955315,   35.016667,       35.25,
 139.959820,   35.016667,       34.85,
 139.964324,   35.016667,       34.44,
 139.968829,   35.016667,       34.02,
 139.973333,   35.016667,       33.59,
 139.977838,   35.016667,       33.18,
 139.982342,   35.016667,       32.78,
 139.986847,   35.016667,       32.69,
 139.991351,   35.016667,       32.65,
 139.995856,   35.016667,       32.62,
 140.000360,   35.016667,       32.60,
 140.004865,   35.016667,       32.63,
 140.009369,   35.016667,       32.67,
 140.013874,   35.016667,       32.70,
 140.018378,   35.016667,       32.76,
 140.022883,   35.016667,       32.86,
 140.027387,   35.016667,       32.95,
 140.031892,   35.016667,       33.04,
 140.036396,   35.016667,       33.12,
 140.040901,   35.016667,       33.22,
 140.045405,   35.016667,       33.28,
 140.049910,   35.016667,       33.25,
 140.054414,   35.016667,       33.23,
 140.058919,   35.016667,       33.15,
 140.063423,   35.016667,       33.03,
 140.067928,   35.016667,       32.92,
 140.072432,   35.016667,       32.85,
 140.076937,   35.016667,       32.77,
 140.081441,   35.016667,       32.67,
 140.085946,   35.016667,       32.58,
 140.090450,   35.016667,       32.50,
 140.094955,   35.016667,       32.42,
 140.099459,   35.016667,       32.36,
 140.103964,   35.016667,       32.31,
 140.108468,   35.016667,       32.19,
 140.112973,   35.016667,       32.03,
 140.117477,   35.016667,       31.86,
 140.121982,   35.016667,       31.64,
 140.126486,   35.016667,       31.36,
 140.130991,   35.016667,       31.12,
 140.135495,   35.016667,       30.88,
 140.140000,   35.016667,       30.74,
 140.144505,   35.016667,       30.75,
 140.149009,   35.016667,       30.79,
 140.153514,   35.016667,       30.81,
 140.158018,   35.016667,       30.83,
 140.162523,   35.016667,       30.86,
 140.167027,   35.016667,       30.92,
 140.171532,   35.016667,       30.95,
 140.176036,   35.016667,       30.97,
 140.180541,   35.016667,       30.97,
 140.185045,   35.016667,       30.97,
 140.189550,   35.016667,       30.97,
 140.194054,   35.016667,       30.96,
 140.198559,   35.016667,       31.00,
 140.203063,   35.016667,       31.00,
 140.207568,   35.016667,       31.01,
 140.212072,   35.016667,       31.02,
 140.216577,   35.016667,       31.05,
 140.221081,   35.016667,       31.07,
 140.225586,   35.016667,       31.10,
 140.230090,   35.016667,       31.14,
 140.234595,   35.016667,       31.21,
 140.239099,   35.016667,       31.33,
 140.243604,   35.016667,       31.46,
 140.248108,   35.016667,       31.59,
 140.252613,   35.016667,       31.73,
 140.257117,   35.016667,       31.87,
 140.261622,   35.016667,       32.00,
 140.266126,   35.016667,       32.11,
 140.270631,   35.016667,       32.17,
 140.275135,   35.016667,       32.20,
 140.279640,   35.016667,       32.21,
 140.284144,   35.016667,       32.22,
 140.288649,   35.016667,       32.25,
 140.293153,   35.016667,       32.31,
 140.297658,   35.016667,       31.97,
 140.302162,   35.016667,       31.56,
 140.306667,   35.016667,       31.16,
 140.311171,   35.016667,       30.77,
 140.315676,   35.016667,       30.40,
 140.320180,   35.016667,       30.03,
 140.324685,   35.016667,       29.67,
 140.329189,   35.016667,       29.30,
 140.333694,   35.016667,       28.99,
 140.338198,   35.016667,       28.90,
 140.342703,   35.016667,       28.88,
 140.347207,   35.016667,       28.95,
 140.351712,   35.016667,       29.08,
 140.356216,   35.016667,       29.30,
 140.360721,   35.016667,       29.59,
 140.365225,   35.016667,       29.96,
 140.369730,   35.016667,       30.40,
 140.374234,   35.016667,       30.92,
 140.378739,   35.016667,       31.51,
 140.383243,   35.016667,       31.87,
 140.387748,   35.016667,       32.03,
 139.140000,   35.021171,       38.28,
 139.144505,   35.021171,       37.79,
 139.149009,   35.021171,       37.90,
 139.153514,   35.021171,       40.04,
 139.158018,   35.021171,       41.83,
 139.162523,   35.021171,       43.27,
 139.167027,   35.021171,       44.36,
 139.171532,   35.021171,       45.09,
 139.176036,   35.021171,       45.48,
 139.180541,   35.021171,       45.00,
 139.185045,   35.021171,       42.39,
 139.189550,   35.021171,       39.96,
 139.194054,   35.021171,       37.90,
 139.198559,   35.021171,       36.19,
 139.203063,   35.021171,       34.85,
 139.207568,   35.021171,       33.82,
 139.212072,   35.021171,       33.10,
 139.216577,   35.021171,       32.42,
 139.221081,   35.021171,       31.72,
 139.225586,   35.021171,       31.18,
 139.230090,   35.021171,       30.97,
 139.234595,   35.021171,       31.10,
 139.239099,   35.021171,       31.27,
 139.243604,   35.021171,       31.49,
 139.248108,   35.021171,       31.54,
 139.252613,   35.021171,       31.18,
 139.257117,   35.021171,       30.60,
 139.261622,   35.021171,       30.01,
 139.266126,   35.021171,       29.40,
 139.270631,   35.021171,       28.76,
 139.275135,   35.021171,       28.11,
 139.279640,   35.021171,       27.50,
 139.284144,   35.021171,       26.98,
 139.288649,   35.021171,       26.49,
 139.293153,   35.021171,       26.00,
 139.297658,   35.021171,       25.50,
 139.302162,   35.021171,       24.99,
 139.306667,   35.021171,       24.46,
 139.311171,   35.021171,       23.93,
 139.315676,   35.021171,       23.40,
 139.320180,   35.021171,       22.95,
 139.324685,   35.021171,       22.59,
 139.329189,   35.021171,       22.33,
 139.333694,   35.021171,       22.03,
 139.338198,   35.021171,       21.67,
 139.342703,   35.021171,       21.27,
 139.347207,   35.021171,       20.85,
 139.351712,   35.021171,       20.39,
 139.356216,   35.021171,       19.89,
 139.360721,   35.021171,       19.34,
 139.365225,   35.021171,       18.71,
 139.369730,   35.021171,       18.06,
 139.374234,   35.021171,       17.43,
 139.378739,   35.021171,       17.13,
 139.383243,   35.021171,       17.26,
 139.387748,   35.021171,       17.89,
 139.392252,   35.021171,       18.97,
 139.396757,   35.021171,       20.04,
 139.401261,   35.021171,       21.09,
 139.405766,   35.021171,       22.12,
 139.410270,   35.021171,       23.16,
 139.414775,   35.021171,       24.20,
 139.419279,   35.021171,       25.24,
 139.423784,   35.021171,       26.29,
 139.428288,   35.021171,       27.34,
 139.432793,   35.021171,       28.41,
 139.437297,   35.021171,       29.53,
 139.441802,   35.021171,       30.27,
 139.446306,   35.021171,       30.64,
 139.450811,   35.021171,       30.79,
 139.455315,   35.021171,       30.78,
 139.459820,   35.021171,       30.57,
 139.464324,   35.021171,       30.06,
 139.468829,   35.021171,       29.55,
 139.473333,   35.021171,       29.23,
 139.477838,   35.021171,       29.22,
 139.482342,   35.021171,       29.51,
 139.486847,   35.021171,       30.29,
 139.491351,   35.021171,       31.64,
 139.495856,   35.021171,       33.01,
 139.500360,   35.021171,       34.38,
 139.504865,   35.021171,       35.75,
 139.509369,   35.021171,       37.11,
 139.513874,   35.021171,       38.45,
 139.518378,   35.021171,       39.76,
 139.522883,   35.021171,       41.09,
 139.527387,   35.021171,       42.26,
 139.531892,   35.021171,       43.58,
 139.536396,   35.021171,       45.07,
 139.540901,   35.021171,       46.64,
 139.545405,   35.021171,       48.01,
 139.549910,   35.021171,       49.09,
 139.554414,   35.021171,       49.82,
 139.558919,   35.021171,       50.45,
 139.563423,   35.021171,       51.11,
 139.567928,   35.021171,       51.74,
 139.572432,   35.021171,       51.90,
 139.576937,   35.021171,       51.70,
 139.581441,   35.021171,       51.45,
 139.585946,   35.021171,       51.20,
 139.590450,   35.021171,       50.95,
 139.594955,   35.021171,       50.67,
 139.599459,   35.021171,       50.28,
 139.603964,   35.021171,       49.74,
 139.608468,   35.021171,       49.13,
 139.612973,   35.021171,       48.64,
 139.617477,   35.021171,       48.21,
 139.621982,   35.021171,       47.81,
 139.626486,   35.021171,       47.40,
 139.630991,   35.021171,       47.04,
 139.635495,   35.021171,       46.57,
 139.640000,   35.021171,       46.13,
 139.644505,   35.021171,       45.74,
 139.649009,   35.021171,       45.45,
 139.653514,   35.021171,       45.24,
 139.658018,   35.021171,       44.56,
 139.662523,   35.021171,       43.00,
 139.667027,   35.021171,       41.21,
 139.671532,   35.021171,       39.41,
 139.676036,   35.021171,       37.67,
 139.680541,   35.021171,       37.76,
 139.685045,   35.021171,       39.10,
 139.689550,   35.021171,       40.45,
 139.694054,   35.021171,       41.88,
 139.698559,   35.021171,       43.19,
 139.703063,   35.021171,       44.31,
 139.707568,   35.021171,       45.47,
 139.712072,   35.021171,       46.71,
 139.716577,   35.021171,       48.48,
 139.721081,   35.021171,       50.53,
 139.725586,   35.021171,       52.93,
 139.730090,   35.021171,       55.55,
 139.734595,   35.021171,       57.26,
 139.739099,   35.021171,       56.21,
 139.743604,   35.021171,       55.13,
 139.748108,   35.021171,       54.79,
 139.752613,   35.021171,       54.90,
 139.757117,   35.021171,       54.44,
 139.761622,   35.021171,       53.79,
 139.766126,   35.021171,       52.50,
 139.770631,   35.021171,       51.54,
 139.775135,   35.021171,       50.76,
 139.779640,   35.021171,       49.56,
 139.784144,   35.021171,       48.36,
 139.788649,   35.021171,       47.29,
 139.793153,   35.021171,       46.64,
 139.797658,   35.021171,       46.13,
 139.802162,   35.021171,       45.69,
 139.806667,   35.021171,       45.36,
 139.811171,   35.021171,       45.12,
 139.815676,   35.021171,       44.90,
 139.820180,   35.021171,       44.54,
 139.824685,   35.021171,       44.19,
 139.829189,   35.021171,       43.91,
 139.833694,   35.021171,       43.77,
 139.838198,   35.021171,       43.57,
 139.842703,   35.021171,       43.37,
 139.847207,   35.021171,       43.39,
 139.851712,   35.021171,       43.67,
 139.856216,   35.021171,       43.85,
 139.860721,   35.021171,       43.49,
 139.865225,   35.021171,       43.15,
 139.869730,   35.021171,       42.79,
 139.874234,   35.021171,       42.43,
 139.878739,   35.021171,       42.06,
 139.883243,   35.021171,       41.69,
 139.887748,   35.021171,       41.31,
 139.892252,   35.021171,       40.93,
 139.896757,   35.021171,       40.55,
 139.901261,   35.021171,       40.17,
 139.905766,   35.021171,       39.78,
 139.910270,   35.021171,       39.40,
 139.914775,   35.021171,       39.01,
 139.919279,   35.021171,       38.62,
 139.923784,   35.021171,       38.23,
 139.928288,   35.021171,       37.84,
 139.932793,   35.021171,       37.45,
 139.937297,   35.021171,       37.06,
 139.941802,   35.021171,       36.67,
 139.946306,   35.021171,       36.28,
 139.950811,   35.021171,       35.90,
 139.955315,   35.021171,       35.51,
 139.959820,   35.021171,       35.12,
 139.964324,   35.021171,       34.72,
 139.968829,   35.021171,       34.32,
 139.973333,   35.021171,       33.92,
 139.977838,   35.021171,       33.53,
 139.982342,   35.021171,       33.16,
 139.986847,   35.021171,       32.80,
 139.991351,   35.021171,       32.71,
 139.995856,   35.021171,       32.68,
 140.000360,   35.021171,       32.65,
 140.004865,   35.021171,       32.63,
 140.009369,   35.021171,       32.66,
 140.013874,   35.021171,       32.69,
 140.018378,   35.021171,       32.71,
 140.022883,   35.021171,       32.77,
 140.027387,   35.021171,       32.87,
 140.031892,   35.021171,       32.97,
 140.036396,   35.021171,       33.06,
 140.040901,   35.021171,       33.17,
 140.045405,   35.021171,       33.29,
 140.049910,   35.021171,       33.27,
 140.054414,   35.021171,       33.26,
 140.058919,   35.021171,       33.25,
 140.063423,   35.021171,       33.21,
 140.067928,   35.021171,       33.13,
 140.072432,   35.021171,       33.07,
 140.076937,   35.021171,       33.00,
 140.081441,   35.021171,       32.92,
 140.085946,   35.021171,       32.83,
 140.090450,   35.021171,       32.75,
 140.094955,   35.021171,       32.71,
 140.099459,   35.021171,       32.68,
 140.103964,   35.021171,       32.67,
 140.108468,   35.021171,       32.56,
 140.112973,   35.021171,       32.35,
 140.117477,   35.021171,       32.16,
 140.121982,   35.021171,       31.92,
 140.126486,   35.021171,       31.59,
 140.130991,   35.021171,       31.27,
 140.135495,   35.021171,       30.93,
 140.140000,   35.021171,       30.68,
 140.144505,   35.021171,       30.78,
 140.149009,   35.021171,       30.83,
 140.153514,   35.021171,       30.87,
 140.158018,   35.021171,       30.84,
 140.162523,   35.021171,       30.68,
 140.167027,   35.021171,       30.58,
 140.171532,   35.021171,       30.59,
 140.176036,   35.021171,       30.61,
 140.180541,   35.021171,       30.63,
 140.185045,   35.021171,       30.63,
 140.189550,   35.021171,       30.63,
 140.194054,   35.021171,       30.58,
 140.198559,   35.021171,       30.44,
 140.203063,   35.021171,       30.41,
 140.207568,   35.021171,       30.41,
 140.212072,   35.021171,       30.43,
 140.216577,   35.021171,       30.45,
 140.221081,   35.021171,       30.47,
 140.225586,   35.021171,       30.50,
 140.230090,   35.021171,       30.53,
 140.234595,   35.021171,       30.61,
 140.239099,   35.021171,       30.72,
 140.243604,   35.021171,       30.86,
 140.248108,   35.021171,       31.01,
 140.252613,   35.021171,       31.15,
 140.257117,   35.021171,       31.29,
 140.261622,   35.021171,       31.43,
 140.266126,   35.021171,       31.55,
 140.270631,   35.021171,       31.63,
 140.275135,   35.021171,       31.67,
 140.279640,   35.021171,       31.70,
 140.284144,   35.021171,       31.72,
 140.288649,   35.021171,       31.75,
 140.293153,   35.021171,       31.76,
 140.297658,   35.021171,       31.60,
 140.302162,   35.021171,       31.28,
 140.306667,   35.021171,       30.89,
 140.311171,   35.021171,       30.51,
 140.315676,   35.021171,       30.14,
 140.320180,   35.021171,       29.80,
 140.324685,   35.021171,       29.48,
 140.329189,   35.021171,       29.25,
 140.333694,   35.021171,       29.16,
 140.338198,   35.021171,       29.11,
 140.342703,   35.021171,       29.14,
 140.347207,   35.021171,       29.24,
 140.351712,   35.021171,       29.43,
 140.356216,   35.021171,       29.68,
 140.360721,   35.021171,       30.02,
 140.365225,   35.021171,       30.42,
 140.369730,   35.021171,       30.91,
 140.374234,   35.021171,       31.35,
 140.378739,   35.021171,       31.49,
 140.383243,   35.021171,       31.64,
 140.387748,   35.021171,       31.81,
 139.140000,   35.025676,       38.79,
 139.144505,   35.025676,       38.28,
 139.149009,   35.025676,       37.79,
 139.153514,   35.025676,       37.34,
 139.158018,   35.025676,       37.76,
 139.162523,   35.025676,       39.42,
 139.167027,   35.025676,       40.74,
 139.171532,   35.025676,       41.70,
 139.176036,   35.025676,       42.31,
 139.180541,   35.025676,       42.57,
 139.185045,   35.025676,       42.48,
 139.189550,   35.025676,       41.30,
 139.194054,   35.025676,       39.05,
 139.198559,   35.025676,       37.16,
 139.203063,   35.025676,       35.72,
 139.207568,   35.025676,       34.58,
 139.212072,   35.025676,       33.67,
 139.216577,   35.025676,       32.86,
 139.221081,   35.025676,       32.17,
 139.225586,   35.025676,       31.77,
 139.230090,   35.025676,       31.56,
 139.234595,   35.025676,       31.42,
 139.239099,   35.025676,       31.39,
 139.243604,   35.025676,       31.41,
 139.248108,   35.025676,       31.44,
 139.252613,   35.025676,       30.82,
 139.257117,   35.025676,       30.14,
 139.261622,   35.025676,       29.47,
 139.266126,   35.025676,       28.80,
 139.270631,   35.025676,       28.12,
 139.275135,   35.025676,       27.45,
 139.279640,   35.025676,       26.83,
 139.284144,   35.025676,       26.25,
 139.288649,   35.025676,       25.72,
 139.293153,   35.025676,       25.21,
 139.297658,   35.025676,       24.70,
 139.302162,   35.025676,       24.18,
 139.306667,   35.025676,       23.64,
 139.311171,   35.025676,       23.08,
 139.315676,   35.025676,       22.50,
 139.320180,   35.025676,       21.90,
 139.324685,   35.025676,       21.41,
 139.329189,   35.025676,       21.08,
 139.333694,   35.025676,       20.71,
 139.338198,   35.025676,       20.30,
 139.342703,   35.025676,       19.86,
 139.347207,   35.025676,       19.40,
 139.351712,   35.025676,       18.89,
 139.356216,   35.025676,       18.34,
 139.360721,   35.025676,       17.73,
 139.365225,   35.025676,       17.08,
 139.369730,   35.025676,       16.40,
 139.374234,   35.025676,       15.69,
 139.378739,   35.025676,       15.06,
 139.383243,   35.025676,       14.93,
 139.387748,   35.025676,       15.47,
 139.392252,   35.025676,       16.49,
 139.396757,   35.025676,       17.48,
 139.401261,   35.025676,       18.46,
 139.405766,   35.025676,       19.43,
 139.410270,   35.025676,       20.41,
 139.414775,   35.025676,       21.39,
 139.419279,   35.025676,       22.38,
 139.423784,   35.025676,       23.39,
 139.428288,   35.025676,       24.41,
 139.432793,   35.025676,       25.49,
 139.437297,   35.025676,       26.66,
 139.441802,   35.025676,       27.75,
 139.446306,   35.025676,       28.54,
 139.450811,   35.025676,       29.08,
 139.455315,   35.025676,       29.43,
 139.459820,   35.025676,       29.58,
 139.464324,   35.025676,       29.35,
 139.468829,   35.025676,       28.89,
 139.473333,   35.025676,       28.82,
 139.477838,   35.025676,       29.12,
 139.482342,   35.025676,       29.79,
 139.486847,   35.025676,       30.99,
 139.491351,   35.025676,       32.37,
 139.495856,   35.025676,       33.74,
 139.500360,   35.025676,       35.10,
 139.504865,   35.025676,       36.45,
 139.509369,   35.025676,       37.80,
 139.513874,   35.025676,       39.11,
 139.518378,   35.025676,       40.26,
 139.522883,   35.025676,       41.00,
 139.527387,   35.025676,       41.62,
 139.531892,   35.025676,       42.58,
 139.536396,   35.025676,       43.77,
 139.540901,   35.025676,       45.14,
 139.545405,   35.025676,       46.37,
 139.549910,   35.025676,       47.45,
 139.554414,   35.025676,       48.40,
 139.558919,   35.025676,       49.31,
 139.563423,   35.025676,       50.21,
 139.567928,   35.025676,       51.09,
 139.572432,   35.025676,       51.76,
 139.576937,   35.025676,       51.52,
 139.581441,   35.025676,       51.27,
 139.585946,   35.025676,       51.01,
 139.590450,   35.025676,       50.75,
 139.594955,   35.025676,       50.48,
 139.599459,   35.025676,       50.11,
 139.603964,   35.025676,       49.66,
 139.608468,   35.025676,       49.29,
 139.612973,   35.025676,       49.02,
 139.617477,   35.025676,       48.79,
 139.621982,   35.025676,       48.57,
 139.626486,   35.025676,       48.38,
 139.630991,   35.025676,       48.16,
 139.635495,   35.025676,       47.70,
 139.640000,   35.025676,       47.17,
 139.644505,   35.025676,       46.65,
 139.649009,   35.025676,       46.17,
 139.653514,   35.025676,       45.72,
 139.658018,   35.025676,       44.89,
 139.662523,   35.025676,       43.32,
 139.667027,   35.025676,       41.69,
 139.671532,   35.025676,       40.02,
 139.676036,   35.025676,       38.23,
 139.680541,   35.025676,       38.63,
 139.685045,   35.025676,       40.16,
 139.689550,   35.025676,       41.60,
 139.694054,   35.025676,       42.95,
 139.698559,   35.025676,       44.25,
 139.703063,   35.025676,       45.46,
 139.707568,   35.025676,       46.80,
 139.712072,   35.025676,       48.22,
 139.716577,   35.025676,       49.90,
 139.721081,   35.025676,       51.89,
 139.725586,   35.025676,       54.18,
 139.730090,   35.025676,       55.90,
 139.734595,   35.025676,       56.60,
 139.739099,   35.025676,       56.43,
 139.743604,   35.025676,       55.88,
 139.748108,   35.025676,       55.60,
 139.752613,   35.025676,       56.34,
 139.757117,   35.025676,       56.76,
 139.761622,   35.025676,       55.03,
 139.766126,   35.025676,       53.30,
 139.770631,   35.025676,       52.18,
 139.775135,   35.025676,       51.04,
 139.779640,   35.025676,       49.83,
 139.784144,   35.025676,       48.70,
 139.788649,   35.025676,       47.68,
 139.793153,   35.025676,       46.95,
 139.797658,   35.025676,       46.46,
 139.802162,   35.025676,       46.05,
 139.806667,   35.025676,       45.75,
 139.811171,   35.025676,       45.54,
 139.815676,   35.025676,       45.43,
 139.820180,   35.025676,       45.22,
 139.824685,   35.025676,       44.89,
 139.829189,   35.025676,       44.60,
 139.833694,   35.025676,       44.29,
 139.838198,   35.025676,       43.95,
 139.842703,   35.025676,       43.72,
 139.847207,   35.025676,       43.65,
 139.851712,   35.025676,       43.91,
 139.856216,   35.025676,       43.90,
 139.860721,   35.025676,       43.61,
 139.865225,   35.025676,       43.29,
 139.869730,   35.025676,       42.95,
 139.874234,   35.025676,       42.59,
 139.878739,   35.025676,       42.23,
 139.883243,   35.025676,       41.87,
 139.887748,   35.025676,       41.49,
 139.892252,   35.025676,       41.12,
 139.896757,   35.025676,       40.74,
 139.901261,   35.025676,       40.36,
 139.905766,   35.025676,       39.98,
 139.910270,   35.025676,       39.59,
 139.914775,   35.025676,       39.21,
 139.919279,   35.025676,       38.82,
 139.923784,   35.025676,       38.44,
 139.928288,   35.025676,       38.05,
 139.932793,   35.025676,       37.67,
 139.937297,   35.025676,       37.28,
 139.941802,   35.025676,       36.90,
 139.946306,   35.025676,       36.52,
 139.950811,   35.025676,       36.14,
 139.955315,   35.025676,       35.76,
 139.959820,   35.025676,       35.38,
 139.964324,   35.025676,       34.99,
 139.968829,   35.025676,       34.61,
 139.973333,   35.025676,       34.23,
 139.977838,   35.025676,       33.87,
 139.982342,   35.025676,       33.52,
 139.986847,   35.025676,       33.17,
 139.991351,   35.025676,       32.83,
 139.995856,   35.025676,       32.73,
 140.000360,   35.025676,       32.69,
 140.004865,   35.025676,       32.67,
 140.009369,   35.025676,       32.67,
 140.013874,   35.025676,       32.69,
 140.018378,   35.025676,       32.71,
 140.022883,   35.025676,       32.71,
 140.027387,   35.025676,       32.78,
 140.031892,   35.025676,       32.87,
 140.036396,   35.025676,       32.97,
 140.040901,   35.025676,       33.08,
 140.045405,   35.025676,       33.18,
 140.049910,   35.025676,       33.25,
 140.054414,   35.025676,       33.26,
 140.058919,   35.025676,       33.25,
 140.063423,   35.025676,       33.25,
 140.067928,   35.025676,       33.24,
 140.072432,   35.025676,       33.20,
 140.076937,   35.025676,       33.19,
 140.081441,   35.025676,       33.12,
 140.085946,   35.025676,       33.04,
 140.090450,   35.025676,       32.99,
 140.094955,   35.025676,       32.95,
 140.099459,   35.025676,       32.90,
 140.103964,   35.025676,       32.85,
 140.108468,   35.025676,       32.75,
 140.112973,   35.025676,       32.58,
 140.117477,   35.025676,       32.41,
 140.121982,   35.025676,       32.21,
 140.126486,   35.025676,       31.91,
 140.130991,   35.025676,       31.60,
 140.135495,   35.025676,       31.28,
 140.140000,   35.025676,       31.02,
 140.144505,   35.025676,       30.95,
 140.149009,   35.025676,       30.95,
 140.153514,   35.025676,       30.97,
 140.158018,   35.025676,       30.86,
 140.162523,   35.025676,       30.61,
 140.167027,   35.025676,       30.33,
 140.171532,   35.025676,       30.26,
 140.176036,   35.025676,       30.29,
 140.180541,   35.025676,       30.33,
 140.185045,   35.025676,       30.36,
 140.189550,   35.025676,       30.33,
 140.194054,   35.025676,       30.21,
 140.198559,   35.025676,       29.98,
 140.203063,   35.025676,       29.84,
 140.207568,   35.025676,       29.80,
 140.212072,   35.025676,       29.81,
 140.216577,   35.025676,       29.84,
 140.221081,   35.025676,       29.87,
 140.225586,   35.025676,       29.90,
 140.230090,   35.025676,       29.93,
 140.234595,   35.025676,       29.99,
 140.239099,   35.025676,       30.13,
 140.243604,   35.025676,       30.28,
 140.248108,   35.025676,       30.44,
 140.252613,   35.025676,       30.59,
 140.257117,   35.025676,       30.73,
 140.261622,   35.025676,       30.88,
 140.266126,   35.025676,       31.00,
 140.270631,   35.025676,       31.09,
 140.275135,   35.025676,       31.14,
 140.279640,   35.025676,       31.16,
 140.284144,   35.025676,       31.18,
 140.288649,   35.025676,       31.21,
 140.293153,   35.025676,       31.22,
 140.297658,   35.025676,       31.13,
 140.302162,   35.025676,       30.90,
 140.306667,   35.025676,       30.56,
 140.311171,   35.025676,       30.19,
 140.315676,   35.025676,       29.88,
 140.320180,   35.025676,       29.60,
 140.324685,   35.025676,       29.38,
 140.329189,   35.025676,       29.26,
 140.333694,   35.025676,       29.25,
 140.338198,   35.025676,       29.25,
 140.342703,   35.025676,       29.32,
 140.347207,   35.025676,       29.47,
 140.351712,   35.025676,       29.69,
 140.356216,   35.025676,       29.99,
 140.360721,   35.025676,       30.37,
 140.365225,   35.025676,       30.82,
 140.369730,   35.025676,       30.96,
 140.374234,   35.025676,       31.10,
 140.378739,   35.025676,       31.24,
 140.383243,   35.025676,       31.40,
 140.387748,   35.025676,       31.57,
 139.140000,   35.030180,       39.26,
 139.144505,   35.030180,       38.73,
 139.149009,   35.030180,       38.23,
 139.153514,   35.030180,       37.75,
 139.158018,   35.030180,       37.31,
 139.162523,   35.030180,       36.89,
 139.167027,   35.030180,       37.47,
 139.171532,   35.030180,       38.65,
 139.176036,   35.030180,       39.49,
 139.180541,   35.030180,       39.98,
 139.185045,   35.030180,       40.11,
 139.189550,   35.030180,       39.90,
 139.194054,   35.030180,       39.33,
 139.198559,   35.030180,       37.76,
 139.203063,   35.030180,       36.32,
 139.207568,   35.030180,       35.12,
 139.212072,   35.030180,       34.16,
 139.216577,   35.030180,       33.35,
 139.221081,   35.030180,       32.64,
 139.225586,   35.030180,       32.25,
 139.230090,   35.030180,       31.88,
 139.234595,   35.030180,       31.57,
 139.239099,   35.030180,       31.37,
 139.243604,   35.030180,       31.25,
 139.248108,   35.030180,       30.95,
 139.252613,   35.030180,       30.26,
 139.257117,   35.030180,       29.56,
 139.261622,   35.030180,       28.86,
 139.266126,   35.030180,       28.16,
 139.270631,   35.030180,       27.46,
 139.275135,   35.030180,       26.79,
 139.279640,   35.030180,       26.16,
 139.284144,   35.030180,       25.56,
 139.288649,   35.030180,       25.01,
 139.293153,   35.030180,       24.51,
 139.297658,   35.030180,       24.00,
 139.302162,   35.030180,       23.49,
 139.306667,   35.030180,       22.95,
 139.311171,   35.030180,       22.38,
 139.315676,   35.030180,       21.78,
 139.320180,   35.030180,       21.13,
 139.324685,   35.030180,       20.45,
 139.329189,   35.030180,       19.82,
 139.333694,   35.030180,       19.41,
 139.338198,   35.030180,       18.97,
 139.342703,   35.030180,       18.49,
 139.347207,   35.030180,       17.97,
 139.351712,   35.030180,       17.43,
 139.356216,   35.030180,       16.85,
 139.360721,   35.030180,       16.24,
 139.365225,   35.030180,       15.58,
 139.369730,   35.030180,       14.87,
 139.374234,   35.030180,       14.12,
 139.378739,   35.030180,       13.33,
 139.383243,   35.030180,       12.64,
 139.387748,   35.030180,       13.00,
 139.392252,   35.030180,       13.94,
 139.396757,   35.030180,       14.84,
 139.401261,   35.030180,       15.75,
 139.405766,   35.030180,       16.66,
 139.410270,   35.030180,       17.58,
 139.414775,   35.030180,       18.51,
 139.419279,   35.030180,       19.46,
 139.423784,   35.030180,       20.43,
 139.428288,   35.030180,       21.45,
 139.432793,   35.030180,       22.54,
 139.437297,   35.030180,       23.72,
 139.441802,   35.030180,       24.97,
 139.446306,   35.030180,       26.12,
 139.450811,   35.030180,       27.06,
 139.455315,   35.030180,       27.80,
 139.459820,   35.030180,       28.35,
 139.464324,   35.030180,       28.52,
 139.468829,   35.030180,       28.24,
 139.473333,   35.030180,       28.49,
 139.477838,   35.030180,       29.18,
 139.482342,   35.030180,       30.30,
 139.486847,   35.030180,       31.69,
 139.491351,   35.030180,       33.09,
 139.495856,   35.030180,       34.47,
 139.500360,   35.030180,       35.84,
 139.504865,   35.030180,       37.20,
 139.509369,   35.030180,       38.54,
 139.513874,   35.030180,       39.67,
 139.518378,   35.030180,       40.52,
 139.522883,   35.030180,       40.98,
 139.527387,   35.030180,       41.26,
 139.531892,   35.030180,       41.78,
 139.536396,   35.030180,       42.49,
 139.540901,   35.030180,       43.56,
 139.545405,   35.030180,       44.78,
 139.549910,   35.030180,       45.90,
 139.554414,   35.030180,       47.11,
 139.558919,   35.030180,       48.31,
 139.563423,   35.030180,       49.44,
 139.567928,   35.030180,       50.54,
 139.572432,   35.030180,       51.42,
 139.576937,   35.030180,       51.40,
 139.581441,   35.030180,       51.14,
 139.585946,   35.030180,       50.86,
 139.590450,   35.030180,       50.58,
 139.594955,   35.030180,       50.30,
 139.599459,   35.030180,       49.96,
 139.603964,   35.030180,       49.63,
 139.608468,   35.030180,       49.55,
 139.612973,   35.030180,       49.53,
 139.617477,   35.030180,       49.51,
 139.621982,   35.030180,       49.52,
 139.626486,   35.030180,       49.50,
 139.630991,   35.030180,       49.32,
 139.635495,   35.030180,       48.85,
 139.640000,   35.030180,       48.21,
 139.644505,   35.030180,       47.57,
 139.649009,   35.030180,       46.91,
 139.653514,   35.030180,       46.26,
 139.658018,   35.030180,       45.35,
 139.662523,   35.030180,       44.04,
 139.667027,   35.030180,       42.79,
 139.671532,   35.030180,       41.51,
 139.676036,   35.030180,       40.37,
 139.680541,   35.030180,       40.49,
 139.685045,   35.030180,       41.75,
 139.689550,   35.030180,       43.07,
 139.694054,   35.030180,       44.27,
 139.698559,   35.030180,       45.39,
 139.703063,   35.030180,       46.72,
 139.707568,   35.030180,       48.14,
 139.712072,   35.030180,       49.64,
 139.716577,   35.030180,       51.23,
 139.721081,   35.030180,       53.02,
 139.725586,   35.030180,       54.91,
 139.730090,   35.030180,       55.85,
 139.734595,   35.030180,       56.06,
 139.739099,   35.030180,       56.09,
 139.743604,   35.030180,       55.95,
 139.748108,   35.030180,       55.97,
 139.752613,   35.030180,       56.22,
 139.757117,   35.030180,       56.38,
 139.761622,   35.030180,       54.97,
 139.766126,   35.030180,       53.52,
 139.770631,   35.030180,       52.18,
 139.775135,   35.030180,       50.94,
 139.779640,   35.030180,       49.91,
 139.784144,   35.030180,       48.81,
 139.788649,   35.030180,       47.86,
 139.793153,   35.030180,       47.15,
 139.797658,   35.030180,       46.63,
 139.802162,   35.030180,       46.22,
 139.806667,   35.030180,       45.96,
 139.811171,   35.030180,       45.81,
 139.815676,   35.030180,       45.78,
 139.820180,   35.030180,       45.72,
 139.824685,   35.030180,       45.44,
 139.829189,   35.030180,       44.98,
 139.833694,   35.030180,       44.39,
 139.838198,   35.030180,       44.14,
 139.842703,   35.030180,       43.96,
 139.847207,   35.030180,       43.98,
 139.851712,   35.030180,       44.28,
 139.856216,   35.030180,       44.09,
 139.860721,   35.030180,       43.80,
 139.865225,   35.030180,       43.47,
 139.869730,   35.030180,       43.13,
 139.874234,   35.030180,       42.78,
 139.878739,   35.030180,       42.42,
 139.883243,   35.030180,       42.06,
 139.887748,   35.030180,       41.69,
 139.892252,   35.030180,       41.32,
 139.896757,   35.030180,       40.94,
 139.901261,   35.030180,       40.56,
 139.905766,   35.030180,       40.17,
 139.910270,   35.030180,       39.79,
 139.914775,   35.030180,       39.41,
 139.919279,   35.030180,       39.03,
 139.923784,   35.030180,       38.65,
 139.928288,   35.030180,       38.27,
 139.932793,   35.030180,       37.90,
 139.937297,   35.030180,       37.52,
 139.941802,   35.030180,       37.15,
 139.946306,   35.030180,       36.78,
 139.950811,   35.030180,       36.42,
 139.955315,   35.030180,       36.05,
 139.959820,   35.030180,       35.67,
 139.964324,   35.030180,       35.30,
 139.968829,   35.030180,       34.93,
 139.973333,   35.030180,       34.57,
 139.977838,   35.030180,       34.21,
 139.982342,   35.030180,       33.86,
 139.986847,   35.030180,       33.52,
 139.991351,   35.030180,       33.19,
 139.995856,   35.030180,       32.88,
 140.000360,   35.030180,       32.73,
 140.004865,   35.030180,       32.71,
 140.009369,   35.030180,       32.71,
 140.013874,   35.030180,       32.73,
 140.018378,   35.030180,       32.72,
 140.022883,   35.030180,       32.70,
 140.027387,   35.030180,       32.69,
 140.031892,   35.030180,       32.78,
 140.036396,   35.030180,       32.87,
 140.040901,   35.030180,       32.96,
 140.045405,   35.030180,       33.06,
 140.049910,   35.030180,       33.15,
 140.054414,   35.030180,       33.23,
 140.058919,   35.030180,       33.23,
 140.063423,   35.030180,       33.23,
 140.067928,   35.030180,       33.23,
 140.072432,   35.030180,       33.21,
 140.076937,   35.030180,       33.20,
 140.081441,   35.030180,       33.18,
 140.085946,   35.030180,       33.15,
 140.090450,   35.030180,       33.14,
 140.094955,   35.030180,       33.11,
 140.099459,   35.030180,       33.03,
 140.103964,   35.030180,       32.97,
 140.108468,   35.030180,       32.87,
 140.112973,   35.030180,       32.73,
 140.117477,   35.030180,       32.60,
 140.121982,   35.030180,       32.46,
 140.126486,   35.030180,       32.25,
 140.130991,   35.030180,       31.99,
 140.135495,   35.030180,       31.72,
 140.140000,   35.030180,       31.48,
 140.144505,   35.030180,       31.27,
 140.149009,   35.030180,       31.16,
 140.153514,   35.030180,       31.09,
 140.158018,   35.030180,       30.90,
 140.162523,   35.030180,       30.60,
 140.167027,   35.030180,       30.25,
 140.171532,   35.030180,       29.96,
 140.176036,   35.030180,       30.02,
 140.180541,   35.030180,       30.08,
 140.185045,   35.030180,       30.12,
 140.189550,   35.030180,       30.05,
 140.194054,   35.030180,       29.86,
 140.198559,   35.030180,       29.55,
 140.203063,   35.030180,       29.31,
 140.207568,   35.030180,       29.20,
 140.212072,   35.030180,       29.19,
 140.216577,   35.030180,       29.23,
 140.221081,   35.030180,       29.28,
 140.225586,   35.030180,       29.32,
 140.230090,   35.030180,       29.36,
 140.234595,   35.030180,       29.38,
 140.239099,   35.030180,       29.56,
 140.243604,   35.030180,       29.73,
 140.248108,   35.030180,       29.89,
 140.252613,   35.030180,       30.04,
 140.257117,   35.030180,       30.19,
 140.261622,   35.030180,       30.33,
 140.266126,   35.030180,       30.46,
 140.270631,   35.030180,       30.56,
 140.275135,   35.030180,       30.60,
 140.279640,   35.030180,       30.62,
 140.284144,   35.030180,       30.64,
 140.288649,   35.030180,       30.66,
 140.293153,   35.030180,       30.68,
 140.297658,   35.030180,       30.64,
 140.302162,   35.030180,       30.49,
 140.306667,   35.030180,       30.21,
 140.311171,   35.030180,       29.89,
 140.315676,   35.030180,       29.64,
 140.320180,   35.030180,       29.44,
 140.324685,   35.030180,       29.30,
 140.329189,   35.030180,       29.26,
 140.333694,   35.030180,       29.27,
 140.338198,   35.030180,       29.31,
 140.342703,   35.030180,       29.42,
 140.347207,   35.030180,       29.61,
 140.351712,   35.030180,       29.88,
 140.356216,   35.030180,       30.22,
 140.360721,   35.030180,       30.43,
 140.365225,   35.030180,       30.55,
 140.369730,   35.030180,       30.68,
 140.374234,   35.030180,       30.82,
 140.378739,   35.030180,       30.98,
 140.383243,   35.030180,       31.15,
 140.387748,   35.030180,       31.33,
 139.140000,   35.034685,       39.71,
 139.144505,   35.034685,       39.16,
 139.149009,   35.034685,       38.64,
 139.153514,   35.034685,       38.14,
 139.158018,   35.034685,       37.68,
 139.162523,   35.034685,       37.24,
 139.167027,   35.034685,       36.83,
 139.171532,   35.034685,       36.45,
 139.176036,   35.034685,       37.02,
 139.180541,   35.034685,       37.73,
 139.185045,   35.034685,       38.10,
 139.189550,   35.034685,       38.10,
 139.194054,   35.034685,       37.76,
 139.198559,   35.034685,       37.43,
 139.203063,   35.034685,       36.47,
 139.207568,   35.034685,       35.37,
 139.212072,   35.034685,       34.46,
 139.216577,   35.034685,       33.71,
 139.221081,   35.034685,       33.06,
 139.225586,   35.034685,       32.43,
 139.230090,   35.034685,       31.89,
 139.234595,   35.034685,       31.46,
 139.239099,   35.034685,       31.12,
 139.243604,   35.034685,       30.79,
 139.248108,   35.034685,       30.26,
 139.252613,   35.034685,       29.59,
 139.257117,   35.034685,       28.89,
 139.261622,   35.034685,       28.19,
 139.266126,   35.034685,       27.49,
 139.270631,   35.034685,       26.79,
 139.275135,   35.034685,       26.12,
 139.279640,   35.034685,       25.49,
 139.284144,   35.034685,       24.91,
 139.288649,   35.034685,       24.39,
 139.293153,   35.034685,       23.91,
 139.297658,   35.034685,       23.42,
 139.302162,   35.034685,       22.91,
 139.306667,   35.034685,       22.38,
 139.311171,   35.034685,       21.82,
 139.315676,   35.034685,       21.24,
 139.320180,   35.034685,       20.64,
 139.324685,   35.034685,       20.00,
 139.329189,   35.034685,       19.22,
 139.333694,   35.034685,       18.47,
 139.338198,   35.034685,       17.88,
 139.342703,   35.034685,       17.30,
 139.347207,   35.034685,       16.71,
 139.351712,   35.034685,       16.11,
 139.356216,   35.034685,       15.49,
 139.360721,   35.034685,       14.86,
 139.365225,   35.034685,       14.19,
 139.369730,   35.034685,       13.48,
 139.374234,   35.034685,       12.71,
 139.378739,   35.034685,       11.89,
 139.383243,   35.034685,       11.01,
 139.387748,   35.034685,       10.62,
 139.392252,   35.034685,       11.42,
 139.396757,   35.034685,       12.22,
 139.401261,   35.034685,       13.00,
 139.405766,   35.034685,       13.81,
 139.410270,   35.034685,       14.66,
 139.414775,   35.034685,       15.54,
 139.419279,   35.034685,       16.45,
 139.423784,   35.034685,       17.43,
 139.428288,   35.034685,       18.46,
 139.432793,   35.034685,       19.57,
 139.437297,   35.034685,       20.75,
 139.441802,   35.034685,       22.01,
 139.446306,   35.034685,       23.36,
 139.450811,   35.034685,       24.67,
 139.455315,   35.034685,       25.81,
 139.459820,   35.034685,       26.81,
 139.464324,   35.034685,       27.52,
 139.468829,   35.034685,       27.61,
 139.473333,   35.034685,       28.33,
 139.477838,   35.034685,       29.48,
 139.482342,   35.034685,       30.83,
 139.486847,   35.034685,       32.25,
 139.491351,   35.034685,       33.70,
 139.495856,   35.034685,       35.16,
 139.500360,   35.034685,       36.58,
 139.504865,   35.034685,       37.95,
 139.509369,   35.034685,       39.21,
 139.513874,   35.034685,       40.12,
 139.518378,   35.034685,       40.74,
 139.522883,   35.034685,       41.02,
 139.527387,   35.034685,       41.18,
 139.531892,   35.034685,       41.42,
 139.536396,   35.034685,       41.71,
 139.540901,   35.034685,       42.13,
 139.545405,   35.034685,       43.23,
 139.549910,   35.034685,       44.66,
 139.554414,   35.034685,       46.13,
 139.558919,   35.034685,       47.53,
 139.563423,   35.034685,       48.87,
 139.567928,   35.034685,       50.18,
 139.572432,   35.034685,       51.09,
 139.576937,   35.034685,       51.31,
 139.581441,   35.034685,       51.04,
 139.585946,   35.034685,       50.77,
 139.590450,   35.034685,       50.49,
 139.594955,   35.034685,       50.15,
 139.599459,   35.034685,       49.82,
 139.603964,   35.034685,       49.79,
 139.608468,   35.034685,       50.05,
 139.612973,   35.034685,       50.26,
 139.617477,   35.034685,       50.44,
 139.621982,   35.034685,       50.65,
 139.626486,   35.034685,       50.76,
 139.630991,   35.034685,       50.58,
 139.635495,   35.034685,       50.08,
 139.640000,   35.034685,       49.35,
 139.644505,   35.034685,       48.58,
 139.649009,   35.034685,       47.78,
 139.653514,   35.034685,       46.95,
 139.658018,   35.034685,       46.05,
 139.662523,   35.034685,       45.13,
 139.667027,   35.034685,       44.22,
 139.671532,   35.034685,       43.36,
 139.676036,   35.034685,       42.63,
 139.680541,   35.034685,       42.54,
 139.685045,   35.034685,       43.52,
 139.689550,   35.034685,       44.65,
 139.694054,   35.034685,       45.71,
 139.698559,   35.034685,       46.71,
 139.703063,   35.034685,       47.93,
 139.707568,   35.034685,       49.41,
 139.712072,   35.034685,       50.93,
 139.716577,   35.034685,       52.50,
 139.721081,   35.034685,       54.15,
 139.725586,   35.034685,       55.34,
 139.730090,   35.034685,       55.67,
 139.734595,   35.034685,       55.86,
 139.739099,   35.034685,       55.96,
 139.743604,   35.034685,       56.00,
 139.748108,   35.034685,       55.83,
 139.752613,   35.034685,       55.59,
 139.757117,   35.034685,       55.24,
 139.761622,   35.034685,       54.09,
 139.766126,   35.034685,       52.76,
 139.770631,   35.034685,       51.52,
 139.775135,   35.034685,       50.39,
 139.779640,   35.034685,       49.31,
 139.784144,   35.034685,       48.34,
 139.788649,   35.034685,       47.51,
 139.793153,   35.034685,       46.81,
 139.797658,   35.034685,       46.32,
 139.802162,   35.034685,       46.02,
 139.806667,   35.034685,       46.06,
 139.811171,   35.034685,       46.33,
 139.815676,   35.034685,       46.51,
 139.820180,   35.034685,       46.42,
 139.824685,   35.034685,       46.01,
 139.829189,   35.034685,       45.71,
 139.833694,   35.034685,       44.67,
 139.838198,   35.034685,       44.77,
 139.842703,   35.034685,       45.03,
 139.847207,   35.034685,       44.81,
 139.851712,   35.034685,       44.68,
 139.856216,   35.034685,       44.38,
 139.860721,   35.034685,       44.05,
 139.865225,   35.034685,       43.70,
 139.869730,   35.034685,       43.35,
 139.874234,   35.034685,       42.99,
 139.878739,   35.034685,       42.63,
 139.883243,   35.034685,       42.26,
 139.887748,   35.034685,       41.89,
 139.892252,   35.034685,       41.51,
 139.896757,   35.034685,       41.13,
 139.901261,   35.034685,       40.75,
 139.905766,   35.034685,       40.37,
 139.910270,   35.034685,       39.99,
 139.914775,   35.034685,       39.61,
 139.919279,   35.034685,       39.25,
 139.923784,   35.034685,       38.88,
 139.928288,   35.034685,       38.52,
 139.932793,   35.034685,       38.16,
 139.937297,   35.034685,       37.80,
 139.941802,   35.034685,       37.44,
 139.946306,   35.034685,       37.09,
 139.950811,   35.034685,       36.73,
 139.955315,   35.034685,       36.37,
 139.959820,   35.034685,       36.01,
 139.964324,   35.034685,       35.65,
 139.968829,   35.034685,       35.30,
 139.973333,   35.034685,       34.95,
 139.977838,   35.034685,       34.61,
 139.982342,   35.034685,       34.27,
 139.986847,   35.034685,       33.93,
 139.991351,   35.034685,       33.60,
 139.995856,   35.034685,       33.27,
 140.000360,   35.034685,       32.95,
 140.004865,   35.034685,       32.74,
 140.009369,   35.034685,       32.74,
 140.013874,   35.034685,       32.74,
 140.018378,   35.034685,       32.74,
 140.022883,   35.034685,       32.72,
 140.027387,   35.034685,       32.69,
 140.031892,   35.034685,       32.71,
 140.036396,   35.034685,       32.79,
 140.040901,   35.034685,       32.87,
 140.045405,   35.034685,       32.95,
 140.049910,   35.034685,       33.04,
 140.054414,   35.034685,       33.13,
 140.058919,   35.034685,       33.17,
 140.063423,   35.034685,       33.18,
 140.067928,   35.034685,       33.20,
 140.072432,   35.034685,       33.19,
 140.076937,   35.034685,       33.18,
 140.081441,   35.034685,       33.18,
 140.085946,   35.034685,       33.16,
 140.090450,   35.034685,       33.14,
 140.094955,   35.034685,       33.11,
 140.099459,   35.034685,       33.07,
 140.103964,   35.034685,       33.04,
 140.108468,   35.034685,       32.99,
 140.112973,   35.034685,       32.88,
 140.117477,   35.034685,       32.77,
 140.121982,   35.034685,       32.65,
 140.126486,   35.034685,       32.50,
 140.130991,   35.034685,       32.33,
 140.135495,   35.034685,       32.15,
 140.140000,   35.034685,       31.88,
 140.144505,   35.034685,       31.64,
 140.149009,   35.034685,       31.44,
 140.153514,   35.034685,       31.23,
 140.158018,   35.034685,       31.00,
 140.162523,   35.034685,       30.72,
 140.167027,   35.034685,       30.38,
 140.171532,   35.034685,       30.04,
 140.176036,   35.034685,       29.89,
 140.180541,   35.034685,       29.90,
 140.185045,   35.034685,       29.93,
 140.189550,   35.034685,       29.80,
 140.194054,   35.034685,       29.54,
 140.198559,   35.034685,       29.17,
 140.203063,   35.034685,       28.78,
 140.207568,   35.034685,       28.59,
 140.212072,   35.034685,       28.58,
 140.216577,   35.034685,       28.65,
 140.221081,   35.034685,       28.73,
 140.225586,   35.034685,       28.80,
 140.230090,   35.034685,       28.87,
 140.234595,   35.034685,       28.96,
 140.239099,   35.034685,       29.07,
 140.243604,   35.034685,       29.22,
 140.248108,   35.034685,       29.38,
 140.252613,   35.034685,       29.53,
 140.257117,   35.034685,       29.67,
 140.261622,   35.034685,       29.80,
 140.266126,   35.034685,       29.92,
 140.270631,   35.034685,       30.04,
 140.275135,   35.034685,       30.06,
 140.279640,   35.034685,       30.08,
 140.284144,   35.034685,       30.10,
 140.288649,   35.034685,       30.12,
 140.293153,   35.034685,       30.14,
 140.297658,   35.034685,       30.15,
 140.302162,   35.034685,       30.07,
 140.306667,   35.034685,       29.86,
 140.311171,   35.034685,       29.61,
 140.315676,   35.034685,       29.42,
 140.320180,   35.034685,       29.28,
 140.324685,   35.034685,       29.20,
 140.329189,   35.034685,       29.20,
 140.333694,   35.034685,       29.24,
 140.338198,   35.034685,       29.29,
 140.342703,   35.034685,       29.45,
 140.347207,   35.034685,       29.68,
 140.351712,   35.034685,       29.91,
 140.356216,   35.034685,       30.01,
 140.360721,   35.034685,       30.12,
 140.365225,   35.034685,       30.25,
 140.369730,   35.034685,       30.39,
 140.374234,   35.034685,       30.54,
 140.378739,   35.034685,       30.70,
 140.383243,   35.034685,       30.88,
 140.387748,   35.034685,       31.07,
 139.140000,   35.039189,       40.13,
 139.144505,   35.039189,       39.56,
 139.149009,   35.039189,       39.02,
 139.153514,   35.039189,       38.50,
 139.158018,   35.039189,       38.02,
 139.162523,   35.039189,       37.56,
 139.167027,   35.039189,       37.13,
 139.171532,   35.039189,       36.73,
 139.176036,   35.039189,       36.36,
 139.180541,   35.039189,       36.02,
 139.185045,   35.039189,       36.43,
 139.189550,   35.039189,       36.66,
 139.194054,   35.039189,       36.57,
 139.198559,   35.039189,       36.53,
 139.203063,   35.039189,       36.11,
 139.207568,   35.039189,       35.27,
 139.212072,   35.039189,       34.34,
 139.216577,   35.039189,       33.43,
 139.221081,   35.039189,       32.65,
 139.225586,   35.039189,       32.09,
 139.230090,   35.039189,       31.56,
 139.234595,   35.039189,       31.10,
 139.239099,   35.039189,       30.67,
 139.243604,   35.039189,       30.19,
 139.248108,   35.039189,       29.58,
 139.252613,   35.039189,       28.91,
 139.257117,   35.039189,       28.22,
 139.261622,   35.039189,       27.52,
 139.266126,   35.039189,       26.83,
 139.270631,   35.039189,       26.13,
 139.275135,   35.039189,       25.44,
 139.279640,   35.039189,       24.81,
 139.284144,   35.039189,       24.30,
 139.288649,   35.039189,       23.86,
 139.293153,   35.039189,       23.41,
 139.297658,   35.039189,       22.94,
 139.302162,   35.039189,       22.45,
 139.306667,   35.039189,       21.95,
 139.311171,   35.039189,       21.43,
 139.315676,   35.039189,       20.90,
 139.320180,   35.039189,       20.29,
 139.324685,   35.039189,       19.56,
 139.329189,   35.039189,       18.73,
 139.333694,   35.039189,       17.85,
 139.338198,   35.039189,       17.06,
 139.342703,   35.039189,       16.35,
 139.347207,   35.039189,       15.66,
 139.351712,   35.039189,       14.97,
 139.356216,   35.039189,       14.29,
 139.360721,   35.039189,       13.60,
 139.365225,   35.039189,       12.92,
 139.369730,   35.039189,       12.21,
 139.374234,   35.039189,       11.46,
 139.378739,   35.039189,       10.68,
 139.383243,   35.039189,        9.99,
 139.387748,   35.039189,        9.45,
 139.392252,   35.039189,        9.62,
 139.396757,   35.039189,       10.09,
 139.401261,   35.039189,       10.62,
 139.405766,   35.039189,       11.19,
 139.410270,   35.039189,       11.81,
 139.414775,   35.039189,       12.53,
 139.419279,   35.039189,       13.43,
 139.423784,   35.039189,       14.41,
 139.428288,   35.039189,       15.45,
 139.432793,   35.039189,       16.56,
 139.437297,   35.039189,       17.75,
 139.441802,   35.039189,       19.07,
 139.446306,   35.039189,       20.54,
 139.450811,   35.039189,       22.05,
 139.455315,   35.039189,       23.51,
 139.459820,   35.039189,       24.90,
 139.464324,   35.039189,       26.15,
 139.468829,   35.039189,       27.34,
 139.473333,   35.039189,       28.50,
 139.477838,   35.039189,       29.78,
 139.482342,   35.039189,       31.16,
 139.486847,   35.039189,       32.63,
 139.491351,   35.039189,       34.16,
 139.495856,   35.039189,       35.72,
 139.500360,   35.039189,       37.27,
 139.504865,   35.039189,       38.70,
 139.509369,   35.039189,       39.84,
 139.513874,   35.039189,       40.53,
 139.518378,   35.039189,       40.94,
 139.522883,   35.039189,       41.16,
 139.527387,   35.039189,       41.35,
 139.531892,   35.039189,       41.50,
 139.536396,   35.039189,       41.60,
 139.540901,   35.039189,       41.64,
 139.545405,   35.039189,       42.31,
 139.549910,   35.039189,       44.03,
 139.554414,   35.039189,       45.62,
 139.558919,   35.039189,       47.10,
 139.563423,   35.039189,       48.55,
 139.567928,   35.039189,       49.98,
 139.572432,   35.039189,       50.91,
 139.576937,   35.039189,       51.22,
 139.581441,   35.039189,       51.08,
 139.585946,   35.039189,       50.94,
 139.590450,   35.039189,       50.78,
 139.594955,   35.039189,       50.56,
 139.599459,   35.039189,       50.38,
 139.603964,   35.039189,       50.70,
 139.608468,   35.039189,       51.04,
 139.612973,   35.039189,       51.36,
 139.617477,   35.039189,       51.66,
 139.621982,   35.039189,       51.96,
 139.626486,   35.039189,       52.10,
 139.630991,   35.039189,       51.93,
 139.635495,   35.039189,       51.41,
 139.640000,   35.039189,       50.54,
 139.644505,   35.039189,       49.65,
 139.649009,   35.039189,       48.75,
 139.653514,   35.039189,       47.83,
 139.658018,   35.039189,       47.00,
 139.662523,   35.039189,       46.30,
 139.667027,   35.039189,       45.64,
 139.671532,   35.039189,       45.09,
 139.676036,   35.039189,       44.65,
 139.680541,   35.039189,       44.45,
 139.685045,   35.039189,       45.30,
 139.689550,   35.039189,       46.25,
 139.694054,   35.039189,       47.16,
 139.698559,   35.039189,       47.97,
 139.703063,   35.039189,       49.07,
 139.707568,   35.039189,       50.53,
 139.712072,   35.039189,       52.00,
 139.716577,   35.039189,       53.46,
 139.721081,   35.039189,       54.89,
 139.725586,   35.039189,       55.65,
 139.730090,   35.039189,       55.85,
 139.734595,   35.039189,       55.99,
 139.739099,   35.039189,       56.11,
 139.743604,   35.039189,       56.18,
 139.748108,   35.039189,       55.87,
 139.752613,   35.039189,       55.21,
 139.757117,   35.039189,       54.41,
 139.761622,   35.039189,       53.19,
 139.766126,   35.039189,       51.94,
 139.770631,   35.039189,       50.74,
 139.775135,   35.039189,       49.62,
 139.779640,   35.039189,       48.57,
 139.784144,   35.039189,       47.59,
 139.788649,   35.039189,       46.79,
 139.793153,   35.039189,       46.16,
 139.797658,   35.039189,       45.65,
 139.802162,   35.039189,       45.76,
 139.806667,   35.039189,       46.52,
 139.811171,   35.039189,       47.27,
 139.815676,   35.039189,       48.18,
 139.820180,   35.039189,       49.19,
 139.824685,   35.039189,       49.82,
 139.829189,   35.039189,       48.22,
 139.833694,   35.039189,       46.89,
 139.838198,   35.039189,       46.54,
 139.842703,   35.039189,       45.74,
 139.847207,   35.039189,       45.39,
 139.851712,   35.039189,       45.05,
 139.856216,   35.039189,       44.68,
 139.860721,   35.039189,       44.31,
 139.865225,   35.039189,       43.95,
 139.869730,   35.039189,       43.58,
 139.874234,   35.039189,       43.22,
 139.878739,   35.039189,       42.84,
 139.883243,   35.039189,       42.46,
 139.887748,   35.039189,       42.08,
 139.892252,   35.039189,       41.70,
 139.896757,   35.039189,       41.32,
 139.901261,   35.039189,       40.94,
 139.905766,   35.039189,       40.57,
 139.910270,   35.039189,       40.21,
 139.914775,   35.039189,       39.85,
 139.919279,   35.039189,       39.50,
 139.923784,   35.039189,       39.15,
 139.928288,   35.039189,       38.80,
 139.932793,   35.039189,       38.45,
 139.937297,   35.039189,       38.11,
 139.941802,   35.039189,       37.76,
 139.946306,   35.039189,       37.41,
 139.950811,   35.039189,       37.07,
 139.955315,   35.039189,       36.72,
 139.959820,   35.039189,       36.37,
 139.964324,   35.039189,       36.03,
 139.968829,   35.039189,       35.69,
 139.973333,   35.039189,       35.35,
 139.977838,   35.039189,       35.02,
 139.982342,   35.039189,       34.69,
 139.986847,   35.039189,       34.36,
 139.991351,   35.039189,       34.04,
 139.995856,   35.039189,       33.73,
 140.000360,   35.039189,       33.42,
 140.004865,   35.039189,       33.12,
 140.009369,   35.039189,       32.86,
 140.013874,   35.039189,       32.76,
 140.018378,   35.039189,       32.76,
 140.022883,   35.039189,       32.74,
 140.027387,   35.039189,       32.72,
 140.031892,   35.039189,       32.70,
 140.036396,   35.039189,       32.71,
 140.040901,   35.039189,       32.78,
 140.045405,   35.039189,       32.86,
 140.049910,   35.039189,       32.95,
 140.054414,   35.039189,       33.03,
 140.058919,   35.039189,       33.08,
 140.063423,   35.039189,       33.10,
 140.067928,   35.039189,       33.12,
 140.072432,   35.039189,       33.13,
 140.076937,   35.039189,       33.13,
 140.081441,   35.039189,       33.13,
 140.085946,   35.039189,       33.12,
 140.090450,   35.039189,       33.11,
 140.094955,   35.039189,       33.09,
 140.099459,   35.039189,       33.07,
 140.103964,   35.039189,       33.05,
 140.108468,   35.039189,       33.03,
 140.112973,   35.039189,       32.97,
 140.117477,   35.039189,       32.91,
 140.121982,   35.039189,       32.83,
 140.126486,   35.039189,       32.68,
 140.130991,   35.039189,       32.53,
 140.135495,   35.039189,       32.37,
 140.140000,   35.039189,       32.15,
 140.144505,   35.039189,       31.92,
 140.149009,   35.039189,       31.70,
 140.153514,   35.039189,       31.50,
 140.158018,   35.039189,       31.26,
 140.162523,   35.039189,       30.98,
 140.167027,   35.039189,       30.68,
 140.171532,   35.039189,       30.37,
 140.176036,   35.039189,       30.05,
 140.180541,   35.039189,       29.86,
 140.185045,   35.039189,       29.78,
 140.189550,   35.039189,       29.59,
 140.194054,   35.039189,       29.24,
 140.198559,   35.039189,       28.80,
 140.203063,   35.039189,       28.35,
 140.207568,   35.039189,       27.96,
 140.212072,   35.039189,       27.98,
 140.216577,   35.039189,       28.11,
 140.221081,   35.039189,       28.23,
 140.225586,   35.039189,       28.35,
 140.230090,   35.039189,       28.48,
 140.234595,   35.039189,       28.57,
 140.239099,   35.039189,       28.65,
 140.243604,   35.039189,       28.76,
 140.248108,   35.039189,       28.89,
 140.252613,   35.039189,       29.03,
 140.257117,   35.039189,       29.17,
 140.261622,   35.039189,       29.29,
 140.266126,   35.039189,       29.39,
 140.270631,   35.039189,       29.49,
 140.275135,   35.039189,       29.51,
 140.279640,   35.039189,       29.53,
 140.284144,   35.039189,       29.55,
 140.288649,   35.039189,       29.57,
 140.293153,   35.039189,       29.59,
 140.297658,   35.039189,       29.61,
 140.302162,   35.039189,       29.63,
 140.306667,   35.039189,       29.51,
 140.311171,   35.039189,       29.33,
 140.315676,   35.039189,       29.20,
 140.320180,   35.039189,       29.11,
 140.324685,   35.039189,       29.08,
 140.329189,   35.039189,       29.08,
 140.333694,   35.039189,       29.13,
 140.338198,   35.039189,       29.23,
 140.342703,   35.039189,       29.39,
 140.347207,   35.039189,       29.47,
 140.351712,   35.039189,       29.57,
 140.356216,   35.039189,       29.68,
 140.360721,   35.039189,       29.80,
 140.365225,   35.039189,       29.93,
 140.369730,   35.039189,       30.08,
 140.374234,   35.039189,       30.24,
 140.378739,   35.039189,       30.41,
 140.383243,   35.039189,       30.60,
 140.387748,   35.039189,       30.79,
 139.140000,   35.043694,       40.52,
 139.144505,   35.043694,       39.93,
 139.149009,   35.043694,       39.37,
 139.153514,   35.043694,       38.83,
 139.158018,   35.043694,       38.33,
 139.162523,   35.043694,       37.85,
 139.167027,   35.043694,       37.40,
 139.171532,   35.043694,       36.98,
 139.176036,   35.043694,       36.59,
 139.180541,   35.043694,       36.23,
 139.185045,   35.043694,       35.89,
 139.189550,   35.043694,       35.59,
 139.194054,   35.043694,       35.67,
 139.198559,   35.043694,       35.64,
 139.203063,   35.043694,       35.51,
 139.207568,   35.043694,       34.69,
 139.212072,   35.043694,       33.59,
 139.216577,   35.043694,       32.56,
 139.221081,   35.043694,       31.87,
 139.225586,   35.043694,       31.38,
 139.230090,   35.043694,       30.96,
 139.234595,   35.043694,       30.52,
 139.239099,   35.043694,       30.07,
 139.243604,   35.043694,       29.54,
 139.248108,   35.043694,       28.91,
 139.252613,   35.043694,       28.27,
 139.257117,   35.043694,       27.67,
 139.261622,   35.043694,       27.03,
 139.266126,   35.043694,       26.32,
 139.270631,   35.043694,       25.55,
 139.275135,   35.043694,       24.77,
 139.279640,   35.043694,       24.16,
 139.284144,   35.043694,       23.78,
 139.288649,   35.043694,       23.40,
 139.293153,   35.043694,       22.99,
 139.297658,   35.043694,       22.56,
 139.302162,   35.043694,       22.10,
 139.306667,   35.043694,       21.63,
 139.311171,   35.043694,       21.15,
 139.315676,   35.043694,       20.60,
 139.320180,   35.043694,       19.93,
 139.324685,   35.043694,       19.13,
 139.329189,   35.043694,       18.25,
 139.333694,   35.043694,       17.33,
 139.338198,   35.043694,       16.41,
 139.342703,   35.043694,       15.56,
 139.347207,   35.043694,       14.76,
 139.351712,   35.043694,       13.99,
 139.356216,   35.043694,       13.23,
 139.360721,   35.043694,       12.49,
 139.365225,   35.043694,       11.77,
 139.369730,   35.043694,       11.07,
 139.374234,   35.043694,       10.36,
 139.378739,   35.043694,        9.70,
 139.383243,   35.043694,        9.09,
 139.387748,   35.043694,        8.52,
 139.392252,   35.043694,        8.29,
 139.396757,   35.043694,        8.40,
 139.401261,   35.043694,        8.64,
 139.405766,   35.043694,        8.94,
 139.410270,   35.043694,        9.29,
 139.414775,   35.043694,        9.75,
 139.419279,   35.043694,       10.42,
 139.423784,   35.043694,       11.36,
 139.428288,   35.043694,       12.41,
 139.432793,   35.043694,       13.53,
 139.437297,   35.043694,       14.82,
 139.441802,   35.043694,       16.31,
 139.446306,   35.043694,       17.96,
 139.450811,   35.043694,       19.66,
 139.455315,   35.043694,       21.32,
 139.459820,   35.043694,       22.97,
 139.464324,   35.043694,       24.78,
 139.468829,   35.043694,       27.00,
 139.473333,   35.043694,       28.45,
 139.477838,   35.043694,       29.82,
 139.482342,   35.043694,       31.27,
 139.486847,   35.043694,       32.81,
 139.491351,   35.043694,       34.43,
 139.495856,   35.043694,       36.10,
 139.500360,   35.043694,       37.81,
 139.504865,   35.043694,       39.45,
 139.509369,   35.043694,       40.41,
 139.513874,   35.043694,       40.84,
 139.518378,   35.043694,       41.13,
 139.522883,   35.043694,       41.39,
 139.527387,   35.043694,       41.61,
 139.531892,   35.043694,       41.79,
 139.536396,   35.043694,       41.94,
 139.540901,   35.043694,       42.12,
 139.545405,   35.043694,       42.83,
 139.549910,   35.043694,       44.21,
 139.554414,   35.043694,       45.65,
 139.558919,   35.043694,       47.09,
 139.563423,   35.043694,       48.52,
 139.567928,   35.043694,       49.92,
 139.572432,   35.043694,       50.88,
 139.576937,   35.043694,       51.27,
 139.581441,   35.043694,       51.33,
 139.585946,   35.043694,       51.40,
 139.590450,   35.043694,       51.46,
 139.594955,   35.043694,       51.54,
 139.599459,   35.043694,       51.77,
 139.603964,   35.043694,       52.16,
 139.608468,   35.043694,       52.46,
 139.612973,   35.043694,       52.74,
 139.617477,   35.043694,       53.02,
 139.621982,   35.043694,       53.31,
 139.626486,   35.043694,       53.51,
 139.630991,   35.043694,       53.37,
 139.635495,   35.043694,       52.69,
 139.640000,   35.043694,       51.73,
 139.644505,   35.043694,       50.75,
 139.649009,   35.043694,       49.74,
 139.653514,   35.043694,       48.69,
 139.658018,   35.043694,       47.83,
 139.662523,   35.043694,       47.25,
 139.667027,   35.043694,       46.81,
 139.671532,   35.043694,       46.47,
 139.676036,   35.043694,       46.29,
 139.680541,   35.043694,       46.21,
 139.685045,   35.043694,       47.06,
 139.689550,   35.043694,       47.92,
 139.694054,   35.043694,       48.68,
 139.698559,   35.043694,       49.34,
 139.703063,   35.043694,       50.15,
 139.707568,   35.043694,       51.49,
 139.712072,   35.043694,       52.83,
 139.716577,   35.043694,       54.14,
 139.721081,   35.043694,       55.37,
 139.725586,   35.043694,       56.08,
 139.730090,   35.043694,       56.29,
 139.734595,   35.043694,       56.37,
 139.739099,   35.043694,       56.43,
 139.743604,   35.043694,       56.44,
 139.748108,   35.043694,       56.09,
 139.752613,   35.043694,       55.38,
 139.757117,   35.043694,       54.04,
 139.761622,   35.043694,       52.22,
 139.766126,   35.043694,       51.00,
 139.770631,   35.043694,       49.83,
 139.775135,   35.043694,       48.71,
 139.779640,   35.043694,       47.69,
 139.784144,   35.043694,       46.72,
 139.788649,   35.043694,       45.88,
 139.793153,   35.043694,       45.29,
 139.797658,   35.043694,       45.02,
 139.802162,   35.043694,       45.64,
 139.806667,   35.043694,       46.72,
 139.811171,   35.043694,       48.06,
 139.815676,   35.043694,       50.23,
 139.820180,   35.043694,       53.15,
 139.824685,   35.043694,       52.68,
 139.829189,   35.043694,       49.95,
 139.833694,   35.043694,       48.78,
 139.838198,   35.043694,       47.52,
 139.842703,   35.043694,       46.41,
 139.847207,   35.043694,       45.84,
 139.851712,   35.043694,       45.40,
 139.856216,   35.043694,       44.99,
 139.860721,   35.043694,       44.59,
 139.865225,   35.043694,       44.21,
 139.869730,   35.043694,       43.83,
 139.874234,   35.043694,       43.44,
 139.878739,   35.043694,       43.04,
 139.883243,   35.043694,       42.65,
 139.887748,   35.043694,       42.26,
 139.892252,   35.043694,       41.88,
 139.896757,   35.043694,       41.51,
 139.901261,   35.043694,       41.16,
 139.905766,   35.043694,       40.80,
 139.910270,   35.043694,       40.46,
 139.914775,   35.043694,       40.12,
 139.919279,   35.043694,       39.78,
 139.923784,   35.043694,       39.44,
 139.928288,   35.043694,       39.11,
 139.932793,   35.043694,       38.77,
 139.937297,   35.043694,       38.43,
 139.941802,   35.043694,       38.10,
 139.946306,   35.043694,       37.76,
 139.950811,   35.043694,       37.43,
 139.955315,   35.043694,       37.09,
 139.959820,   35.043694,       36.76,
 139.964324,   35.043694,       36.42,
 139.968829,   35.043694,       36.09,
 139.973333,   35.043694,       35.77,
 139.977838,   35.043694,       35.45,
 139.982342,   35.043694,       35.13,
 139.986847,   35.043694,       34.81,
 139.991351,   35.043694,       34.50,
 139.995856,   35.043694,       34.19,
 140.000360,   35.043694,       33.89,
 140.004865,   35.043694,       33.59,
 140.009369,   35.043694,       33.31,
 140.013874,   35.043694,       33.05,
 140.018378,   35.043694,       32.82,
 140.022883,   35.043694,       32.77,
 140.027387,   35.043694,       32.75,
 140.031892,   35.043694,       32.73,
 140.036396,   35.043694,       32.72,
 140.040901,   35.043694,       32.73,
 140.045405,   35.043694,       32.77,
 140.049910,   35.043694,       32.84,
 140.054414,   35.043694,       32.92,
 140.058919,   35.043694,       32.97,
 140.063423,   35.043694,       33.01,
 140.067928,   35.043694,       33.04,
 140.072432,   35.043694,       33.05,
 140.076937,   35.043694,       33.04,
 140.081441,   35.043694,       33.04,
 140.085946,   35.043694,       33.04,
 140.090450,   35.043694,       33.05,
 140.094955,   35.043694,       33.06,
 140.099459,   35.043694,       33.06,
 140.103964,   35.043694,       33.06,
 140.108468,   35.043694,       33.04,
 140.112973,   35.043694,       33.02,
 140.117477,   35.043694,       32.99,
 140.121982,   35.043694,       32.96,
 140.126486,   35.043694,       32.82,
 140.130991,   35.043694,       32.69,
 140.135495,   35.043694,       32.56,
 140.140000,   35.043694,       32.37,
 140.144505,   35.043694,       32.16,
 140.149009,   35.043694,       31.97,
 140.153514,   35.043694,       31.77,
 140.158018,   35.043694,       31.56,
 140.162523,   35.043694,       31.32,
 140.167027,   35.043694,       31.00,
 140.171532,   35.043694,       30.66,
 140.176036,   35.043694,       30.33,
 140.180541,   35.043694,       30.02,
 140.185045,   35.043694,       29.73,
 140.189550,   35.043694,       29.35,
 140.194054,   35.043694,       28.91,
 140.198559,   35.043694,       28.46,
 140.203063,   35.043694,       28.01,
 140.207568,   35.043694,       27.59,
 140.212072,   35.043694,       27.55,
 140.216577,   35.043694,       27.69,
 140.221081,   35.043694,       27.85,
 140.225586,   35.043694,       28.00,
 140.230090,   35.043694,       28.11,
 140.234595,   35.043694,       28.17,
 140.239099,   35.043694,       28.23,
 140.243604,   35.043694,       28.32,
 140.248108,   35.043694,       28.43,
 140.252613,   35.043694,       28.55,
 140.257117,   35.043694,       28.67,
 140.261622,   35.043694,       28.78,
 140.266126,   35.043694,       28.87,
 140.270631,   35.043694,       28.93,
 140.275135,   35.043694,       28.96,
 140.279640,   35.043694,       28.98,
 140.284144,   35.043694,       29.00,
 140.288649,   35.043694,       29.01,
 140.293153,   35.043694,       29.01,
 140.297658,   35.043694,       29.02,
 140.302162,   35.043694,       29.04,
 140.306667,   35.043694,       29.09,
 140.311171,   35.043694,       29.05,
 140.315676,   35.043694,       28.98,
 140.320180,   35.043694,       28.93,
 140.324685,   35.043694,       28.90,
 140.329189,   35.043694,       28.91,
 140.333694,   35.043694,       28.94,
 140.338198,   35.043694,       29.01,
 140.342703,   35.043694,       29.03,
 140.347207,   35.043694,       29.11,
 140.351712,   35.043694,       29.22,
 140.356216,   35.043694,       29.33,
 140.360721,   35.043694,       29.47,
 140.365225,   35.043694,       29.61,
 140.369730,   35.043694,       29.76,
 140.374234,   35.043694,       29.93,
 140.378739,   35.043694,       30.11,
 140.383243,   35.043694,       30.30,
 140.387748,   35.043694,       30.46,
 139.140000,   35.048198,       40.51,
 139.144505,   35.048198,       40.18,
 139.149009,   35.048198,       39.69,
 139.153514,   35.048198,       39.14,
 139.158018,   35.048198,       38.61,
 139.162523,   35.048198,       38.11,
 139.167027,   35.048198,       37.64,
 139.171532,   35.048198,       37.20,
 139.176036,   35.048198,       36.79,
 139.180541,   35.048198,       36.41,
 139.185045,   35.048198,       36.05,
 139.189550,   35.048198,       35.67,
 139.194054,   35.048198,       35.21,
 139.198559,   35.048198,       35.09,
 139.203063,   35.048198,       34.83,
 139.207568,   35.048198,       33.78,
 139.212072,   35.048198,       32.59,
 139.216577,   35.048198,       31.63,
 139.221081,   35.048198,       31.02,
 139.225586,   35.048198,       30.58,
 139.230090,   35.048198,       30.20,
 139.234595,   35.048198,       29.81,
 139.239099,   35.048198,       29.41,
 139.243604,   35.048198,       28.89,
 139.248108,   35.048198,       28.34,
 139.252613,   35.048198,       27.92,
 139.257117,   35.048198,       27.46,
 139.261622,   35.048198,       26.90,
 139.266126,   35.048198,       26.24,
 139.270631,   35.048198,       25.48,
 139.275135,   35.048198,       24.66,
 139.279640,   35.048198,       23.90,
 139.284144,   35.048198,       23.49,
 139.288649,   35.048198,       23.09,
 139.293153,   35.048198,       22.67,
 139.297658,   35.048198,       22.24,
 139.302162,   35.048198,       21.82,
 139.306667,   35.048198,       21.38,
 139.311171,   35.048198,       20.91,
 139.315676,   35.048198,       20.31,
 139.320180,   35.048198,       19.58,
 139.324685,   35.048198,       18.72,
 139.329189,   35.048198,       17.78,
 139.333694,   35.048198,       16.82,
 139.338198,   35.048198,       15.83,
 139.342703,   35.048198,       14.89,
 139.347207,   35.048198,       13.99,
 139.351712,   35.048198,       13.13,
 139.356216,   35.048198,       12.31,
 139.360721,   35.048198,       11.51,
 139.365225,   35.048198,       10.76,
 139.369730,   35.048198,       10.06,
 139.374234,   35.048198,        9.41,
 139.378739,   35.048198,        8.79,
 139.383243,   35.048198,        8.21,
 139.387748,   35.048198,        7.67,
 139.392252,   35.048198,        7.22,
 139.396757,   35.048198,        7.05,
 139.401261,   35.048198,        7.03,
 139.405766,   35.048198,        7.07,
 139.410270,   35.048198,        7.15,
 139.414775,   35.048198,        7.28,
 139.419279,   35.048198,        7.60,
 139.423784,   35.048198,        8.29,
 139.428288,   35.048198,        9.33,
 139.432793,   35.048198,       10.52,
 139.437297,   35.048198,       12.00,
 139.441802,   35.048198,       13.73,
 139.446306,   35.048198,       15.63,
 139.450811,   35.048198,       17.55,
 139.455315,   35.048198,       19.49,
 139.459820,   35.048198,       21.49,
 139.464324,   35.048198,       23.86,
 139.468829,   35.048198,       26.22,
 139.473333,   35.048198,       28.09,
 139.477838,   35.048198,       29.63,
 139.482342,   35.048198,       31.17,
 139.486847,   35.048198,       32.76,
 139.491351,   35.048198,       34.40,
 139.495856,   35.048198,       36.10,
 139.500360,   35.048198,       37.89,
 139.504865,   35.048198,       39.73,
 139.509369,   35.048198,       40.48,
 139.513874,   35.048198,       40.81,
 139.518378,   35.048198,       41.18,
 139.522883,   35.048198,       41.56,
 139.527387,   35.048198,       41.91,
 139.531892,   35.048198,       42.16,
 139.536396,   35.048198,       42.35,
 139.540901,   35.048198,       42.71,
 139.545405,   35.048198,       43.46,
 139.549910,   35.048198,       44.52,
 139.554414,   35.048198,       45.62,
 139.558919,   35.048198,       46.88,
 139.563423,   35.048198,       48.36,
 139.567928,   35.048198,       49.96,
 139.572432,   35.048198,       50.99,
 139.576937,   35.048198,       51.47,
 139.581441,   35.048198,       51.73,
 139.585946,   35.048198,       52.02,
 139.590450,   35.048198,       52.33,
 139.594955,   35.048198,       52.72,
 139.599459,   35.048198,       53.23,
 139.603964,   35.048198,       53.66,
 139.608468,   35.048198,       53.90,
 139.612973,   35.048198,       54.10,
 139.617477,   35.048198,       54.32,
 139.621982,   35.048198,       54.59,
 139.626486,   35.048198,       54.90,
 139.630991,   35.048198,       54.86,
 139.635495,   35.048198,       53.90,
 139.640000,   35.048198,       52.86,
 139.644505,   35.048198,       51.80,
 139.649009,   35.048198,       50.69,
 139.653514,   35.048198,       49.53,
 139.658018,   35.048198,       48.58,
 139.662523,   35.048198,       47.97,
 139.667027,   35.048198,       47.78,
 139.671532,   35.048198,       47.79,
 139.676036,   35.048198,       47.89,
 139.680541,   35.048198,       48.25,
 139.685045,   35.048198,       48.99,
 139.689550,   35.048198,       49.73,
 139.694054,   35.048198,       50.40,
 139.698559,   35.048198,       50.95,
 139.703063,   35.048198,       51.40,
 139.707568,   35.048198,       52.40,
 139.712072,   35.048198,       53.62,
 139.716577,   35.048198,       54.78,
 139.721081,   35.048198,       55.86,
 139.725586,   35.048198,       56.63,
 139.730090,   35.048198,       56.83,
 139.734595,   35.048198,       56.93,
 139.739099,   35.048198,       56.99,
 139.743604,   35.048198,       57.12,
 139.748108,   35.048198,       57.16,
 139.752613,   35.048198,       56.44,
 139.757117,   35.048198,       54.77,
 139.761622,   35.048198,       51.94,
 139.766126,   35.048198,       50.12,
 139.770631,   35.048198,       49.00,
 139.775135,   35.048198,       47.81,
 139.779640,   35.048198,       46.75,
 139.784144,   35.048198,       45.95,
 139.788649,   35.048198,       44.99,
 139.793153,   35.048198,       44.34,
 139.797658,   35.048198,       44.68,
 139.802162,   35.048198,       45.16,
 139.806667,   35.048198,       46.27,
 139.811171,   35.048198,       47.61,
 139.815676,   35.048198,       49.88,
 139.820180,   35.048198,       52.54,
 139.824685,   35.048198,       53.37,
 139.829189,   35.048198,       51.43,
 139.833694,   35.048198,       49.82,
 139.838198,   35.048198,       48.12,
 139.842703,   35.048198,       46.90,
 139.847207,   35.048198,       46.22,
 139.851712,   35.048198,       45.72,
 139.856216,   35.048198,       45.28,
 139.860721,   35.048198,       44.86,
 139.865225,   35.048198,       44.47,
 139.869730,   35.048198,       44.05,
 139.874234,   35.048198,       43.64,
 139.878739,   35.048198,       43.23,
 139.883243,   35.048198,       42.84,
 139.887748,   35.048198,       42.45,
 139.892252,   35.048198,       42.09,
 139.896757,   35.048198,       41.74,
 139.901261,   35.048198,       41.40,
 139.905766,   35.048198,       41.07,
 139.910270,   35.048198,       40.74,
 139.914775,   35.048198,       40.41,
 139.919279,   35.048198,       40.08,
 139.923784,   35.048198,       39.76,
 139.928288,   35.048198,       39.43,
 139.932793,   35.048198,       39.11,
 139.937297,   35.048198,       38.78,
 139.941802,   35.048198,       38.46,
 139.946306,   35.048198,       38.13,
 139.950811,   35.048198,       37.81,
 139.955315,   35.048198,       37.48,
 139.959820,   35.048198,       37.16,
 139.964324,   35.048198,       36.84,
 139.968829,   35.048198,       36.52,
 139.973333,   35.048198,       36.20,
 139.977838,   35.048198,       35.89,
 139.982342,   35.048198,       35.58,
 139.986847,   35.048198,       35.27,
 139.991351,   35.048198,       34.97,
 139.995856,   35.048198,       34.67,
 140.000360,   35.048198,       34.38,
 140.004865,   35.048198,       34.08,
 140.009369,   35.048198,       33.80,
 140.013874,   35.048198,       33.52,
 140.018378,   35.048198,       33.26,
 140.022883,   35.048198,       32.99,
 140.027387,   35.048198,       32.78,
 140.031892,   35.048198,       32.76,
 140.036396,   35.048198,       32.75,
 140.040901,   35.048198,       32.74,
 140.045405,   35.048198,       32.74,
 140.049910,   35.048198,       32.77,
 140.054414,   35.048198,       32.81,
 140.058919,   35.048198,       32.85,
 140.063423,   35.048198,       32.88,
 140.067928,   35.048198,       32.92,
 140.072432,   35.048198,       32.94,
 140.076937,   35.048198,       32.94,
 140.081441,   35.048198,       32.94,
 140.085946,   35.048198,       32.96,
 140.090450,   35.048198,       32.98,
 140.094955,   35.048198,       33.01,
 140.099459,   35.048198,       33.03,
 140.103964,   35.048198,       33.04,
 140.108468,   35.048198,       33.06,
 140.112973,   35.048198,       33.05,
 140.117477,   35.048198,       33.04,
 140.121982,   35.048198,       33.03,
 140.126486,   35.048198,       32.93,
 140.130991,   35.048198,       32.82,
 140.135495,   35.048198,       32.72,
 140.140000,   35.048198,       32.60,
 140.144505,   35.048198,       32.42,
 140.149009,   35.048198,       32.24,
 140.153514,   35.048198,       32.06,
 140.158018,   35.048198,       31.86,
 140.162523,   35.048198,       31.63,
 140.167027,   35.048198,       31.27,
 140.171532,   35.048198,       30.91,
 140.176036,   35.048198,       30.57,
 140.180541,   35.048198,       30.24,
 140.185045,   35.048198,       29.76,
 140.189550,   35.048198,       29.18,
 140.194054,   35.048198,       28.65,
 140.198559,   35.048198,       28.16,
 140.203063,   35.048198,       27.73,
 140.207568,   35.048198,       27.45,
 140.212072,   35.048198,       27.38,
 140.216577,   35.048198,       27.44,
 140.221081,   35.048198,       27.53,
 140.225586,   35.048198,       27.66,
 140.230090,   35.048198,       27.74,
 140.234595,   35.048198,       27.79,
 140.239099,   35.048198,       27.83,
 140.243604,   35.048198,       27.89,
 140.248108,   35.048198,       27.98,
 140.252613,   35.048198,       28.08,
 140.257117,   35.048198,       28.20,
 140.261622,   35.048198,       28.30,
 140.266126,   35.048198,       28.37,
 140.270631,   35.048198,       28.40,
 140.275135,   35.048198,       28.41,
 140.279640,   35.048198,       28.43,
 140.284144,   35.048198,       28.43,
 140.288649,   35.048198,       28.42,
 140.293153,   35.048198,       28.40,
 140.297658,   35.048198,       28.39,
 140.302162,   35.048198,       28.37,
 140.306667,   35.048198,       28.43,
 140.311171,   35.048198,       28.57,
 140.315676,   35.048198,       28.62,
 140.320180,   35.048198,       28.65,
 140.324685,   35.048198,       28.66,
 140.329189,   35.048198,       28.66,
 140.333694,   35.048198,       28.68,
 140.338198,   35.048198,       28.68,
 140.342703,   35.048198,       28.69,
 140.347207,   35.048198,       28.74,
 140.351712,   35.048198,       28.85,
 140.356216,   35.048198,       28.98,
 140.360721,   35.048198,       29.12,
 140.365225,   35.048198,       29.27,
 140.369730,   35.048198,       29.43,
 140.374234,   35.048198,       29.61,
 140.378739,   35.048198,       29.77,
 140.383243,   35.048198,       29.79,
 140.387748,   35.048198,       29.33,
 139.140000,   35.052703,       38.09,
 139.144505,   35.052703,       38.94,
 139.149009,   35.052703,       39.63,
 139.153514,   35.052703,       39.34,
 139.158018,   35.052703,       38.86,
 139.162523,   35.052703,       38.35,
 139.167027,   35.052703,       37.86,
 139.171532,   35.052703,       37.40,
 139.176036,   35.052703,       36.97,
 139.180541,   35.052703,       36.56,
 139.185045,   35.052703,       36.19,
 139.189550,   35.052703,       35.63,
 139.194054,   35.052703,       35.06,
 139.198559,   35.052703,       34.73,
 139.203063,   35.052703,       34.01,
 139.207568,   35.052703,       32.80,
 139.212072,   35.052703,       31.58,
 139.216577,   35.052703,       30.62,
 139.221081,   35.052703,       30.12,
 139.225586,   35.052703,       29.82,
 139.230090,   35.052703,       29.52,
 139.234595,   35.052703,       29.15,
 139.239099,   35.052703,       28.74,
 139.243604,   35.052703,       28.29,
 139.248108,   35.052703,       28.13,
 139.252613,   35.052703,       27.92,
 139.257117,   35.052703,       27.58,
 139.261622,   35.052703,       27.13,
 139.266126,   35.052703,       26.59,
 139.270631,   35.052703,       25.98,
 139.275135,   35.052703,       25.26,
 139.279640,   35.052703,       24.42,
 139.284144,   35.052703,       23.70,
 139.288649,   35.052703,       23.11,
 139.293153,   35.052703,       22.58,
 139.297658,   35.052703,       22.08,
 139.302162,   35.052703,       21.61,
 139.306667,   35.052703,       21.19,
 139.311171,   35.052703,       20.70,
 139.315676,   35.052703,       20.04,
 139.320180,   35.052703,       19.24,
 139.324685,   35.052703,       18.32,
 139.329189,   35.052703,       17.32,
 139.333694,   35.052703,       16.30,
 139.338198,   35.052703,       15.26,
 139.342703,   35.052703,       14.26,
 139.347207,   35.052703,       13.30,
 139.351712,   35.052703,       12.38,
 139.356216,   35.052703,       11.49,
 139.360721,   35.052703,       10.65,
 139.365225,   35.052703,        9.85,
 139.369730,   35.052703,        9.13,
 139.374234,   35.052703,        8.49,
 139.378739,   35.052703,        7.90,
 139.383243,   35.052703,        7.36,
 139.387748,   35.052703,        6.87,
 139.392252,   35.052703,        6.39,
 139.396757,   35.052703,        5.99,
 139.401261,   35.052703,        5.74,
 139.405766,   35.052703,        5.55,
 139.410270,   35.052703,        5.38,
 139.414775,   35.052703,        5.22,
 139.419279,   35.052703,        5.12,
 139.423784,   35.052703,        5.34,
 139.428288,   35.052703,        6.22,
 139.432793,   35.052703,        7.56,
 139.437297,   35.052703,        9.33,
 139.441802,   35.052703,       11.41,
 139.446306,   35.052703,       13.59,
 139.450811,   35.052703,       15.79,
 139.455315,   35.052703,       18.00,
 139.459820,   35.052703,       20.37,
 139.464324,   35.052703,       23.01,
 139.468829,   35.052703,       25.44,
 139.473333,   35.052703,       27.48,
 139.477838,   35.052703,       29.18,
 139.482342,   35.052703,       30.79,
 139.486847,   35.052703,       32.35,
 139.491351,   35.052703,       33.92,
 139.495856,   35.052703,       35.52,
 139.500360,   35.052703,       37.09,
 139.504865,   35.052703,       38.52,
 139.509369,   35.052703,       39.61,
 139.513874,   35.052703,       40.29,
 139.518378,   35.052703,       40.86,
 139.522883,   35.052703,       41.43,
 139.527387,   35.052703,       42.00,
 139.531892,   35.052703,       42.50,
 139.536396,   35.052703,       42.83,
 139.540901,   35.052703,       43.29,
 139.545405,   35.052703,       43.84,
 139.549910,   35.052703,       44.32,
 139.554414,   35.052703,       44.94,
 139.558919,   35.052703,       45.88,
 139.563423,   35.052703,       47.24,
 139.567928,   35.052703,       49.16,
 139.572432,   35.052703,       51.24,
 139.576937,   35.052703,       51.74,
 139.581441,   35.052703,       52.19,
 139.585946,   35.052703,       52.68,
 139.590450,   35.052703,       53.24,
 139.594955,   35.052703,       53.94,
 139.599459,   35.052703,       54.71,
 139.603964,   35.052703,       55.16,
 139.608468,   35.052703,       55.29,
 139.612973,   35.052703,       55.38,
 139.617477,   35.052703,       55.52,
 139.621982,   35.052703,       55.72,
 139.626486,   35.052703,       55.96,
 139.630991,   35.052703,       55.94,
 139.635495,   35.052703,       55.03,
 139.640000,   35.052703,       53.94,
 139.644505,   35.052703,       52.80,
 139.649009,   35.052703,       51.61,
 139.653514,   35.052703,       50.38,
 139.658018,   35.052703,       49.29,
 139.662523,   35.052703,       48.66,
 139.667027,   35.052703,       48.82,
 139.671532,   35.052703,       49.22,
 139.676036,   35.052703,       49.68,
 139.680541,   35.052703,       50.35,
 139.685045,   35.052703,       51.10,
 139.689550,   35.052703,       51.76,
 139.694054,   35.052703,       52.29,
 139.698559,   35.052703,       52.71,
 139.703063,   35.052703,       53.03,
 139.707568,   35.052703,       53.48,
 139.712072,   35.052703,       54.49,
 139.716577,   35.052703,       55.53,
 139.721081,   35.052703,       56.50,
 139.725586,   35.052703,       57.30,
 139.730090,   35.052703,       57.53,
 139.734595,   35.052703,       57.69,
 139.739099,   35.052703,       57.84,
 139.743604,   35.052703,       58.23,
 139.748108,   35.052703,       58.80,
 139.752613,   35.052703,       58.56,
 139.757117,   35.052703,       56.79,
 139.761622,   35.052703,       53.23,
 139.766126,   35.052703,       50.00,
 139.770631,   35.052703,       48.31,
 139.775135,   35.052703,       47.22,
 139.779640,   35.052703,       46.36,
 139.784144,   35.052703,       45.54,
 139.788649,   35.052703,       44.66,
 139.793153,   35.052703,       44.24,
 139.797658,   35.052703,       44.38,
 139.802162,   35.052703,       44.92,
 139.806667,   35.052703,       45.88,
 139.811171,   35.052703,       46.94,
 139.815676,   35.052703,       48.97,
 139.820180,   35.052703,       51.55,
 139.824685,   35.052703,       53.56,
 139.829189,   35.052703,       52.56,
 139.833694,   35.052703,       50.44,
 139.838198,   35.052703,       48.53,
 139.842703,   35.052703,       47.27,
 139.847207,   35.052703,       46.55,
 139.851712,   35.052703,       46.02,
 139.856216,   35.052703,       45.56,
 139.860721,   35.052703,       45.13,
 139.865225,   35.052703,       44.69,
 139.869730,   35.052703,       44.25,
 139.874234,   35.052703,       43.83,
 139.878739,   35.052703,       43.42,
 139.883243,   35.052703,       43.03,
 139.887748,   35.052703,       42.67,
 139.892252,   35.052703,       42.33,
 139.896757,   35.052703,       42.00,
 139.901261,   35.052703,       41.67,
 139.905766,   35.052703,       41.35,
 139.910270,   35.052703,       41.03,
 139.914775,   35.052703,       40.72,
 139.919279,   35.052703,       40.40,
 139.923784,   35.052703,       40.09,
 139.928288,   35.052703,       39.78,
 139.932793,   35.052703,       39.46,
 139.937297,   35.052703,       39.15,
 139.941802,   35.052703,       38.83,
 139.946306,   35.052703,       38.52,
 139.950811,   35.052703,       38.20,
 139.955315,   35.052703,       37.89,
 139.959820,   35.052703,       37.57,
 139.964324,   35.052703,       37.26,
 139.968829,   35.052703,       36.95,
 139.973333,   35.052703,       36.65,
 139.977838,   35.052703,       36.34,
 139.982342,   35.052703,       36.03,
 139.986847,   35.052703,       35.73,
 139.991351,   35.052703,       35.43,
 139.995856,   35.052703,       35.13,
 140.000360,   35.052703,       34.84,
 140.004865,   35.052703,       34.56,
 140.009369,   35.052703,       34.28,
 140.013874,   35.052703,       34.00,
 140.018378,   35.052703,       33.74,
 140.022883,   35.052703,       33.48,
 140.027387,   35.052703,       33.22,
 140.031892,   35.052703,       32.92,
 140.036396,   35.052703,       32.78,
 140.040901,   35.052703,       32.77,
 140.045405,   35.052703,       32.77,
 140.049910,   35.052703,       32.77,
 140.054414,   35.052703,       32.77,
 140.058919,   35.052703,       32.77,
 140.063423,   35.052703,       32.79,
 140.067928,   35.052703,       32.80,
 140.072432,   35.052703,       32.82,
 140.076937,   35.052703,       32.82,
 140.081441,   35.052703,       32.81,
 140.085946,   35.052703,       32.83,
 140.090450,   35.052703,       32.88,
 140.094955,   35.052703,       32.93,
 140.099459,   35.052703,       32.95,
 140.103964,   35.052703,       32.99,
 140.108468,   35.052703,       33.03,
 140.112973,   35.052703,       33.06,
 140.117477,   35.052703,       33.08,
 140.121982,   35.052703,       33.10,
 140.126486,   35.052703,       33.03,
 140.130991,   35.052703,       32.95,
 140.135495,   35.052703,       32.88,
 140.140000,   35.052703,       32.82,
 140.144505,   35.052703,       32.68,
 140.149009,   35.052703,       32.53,
 140.153514,   35.052703,       32.36,
 140.158018,   35.052703,       32.15,
 140.162523,   35.052703,       31.85,
 140.167027,   35.052703,       31.48,
 140.171532,   35.052703,       31.12,
 140.176036,   35.052703,       30.78,
 140.180541,   35.052703,       30.32,
 140.185045,   35.052703,       29.73,
 140.189550,   35.052703,       29.07,
 140.194054,   35.052703,       28.46,
 140.198559,   35.052703,       27.91,
 140.203063,   35.052703,       27.48,
 140.207568,   35.052703,       27.27,
 140.212072,   35.052703,       27.23,
 140.216577,   35.052703,       27.26,
 140.221081,   35.052703,       27.30,
 140.225586,   35.052703,       27.34,
 140.230090,   35.052703,       27.41,
 140.234595,   35.052703,       27.45,
 140.239099,   35.052703,       27.48,
 140.243604,   35.052703,       27.49,
 140.248108,   35.052703,       27.53,
 140.252613,   35.052703,       27.63,
 140.257117,   35.052703,       27.77,
 140.261622,   35.052703,       27.87,
 140.266126,   35.052703,       27.92,
 140.270631,   35.052703,       27.93,
 140.275135,   35.052703,       27.89,
 140.279640,   35.052703,       27.88,
 140.284144,   35.052703,       27.85,
 140.288649,   35.052703,       27.80,
 140.293153,   35.052703,       27.76,
 140.297658,   35.052703,       27.70,
 140.302162,   35.052703,       27.67,
 140.306667,   35.052703,       27.74,
 140.311171,   35.052703,       27.95,
 140.315676,   35.052703,       28.13,
 140.320180,   35.052703,       28.26,
 140.324685,   35.052703,       28.34,
 140.329189,   35.052703,       28.35,
 140.333694,   35.052703,       28.34,
 140.338198,   35.052703,       28.34,
 140.342703,   35.052703,       28.35,
 140.347207,   35.052703,       28.37,
 140.351712,   35.052703,       28.48,
 140.356216,   35.052703,       28.61,
 140.360721,   35.052703,       28.76,
 140.365225,   35.052703,       28.92,
 140.369730,   35.052703,       29.08,
 140.374234,   35.052703,       29.02,
 140.378739,   35.052703,       28.66,
 140.383243,   35.052703,       28.20,
 140.387748,   35.052703,       27.65,
 139.140000,   35.057207,       35.47,
 139.144505,   35.057207,       36.48,
 139.149009,   35.057207,       37.32,
 139.153514,   35.057207,       38.01,
 139.158018,   35.057207,       38.55,
 139.162523,   35.057207,       38.51,
 139.167027,   35.057207,       38.04,
 139.171532,   35.057207,       37.56,
 139.176036,   35.057207,       37.11,
 139.180541,   35.057207,       36.69,
 139.185045,   35.057207,       36.24,
 139.189550,   35.057207,       35.60,
 139.194054,   35.057207,       34.96,
 139.198559,   35.057207,       34.33,
 139.203063,   35.057207,       33.31,
 139.207568,   35.057207,       32.08,
 139.212072,   35.057207,       30.67,
 139.216577,   35.057207,       29.57,
 139.221081,   35.057207,       29.45,
 139.225586,   35.057207,       29.28,
 139.230090,   35.057207,       29.03,
 139.234595,   35.057207,       28.71,
 139.239099,   35.057207,       28.39,
 139.243604,   35.057207,       28.41,
 139.248108,   35.057207,       28.37,
 139.252613,   35.057207,       28.26,
 139.257117,   35.057207,       28.02,
 139.261622,   35.057207,       27.65,
 139.266126,   35.057207,       27.23,
 139.270631,   35.057207,       26.66,
 139.275135,   35.057207,       25.94,
 139.279640,   35.057207,       25.02,
 139.284144,   35.057207,       24.12,
 139.288649,   35.057207,       23.36,
 139.293153,   35.057207,       22.70,
 139.297658,   35.057207,       22.09,
 139.302162,   35.057207,       21.54,
 139.306667,   35.057207,       21.06,
 139.311171,   35.057207,       20.52,
 139.315676,   35.057207,       19.79,
 139.320180,   35.057207,       18.92,
 139.324685,   35.057207,       17.94,
 139.329189,   35.057207,       16.89,
 139.333694,   35.057207,       15.82,
 139.338198,   35.057207,       14.73,
 139.342703,   35.057207,       13.68,
 139.347207,   35.057207,       12.65,
 139.351712,   35.057207,       11.66,
 139.356216,   35.057207,       10.70,
 139.360721,   35.057207,        9.80,
 139.365225,   35.057207,        8.96,
 139.369730,   35.057207,        8.20,
 139.374234,   35.057207,        7.58,
 139.378739,   35.057207,        7.04,
 139.383243,   35.057207,        6.56,
 139.387748,   35.057207,        6.11,
 139.392252,   35.057207,        5.68,
 139.396757,   35.057207,        5.21,
 139.401261,   35.057207,        4.76,
 139.405766,   35.057207,        4.37,
 139.410270,   35.057207,        4.00,
 139.414775,   35.057207,        3.59,
 139.419279,   35.057207,        3.15,
 139.423784,   35.057207,        2.74,
 139.428288,   35.057207,        3.09,
 139.432793,   35.057207,        4.74,
 139.437297,   35.057207,        7.17,
 139.441802,   35.057207,        9.73,
 139.446306,   35.057207,       12.24,
 139.450811,   35.057207,       14.70,
 139.455315,   35.057207,       17.16,
 139.459820,   35.057207,       19.68,
 139.464324,   35.057207,       22.18,
 139.468829,   35.057207,       24.69,
 139.473333,   35.057207,       26.84,
 139.477838,   35.057207,       28.55,
 139.482342,   35.057207,       30.08,
 139.486847,   35.057207,       31.57,
 139.491351,   35.057207,       33.05,
 139.495856,   35.057207,       34.52,
 139.500360,   35.057207,       35.95,
 139.504865,   35.057207,       37.28,
 139.509369,   35.057207,       38.49,
 139.513874,   35.057207,       39.47,
 139.518378,   35.057207,       40.28,
 139.522883,   35.057207,       41.06,
 139.527387,   35.057207,       41.85,
 139.531892,   35.057207,       42.62,
 139.536396,   35.057207,       43.29,
 139.540901,   35.057207,       43.78,
 139.545405,   35.057207,       43.80,
 139.549910,   35.057207,       43.55,
 139.554414,   35.057207,       43.54,
 139.558919,   35.057207,       43.97,
 139.563423,   35.057207,       44.93,
 139.567928,   35.057207,       46.44,
 139.572432,   35.057207,       48.87,
 139.576937,   35.057207,       51.58,
 139.581441,   35.057207,       52.68,
 139.585946,   35.057207,       53.39,
 139.590450,   35.057207,       54.16,
 139.594955,   35.057207,       55.06,
 139.599459,   35.057207,       56.08,
 139.603964,   35.057207,       56.65,
 139.608468,   35.057207,       56.57,
 139.612973,   35.057207,       56.53,
 139.617477,   35.057207,       56.54,
 139.621982,   35.057207,       56.61,
 139.626486,   35.057207,       56.66,
 139.630991,   35.057207,       56.63,
 139.635495,   35.057207,       56.03,
 139.640000,   35.057207,       55.04,
 139.644505,   35.057207,       53.85,
 139.649009,   35.057207,       52.62,
 139.653514,   35.057207,       51.34,
 139.658018,   35.057207,       49.99,
 139.662523,   35.057207,       49.51,
 139.667027,   35.057207,       50.34,
 139.671532,   35.057207,       51.14,
 139.676036,   35.057207,       51.92,
 139.680541,   35.057207,       52.65,
 139.685045,   35.057207,       53.28,
 139.689550,   35.057207,       53.91,
 139.694054,   35.057207,       54.25,
 139.698559,   35.057207,       54.48,
 139.703063,   35.057207,       54.60,
 139.707568,   35.057207,       54.87,
 139.712072,   35.057207,       55.63,
 139.716577,   35.057207,       56.63,
 139.721081,   35.057207,       57.66,
 139.725586,   35.057207,       58.60,
 139.730090,   35.057207,       58.74,
 139.734595,   35.057207,       58.78,
 139.739099,   35.057207,       58.82,
 139.743604,   35.057207,       59.27,
 139.748108,   35.057207,       59.92,
 139.752613,   35.057207,       60.76,
 139.757117,   35.057207,       58.38,
 139.761622,   35.057207,       54.04,
 139.766126,   35.057207,       50.20,
 139.770631,   35.057207,       47.76,
 139.775135,   35.057207,       46.99,
 139.779640,   35.057207,       46.30,
 139.784144,   35.057207,       45.41,
 139.788649,   35.057207,       44.76,
 139.793153,   35.057207,       44.43,
 139.797658,   35.057207,       44.21,
 139.802162,   35.057207,       44.66,
 139.806667,   35.057207,       45.50,
 139.811171,   35.057207,       46.46,
 139.815676,   35.057207,       48.13,
 139.820180,   35.057207,       50.51,
 139.824685,   35.057207,       53.06,
 139.829189,   35.057207,       53.23,
 139.833694,   35.057207,       50.75,
 139.838198,   35.057207,       48.81,
 139.842703,   35.057207,       47.55,
 139.847207,   35.057207,       46.82,
 139.851712,   35.057207,       46.28,
 139.856216,   35.057207,       45.82,
 139.860721,   35.057207,       45.35,
 139.865225,   35.057207,       44.88,
 139.869730,   35.057207,       44.44,
 139.874234,   35.057207,       44.01,
 139.878739,   35.057207,       43.62,
 139.883243,   35.057207,       43.25,
 139.887748,   35.057207,       42.91,
 139.892252,   35.057207,       42.59,
 139.896757,   35.057207,       42.27,
 139.901261,   35.057207,       41.96,
 139.905766,   35.057207,       41.66,
 139.910270,   35.057207,       41.35,
 139.914775,   35.057207,       41.05,
 139.919279,   35.057207,       40.74,
 139.923784,   35.057207,       40.44,
 139.928288,   35.057207,       40.14,
 139.932793,   35.057207,       39.83,
 139.937297,   35.057207,       39.53,
 139.941802,   35.057207,       39.22,
 139.946306,   35.057207,       38.92,
 139.950811,   35.057207,       38.61,
 139.955315,   35.057207,       38.30,
 139.959820,   35.057207,       37.99,
 139.964324,   35.057207,       37.69,
 139.968829,   35.057207,       37.38,
 139.973333,   35.057207,       37.07,
 139.977838,   35.057207,       36.77,
 139.982342,   35.057207,       36.47,
 139.986847,   35.057207,       36.16,
 139.991351,   35.057207,       35.86,
 139.995856,   35.057207,       35.57,
 140.000360,   35.057207,       35.28,
 140.004865,   35.057207,       34.99,
 140.009369,   35.057207,       34.71,
 140.013874,   35.057207,       34.44,
 140.018378,   35.057207,       34.17,
 140.022883,   35.057207,       33.91,
 140.027387,   35.057207,       33.65,
 140.031892,   35.057207,       33.40,
 140.036396,   35.057207,       33.14,
 140.040901,   35.057207,       32.92,
 140.045405,   35.057207,       32.79,
 140.049910,   35.057207,       32.78,
 140.054414,   35.057207,       32.76,
 140.058919,   35.057207,       32.74,
 140.063423,   35.057207,       32.74,
 140.067928,   35.057207,       32.74,
 140.072432,   35.057207,       32.73,
 140.076937,   35.057207,       32.72,
 140.081441,   35.057207,       32.70,
 140.085946,   35.057207,       32.68,
 140.090450,   35.057207,       32.75,
 140.094955,   35.057207,       32.82,
 140.099459,   35.057207,       32.87,
 140.103964,   35.057207,       32.92,
 140.108468,   35.057207,       32.99,
 140.112973,   35.057207,       33.04,
 140.117477,   35.057207,       33.08,
 140.121982,   35.057207,       33.15,
 140.126486,   35.057207,       33.14,
 140.130991,   35.057207,       33.09,
 140.135495,   35.057207,       33.05,
 140.140000,   35.057207,       33.01,
 140.144505,   35.057207,       32.93,
 140.149009,   35.057207,       32.81,
 140.153514,   35.057207,       32.67,
 140.158018,   35.057207,       32.44,
 140.162523,   35.057207,       32.09,
 140.167027,   35.057207,       31.70,
 140.171532,   35.057207,       31.32,
 140.176036,   35.057207,       30.94,
 140.180541,   35.057207,       30.39,
 140.185045,   35.057207,       29.74,
 140.189550,   35.057207,       29.04,
 140.194054,   35.057207,       28.35,
 140.198559,   35.057207,       27.68,
 140.203063,   35.057207,       27.21,
 140.207568,   35.057207,       27.06,
 140.212072,   35.057207,       27.07,
 140.216577,   35.057207,       27.09,
 140.221081,   35.057207,       27.11,
 140.225586,   35.057207,       27.13,
 140.230090,   35.057207,       27.14,
 140.234595,   35.057207,       27.18,
 140.239099,   35.057207,       27.22,
 140.243604,   35.057207,       27.23,
 140.248108,   35.057207,       27.22,
 140.252613,   35.057207,       27.29,
 140.257117,   35.057207,       27.43,
 140.261622,   35.057207,       27.52,
 140.266126,   35.057207,       27.56,
 140.270631,   35.057207,       27.54,
 140.275135,   35.057207,       27.46,
 140.279640,   35.057207,       27.33,
 140.284144,   35.057207,       27.26,
 140.288649,   35.057207,       27.18,
 140.293153,   35.057207,       27.09,
 140.297658,   35.057207,       26.99,
 140.302162,   35.057207,       26.93,
 140.306667,   35.057207,       27.03,
 140.311171,   35.057207,       27.29,
 140.315676,   35.057207,       27.57,
 140.320180,   35.057207,       27.78,
 140.324685,   35.057207,       27.95,
 140.329189,   35.057207,       27.99,
 140.333694,   35.057207,       27.97,
 140.338198,   35.057207,       27.97,
 140.342703,   35.057207,       27.99,
 140.347207,   35.057207,       28.02,
 140.351712,   35.057207,       28.09,
 140.356216,   35.057207,       28.23,
 140.360721,   35.057207,       28.39,
 140.365225,   35.057207,       28.30,
 140.369730,   35.057207,       28.05,
 140.374234,   35.057207,       27.71,
 140.378739,   35.057207,       27.26,
 140.383243,   35.057207,       26.72,
 140.387748,   35.057207,       26.07,
 139.140000,   35.061712,       33.02,
 139.144505,   35.061712,       34.17,
 139.149009,   35.061712,       35.17,
 139.153514,   35.061712,       36.01,
 139.158018,   35.061712,       36.69,
 139.162523,   35.061712,       37.22,
 139.167027,   35.061712,       37.59,
 139.171532,   35.061712,       37.68,
 139.176036,   35.061712,       37.23,
 139.180541,   35.061712,       36.78,
 139.185045,   35.061712,       36.26,
 139.189550,   35.061712,       35.76,
 139.194054,   35.061712,       35.24,
 139.198559,   35.061712,       34.63,
 139.203063,   35.061712,       33.50,
 139.207568,   35.061712,       32.24,
 139.212072,   35.061712,       30.92,
 139.216577,   35.061712,       29.74,
 139.221081,   35.061712,       29.22,
 139.225586,   35.061712,       28.99,
 139.230090,   35.061712,       28.78,
 139.234595,   35.061712,       28.59,
 139.239099,   35.061712,       28.62,
 139.243604,   35.061712,       28.83,
 139.248108,   35.061712,       28.91,
 139.252613,   35.061712,       28.84,
 139.257117,   35.061712,       28.70,
 139.261622,   35.061712,       28.45,
 139.266126,   35.061712,       28.07,
 139.270631,   35.061712,       27.46,
 139.275135,   35.061712,       26.66,
 139.279640,   35.061712,       25.68,
 139.284144,   35.061712,       24.62,
 139.288649,   35.061712,       23.71,
 139.293153,   35.061712,       22.91,
 139.297658,   35.061712,       22.18,
 139.302162,   35.061712,       21.52,
 139.306667,   35.061712,       20.96,
 139.311171,   35.061712,       20.34,
 139.315676,   35.061712,       19.55,
 139.320180,   35.061712,       18.63,
 139.324685,   35.061712,       17.61,
 139.329189,   35.061712,       16.52,
 139.333694,   35.061712,       15.38,
 139.338198,   35.061712,       14.25,
 139.342703,   35.061712,       13.15,
 139.347207,   35.061712,       12.06,
 139.351712,   35.061712,       10.99,
 139.356216,   35.061712,        9.94,
 139.360721,   35.061712,        8.95,
 139.365225,   35.061712,        8.06,
 139.369730,   35.061712,        7.28,
 139.374234,   35.061712,        6.69,
 139.378739,   35.061712,        6.22,
 139.383243,   35.061712,        5.80,
 139.387748,   35.061712,        5.42,
 139.392252,   35.061712,        5.02,
 139.396757,   35.061712,        4.58,
 139.401261,   35.061712,        4.11,
 139.405766,   35.061712,        3.59,
 139.410270,   35.061712,        3.05,
 139.414775,   35.061712,        2.49,
 139.419279,   35.061712,        1.85,
 139.423784,   35.061712,        1.10,
 139.428288,   35.061712,        0.37,
 139.432793,   35.061712,        3.26,
 139.437297,   35.061712,        6.19,
 139.441802,   35.061712,        9.00,
 139.446306,   35.061712,       11.73,
 139.450811,   35.061712,       14.39,
 139.455315,   35.061712,       16.95,
 139.459820,   35.061712,       19.39,
 139.464324,   35.061712,       21.72,
 139.468829,   35.061712,       23.98,
 139.473333,   35.061712,       26.23,
 139.477838,   35.061712,       27.83,
 139.482342,   35.061712,       29.24,
 139.486847,   35.061712,       30.63,
 139.491351,   35.061712,       32.03,
 139.495856,   35.061712,       33.41,
 139.500360,   35.061712,       34.75,
 139.504865,   35.061712,       36.03,
 139.509369,   35.061712,       37.30,
 139.513874,   35.061712,       38.46,
 139.518378,   35.061712,       39.49,
 139.522883,   35.061712,       40.47,
 139.527387,   35.061712,       41.48,
 139.531892,   35.061712,       42.51,
 139.536396,   35.061712,       43.54,
 139.540901,   35.061712,       44.14,
 139.545405,   35.061712,       43.25,
 139.549910,   35.061712,       42.05,
 139.554414,   35.061712,       41.25,
 139.558919,   35.061712,       40.95,
 139.563423,   35.061712,       41.11,
 139.567928,   35.061712,       42.28,
 139.572432,   35.061712,       45.04,
 139.576937,   35.061712,       49.58,
 139.581441,   35.061712,       52.34,
 139.585946,   35.061712,       53.95,
 139.590450,   35.061712,       54.87,
 139.594955,   35.061712,       55.89,
 139.599459,   35.061712,       57.07,
 139.603964,   35.061712,       57.86,
 139.608468,   35.061712,       57.62,
 139.612973,   35.061712,       57.46,
 139.617477,   35.061712,       57.36,
 139.621982,   35.061712,       57.28,
 139.626486,   35.061712,       57.22,
 139.630991,   35.061712,       57.25,
 139.635495,   35.061712,       57.03,
 139.640000,   35.061712,       56.20,
 139.644505,   35.061712,       55.06,
 139.649009,   35.061712,       53.96,
 139.653514,   35.061712,       52.77,
 139.658018,   35.061712,       51.57,
 139.662523,   35.061712,       51.77,
 139.667027,   35.061712,       52.76,
 139.671532,   35.061712,       53.71,
 139.676036,   35.061712,       54.54,
 139.680541,   35.061712,       55.21,
 139.685045,   35.061712,       55.69,
 139.689550,   35.061712,       55.97,
 139.694054,   35.061712,       55.99,
 139.698559,   35.061712,       56.03,
 139.703063,   35.061712,       56.09,
 139.707568,   35.061712,       56.22,
 139.712072,   35.061712,       56.90,
 139.716577,   35.061712,       58.00,
 139.721081,   35.061712,       59.16,
 139.725586,   35.061712,       60.22,
 139.730090,   35.061712,       60.40,
 139.734595,   35.061712,       60.24,
 139.739099,   35.061712,       60.05,
 139.743604,   35.061712,       59.95,
 139.748108,   35.061712,       59.98,
 139.752613,   35.061712,       59.98,
 139.757117,   35.061712,       57.88,
 139.761622,   35.061712,       54.18,
 139.766126,   35.061712,       50.65,
 139.770631,   35.061712,       47.82,
 139.775135,   35.061712,       47.24,
 139.779640,   35.061712,       46.60,
 139.784144,   35.061712,       45.80,
 139.788649,   35.061712,       44.97,
 139.793153,   35.061712,       44.49,
 139.797658,   35.061712,       44.28,
 139.802162,   35.061712,       44.41,
 139.806667,   35.061712,       44.97,
 139.811171,   35.061712,       46.02,
 139.815676,   35.061712,       47.65,
 139.820180,   35.061712,       49.62,
 139.824685,   35.061712,       51.92,
 139.829189,   35.061712,       52.83,
 139.833694,   35.061712,       50.78,
 139.838198,   35.061712,       48.97,
 139.842703,   35.061712,       47.76,
 139.847207,   35.061712,       47.06,
 139.851712,   35.061712,       46.52,
 139.856216,   35.061712,       46.03,
 139.860721,   35.061712,       45.52,
 139.865225,   35.061712,       45.05,
 139.869730,   35.061712,       44.61,
 139.874234,   35.061712,       44.21,
 139.878739,   35.061712,       43.84,
 139.883243,   35.061712,       43.50,
 139.887748,   35.061712,       43.18,
 139.892252,   35.061712,       42.87,
 139.896757,   35.061712,       42.57,
 139.901261,   35.061712,       42.28,
 139.905766,   35.061712,       41.98,
 139.910270,   35.061712,       41.69,
 139.914775,   35.061712,       41.40,
 139.919279,   35.061712,       41.10,
 139.923784,   35.061712,       40.81,
 139.928288,   35.061712,       40.51,
 139.932793,   35.061712,       40.22,
 139.937297,   35.061712,       39.92,
 139.941802,   35.061712,       39.62,
 139.946306,   35.061712,       39.32,
 139.950811,   35.061712,       39.02,
 139.955315,   35.061712,       38.71,
 139.959820,   35.061712,       38.41,
 139.964324,   35.061712,       38.10,
 139.968829,   35.061712,       37.80,
 139.973333,   35.061712,       37.49,
 139.977838,   35.061712,       37.19,
 139.982342,   35.061712,       36.89,
 139.986847,   35.061712,       36.59,
 139.991351,   35.061712,       36.29,
 139.995856,   35.061712,       35.99,
 140.000360,   35.061712,       35.70,
 140.004865,   35.061712,       35.42,
 140.009369,   35.061712,       35.13,
 140.013874,   35.061712,       34.85,
 140.018378,   35.061712,       34.58,
 140.022883,   35.061712,       34.31,
 140.027387,   35.061712,       34.05,
 140.031892,   35.061712,       33.80,
 140.036396,   35.061712,       33.54,
 140.040901,   35.061712,       33.29,
 140.045405,   35.061712,       33.05,
 140.049910,   35.061712,       32.85,
 140.054414,   35.061712,       32.73,
 140.058919,   35.061712,       32.72,
 140.063423,   35.061712,       32.70,
 140.067928,   35.061712,       32.69,
 140.072432,   35.061712,       32.67,
 140.076937,   35.061712,       32.65,
 140.081441,   35.061712,       32.63,
 140.085946,   35.061712,       32.60,
 140.090450,   35.061712,       32.63,
 140.094955,   35.061712,       32.70,
 140.099459,   35.061712,       32.77,
 140.103964,   35.061712,       32.84,
 140.108468,   35.061712,       32.91,
 140.112973,   35.061712,       32.98,
 140.117477,   35.061712,       33.05,
 140.121982,   35.061712,       33.14,
 140.126486,   35.061712,       33.26,
 140.130991,   35.061712,       33.24,
 140.135495,   35.061712,       33.22,
 140.140000,   35.061712,       33.22,
 140.144505,   35.061712,       33.14,
 140.149009,   35.061712,       33.06,
 140.153514,   35.061712,       32.97,
 140.158018,   35.061712,       32.72,
 140.162523,   35.061712,       32.36,
 140.167027,   35.061712,       31.98,
 140.171532,   35.061712,       31.57,
 140.176036,   35.061712,       31.10,
 140.180541,   35.061712,       30.49,
 140.185045,   35.061712,       29.82,
 140.189550,   35.061712,       29.10,
 140.194054,   35.061712,       28.34,
 140.198559,   35.061712,       27.55,
 140.203063,   35.061712,       26.90,
 140.207568,   35.061712,       26.89,
 140.212072,   35.061712,       26.90,
 140.216577,   35.061712,       26.91,
 140.221081,   35.061712,       26.92,
 140.225586,   35.061712,       26.92,
 140.230090,   35.061712,       26.94,
 140.234595,   35.061712,       27.00,
 140.239099,   35.061712,       27.06,
 140.243604,   35.061712,       27.12,
 140.248108,   35.061712,       27.18,
 140.252613,   35.061712,       27.20,
 140.257117,   35.061712,       27.23,
 140.261622,   35.061712,       27.28,
 140.266126,   35.061712,       27.30,
 140.270631,   35.061712,       27.25,
 140.275135,   35.061712,       27.12,
 140.279640,   35.061712,       26.92,
 140.284144,   35.061712,       26.69,
 140.288649,   35.061712,       26.57,
 140.293153,   35.061712,       26.43,
 140.297658,   35.061712,       26.28,
 140.302162,   35.061712,       26.17,
 140.306667,   35.061712,       26.33,
 140.311171,   35.061712,       26.68,
 140.315676,   35.061712,       27.00,
 140.320180,   35.061712,       27.28,
 140.324685,   35.061712,       27.52,
 140.329189,   35.061712,       27.59,
 140.333694,   35.061712,       27.56,
 140.338198,   35.061712,       27.55,
 140.342703,   35.061712,       27.57,
 140.347207,   35.061712,       27.62,
 140.351712,   35.061712,       27.69,
 140.356216,   35.061712,       27.66,
 140.360721,   35.061712,       27.51,
 140.365225,   35.061712,       27.27,
 140.369730,   35.061712,       26.93,
 140.374234,   35.061712,       26.50,
 140.378739,   35.061712,       25.96,
 140.383243,   35.061712,       25.33,
 140.387748,   35.061712,       24.60,
 139.140000,   35.066216,       30.72,
 139.144505,   35.066216,       32.02,
 139.149009,   35.066216,       33.17,
 139.153514,   35.066216,       34.16,
 139.158018,   35.066216,       35.00,
 139.162523,   35.066216,       35.68,
 139.167027,   35.066216,       36.20,
 139.171532,   35.066216,       36.56,
 139.176036,   35.066216,       36.77,
 139.180541,   35.066216,       36.84,
 139.185045,   35.066216,       36.55,
 139.189550,   35.066216,       36.17,
 139.194054,   35.066216,       35.79,
 139.198559,   35.066216,       35.20,
 139.203063,   35.066216,       34.14,
 139.207568,   35.066216,       32.86,
 139.212072,   35.066216,       31.58,
 139.216577,   35.066216,       30.35,
 139.221081,   35.066216,       29.51,
 139.225586,   35.066216,       28.98,
 139.230090,   35.066216,       28.74,
 139.234595,   35.066216,       28.73,
 139.239099,   35.066216,       28.91,
 139.243604,   35.066216,       29.23,
 139.248108,   35.066216,       29.47,
 139.252613,   35.066216,       29.56,
 139.257117,   35.066216,       29.54,
 139.261622,   35.066216,       29.40,
 139.266126,   35.066216,       28.99,
 139.270631,   35.066216,       28.29,
 139.275135,   35.066216,       27.39,
 139.279640,   35.066216,       26.36,
 139.284144,   35.066216,       25.21,
 139.288649,   35.066216,       24.15,
 139.293153,   35.066216,       23.20,
 139.297658,   35.066216,       22.33,
 139.302162,   35.066216,       21.55,
 139.306667,   35.066216,       20.89,
 139.311171,   35.066216,       20.19,
 139.315676,   35.066216,       19.34,
 139.320180,   35.066216,       18.38,
 139.324685,   35.066216,       17.34,
 139.329189,   35.066216,       16.19,
 139.333694,   35.066216,       15.01,
 139.338198,   35.066216,       13.84,
 139.342703,   35.066216,       12.68,
 139.347207,   35.066216,       11.53,
 139.351712,   35.066216,       10.38,
 139.356216,   35.066216,        9.24,
 139.360721,   35.066216,        8.14,
 139.365225,   35.066216,        7.15,
 139.369730,   35.066216,        6.35,
 139.374234,   35.066216,        5.83,
 139.378739,   35.066216,        5.44,
 139.383243,   35.066216,        5.10,
 139.387748,   35.066216,        4.78,
 139.392252,   35.066216,        4.42,
 139.396757,   35.066216,        4.02,
 139.401261,   35.066216,        3.58,
 139.405766,   35.066216,        3.09,
 139.410270,   35.066216,        2.56,
 139.414775,   35.066216,        1.99,
 139.419279,   35.066216,        1.37,
 139.423784,   35.066216,        0.98,
 139.428288,   35.066216,        1.51,
 139.432793,   35.066216,        3.88,
 139.437297,   35.066216,        6.59,
 139.441802,   35.066216,        9.30,
 139.446306,   35.066216,       11.97,
 139.450811,   35.066216,       14.57,
 139.455315,   35.066216,       17.07,
 139.459820,   35.066216,       19.45,
 139.464324,   35.066216,       21.68,
 139.468829,   35.066216,       23.72,
 139.473333,   35.066216,       25.66,
 139.477838,   35.066216,       26.99,
 139.482342,   35.066216,       28.29,
 139.486847,   35.066216,       29.59,
 139.491351,   35.066216,       30.91,
 139.495856,   35.066216,       32.23,
 139.500360,   35.066216,       33.51,
 139.504865,   35.066216,       34.79,
 139.509369,   35.066216,       36.06,
 139.513874,   35.066216,       37.32,
 139.518378,   35.066216,       38.51,
 139.522883,   35.066216,       39.71,
 139.527387,   35.066216,       40.96,
 139.531892,   35.066216,       42.22,
 139.536396,   35.066216,       43.50,
 139.540901,   35.066216,       44.34,
 139.545405,   35.066216,       41.96,
 139.549910,   35.066216,       39.84,
 139.554414,   35.066216,       38.02,
 139.558919,   35.066216,       36.79,
 139.563423,   35.066216,       36.20,
 139.567928,   35.066216,       37.24,
 139.572432,   35.066216,       40.95,
 139.576937,   35.066216,       46.92,
 139.581441,   35.066216,       51.17,
 139.585946,   35.066216,       53.94,
 139.590450,   35.066216,       55.22,
 139.594955,   35.066216,       56.27,
 139.599459,   35.066216,       57.35,
 139.603964,   35.066216,       58.19,
 139.608468,   35.066216,       58.18,
 139.612973,   35.066216,       58.04,
 139.617477,   35.066216,       57.90,
 139.621982,   35.066216,       57.79,
 139.626486,   35.066216,       57.80,
 139.630991,   35.066216,       57.91,
 139.635495,   35.066216,       57.96,
 139.640000,   35.066216,       57.50,
 139.644505,   35.066216,       56.66,
 139.649009,   35.066216,       55.85,
 139.653514,   35.066216,       55.09,
 139.658018,   35.066216,       54.84,
 139.662523,   35.066216,       55.15,
 139.667027,   35.066216,       55.87,
 139.671532,   35.066216,       56.68,
 139.676036,   35.066216,       57.44,
 139.680541,   35.066216,       58.01,
 139.685045,   35.066216,       58.17,
 139.689550,   35.066216,       57.68,
 139.694054,   35.066216,       57.40,
 139.698559,   35.066216,       57.42,
 139.703063,   35.066216,       57.50,
 139.707568,   35.066216,       57.63,
 139.712072,   35.066216,       58.14,
 139.716577,   35.066216,       59.31,
 139.721081,   35.066216,       60.58,
 139.725586,   35.066216,       61.94,
 139.730090,   35.066216,       62.20,
 139.734595,   35.066216,       62.02,
 139.739099,   35.066216,       61.81,
 139.743604,   35.066216,       61.05,
 139.748108,   35.066216,       60.21,
 139.752613,   35.066216,       59.26,
 139.757117,   35.066216,       57.36,
 139.761622,   35.066216,       54.84,
 139.766126,   35.066216,       52.19,
 139.770631,   35.066216,       50.09,
 139.775135,   35.066216,       48.62,
 139.779640,   35.066216,       47.39,
 139.784144,   35.066216,       46.47,
 139.788649,   35.066216,       45.40,
 139.793153,   35.066216,       44.46,
 139.797658,   35.066216,       44.39,
 139.802162,   35.066216,       44.44,
 139.806667,   35.066216,       44.48,
 139.811171,   35.066216,       45.65,
 139.815676,   35.066216,       47.24,
 139.820180,   35.066216,       48.88,
 139.824685,   35.066216,       50.63,
 139.829189,   35.066216,       51.90,
 139.833694,   35.066216,       50.66,
 139.838198,   35.066216,       49.06,
 139.842703,   35.066216,       47.92,
 139.847207,   35.066216,       47.25,
 139.851712,   35.066216,       46.73,
 139.856216,   35.066216,       46.18,
 139.860721,   35.066216,       45.67,
 139.865225,   35.066216,       45.21,
 139.869730,   35.066216,       44.80,
 139.874234,   35.066216,       44.42,
 139.878739,   35.066216,       44.09,
 139.883243,   35.066216,       43.77,
 139.887748,   35.066216,       43.47,
 139.892252,   35.066216,       43.17,
 139.896757,   35.066216,       42.89,
 139.901261,   35.066216,       42.61,
 139.905766,   35.066216,       42.32,
 139.910270,   35.066216,       42.04,
 139.914775,   35.066216,       41.76,
 139.919279,   35.066216,       41.48,
 139.923784,   35.066216,       41.19,
 139.928288,   35.066216,       40.91,
 139.932793,   35.066216,       40.62,
 139.937297,   35.066216,       40.32,
 139.941802,   35.066216,       40.03,
 139.946306,   35.066216,       39.73,
 139.950811,   35.066216,       39.43,
 139.955315,   35.066216,       39.12,
 139.959820,   35.066216,       38.82,
 139.964324,   35.066216,       38.52,
 139.968829,   35.066216,       38.21,
 139.973333,   35.066216,       37.91,
 139.977838,   35.066216,       37.60,
 139.982342,   35.066216,       37.30,
 139.986847,   35.066216,       37.00,
 139.991351,   35.066216,       36.70,
 139.995856,   35.066216,       36.41,
 140.000360,   35.066216,       36.12,
 140.004865,   35.066216,       35.83,
 140.009369,   35.066216,       35.54,
 140.013874,   35.066216,       35.26,
 140.018378,   35.066216,       34.98,
 140.022883,   35.066216,       34.71,
 140.027387,   35.066216,       34.44,
 140.031892,   35.066216,       34.18,
 140.036396,   35.066216,       33.92,
 140.040901,   35.066216,       33.66,
 140.045405,   35.066216,       33.40,
 140.049910,   35.066216,       33.15,
 140.054414,   35.066216,       32.93,
 140.058919,   35.066216,       32.73,
 140.063423,   35.066216,       32.64,
 140.067928,   35.066216,       32.63,
 140.072432,   35.066216,       32.61,
 140.076937,   35.066216,       32.59,
 140.081441,   35.066216,       32.57,
 140.085946,   35.066216,       32.54,
 140.090450,   35.066216,       32.52,
 140.094955,   35.066216,       32.58,
 140.099459,   35.066216,       32.65,
 140.103964,   35.066216,       32.72,
 140.108468,   35.066216,       32.79,
 140.112973,   35.066216,       32.86,
 140.117477,   35.066216,       32.96,
 140.121982,   35.066216,       33.10,
 140.126486,   35.066216,       33.24,
 140.130991,   35.066216,       33.36,
 140.135495,   35.066216,       33.39,
 140.140000,   35.066216,       33.39,
 140.144505,   35.066216,       33.35,
 140.149009,   35.066216,       33.27,
 140.153514,   35.066216,       33.16,
 140.158018,   35.066216,       32.98,
 140.162523,   35.066216,       32.67,
 140.167027,   35.066216,       32.28,
 140.171532,   35.066216,       31.83,
 140.176036,   35.066216,       31.33,
 140.180541,   35.066216,       30.69,
 140.185045,   35.066216,       29.99,
 140.189550,   35.066216,       29.25,
 140.194054,   35.066216,       28.49,
 140.198559,   35.066216,       27.70,
 140.203063,   35.066216,       26.99,
 140.207568,   35.066216,       26.78,
 140.212072,   35.066216,       26.73,
 140.216577,   35.066216,       26.73,
 140.221081,   35.066216,       26.72,
 140.225586,   35.066216,       26.71,
 140.230090,   35.066216,       26.75,
 140.234595,   35.066216,       26.86,
 140.239099,   35.066216,       26.97,
 140.243604,   35.066216,       27.07,
 140.248108,   35.066216,       27.15,
 140.252613,   35.066216,       27.17,
 140.257117,   35.066216,       27.17,
 140.261622,   35.066216,       27.17,
 140.266126,   35.066216,       27.15,
 140.270631,   35.066216,       27.03,
 140.275135,   35.066216,       26.82,
 140.279640,   35.066216,       26.51,
 140.284144,   35.066216,       26.24,
 140.288649,   35.066216,       26.03,
 140.293153,   35.066216,       25.86,
 140.297658,   35.066216,       25.67,
 140.302162,   35.066216,       25.43,
 140.306667,   35.066216,       25.76,
 140.311171,   35.066216,       26.17,
 140.315676,   35.066216,       26.53,
 140.320180,   35.066216,       26.87,
 140.324685,   35.066216,       27.11,
 140.329189,   35.066216,       27.12,
 140.333694,   35.066216,       27.09,
 140.338198,   35.066216,       27.08,
 140.342703,   35.066216,       27.10,
 140.347207,   35.066216,       27.10,
 140.351712,   35.066216,       27.04,
 140.356216,   35.066216,       26.90,
 140.360721,   35.066216,       26.67,
 140.365225,   35.066216,       26.34,
 140.369730,   35.066216,       25.91,
 140.374234,   35.066216,       25.39,
 140.378739,   35.066216,       24.76,
 140.383243,   35.066216,       24.04,
 140.387748,   35.066216,       23.22,
 139.140000,   35.070721,       28.58,
 139.144505,   35.070721,       30.03,
 139.149009,   35.070721,       31.33,
 139.153514,   35.070721,       32.48,
 139.158018,   35.070721,       33.46,
 139.162523,   35.070721,       34.29,
 139.167027,   35.070721,       34.96,
 139.171532,   35.070721,       35.48,
 139.176036,   35.070721,       35.83,
 139.180541,   35.070721,       36.14,
 139.185045,   35.070721,       36.31,
 139.189550,   35.070721,       36.38,
 139.194054,   35.070721,       36.35,
 139.198559,   35.070721,       35.87,
 139.203063,   35.070721,       34.81,
 139.207568,   35.070721,       33.50,
 139.212072,   35.070721,       32.18,
 139.216577,   35.070721,       30.93,
 139.221081,   35.070721,       29.89,
 139.225586,   35.070721,       29.11,
 139.230090,   35.070721,       28.78,
 139.234595,   35.070721,       28.90,
 139.239099,   35.070721,       29.18,
 139.243604,   35.070721,       29.56,
 139.248108,   35.070721,       29.95,
 139.252613,   35.070721,       30.21,
 139.257117,   35.070721,       30.35,
 139.261622,   35.070721,       30.34,
 139.266126,   35.070721,       29.94,
 139.270631,   35.070721,       29.13,
 139.275135,   35.070721,       28.13,
 139.279640,   35.070721,       26.98,
 139.284144,   35.070721,       25.77,
 139.288649,   35.070721,       24.60,
 139.293153,   35.070721,       23.53,
 139.297658,   35.070721,       22.55,
 139.302162,   35.070721,       21.64,
 139.306667,   35.070721,       20.83,
 139.311171,   35.070721,       20.07,
 139.315676,   35.070721,       19.17,
 139.320180,   35.070721,       18.18,
 139.324685,   35.070721,       17.09,
 139.329189,   35.070721,       15.92,
 139.333694,   35.070721,       14.72,
 139.338198,   35.070721,       13.51,
 139.342703,   35.070721,       12.30,
 139.347207,   35.070721,       11.08,
 139.351712,   35.070721,        9.85,
 139.356216,   35.070721,        8.62,
 139.360721,   35.070721,        7.39,
 139.365225,   35.070721,        6.25,
 139.369730,   35.070721,        5.42,
 139.374234,   35.070721,        5.01,
 139.378739,   35.070721,        4.73,
 139.383243,   35.070721,        4.48,
 139.387748,   35.070721,        4.20,
 139.392252,   35.070721,        3.88,
 139.396757,   35.070721,        3.52,
 139.401261,   35.070721,        3.11,
 139.405766,   35.070721,        2.67,
 139.410270,   35.070721,        2.18,
 139.414775,   35.070721,        1.65,
 139.419279,   35.070721,        1.33,
 139.423784,   35.070721,        1.49,
 139.428288,   35.070721,        2.58,
 139.432793,   35.070721,        4.85,
 139.437297,   35.070721,        7.37,
 139.441802,   35.070721,        9.95,
 139.446306,   35.070721,       12.52,
 139.450811,   35.070721,       15.04,
 139.455315,   35.070721,       17.49,
 139.459820,   35.070721,       19.83,
 139.464324,   35.070721,       22.05,
 139.468829,   35.070721,       24.10,
 139.473333,   35.070721,       25.67,
 139.477838,   35.070721,       26.54,
 139.482342,   35.070721,       27.60,
 139.486847,   35.070721,       28.70,
 139.491351,   35.070721,       29.81,
 139.495856,   35.070721,       31.00,
 139.500360,   35.070721,       32.27,
 139.504865,   35.070721,       33.54,
 139.509369,   35.070721,       34.81,
 139.513874,   35.070721,       36.09,
 139.518378,   35.070721,       37.51,
 139.522883,   35.070721,       39.01,
 139.527387,   35.070721,       40.54,
 139.531892,   35.070721,       42.06,
 139.536396,   35.070721,       43.61,
 139.540901,   35.070721,       44.35,
 139.545405,   35.070721,       41.77,
 139.549910,   35.070721,       38.37,
 139.554414,   35.070721,       35.14,
 139.558919,   35.070721,       31.94,
 139.563423,   35.070721,       29.83,
 139.567928,   35.070721,       31.43,
 139.572432,   35.070721,       37.28,
 139.576937,   35.070721,       44.19,
 139.581441,   35.070721,       49.76,
 139.585946,   35.070721,       53.77,
 139.590450,   35.070721,       55.27,
 139.594955,   35.070721,       56.40,
 139.599459,   35.070721,       57.60,
 139.603964,   35.070721,       58.54,
 139.608468,   35.070721,       58.65,
 139.612973,   35.070721,       58.57,
 139.617477,   35.070721,       58.44,
 139.621982,   35.070721,       58.33,
 139.626486,   35.070721,       58.69,
 139.630991,   35.070721,       58.91,
 139.635495,   35.070721,       59.00,
 139.640000,   35.070721,       59.19,
 139.644505,   35.070721,       59.01,
 139.649009,   35.070721,       58.59,
 139.653514,   35.070721,       58.15,
 139.658018,   35.070721,       58.16,
 139.662523,   35.070721,       58.57,
 139.667027,   35.070721,       59.24,
 139.671532,   35.070721,       59.92,
 139.676036,   35.070721,       60.61,
 139.680541,   35.070721,       60.79,
 139.685045,   35.070721,       60.39,
 139.689550,   35.070721,       59.48,
 139.694054,   35.070721,       58.90,
 139.698559,   35.070721,       58.72,
 139.703063,   35.070721,       58.84,
 139.707568,   35.070721,       59.02,
 139.712072,   35.070721,       59.40,
 139.716577,   35.070721,       60.38,
 139.721081,   35.070721,       61.80,
 139.725586,   35.070721,       63.37,
 139.730090,   35.070721,       64.16,
 139.734595,   35.070721,       63.91,
 139.739099,   35.070721,       63.62,
 139.743604,   35.070721,       62.70,
 139.748108,   35.070721,       61.41,
 139.752613,   35.070721,       60.13,
 139.757117,   35.070721,       58.43,
 139.761622,   35.070721,       56.35,
 139.766126,   35.070721,       54.29,
 139.770631,   35.070721,       52.35,
 139.775135,   35.070721,       50.68,
 139.779640,   35.070721,       48.90,
 139.784144,   35.070721,       47.12,
 139.788649,   35.070721,       46.04,
 139.793153,   35.070721,       45.12,
 139.797658,   35.070721,       44.67,
 139.802162,   35.070721,       44.64,
 139.806667,   35.070721,       44.91,
 139.811171,   35.070721,       45.72,
 139.815676,   35.070721,       47.03,
 139.820180,   35.070721,       48.52,
 139.824685,   35.070721,       49.42,
 139.829189,   35.070721,       50.70,
 139.833694,   35.070721,       50.38,
 139.838198,   35.070721,       49.09,
 139.842703,   35.070721,       48.04,
 139.847207,   35.070721,       47.42,
 139.851712,   35.070721,       46.84,
 139.856216,   35.070721,       46.29,
 139.860721,   35.070721,       45.81,
 139.865225,   35.070721,       45.38,
 139.869730,   35.070721,       45.00,
 139.874234,   35.070721,       44.67,
 139.878739,   35.070721,       44.35,
 139.883243,   35.070721,       44.06,
 139.887748,   35.070721,       43.77,
 139.892252,   35.070721,       43.50,
 139.896757,   35.070721,       43.23,
 139.901261,   35.070721,       42.95,
 139.905766,   35.070721,       42.68,
 139.910270,   35.070721,       42.41,
 139.914775,   35.070721,       42.14,
 139.919279,   35.070721,       41.86,
 139.923784,   35.070721,       41.59,
 139.928288,   35.070721,       41.30,
 139.932793,   35.070721,       41.02,
 139.937297,   35.070721,       40.72,
 139.941802,   35.070721,       40.43,
 139.946306,   35.070721,       40.13,
 139.950811,   35.070721,       39.83,
 139.955315,   35.070721,       39.53,
 139.959820,   35.070721,       39.23,
 139.964324,   35.070721,       38.92,
 139.968829,   35.070721,       38.62,
 139.973333,   35.070721,       38.32,
 139.977838,   35.070721,       38.01,
 139.982342,   35.070721,       37.71,
 139.986847,   35.070721,       37.41,
 139.991351,   35.070721,       37.11,
 139.995856,   35.070721,       36.82,
 140.000360,   35.070721,       36.52,
 140.004865,   35.070721,       36.23,
 140.009369,   35.070721,       35.95,
 140.013874,   35.070721,       35.66,
 140.018378,   35.070721,       35.38,
 140.022883,   35.070721,       35.10,
 140.027387,   35.070721,       34.83,
 140.031892,   35.070721,       34.56,
 140.036396,   35.070721,       34.29,
 140.040901,   35.070721,       34.03,
 140.045405,   35.070721,       33.76,
 140.049910,   35.070721,       33.49,
 140.054414,   35.070721,       33.23,
 140.058919,   35.070721,       32.98,
 140.063423,   35.070721,       32.76,
 140.067928,   35.070721,       32.59,
 140.072432,   35.070721,       32.55,
 140.076937,   35.070721,       32.53,
 140.081441,   35.070721,       32.51,
 140.085946,   35.070721,       32.48,
 140.090450,   35.070721,       32.41,
 140.094955,   35.070721,       32.40,
 140.099459,   35.070721,       32.47,
 140.103964,   35.070721,       32.53,
 140.108468,   35.070721,       32.58,
 140.112973,   35.070721,       32.66,
 140.117477,   35.070721,       32.86,
 140.121982,   35.070721,       33.05,
 140.126486,   35.070721,       33.21,
 140.130991,   35.070721,       33.38,
 140.135495,   35.070721,       33.52,
 140.140000,   35.070721,       33.51,
 140.144505,   35.070721,       33.53,
 140.149009,   35.070721,       33.47,
 140.153514,   35.070721,       33.33,
 140.158018,   35.070721,       33.20,
 140.162523,   35.070721,       33.02,
 140.167027,   35.070721,       32.58,
 140.171532,   35.070721,       32.07,
 140.176036,   35.070721,       31.55,
 140.180541,   35.070721,       30.96,
 140.185045,   35.070721,       30.24,
 140.189550,   35.070721,       29.49,
 140.194054,   35.070721,       28.73,
 140.198559,   35.070721,       27.99,
 140.203063,   35.070721,       27.30,
 140.207568,   35.070721,       26.84,
 140.212072,   35.070721,       26.61,
 140.216577,   35.070721,       26.55,
 140.221081,   35.070721,       26.54,
 140.225586,   35.070721,       26.54,
 140.230090,   35.070721,       26.63,
 140.234595,   35.070721,       26.77,
 140.239099,   35.070721,       26.91,
 140.243604,   35.070721,       27.06,
 140.248108,   35.070721,       27.13,
 140.252613,   35.070721,       27.13,
 140.257117,   35.070721,       27.13,
 140.261622,   35.070721,       27.13,
 140.266126,   35.070721,       27.05,
 140.270631,   35.070721,       26.79,
 140.275135,   35.070721,       26.46,
 140.279640,   35.070721,       26.10,
 140.284144,   35.070721,       25.80,
 140.288649,   35.070721,       25.62,
 140.293153,   35.070721,       25.48,
 140.297658,   35.070721,       25.34,
 140.302162,   35.070721,       25.29,
 140.306667,   35.070721,       25.53,
 140.311171,   35.070721,       25.88,
 140.315676,   35.070721,       26.24,
 140.320180,   35.070721,       26.57,
 140.324685,   35.070721,       26.71,
 140.329189,   35.070721,       26.66,
 140.333694,   35.070721,       26.58,
 140.338198,   35.070721,       26.55,
 140.342703,   35.070721,       26.54,
 140.347207,   35.070721,       26.49,
 140.351712,   35.070721,       26.37,
 140.356216,   35.070721,       26.23,
 140.360721,   35.070721,       25.93,
 140.365225,   35.070721,       25.51,
 140.369730,   35.070721,       24.99,
 140.374234,   35.070721,       24.37,
 140.378739,   35.070721,       23.66,
 140.383243,   35.070721,       23.58,
 140.387748,   35.070721,       24.09,
 139.140000,   35.075225,       26.59,
 139.144505,   35.075225,       28.20,
 139.149009,   35.075225,       29.65,
 139.153514,   35.075225,       30.94,
 139.158018,   35.075225,       32.08,
 139.162523,   35.075225,       33.06,
 139.167027,   35.075225,       33.88,
 139.171532,   35.075225,       34.55,
 139.176036,   35.075225,       35.05,
 139.180541,   35.075225,       35.38,
 139.185045,   35.075225,       35.68,
 139.189550,   35.075225,       35.94,
 139.194054,   35.075225,       36.23,
 139.198559,   35.075225,       36.57,
 139.203063,   35.075225,       35.28,
 139.207568,   35.075225,       33.79,
 139.212072,   35.075225,       32.45,
 139.216577,   35.075225,       31.24,
 139.221081,   35.075225,       30.16,
 139.225586,   35.075225,       29.26,
 139.230090,   35.075225,       28.82,
 139.234595,   35.075225,       29.06,
 139.239099,   35.075225,       29.40,
 139.243604,   35.075225,       29.81,
 139.248108,   35.075225,       30.26,
 139.252613,   35.075225,       30.69,
 139.257117,   35.075225,       31.05,
 139.261622,   35.075225,       31.27,
 139.266126,   35.075225,       30.91,
 139.270631,   35.075225,       29.91,
 139.275135,   35.075225,       28.66,
 139.279640,   35.075225,       27.38,
 139.284144,   35.075225,       26.14,
 139.288649,   35.075225,       24.96,
 139.293153,   35.075225,       23.83,
 139.297658,   35.075225,       22.76,
 139.302162,   35.075225,       21.77,
 139.306667,   35.075225,       20.83,
 139.311171,   35.075225,       19.98,
 139.315676,   35.075225,       19.02,
 139.320180,   35.075225,       17.98,
 139.324685,   35.075225,       16.88,
 139.329189,   35.075225,       15.73,
 139.333694,   35.075225,       14.53,
 139.338198,   35.075225,       13.29,
 139.342703,   35.075225,       12.03,
 139.347207,   35.075225,       10.75,
 139.351712,   35.075225,        9.45,
 139.356216,   35.075225,        8.12,
 139.360721,   35.075225,        6.76,
 139.365225,   35.075225,        5.41,
 139.369730,   35.075225,        4.51,
 139.374234,   35.075225,        4.30,
 139.378739,   35.075225,        4.13,
 139.383243,   35.075225,        3.93,
 139.387748,   35.075225,        3.69,
 139.392252,   35.075225,        3.40,
 139.396757,   35.075225,        3.08,
 139.401261,   35.075225,        2.71,
 139.405766,   35.075225,        2.30,
 139.410270,   35.075225,        1.86,
 139.414775,   35.075225,        1.49,
 139.419279,   35.075225,        1.54,
 139.423784,   35.075225,        2.13,
 139.428288,   35.075225,        3.59,
 139.432793,   35.075225,        5.91,
 139.437297,   35.075225,        8.34,
 139.441802,   35.075225,       10.81,
 139.446306,   35.075225,       13.29,
 139.450811,   35.075225,       15.75,
 139.455315,   35.075225,       18.16,
 139.459820,   35.075225,       20.51,
 139.464324,   35.075225,       22.75,
 139.468829,   35.075225,       24.63,
 139.473333,   35.075225,       25.89,
 139.477838,   35.075225,       26.49,
 139.482342,   35.075225,       27.28,
 139.486847,   35.075225,       28.14,
 139.491351,   35.075225,       29.02,
 139.495856,   35.075225,       29.96,
 139.500360,   35.075225,       31.04,
 139.504865,   35.075225,       32.30,
 139.509369,   35.075225,       33.57,
 139.513874,   35.075225,       35.01,
 139.518378,   35.075225,       36.67,
 139.522883,   35.075225,       38.43,
 139.527387,   35.075225,       40.23,
 139.531892,   35.075225,       42.06,
 139.536396,   35.075225,       43.87,
 139.540901,   35.075225,       44.73,
 139.545405,   35.075225,       43.24,
 139.549910,   35.075225,       38.62,
 139.554414,   35.075225,       33.66,
 139.558919,   35.075225,       28.54,
 139.563423,   35.075225,       23.08,
 139.567928,   35.075225,       27.45,
 139.572432,   35.075225,       35.74,
 139.576937,   35.075225,       42.94,
 139.581441,   35.075225,       49.03,
 139.585946,   35.075225,       54.04,
 139.590450,   35.075225,       55.34,
 139.594955,   35.075225,       56.53,
 139.599459,   35.075225,       57.80,
 139.603964,   35.075225,       59.05,
 139.608468,   35.075225,       59.32,
 139.612973,   35.075225,       59.45,
 139.617477,   35.075225,       59.55,
 139.621982,   35.075225,       59.85,
 139.626486,   35.075225,       60.17,
 139.630991,   35.075225,       60.44,
 139.635495,   35.075225,       60.69,
 139.640000,   35.075225,       61.01,
 139.644505,   35.075225,       61.34,
 139.649009,   35.075225,       61.38,
 139.653514,   35.075225,       61.18,
 139.658018,   35.075225,       61.31,
 139.662523,   35.075225,       61.73,
 139.667027,   35.075225,       62.40,
 139.671532,   35.075225,       63.24,
 139.676036,   35.075225,       63.85,
 139.680541,   35.075225,       63.38,
 139.685045,   35.075225,       62.47,
 139.689550,   35.075225,       61.44,
 139.694054,   35.075225,       60.49,
 139.698559,   35.075225,       60.00,
 139.703063,   35.075225,       60.21,
 139.707568,   35.075225,       60.52,
 139.712072,   35.075225,       60.82,
 139.716577,   35.075225,       61.27,
 139.721081,   35.075225,       62.94,
 139.725586,   35.075225,       64.94,
 139.730090,   35.075225,       66.31,
 139.734595,   35.075225,       65.71,
 139.739099,   35.075225,       65.12,
 139.743604,   35.075225,       64.18,
 139.748108,   35.075225,       63.05,
 139.752613,   35.075225,       61.78,
 139.757117,   35.075225,       60.08,
 139.761622,   35.075225,       58.13,
 139.766126,   35.075225,       56.25,
 139.770631,   35.075225,       54.47,
 139.775135,   35.075225,       52.16,
 139.779640,   35.075225,       49.95,
 139.784144,   35.075225,       47.99,
 139.788649,   35.075225,       46.72,
 139.793153,   35.075225,       45.89,
 139.797658,   35.075225,       45.20,
 139.802162,   35.075225,       44.93,
 139.806667,   35.075225,       45.46,
 139.811171,   35.075225,       46.13,
 139.815676,   35.075225,       46.99,
 139.820180,   35.075225,       48.00,
 139.824685,   35.075225,       48.59,
 139.829189,   35.075225,       49.36,
 139.833694,   35.075225,       49.95,
 139.838198,   35.075225,       49.07,
 139.842703,   35.075225,       48.13,
 139.847207,   35.075225,       47.55,
 139.851712,   35.075225,       46.92,
 139.856216,   35.075225,       46.40,
 139.860721,   35.075225,       45.95,
 139.865225,   35.075225,       45.57,
 139.869730,   35.075225,       45.24,
 139.874234,   35.075225,       44.93,
 139.878739,   35.075225,       44.64,
 139.883243,   35.075225,       44.37,
 139.887748,   35.075225,       44.10,
 139.892252,   35.075225,       43.84,
 139.896757,   35.075225,       43.58,
 139.901261,   35.075225,       43.32,
 139.905766,   35.075225,       43.06,
 139.910270,   35.075225,       42.80,
 139.914775,   35.075225,       42.53,
 139.919279,   35.075225,       42.26,
 139.923784,   35.075225,       41.98,
 139.928288,   35.075225,       41.70,
 139.932793,   35.075225,       41.41,
 139.937297,   35.075225,       41.12,
 139.941802,   35.075225,       40.83,
 139.946306,   35.075225,       40.53,
 139.950811,   35.075225,       40.23,
 139.955315,   35.075225,       39.93,
 139.959820,   35.075225,       39.63,
 139.964324,   35.075225,       39.33,
 139.968829,   35.075225,       39.02,
 139.973333,   35.075225,       38.72,
 139.977838,   35.075225,       38.42,
 139.982342,   35.075225,       38.11,
 139.986847,   35.075225,       37.81,
 139.991351,   35.075225,       37.52,
 139.995856,   35.075225,       37.22,
 140.000360,   35.075225,       36.93,
 140.004865,   35.075225,       36.64,
 140.009369,   35.075225,       36.35,
 140.013874,   35.075225,       36.06,
 140.018378,   35.075225,       35.77,
 140.022883,   35.075225,       35.49,
 140.027387,   35.075225,       35.21,
 140.031892,   35.075225,       34.93,
 140.036396,   35.075225,       34.66,
 140.040901,   35.075225,       34.38,
 140.045405,   35.075225,       34.11,
 140.049910,   35.075225,       33.83,
 140.054414,   35.075225,       33.55,
 140.058919,   35.075225,       33.28,
 140.063423,   35.075225,       33.02,
 140.067928,   35.075225,       32.78,
 140.072432,   35.075225,       32.56,
 140.076937,   35.075225,       32.47,
 140.081441,   35.075225,       32.45,
 140.085946,   35.075225,       32.41,
 140.090450,   35.075225,       32.28,
 140.094955,   35.075225,       32.20,
 140.099459,   35.075225,       32.22,
 140.103964,   35.075225,       32.23,
 140.108468,   35.075225,       32.25,
 140.112973,   35.075225,       32.38,
 140.117477,   35.075225,       32.64,
 140.121982,   35.075225,       32.91,
 140.126486,   35.075225,       33.14,
 140.130991,   35.075225,       33.31,
 140.135495,   35.075225,       33.45,
 140.140000,   35.075225,       33.50,
 140.144505,   35.075225,       33.55,
 140.149009,   35.075225,       33.56,
 140.153514,   35.075225,       33.44,
 140.158018,   35.075225,       33.32,
 140.162523,   35.075225,       33.20,
 140.167027,   35.075225,       32.79,
 140.171532,   35.075225,       32.27,
 140.176036,   35.075225,       31.75,
 140.180541,   35.075225,       31.24,
 140.185045,   35.075225,       30.54,
 140.189550,   35.075225,       29.78,
 140.194054,   35.075225,       29.01,
 140.198559,   35.075225,       28.27,
 140.203063,   35.075225,       27.60,
 140.207568,   35.075225,       27.01,
 140.212072,   35.075225,       26.56,
 140.216577,   35.075225,       26.38,
 140.221081,   35.075225,       26.41,
 140.225586,   35.075225,       26.47,
 140.230090,   35.075225,       26.57,
 140.234595,   35.075225,       26.70,
 140.239099,   35.075225,       26.86,
 140.243604,   35.075225,       27.01,
 140.248108,   35.075225,       27.09,
 140.252613,   35.075225,       27.08,
 140.257117,   35.075225,       27.07,
 140.261622,   35.075225,       27.03,
 140.266126,   35.075225,       26.82,
 140.270631,   35.075225,       26.49,
 140.275135,   35.075225,       26.14,
 140.279640,   35.075225,       25.76,
 140.284144,   35.075225,       25.35,
 140.288649,   35.075225,       25.28,
 140.293153,   35.075225,       25.21,
 140.297658,   35.075225,       25.14,
 140.302162,   35.075225,       25.16,
 140.306667,   35.075225,       25.39,
 140.311171,   35.075225,       25.69,
 140.315676,   35.075225,       26.02,
 140.320180,   35.075225,       26.31,
 140.324685,   35.075225,       26.32,
 140.329189,   35.075225,       26.25,
 140.333694,   35.075225,       26.15,
 140.338198,   35.075225,       26.02,
 140.342703,   35.075225,       25.98,
 140.347207,   35.075225,       25.89,
 140.351712,   35.075225,       25.75,
 140.356216,   35.075225,       25.58,
 140.360721,   35.075225,       25.28,
 140.365225,   35.075225,       24.77,
 140.369730,   35.075225,       24.18,
 140.374234,   35.075225,       24.38,
 140.378739,   35.075225,       24.76,
 140.383243,   35.075225,       25.27,
 140.387748,   35.075225,       25.93,
 139.140000,   35.079730,       24.76,
 139.144505,   35.079730,       26.52,
 139.149009,   35.079730,       28.12,
 139.153514,   35.079730,       29.57,
 139.158018,   35.079730,       30.86,
 139.162523,   35.079730,       31.99,
 139.167027,   35.079730,       32.96,
 139.171532,   35.079730,       33.78,
 139.176036,   35.079730,       34.28,
 139.180541,   35.079730,       34.61,
 139.185045,   35.079730,       34.93,
 139.189550,   35.079730,       35.20,
 139.194054,   35.079730,       35.44,
 139.198559,   35.079730,       35.64,
 139.203063,   35.079730,       35.08,
 139.207568,   35.079730,       33.69,
 139.212072,   35.079730,       32.40,
 139.216577,   35.079730,       31.24,
 139.221081,   35.079730,       30.21,
 139.225586,   35.079730,       29.33,
 139.230090,   35.079730,       28.89,
 139.234595,   35.079730,       29.19,
 139.239099,   35.079730,       29.55,
 139.243604,   35.079730,       29.96,
 139.248108,   35.079730,       30.42,
 139.252613,   35.079730,       30.91,
 139.257117,   35.079730,       31.44,
 139.261622,   35.079730,       31.99,
 139.266126,   35.079730,       31.76,
 139.270631,   35.079730,       30.30,
 139.275135,   35.079730,       28.91,
 139.279640,   35.079730,       27.58,
 139.284144,   35.079730,       26.33,
 139.288649,   35.079730,       25.13,
 139.293153,   35.079730,       23.99,
 139.297658,   35.079730,       22.90,
 139.302162,   35.079730,       21.87,
 139.306667,   35.079730,       20.89,
 139.311171,   35.079730,       19.90,
 139.315676,   35.079730,       18.90,
 139.320180,   35.079730,       17.86,
 139.324685,   35.079730,       16.76,
 139.329189,   35.079730,       15.61,
 139.333694,   35.079730,       14.42,
 139.338198,   35.079730,       13.18,
 139.342703,   35.079730,       11.90,
 139.347207,   35.079730,       10.59,
 139.351712,   35.079730,        9.23,
 139.356216,   35.079730,        7.85,
 139.360721,   35.079730,        6.43,
 139.365225,   35.079730,        4.98,
 139.369730,   35.079730,        3.97,
 139.374234,   35.079730,        3.79,
 139.378739,   35.079730,        3.65,
 139.383243,   35.079730,        3.48,
 139.387748,   35.079730,        3.26,
 139.392252,   35.079730,        3.00,
 139.396757,   35.079730,        2.71,
 139.401261,   35.079730,        2.37,
 139.405766,   35.079730,        2.00,
 139.410270,   35.079730,        1.60,
 139.414775,   35.079730,        1.48,
 139.419279,   35.079730,        1.85,
 139.423784,   35.079730,        2.82,
 139.428288,   35.079730,        4.58,
 139.432793,   35.079730,        6.97,
 139.437297,   35.079730,        9.40,
 139.441802,   35.079730,       11.83,
 139.446306,   35.079730,       14.25,
 139.450811,   35.079730,       16.67,
 139.455315,   35.079730,       19.08,
 139.459820,   35.079730,       21.47,
 139.464324,   35.079730,       23.57,
 139.468829,   35.079730,       25.16,
 139.473333,   35.079730,       26.23,
 139.477838,   35.079730,       26.75,
 139.482342,   35.079730,       27.35,
 139.486847,   35.079730,       28.01,
 139.491351,   35.079730,       28.66,
 139.495856,   35.079730,       29.29,
 139.500360,   35.079730,       29.99,
 139.504865,   35.079730,       31.07,
 139.509369,   35.079730,       32.39,
 139.513874,   35.079730,       34.11,
 139.518378,   35.079730,       36.10,
 139.522883,   35.079730,       38.14,
 139.527387,   35.079730,       40.21,
 139.531892,   35.079730,       42.34,
 139.536396,   35.079730,       44.45,
 139.540901,   35.079730,       45.63,
 139.545405,   35.079730,       45.00,
 139.549910,   35.079730,       41.45,
 139.554414,   35.079730,       35.86,
 139.558919,   35.079730,       31.16,
 139.563423,   35.079730,       27.80,
 139.567928,   35.079730,       30.71,
 139.572432,   35.079730,       37.70,
 139.576937,   35.079730,       45.12,
 139.581441,   35.079730,       51.22,
 139.585946,   35.079730,       54.82,
 139.590450,   35.079730,       55.50,
 139.594955,   35.079730,       56.46,
 139.599459,   35.079730,       57.74,
 139.603964,   35.079730,       59.10,
 139.608468,   35.079730,       60.25,
 139.612973,   35.079730,       60.79,
 139.617477,   35.079730,       61.06,
 139.621982,   35.079730,       61.40,
 139.626486,   35.079730,       61.76,
 139.630991,   35.079730,       62.15,
 139.635495,   35.079730,       62.45,
 139.640000,   35.079730,       62.63,
 139.644505,   35.079730,       62.90,
 139.649009,   35.079730,       63.34,
 139.653514,   35.079730,       63.95,
 139.658018,   35.079730,       64.04,
 139.662523,   35.079730,       64.35,
 139.667027,   35.079730,       64.95,
 139.671532,   35.079730,       65.77,
 139.676036,   35.079730,       66.33,
 139.680541,   35.079730,       65.70,
 139.685045,   35.079730,       64.75,
 139.689550,   35.079730,       63.67,
 139.694054,   35.079730,       62.48,
 139.698559,   35.079730,       61.27,
 139.703063,   35.079730,       61.80,
 139.707568,   35.079730,       62.19,
 139.712072,   35.079730,       62.53,
 139.716577,   35.079730,       62.89,
 139.721081,   35.079730,       64.29,
 139.725586,   35.079730,       66.29,
 139.730090,   35.079730,       67.41,
 139.734595,   35.079730,       66.63,
 139.739099,   35.079730,       65.70,
 139.743604,   35.079730,       65.04,
 139.748108,   35.079730,       64.32,
 139.752613,   35.079730,       63.48,
 139.757117,   35.079730,       61.41,
 139.761622,   35.079730,       59.30,
 139.766126,   35.079730,       57.30,
 139.770631,   35.079730,       55.14,
 139.775135,   35.079730,       52.83,
 139.779640,   35.079730,       50.61,
 139.784144,   35.079730,       48.71,
 139.788649,   35.079730,       47.34,
 139.793153,   35.079730,       46.42,
 139.797658,   35.079730,       45.78,
 139.802162,   35.079730,       45.50,
 139.806667,   35.079730,       45.88,
 139.811171,   35.079730,       46.51,
 139.815676,   35.079730,       47.04,
 139.820180,   35.079730,       47.43,
 139.824685,   35.079730,       47.95,
 139.829189,   35.079730,       48.38,
 139.833694,   35.079730,       49.07,
 139.838198,   35.079730,       49.02,
 139.842703,   35.079730,       48.21,
 139.847207,   35.079730,       47.55,
 139.851712,   35.079730,       46.98,
 139.856216,   35.079730,       46.51,
 139.860721,   35.079730,       46.12,
 139.865225,   35.079730,       45.79,
 139.869730,   35.079730,       45.49,
 139.874234,   35.079730,       45.21,
 139.878739,   35.079730,       44.95,
 139.883243,   35.079730,       44.69,
 139.887748,   35.079730,       44.44,
 139.892252,   35.079730,       44.20,
 139.896757,   35.079730,       43.95,
 139.901261,   35.079730,       43.70,
 139.905766,   35.079730,       43.45,
 139.910270,   35.079730,       43.19,
 139.914775,   35.079730,       42.93,
 139.919279,   35.079730,       42.66,
 139.923784,   35.079730,       42.38,
 139.928288,   35.079730,       42.10,
 139.932793,   35.079730,       41.81,
 139.937297,   35.079730,       41.52,
 139.941802,   35.079730,       41.23,
 139.946306,   35.079730,       40.93,
 139.950811,   35.079730,       40.63,
 139.955315,   35.079730,       40.33,
 139.959820,   35.079730,       40.03,
 139.964324,   35.079730,       39.73,
 139.968829,   35.079730,       39.42,
 139.973333,   35.079730,       39.12,
 139.977838,   35.079730,       38.82,
 139.982342,   35.079730,       38.52,
 139.986847,   35.079730,       38.22,
 139.991351,   35.079730,       37.92,
 139.995856,   35.079730,       37.62,
 140.000360,   35.079730,       37.32,
 140.004865,   35.079730,       37.03,
 140.009369,   35.079730,       36.74,
 140.013874,   35.079730,       36.45,
 140.018378,   35.079730,       36.16,
 140.022883,   35.079730,       35.87,
 140.027387,   35.079730,       35.59,
 140.031892,   35.079730,       35.30,
 140.036396,   35.079730,       35.02,
 140.040901,   35.079730,       34.74,
 140.045405,   35.079730,       34.46,
 140.049910,   35.079730,       34.18,
 140.054414,   35.079730,       33.89,
 140.058919,   35.079730,       33.59,
 140.063423,   35.079730,       33.30,
 140.067928,   35.079730,       33.03,
 140.072432,   35.079730,       32.76,
 140.076937,   35.079730,       32.51,
 140.081441,   35.079730,       32.34,
 140.085946,   35.079730,       32.27,
 140.090450,   35.079730,       31.99,
 140.094955,   35.079730,       31.93,
 140.099459,   35.079730,       31.88,
 140.103964,   35.079730,       31.88,
 140.108468,   35.079730,       31.93,
 140.112973,   35.079730,       32.16,
 140.117477,   35.079730,       32.42,
 140.121982,   35.079730,       32.68,
 140.126486,   35.079730,       32.94,
 140.130991,   35.079730,       33.17,
 140.135495,   35.079730,       33.39,
 140.140000,   35.079730,       33.45,
 140.144505,   35.079730,       33.51,
 140.149009,   35.079730,       33.57,
 140.153514,   35.079730,       33.51,
 140.158018,   35.079730,       33.37,
 140.162523,   35.079730,       33.21,
 140.167027,   35.079730,       32.92,
 140.171532,   35.079730,       32.44,
 140.176036,   35.079730,       31.93,
 140.180541,   35.079730,       31.42,
 140.185045,   35.079730,       30.79,
 140.189550,   35.079730,       30.04,
 140.194054,   35.079730,       29.28,
 140.198559,   35.079730,       28.54,
 140.203063,   35.079730,       27.87,
 140.207568,   35.079730,       27.22,
 140.212072,   35.079730,       26.62,
 140.216577,   35.079730,       26.27,
 140.221081,   35.079730,       26.34,
 140.225586,   35.079730,       26.41,
 140.230090,   35.079730,       26.50,
 140.234595,   35.079730,       26.62,
 140.239099,   35.079730,       26.77,
 140.243604,   35.079730,       26.90,
 140.248108,   35.079730,       26.99,
 140.252613,   35.079730,       27.01,
 140.257117,   35.079730,       26.95,
 140.261622,   35.079730,       26.81,
 140.266126,   35.079730,       26.59,
 140.270631,   35.079730,       26.27,
 140.275135,   35.079730,       25.90,
 140.279640,   35.079730,       25.56,
 140.284144,   35.079730,       25.26,
 140.288649,   35.079730,       25.13,
 140.293153,   35.079730,       25.06,
 140.297658,   35.079730,       24.99,
 140.302162,   35.079730,       25.00,
 140.306667,   35.079730,       25.24,
 140.311171,   35.079730,       25.52,
 140.315676,   35.079730,       25.81,
 140.320180,   35.079730,       26.00,
 140.324685,   35.079730,       25.98,
 140.329189,   35.079730,       25.92,
 140.333694,   35.079730,       25.82,
 140.338198,   35.079730,       25.69,
 140.342703,   35.079730,       25.51,
 140.347207,   35.079730,       25.38,
 140.351712,   35.079730,       25.25,
 140.356216,   35.079730,       25.08,
 140.360721,   35.079730,       24.92,
 140.365225,   35.079730,       25.03,
 140.369730,   35.079730,       25.28,
 140.374234,   35.079730,       25.66,
 140.378739,   35.079730,       26.18,
 140.383243,   35.079730,       26.83,
 140.387748,   35.079730,       27.62,
 139.140000,   35.084234,       23.09,
 139.144505,   35.084234,       25.00,
 139.149009,   35.084234,       26.76,
 139.153514,   35.084234,       28.35,
 139.158018,   35.084234,       29.79,
 139.162523,   35.084234,       31.07,
 139.167027,   35.084234,       32.20,
 139.171532,   35.084234,       33.17,
 139.176036,   35.084234,       33.58,
 139.180541,   35.084234,       33.99,
 139.185045,   35.084234,       34.33,
 139.189550,   35.084234,       34.57,
 139.194054,   35.084234,       34.70,
 139.198559,   35.084234,       34.69,
 139.203063,   35.084234,       34.23,
 139.207568,   35.084234,       33.26,
 139.212072,   35.084234,       32.06,
 139.216577,   35.084234,       30.98,
 139.221081,   35.084234,       30.11,
 139.225586,   35.084234,       29.39,
 139.230090,   35.084234,       29.07,
 139.234595,   35.084234,       29.27,
 139.239099,   35.084234,       29.60,
 139.243604,   35.084234,       30.03,
 139.248108,   35.084234,       30.48,
 139.252613,   35.084234,       30.97,
 139.257117,   35.084234,       31.42,
 139.261622,   35.084234,       31.69,
 139.266126,   35.084234,       31.28,
 139.270631,   35.084234,       30.16,
 139.275135,   35.084234,       28.89,
 139.279640,   35.084234,       27.61,
 139.284144,   35.084234,       26.34,
 139.288649,   35.084234,       25.13,
 139.293153,   35.084234,       23.97,
 139.297658,   35.084234,       22.89,
 139.302162,   35.084234,       21.85,
 139.306667,   35.084234,       20.83,
 139.311171,   35.084234,       19.88,
 139.315676,   35.084234,       18.89,
 139.320180,   35.084234,       17.85,
 139.324685,   35.084234,       16.76,
 139.329189,   35.084234,       15.60,
 139.333694,   35.084234,       14.40,
 139.338198,   35.084234,       13.16,
 139.342703,   35.084234,       11.88,
 139.347207,   35.084234,       10.57,
 139.351712,   35.084234,        9.22,
 139.356216,   35.084234,        7.83,
 139.360721,   35.084234,        6.43,
 139.365225,   35.084234,        5.15,
 139.369730,   35.084234,        4.20,
 139.374234,   35.084234,        3.63,
 139.378739,   35.084234,        3.33,
 139.383243,   35.084234,        3.11,
 139.387748,   35.084234,        2.90,
 139.392252,   35.084234,        2.66,
 139.396757,   35.084234,        2.40,
 139.401261,   35.084234,        2.10,
 139.405766,   35.084234,        1.77,
 139.410270,   35.084234,        1.44,
 139.414775,   35.084234,        1.53,
 139.419279,   35.084234,        2.21,
 139.423784,   35.084234,        3.54,
 139.428288,   35.084234,        5.59,
 139.432793,   35.084234,        8.03,
 139.437297,   35.084234,       10.47,
 139.441802,   35.084234,       12.90,
 139.446306,   35.084234,       15.33,
 139.450811,   35.084234,       17.75,
 139.455315,   35.084234,       20.17,
 139.459820,   35.084234,       22.52,
 139.464324,   35.084234,       24.38,
 139.468829,   35.084234,       25.78,
 139.473333,   35.084234,       26.72,
 139.477838,   35.084234,       27.27,
 139.482342,   35.084234,       27.78,
 139.486847,   35.084234,       28.29,
 139.491351,   35.084234,       28.77,
 139.495856,   35.084234,       29.17,
 139.500360,   35.084234,       29.47,
 139.504865,   35.084234,       29.89,
 139.509369,   35.084234,       31.32,
 139.513874,   35.084234,       33.54,
 139.518378,   35.084234,       35.85,
 139.522883,   35.084234,       38.14,
 139.527387,   35.084234,       40.46,
 139.531892,   35.084234,       42.86,
 139.536396,   35.084234,       45.30,
 139.540901,   35.084234,       46.90,
 139.545405,   35.084234,       47.08,
 139.549910,   35.084234,       44.50,
 139.554414,   35.084234,       40.27,
 139.558919,   35.084234,       37.57,
 139.563423,   35.084234,       36.81,
 139.567928,   35.084234,       39.18,
 139.572432,   35.084234,       43.57,
 139.576937,   35.084234,       50.16,
 139.581441,   35.084234,       54.18,
 139.585946,   35.084234,       55.70,
 139.590450,   35.084234,       55.85,
 139.594955,   35.084234,       56.37,
 139.599459,   35.084234,       57.51,
 139.603964,   35.084234,       58.71,
 139.608468,   35.084234,       60.10,
 139.612973,   35.084234,       61.76,
 139.617477,   35.084234,       62.54,
 139.621982,   35.084234,       62.57,
 139.626486,   35.084234,       62.80,
 139.630991,   35.084234,       63.29,
 139.635495,   35.084234,       63.74,
 139.640000,   35.084234,       63.79,
 139.644505,   35.084234,       63.95,
 139.649009,   35.084234,       64.29,
 139.653514,   35.084234,       64.84,
 139.658018,   35.084234,       65.60,
 139.662523,   35.084234,       66.19,
 139.667027,   35.084234,       66.69,
 139.671532,   35.084234,       67.36,
 139.676036,   35.084234,       68.16,
 139.680541,   35.084234,       68.09,
 139.685045,   35.084234,       67.26,
 139.689550,   35.084234,       66.28,
 139.694054,   35.084234,       65.36,
 139.698559,   35.084234,       64.73,
 139.703063,   35.084234,       64.43,
 139.707568,   35.084234,       64.39,
 139.712072,   35.084234,       64.48,
 139.716577,   35.084234,       65.02,
 139.721081,   35.084234,       65.84,
 139.725586,   35.084234,       67.14,
 139.730090,   35.084234,       67.16,
 139.734595,   35.084234,       66.80,
 139.739099,   35.084234,       66.26,
 139.743604,   35.084234,       65.75,
 139.748108,   35.084234,       65.18,
 139.752613,   35.084234,       64.18,
 139.757117,   35.084234,       62.18,
 139.761622,   35.084234,       60.07,
 139.766126,   35.084234,       57.90,
 139.770631,   35.084234,       55.63,
 139.775135,   35.084234,       53.28,
 139.779640,   35.084234,       50.97,
 139.784144,   35.084234,       49.33,
 139.788649,   35.084234,       47.98,
 139.793153,   35.084234,       46.77,
 139.797658,   35.084234,       46.34,
 139.802162,   35.084234,       46.21,
 139.806667,   35.084234,       46.23,
 139.811171,   35.084234,       46.60,
 139.815676,   35.084234,       46.84,
 139.820180,   35.084234,       47.09,
 139.824685,   35.084234,       47.48,
 139.829189,   35.084234,       47.86,
 139.833694,   35.084234,       48.21,
 139.838198,   35.084234,       48.69,
 139.842703,   35.084234,       48.31,
 139.847207,   35.084234,       47.56,
 139.851712,   35.084234,       47.06,
 139.856216,   35.084234,       46.64,
 139.860721,   35.084234,       46.31,
 139.865225,   35.084234,       46.03,
 139.869730,   35.084234,       45.76,
 139.874234,   35.084234,       45.51,
 139.878739,   35.084234,       45.27,
 139.883243,   35.084234,       45.04,
 139.887748,   35.084234,       44.80,
 139.892252,   35.084234,       44.57,
 139.896757,   35.084234,       44.33,
 139.901261,   35.084234,       44.09,
 139.905766,   35.084234,       43.85,
 139.910270,   35.084234,       43.59,
 139.914775,   35.084234,       43.33,
 139.919279,   35.084234,       43.06,
 139.923784,   35.084234,       42.78,
 139.928288,   35.084234,       42.50,
 139.932793,   35.084234,       42.21,
 139.937297,   35.084234,       41.92,
 139.941802,   35.084234,       41.63,
 139.946306,   35.084234,       41.33,
 139.950811,   35.084234,       41.03,
 139.955315,   35.084234,       40.73,
 139.959820,   35.084234,       40.43,
 139.964324,   35.084234,       40.12,
 139.968829,   35.084234,       39.82,
 139.973333,   35.084234,       39.52,
 139.977838,   35.084234,       39.22,
 139.982342,   35.084234,       38.91,
 139.986847,   35.084234,       38.61,
 139.991351,   35.084234,       38.31,
 139.995856,   35.084234,       38.02,
 140.000360,   35.084234,       37.72,
 140.004865,   35.084234,       37.42,
 140.009369,   35.084234,       37.13,
 140.013874,   35.084234,       36.84,
 140.018378,   35.084234,       36.54,
 140.022883,   35.084234,       36.25,
 140.027387,   35.084234,       35.96,
 140.031892,   35.084234,       35.67,
 140.036396,   35.084234,       35.38,
 140.040901,   35.084234,       35.09,
 140.045405,   35.084234,       34.81,
 140.049910,   35.084234,       34.51,
 140.054414,   35.084234,       34.22,
 140.058919,   35.084234,       33.91,
 140.063423,   35.084234,       33.61,
 140.067928,   35.084234,       33.31,
 140.072432,   35.084234,       33.02,
 140.076937,   35.084234,       32.73,
 140.081441,   35.084234,       32.45,
 140.085946,   35.084234,       32.23,
 140.090450,   35.084234,       32.07,
 140.094955,   35.084234,       31.43,
 140.099459,   35.084234,       31.40,
 140.103964,   35.084234,       31.57,
 140.108468,   35.084234,       31.76,
 140.112973,   35.084234,       32.01,
 140.117477,   35.084234,       32.25,
 140.121982,   35.084234,       32.48,
 140.126486,   35.084234,       32.74,
 140.130991,   35.084234,       33.00,
 140.135495,   35.084234,       33.25,
 140.140000,   35.084234,       33.38,
 140.144505,   35.084234,       33.45,
 140.149009,   35.084234,       33.53,
 140.153514,   35.084234,       33.55,
 140.158018,   35.084234,       33.38,
 140.162523,   35.084234,       33.22,
 140.167027,   35.084234,       33.04,
 140.171532,   35.084234,       32.59,
 140.176036,   35.084234,       32.10,
 140.180541,   35.084234,       31.60,
 140.185045,   35.084234,       31.00,
 140.189550,   35.084234,       30.27,
 140.194054,   35.084234,       29.54,
 140.198559,   35.084234,       28.79,
 140.203063,   35.084234,       28.00,
 140.207568,   35.084234,       27.23,
 140.212072,   35.084234,       26.49,
 140.216577,   35.084234,       26.21,
 140.221081,   35.084234,       26.27,
 140.225586,   35.084234,       26.34,
 140.230090,   35.084234,       26.41,
 140.234595,   35.084234,       26.54,
 140.239099,   35.084234,       26.71,
 140.243604,   35.084234,       26.85,
 140.248108,   35.084234,       26.93,
 140.252613,   35.084234,       26.94,
 140.257117,   35.084234,       26.82,
 140.261622,   35.084234,       26.62,
 140.266126,   35.084234,       26.37,
 140.270631,   35.084234,       26.08,
 140.275135,   35.084234,       25.77,
 140.279640,   35.084234,       25.48,
 140.284144,   35.084234,       25.22,
 140.288649,   35.084234,       25.04,
 140.293153,   35.084234,       24.93,
 140.297658,   35.084234,       24.81,
 140.302162,   35.084234,       24.77,
 140.306667,   35.084234,       25.03,
 140.311171,   35.084234,       25.29,
 140.315676,   35.084234,       25.52,
 140.320180,   35.084234,       25.65,
 140.324685,   35.084234,       25.69,
 140.329189,   35.084234,       25.67,
 140.333694,   35.084234,       25.57,
 140.338198,   35.084234,       25.39,
 140.342703,   35.084234,       25.16,
 140.347207,   35.084234,       25.03,
 140.351712,   35.084234,       25.10,
 140.356216,   35.084234,       25.19,
 140.360721,   35.084234,       25.55,
 140.365225,   35.084234,       25.91,
 140.369730,   35.084234,       26.29,
 140.374234,   35.084234,       26.81,
 140.378739,   35.084234,       27.47,
 140.383243,   35.084234,       28.26,
 140.387748,   35.084234,       29.19,
 139.140000,   35.088739,       23.23,
 139.144505,   35.088739,       24.13,
 139.149009,   35.088739,       25.54,
 139.153514,   35.088739,       27.29,
 139.158018,   35.088739,       28.88,
 139.162523,   35.088739,       30.32,
 139.167027,   35.088739,       31.59,
 139.171532,   35.088739,       32.49,
 139.176036,   35.088739,       33.04,
 139.180541,   35.088739,       33.54,
 139.185045,   35.088739,       33.92,
 139.189550,   35.088739,       34.15,
 139.194054,   35.088739,       34.20,
 139.198559,   35.088739,       34.02,
 139.203063,   35.088739,       33.46,
 139.207568,   35.088739,       32.59,
 139.212072,   35.088739,       31.50,
 139.216577,   35.088739,       30.66,
 139.221081,   35.088739,       30.00,
 139.225586,   35.088739,       29.48,
 139.230090,   35.088739,       29.25,
 139.234595,   35.088739,       29.33,
 139.239099,   35.088739,       29.59,
 139.243604,   35.088739,       30.00,
 139.248108,   35.088739,       30.46,
 139.252613,   35.088739,       30.80,
 139.257117,   35.088739,       30.96,
 139.261622,   35.088739,       30.93,
 139.266126,   35.088739,       30.44,
 139.270631,   35.088739,       29.58,
 139.275135,   35.088739,       28.55,
 139.279640,   35.088739,       27.40,
 139.284144,   35.088739,       26.20,
 139.288649,   35.088739,       24.99,
 139.293153,   35.088739,       23.85,
 139.297658,   35.088739,       22.77,
 139.302162,   35.088739,       21.72,
 139.306667,   35.088739,       20.73,
 139.311171,   35.088739,       19.83,
 139.315676,   35.088739,       18.94,
 139.320180,   35.088739,       17.93,
 139.324685,   35.088739,       16.84,
 139.329189,   35.088739,       15.69,
 139.333694,   35.088739,       14.48,
 139.338198,   35.088739,       13.24,
 139.342703,   35.088739,       11.97,
 139.347207,   35.088739,       10.64,
 139.351712,   35.088739,        9.28,
 139.356216,   35.088739,        7.90,
 139.360721,   35.088739,        6.55,
 139.365225,   35.088739,        5.37,
 139.369730,   35.088739,        4.41,
 139.374234,   35.088739,        3.70,
 139.378739,   35.088739,        3.20,
 139.383243,   35.088739,        2.86,
 139.387748,   35.088739,        2.62,
 139.392252,   35.088739,        2.39,
 139.396757,   35.088739,        2.15,
 139.401261,   35.088739,        1.88,
 139.405766,   35.088739,        1.60,
 139.410270,   35.088739,        1.32,
 139.414775,   35.088739,        1.60,
 139.419279,   35.088739,        2.60,
 139.423784,   35.088739,        4.30,
 139.428288,   35.088739,        6.67,
 139.432793,   35.088739,        9.14,
 139.437297,   35.088739,       11.58,
 139.441802,   35.088739,       14.01,
 139.446306,   35.088739,       16.42,
 139.450811,   35.088739,       18.84,
 139.455315,   35.088739,       21.26,
 139.459820,   35.088739,       23.54,
 139.464324,   35.088739,       25.24,
 139.468829,   35.088739,       26.48,
 139.473333,   35.088739,       27.31,
 139.477838,   35.088739,       27.96,
 139.482342,   35.088739,       28.53,
 139.486847,   35.088739,       29.00,
 139.491351,   35.088739,       29.39,
 139.495856,   35.088739,       29.68,
 139.500360,   35.088739,       29.83,
 139.504865,   35.088739,       29.86,
 139.509369,   35.088739,       31.08,
 139.513874,   35.088739,       33.54,
 139.518378,   35.088739,       36.03,
 139.522883,   35.088739,       38.51,
 139.527387,   35.088739,       41.02,
 139.531892,   35.088739,       43.56,
 139.536396,   35.088739,       46.11,
 139.540901,   35.088739,       48.32,
 139.545405,   35.088739,       49.47,
 139.549910,   35.088739,       47.97,
 139.554414,   35.088739,       45.23,
 139.558919,   35.088739,       44.02,
 139.563423,   35.088739,       44.76,
 139.567928,   35.088739,       46.84,
 139.572432,   35.088739,       50.42,
 139.576937,   35.088739,       55.09,
 139.581441,   35.088739,       56.41,
 139.585946,   35.088739,       56.33,
 139.590450,   35.088739,       56.24,
 139.594955,   35.088739,       56.35,
 139.599459,   35.088739,       56.98,
 139.603964,   35.088739,       57.43,
 139.608468,   35.088739,       58.35,
 139.612973,   35.088739,       59.94,
 139.617477,   35.088739,       62.04,
 139.621982,   35.088739,       62.83,
 139.626486,   35.088739,       63.15,
 139.630991,   35.088739,       63.40,
 139.635495,   35.088739,       63.89,
 139.640000,   35.088739,       64.32,
 139.644505,   35.088739,       64.63,
 139.649009,   35.088739,       64.97,
 139.653514,   35.088739,       65.59,
 139.658018,   35.088739,       66.50,
 139.662523,   35.088739,       67.39,
 139.667027,   35.088739,       68.04,
 139.671532,   35.088739,       68.60,
 139.676036,   35.088739,       69.54,
 139.680541,   35.088739,       70.47,
 139.685045,   35.088739,       70.07,
 139.689550,   35.088739,       69.28,
 139.694054,   35.088739,       68.65,
 139.698559,   35.088739,       68.25,
 139.703063,   35.088739,       67.83,
 139.707568,   35.088739,       67.41,
 139.712072,   35.088739,       66.57,
 139.716577,   35.088739,       66.27,
 139.721081,   35.088739,       66.87,
 139.725586,   35.088739,       67.30,
 139.730090,   35.088739,       67.29,
 139.734595,   35.088739,       67.04,
 139.739099,   35.088739,       66.84,
 139.743604,   35.088739,       66.52,
 139.748108,   35.088739,       65.98,
 139.752613,   35.088739,       64.47,
 139.757117,   35.088739,       62.50,
 139.761622,   35.088739,       60.51,
 139.766126,   35.088739,       58.43,
 139.770631,   35.088739,       56.15,
 139.775135,   35.088739,       53.86,
 139.779640,   35.088739,       51.63,
 139.784144,   35.088739,       49.90,
 139.788649,   35.088739,       48.58,
 139.793153,   35.088739,       47.45,
 139.797658,   35.088739,       46.89,
 139.802162,   35.088739,       46.75,
 139.806667,   35.088739,       46.61,
 139.811171,   35.088739,       46.44,
 139.815676,   35.088739,       46.59,
 139.820180,   35.088739,       46.79,
 139.824685,   35.088739,       47.01,
 139.829189,   35.088739,       47.33,
 139.833694,   35.088739,       47.72,
 139.838198,   35.088739,       48.10,
 139.842703,   35.088739,       48.18,
 139.847207,   35.088739,       47.59,
 139.851712,   35.088739,       47.15,
 139.856216,   35.088739,       46.82,
 139.860721,   35.088739,       46.54,
 139.865225,   35.088739,       46.29,
 139.869730,   35.088739,       46.06,
 139.874234,   35.088739,       45.84,
 139.878739,   35.088739,       45.62,
 139.883243,   35.088739,       45.40,
 139.887748,   35.088739,       45.18,
 139.892252,   35.088739,       44.96,
 139.896757,   35.088739,       44.73,
 139.901261,   35.088739,       44.50,
 139.905766,   35.088739,       44.25,
 139.910270,   35.088739,       44.00,
 139.914775,   35.088739,       43.73,
 139.919279,   35.088739,       43.46,
 139.923784,   35.088739,       43.18,
 139.928288,   35.088739,       42.90,
 139.932793,   35.088739,       42.61,
 139.937297,   35.088739,       42.32,
 139.941802,   35.088739,       42.02,
 139.946306,   35.088739,       41.73,
 139.950811,   35.088739,       41.43,
 139.955315,   35.088739,       41.13,
 139.959820,   35.088739,       40.82,
 139.964324,   35.088739,       40.52,
 139.968829,   35.088739,       40.22,
 139.973333,   35.088739,       39.92,
 139.977838,   35.088739,       39.61,
 139.982342,   35.088739,       39.31,
 139.986847,   35.088739,       39.01,
 139.991351,   35.088739,       38.71,
 139.995856,   35.088739,       38.41,
 140.000360,   35.088739,       38.11,
 140.004865,   35.088739,       37.81,
 140.009369,   35.088739,       37.51,
 140.013874,   35.088739,       37.22,
 140.018378,   35.088739,       36.92,
 140.022883,   35.088739,       36.62,
 140.027387,   35.088739,       36.33,
 140.031892,   35.088739,       36.03,
 140.036396,   35.088739,       35.74,
 140.040901,   35.088739,       35.45,
 140.045405,   35.088739,       35.15,
 140.049910,   35.088739,       34.85,
 140.054414,   35.088739,       34.55,
 140.058919,   35.088739,       34.24,
 140.063423,   35.088739,       33.93,
 140.067928,   35.088739,       33.61,
 140.072432,   35.088739,       33.30,
 140.076937,   35.088739,       32.99,
 140.081441,   35.088739,       32.69,
 140.085946,   35.088739,       32.39,
 140.090450,   35.088739,       32.13,
 140.094955,   35.088739,       31.87,
 140.099459,   35.088739,       31.15,
 140.103964,   35.088739,       31.43,
 140.108468,   35.088739,       31.67,
 140.112973,   35.088739,       31.88,
 140.117477,   35.088739,       32.12,
 140.121982,   35.088739,       32.35,
 140.126486,   35.088739,       32.58,
 140.130991,   35.088739,       32.84,
 140.135495,   35.088739,       33.08,
 140.140000,   35.088739,       33.28,
 140.144505,   35.088739,       33.38,
 140.149009,   35.088739,       33.44,
 140.153514,   35.088739,       33.49,
 140.158018,   35.088739,       33.38,
 140.162523,   35.088739,       33.22,
 140.167027,   35.088739,       33.06,
 140.171532,   35.088739,       32.71,
 140.176036,   35.088739,       32.23,
 140.180541,   35.088739,       31.77,
 140.185045,   35.088739,       31.23,
 140.189550,   35.088739,       30.53,
 140.194054,   35.088739,       29.83,
 140.198559,   35.088739,       29.08,
 140.203063,   35.088739,       28.15,
 140.207568,   35.088739,       27.21,
 140.212072,   35.088739,       26.30,
 140.216577,   35.088739,       26.14,
 140.221081,   35.088739,       26.19,
 140.225586,   35.088739,       26.25,
 140.230090,   35.088739,       26.34,
 140.234595,   35.088739,       26.51,
 140.239099,   35.088739,       26.70,
 140.243604,   35.088739,       26.86,
 140.248108,   35.088739,       26.95,
 140.252613,   35.088739,       26.91,
 140.257117,   35.088739,       26.71,
 140.261622,   35.088739,       26.49,
 140.266126,   35.088739,       26.24,
 140.270631,   35.088739,       25.99,
 140.275135,   35.088739,       25.75,
 140.279640,   35.088739,       25.48,
 140.284144,   35.088739,       25.19,
 140.288649,   35.088739,       24.95,
 140.293153,   35.088739,       24.73,
 140.297658,   35.088739,       24.51,
 140.302162,   35.088739,       24.46,
 140.306667,   35.088739,       24.74,
 140.311171,   35.088739,       25.01,
 140.315676,   35.088739,       25.22,
 140.320180,   35.088739,       25.35,
 140.324685,   35.088739,       25.43,
 140.329189,   35.088739,       25.44,
 140.333694,   35.088739,       25.39,
 140.338198,   35.088739,       25.26,
 140.342703,   35.088739,       25.03,
 140.347207,   35.088739,       25.07,
 140.351712,   35.088739,       25.40,
 140.356216,   35.088739,       25.75,
 140.360721,   35.088739,       26.18,
 140.365225,   35.088739,       26.65,
 140.369730,   35.088739,       27.17,
 140.374234,   35.088739,       27.83,
 140.378739,   35.088739,       28.62,
 140.383243,   35.088739,       29.55,
 140.387748,   35.088739,       30.61,
 139.140000,   35.093243,       30.25,
 139.144505,   35.093243,       29.00,
 139.149009,   35.093243,       28.07,
 139.153514,   35.093243,       27.44,
 139.158018,   35.093243,       28.13,
 139.162523,   35.093243,       29.72,
 139.167027,   35.093243,       31.14,
 139.171532,   35.093243,       31.99,
 139.176036,   35.093243,       32.73,
 139.180541,   35.093243,       33.33,
 139.185045,   35.093243,       33.75,
 139.189550,   35.093243,       33.97,
 139.194054,   35.093243,       33.96,
 139.198559,   35.093243,       33.65,
 139.203063,   35.093243,       32.94,
 139.207568,   35.093243,       31.86,
 139.212072,   35.093243,       30.96,
 139.216577,   35.093243,       30.45,
 139.221081,   35.093243,       30.05,
 139.225586,   35.093243,       29.72,
 139.230090,   35.093243,       29.47,
 139.234595,   35.093243,       29.40,
 139.239099,   35.093243,       29.54,
 139.243604,   35.093243,       29.89,
 139.248108,   35.093243,       30.25,
 139.252613,   35.093243,       30.36,
 139.257117,   35.093243,       30.32,
 139.261622,   35.093243,       30.15,
 139.266126,   35.093243,       29.64,
 139.270631,   35.093243,       28.89,
 139.275135,   35.093243,       27.99,
 139.279640,   35.093243,       26.99,
 139.284144,   35.093243,       25.89,
 139.288649,   35.093243,       24.75,
 139.293153,   35.093243,       23.63,
 139.297658,   35.093243,       22.56,
 139.302162,   35.093243,       21.55,
 139.306667,   35.093243,       20.61,
 139.311171,   35.093243,       19.75,
 139.315676,   35.093243,       18.94,
 139.320180,   35.093243,       18.03,
 139.324685,   35.093243,       17.02,
 139.329189,   35.093243,       15.90,
 139.333694,   35.093243,       14.68,
 139.338198,   35.093243,       13.43,
 139.342703,   35.093243,       12.13,
 139.347207,   35.093243,       10.78,
 139.351712,   35.093243,        9.41,
 139.356216,   35.093243,        8.01,
 139.360721,   35.093243,        6.69,
 139.365225,   35.093243,        5.53,
 139.369730,   35.093243,        4.56,
 139.374234,   35.093243,        3.78,
 139.378739,   35.093243,        3.18,
 139.383243,   35.093243,        2.73,
 139.387748,   35.093243,        2.40,
 139.392252,   35.093243,        2.18,
 139.396757,   35.093243,        1.95,
 139.401261,   35.093243,        1.72,
 139.405766,   35.093243,        1.48,
 139.410270,   35.093243,        1.24,
 139.414775,   35.093243,        1.66,
 139.419279,   35.093243,        3.06,
 139.423784,   35.093243,        5.33,
 139.428288,   35.093243,        7.84,
 139.432793,   35.093243,       10.32,
 139.437297,   35.093243,       12.76,
 139.441802,   35.093243,       15.18,
 139.446306,   35.093243,       17.58,
 139.450811,   35.093243,       19.96,
 139.455315,   35.093243,       22.36,
 139.459820,   35.093243,       24.60,
 139.464324,   35.093243,       26.14,
 139.468829,   35.093243,       27.21,
 139.473333,   35.093243,       28.04,
 139.477838,   35.093243,       28.79,
 139.482342,   35.093243,       29.45,
 139.486847,   35.093243,       30.00,
 139.491351,   35.093243,       30.46,
 139.495856,   35.093243,       30.82,
 139.500360,   35.093243,       31.13,
 139.504865,   35.093243,       31.49,
 139.509369,   35.093243,       32.53,
 139.513874,   35.093243,       34.49,
 139.518378,   35.093243,       36.74,
 139.522883,   35.093243,       39.17,
 139.527387,   35.093243,       41.70,
 139.531892,   35.093243,       44.24,
 139.536396,   35.093243,       46.80,
 139.540901,   35.093243,       49.37,
 139.545405,   35.093243,       51.80,
 139.549910,   35.093243,       51.68,
 139.554414,   35.093243,       50.39,
 139.558919,   35.093243,       50.23,
 139.563423,   35.093243,       50.94,
 139.567928,   35.093243,       52.65,
 139.572432,   35.093243,       55.66,
 139.576937,   35.093243,       57.32,
 139.581441,   35.093243,       57.05,
 139.585946,   35.093243,       56.87,
 139.590450,   35.093243,       56.73,
 139.594955,   35.093243,       56.53,
 139.599459,   35.093243,       55.81,
 139.603964,   35.093243,       55.58,
 139.608468,   35.093243,       55.63,
 139.612973,   35.093243,       56.57,
 139.617477,   35.093243,       59.12,
 139.621982,   35.093243,       61.52,
 139.626486,   35.093243,       62.91,
 139.630991,   35.093243,       63.25,
 139.635495,   35.093243,       63.66,
 139.640000,   35.093243,       64.33,
 139.644505,   35.093243,       65.06,
 139.649009,   35.093243,       65.52,
 139.653514,   35.093243,       66.17,
 139.658018,   35.093243,       67.01,
 139.662523,   35.093243,       68.02,
 139.667027,   35.093243,       68.41,
 139.671532,   35.093243,       68.83,
 139.676036,   35.093243,       69.86,
 139.680541,   35.093243,       71.45,
 139.685045,   35.093243,       72.43,
 139.689550,   35.093243,       71.53,
 139.694054,   35.093243,       71.23,
 139.698559,   35.093243,       71.40,
 139.703063,   35.093243,       71.32,
 139.707568,   35.093243,       70.17,
 139.712072,   35.093243,       68.35,
 139.716577,   35.093243,       66.88,
 139.721081,   35.093243,       67.00,
 139.725586,   35.093243,       67.39,
 139.730090,   35.093243,       67.59,
 139.734595,   35.093243,       67.46,
 139.739099,   35.093243,       67.20,
 139.743604,   35.093243,       67.05,
 139.748108,   35.093243,       66.68,
 139.752613,   35.093243,       64.63,
 139.757117,   35.093243,       62.65,
 139.761622,   35.093243,       60.72,
 139.766126,   35.093243,       58.80,
 139.770631,   35.093243,       56.54,
 139.775135,   35.093243,       54.34,
 139.779640,   35.093243,       52.27,
 139.784144,   35.093243,       50.42,
 139.788649,   35.093243,       49.16,
 139.793153,   35.093243,       48.15,
 139.797658,   35.093243,       47.43,
 139.802162,   35.093243,       47.10,
 139.806667,   35.093243,       46.76,
 139.811171,   35.093243,       46.45,
 139.815676,   35.093243,       46.32,
 139.820180,   35.093243,       46.57,
 139.824685,   35.093243,       46.77,
 139.829189,   35.093243,       46.95,
 139.833694,   35.093243,       47.35,
 139.838198,   35.093243,       47.78,
 139.842703,   35.093243,       47.97,
 139.847207,   35.093243,       47.66,
 139.851712,   35.093243,       47.31,
 139.856216,   35.093243,       47.03,
 139.860721,   35.093243,       46.80,
 139.865225,   35.093243,       46.59,
 139.869730,   35.093243,       46.39,
 139.874234,   35.093243,       46.18,
 139.878739,   35.093243,       45.98,
 139.883243,   35.093243,       45.78,
 139.887748,   35.093243,       45.57,
 139.892252,   35.093243,       45.36,
 139.896757,   35.093243,       45.14,
 139.901261,   35.093243,       44.90,
 139.905766,   35.093243,       44.66,
 139.910270,   35.093243,       44.40,
 139.914775,   35.093243,       44.13,
 139.919279,   35.093243,       43.86,
 139.923784,   35.093243,       43.58,
 139.928288,   35.093243,       43.30,
 139.932793,   35.093243,       43.01,
 139.937297,   35.093243,       42.72,
 139.941802,   35.093243,       42.42,
 139.946306,   35.093243,       42.12,
 139.950811,   35.093243,       41.82,
 139.955315,   35.093243,       41.52,
 139.959820,   35.093243,       41.22,
 139.964324,   35.093243,       40.92,
 139.968829,   35.093243,       40.61,
 139.973333,   35.093243,       40.31,
 139.977838,   35.093243,       40.01,
 139.982342,   35.093243,       39.70,
 139.986847,   35.093243,       39.40,
 139.991351,   35.093243,       39.10,
 139.995856,   35.093243,       38.80,
 140.000360,   35.093243,       38.50,
 140.004865,   35.093243,       38.20,
 140.009369,   35.093243,       37.90,
 140.013874,   35.093243,       37.60,
 140.018378,   35.093243,       37.30,
 140.022883,   35.093243,       37.00,
 140.027387,   35.093243,       36.70,
 140.031892,   35.093243,       36.40,
 140.036396,   35.093243,       36.10,
 140.040901,   35.093243,       35.80,
 140.045405,   35.093243,       35.50,
 140.049910,   35.093243,       35.19,
 140.054414,   35.093243,       34.88,
 140.058919,   35.093243,       34.57,
 140.063423,   35.093243,       34.25,
 140.067928,   35.093243,       33.92,
 140.072432,   35.093243,       33.60,
 140.076937,   35.093243,       33.28,
 140.081441,   35.093243,       32.96,
 140.085946,   35.093243,       32.63,
 140.090450,   35.093243,       32.32,
 140.094955,   35.093243,       32.03,
 140.099459,   35.093243,       31.71,
 140.103964,   35.093243,       31.47,
 140.108468,   35.093243,       31.69,
 140.112973,   35.093243,       31.85,
 140.117477,   35.093243,       32.00,
 140.121982,   35.093243,       32.23,
 140.126486,   35.093243,       32.46,
 140.130991,   35.093243,       32.69,
 140.135495,   35.093243,       32.93,
 140.140000,   35.093243,       33.15,
 140.144505,   35.093243,       33.30,
 140.149009,   35.093243,       33.37,
 140.153514,   35.093243,       33.42,
 140.158018,   35.093243,       33.38,
 140.162523,   35.093243,       33.20,
 140.167027,   35.093243,       33.03,
 140.171532,   35.093243,       32.74,
 140.176036,   35.093243,       32.32,
 140.180541,   35.093243,       31.90,
 140.185045,   35.093243,       31.45,
 140.189550,   35.093243,       30.80,
 140.194054,   35.093243,       30.15,
 140.198559,   35.093243,       29.41,
 140.203063,   35.093243,       28.46,
 140.207568,   35.093243,       27.45,
 140.212072,   35.093243,       26.46,
 140.216577,   35.093243,       26.10,
 140.221081,   35.093243,       26.08,
 140.225586,   35.093243,       26.16,
 140.230090,   35.093243,       26.30,
 140.234595,   35.093243,       26.50,
 140.239099,   35.093243,       26.72,
 140.243604,   35.093243,       26.92,
 140.248108,   35.093243,       27.01,
 140.252613,   35.093243,       26.87,
 140.257117,   35.093243,       26.68,
 140.261622,   35.093243,       26.46,
 140.266126,   35.093243,       26.23,
 140.270631,   35.093243,       26.03,
 140.275135,   35.093243,       25.79,
 140.279640,   35.093243,       25.51,
 140.284144,   35.093243,       25.17,
 140.288649,   35.093243,       24.77,
 140.293153,   35.093243,       24.46,
 140.297658,   35.093243,       24.17,
 140.302162,   35.093243,       24.20,
 140.306667,   35.093243,       24.58,
 140.311171,   35.093243,       24.88,
 140.315676,   35.093243,       25.07,
 140.320180,   35.093243,       25.21,
 140.324685,   35.093243,       25.32,
 140.329189,   35.093243,       25.42,
 140.333694,   35.093243,       25.48,
 140.338198,   35.093243,       25.44,
 140.342703,   35.093243,       25.35,
 140.347207,   35.093243,       25.58,
 140.351712,   35.093243,       25.96,
 140.356216,   35.093243,       26.34,
 140.360721,   35.093243,       26.80,
 140.365225,   35.093243,       27.28,
 140.369730,   35.093243,       27.91,
 140.374234,   35.093243,       28.71,
 140.378739,   35.093243,       29.64,
 140.383243,   35.093243,       30.71,
 140.387748,   35.093243,       31.91,
 139.140000,   35.097748,       36.96,
 139.144505,   35.097748,       35.26,
 139.149009,   35.097748,       33.88,
 139.153514,   35.097748,       32.81,
 139.158018,   35.097748,       32.05,
 139.162523,   35.097748,       31.60,
 139.167027,   35.097748,       31.13,
 139.171532,   35.097748,       31.99,
 139.176036,   35.097748,       32.82,
 139.180541,   35.097748,       33.45,
 139.185045,   35.097748,       33.87,
 139.189550,   35.097748,       34.08,
 139.194054,   35.097748,       34.03,
 139.198559,   35.097748,       33.64,
 139.203063,   35.097748,       32.75,
 139.207568,   35.097748,       31.24,
 139.212072,   35.097748,       30.73,
 139.216577,   35.097748,       30.58,
 139.221081,   35.097748,       30.38,
 139.225586,   35.097748,       30.15,
 139.230090,   35.097748,       29.84,
 139.234595,   35.097748,       29.56,
 139.239099,   35.097748,       29.49,
 139.243604,   35.097748,       29.75,
 139.248108,   35.097748,       29.89,
 139.252613,   35.097748,       29.86,
 139.257117,   35.097748,       29.71,
 139.261622,   35.097748,       29.43,
 139.266126,   35.097748,       28.93,
 139.270631,   35.097748,       28.24,
 139.275135,   35.097748,       27.42,
 139.279640,   35.097748,       26.50,
 139.284144,   35.097748,       25.48,
 139.288649,   35.097748,       24.42,
 139.293153,   35.097748,       23.35,
 139.297658,   35.097748,       22.34,
 139.302162,   35.097748,       21.38,
 139.306667,   35.097748,       20.47,
 139.311171,   35.097748,       19.63,
 139.315676,   35.097748,       18.89,
 139.320180,   35.097748,       18.10,
 139.324685,   35.097748,       17.18,
 139.329189,   35.097748,       16.15,
 139.333694,   35.097748,       14.99,
 139.338198,   35.097748,       13.71,
 139.342703,   35.097748,       12.36,
 139.347207,   35.097748,       10.97,
 139.351712,   35.097748,        9.54,
 139.356216,   35.097748,        8.11,
 139.360721,   35.097748,        6.79,
 139.365225,   35.097748,        5.62,
 139.369730,   35.097748,        4.63,
 139.374234,   35.097748,        3.81,
 139.378739,   35.097748,        3.14,
 139.383243,   35.097748,        2.63,
 139.387748,   35.097748,        2.25,
 139.392252,   35.097748,        2.00,
 139.396757,   35.097748,        1.79,
 139.401261,   35.097748,        1.59,
 139.405766,   35.097748,        1.38,
 139.410270,   35.097748,        1.18,
 139.414775,   35.097748,        1.71,
 139.419279,   35.097748,        3.98,
 139.423784,   35.097748,        6.56,
 139.428288,   35.097748,        9.09,
 139.432793,   35.097748,       11.58,
 139.437297,   35.097748,       14.03,
 139.441802,   35.097748,       16.44,
 139.446306,   35.097748,       18.82,
 139.450811,   35.097748,       21.17,
 139.455315,   35.097748,       23.50,
 139.459820,   35.097748,       25.71,
 139.464324,   35.097748,       27.00,
 139.468829,   35.097748,       28.06,
 139.473333,   35.097748,       29.00,
 139.477838,   35.097748,       29.82,
 139.482342,   35.097748,       30.53,
 139.486847,   35.097748,       31.16,
 139.491351,   35.097748,       31.71,
 139.495856,   35.097748,       32.19,
 139.500360,   35.097748,       32.67,
 139.504865,   35.097748,       33.24,
 139.509369,   35.097748,       34.19,
 139.513874,   35.097748,       35.75,
 139.518378,   35.097748,       37.69,
 139.522883,   35.097748,       39.88,
 139.527387,   35.097748,       42.34,
 139.531892,   35.097748,       44.89,
 139.536396,   35.097748,       47.41,
 139.540901,   35.097748,       49.94,
 139.545405,   35.097748,       52.46,
 139.549910,   35.097748,       54.32,
 139.554414,   35.097748,       54.32,
 139.558919,   35.097748,       54.41,
 139.563423,   35.097748,       55.14,
 139.567928,   35.097748,       56.50,
 139.572432,   35.097748,       57.97,
 139.576937,   35.097748,       57.98,
 139.581441,   35.097748,       57.55,
 139.585946,   35.097748,       57.30,
 139.590450,   35.097748,       56.95,
 139.594955,   35.097748,       56.31,
 139.599459,   35.097748,       55.22,
 139.603964,   35.097748,       54.00,
 139.608468,   35.097748,       52.84,
 139.612973,   35.097748,       52.87,
 139.617477,   35.097748,       56.68,
 139.621982,   35.097748,       59.81,
 139.626486,   35.097748,       62.33,
 139.630991,   35.097748,       62.52,
 139.635495,   35.097748,       62.77,
 139.640000,   35.097748,       63.43,
 139.644505,   35.097748,       64.46,
 139.649009,   35.097748,       65.62,
 139.653514,   35.097748,       66.34,
 139.658018,   35.097748,       67.16,
 139.662523,   35.097748,       67.57,
 139.667027,   35.097748,       67.25,
 139.671532,   35.097748,       67.73,
 139.676036,   35.097748,       68.88,
 139.680541,   35.097748,       70.28,
 139.685045,   35.097748,       71.71,
 139.689550,   35.097748,       72.24,
 139.694054,   35.097748,       72.42,
 139.698559,   35.097748,       72.97,
 139.703063,   35.097748,       73.51,
 139.707568,   35.097748,       71.60,
 139.712072,   35.097748,       69.65,
 139.716577,   35.097748,       67.96,
 139.721081,   35.097748,       67.50,
 139.725586,   35.097748,       67.78,
 139.730090,   35.097748,       67.95,
 139.734595,   35.097748,       67.64,
 139.739099,   35.097748,       67.34,
 139.743604,   35.097748,       67.00,
 139.748108,   35.097748,       66.15,
 139.752613,   35.097748,       64.62,
 139.757117,   35.097748,       62.69,
 139.761622,   35.097748,       60.72,
 139.766126,   35.097748,       58.75,
 139.770631,   35.097748,       56.71,
 139.775135,   35.097748,       54.64,
 139.779640,   35.097748,       52.68,
 139.784144,   35.097748,       50.85,
 139.788649,   35.097748,       49.58,
 139.793153,   35.097748,       48.57,
 139.797658,   35.097748,       47.76,
 139.802162,   35.097748,       47.19,
 139.806667,   35.097748,       46.79,
 139.811171,   35.097748,       46.47,
 139.815676,   35.097748,       46.38,
 139.820180,   35.097748,       46.52,
 139.824685,   35.097748,       46.73,
 139.829189,   35.097748,       46.95,
 139.833694,   35.097748,       47.19,
 139.838198,   35.097748,       47.52,
 139.842703,   35.097748,       47.92,
 139.847207,   35.097748,       47.74,
 139.851712,   35.097748,       47.50,
 139.856216,   35.097748,       47.29,
 139.860721,   35.097748,       47.09,
 139.865225,   35.097748,       46.91,
 139.869730,   35.097748,       46.73,
 139.874234,   35.097748,       46.55,
 139.878739,   35.097748,       46.36,
 139.883243,   35.097748,       46.17,
 139.887748,   35.097748,       45.97,
 139.892252,   35.097748,       45.77,
 139.896757,   35.097748,       45.55,
 139.901261,   35.097748,       45.31,
 139.905766,   35.097748,       45.06,
 139.910270,   35.097748,       44.80,
 139.914775,   35.097748,       44.54,
 139.919279,   35.097748,       44.26,
 139.923784,   35.097748,       43.98,
 139.928288,   35.097748,       43.70,
 139.932793,   35.097748,       43.41,
 139.937297,   35.097748,       43.11,
 139.941802,   35.097748,       42.82,
 139.946306,   35.097748,       42.52,
 139.950811,   35.097748,       42.22,
 139.955315,   35.097748,       41.92,
 139.959820,   35.097748,       41.62,
 139.964324,   35.097748,       41.31,
 139.968829,   35.097748,       41.01,
 139.973333,   35.097748,       40.70,
 139.977838,   35.097748,       40.40,
 139.982342,   35.097748,       40.10,
 139.986847,   35.097748,       39.79,
 139.991351,   35.097748,       39.49,
 139.995856,   35.097748,       39.18,
 140.000360,   35.097748,       38.88,
 140.004865,   35.097748,       38.57,
 140.009369,   35.097748,       38.27,
 140.013874,   35.097748,       37.96,
 140.018378,   35.097748,       37.66,
 140.022883,   35.097748,       37.35,
 140.027387,   35.097748,       37.05,
 140.031892,   35.097748,       36.75,
 140.036396,   35.097748,       36.44,
 140.040901,   35.097748,       36.14,
 140.045405,   35.097748,       35.83,
 140.049910,   35.097748,       35.53,
 140.054414,   35.097748,       35.22,
 140.058919,   35.097748,       34.90,
 140.063423,   35.097748,       34.58,
 140.067928,   35.097748,       34.25,
 140.072432,   35.097748,       33.91,
 140.076937,   35.097748,       33.58,
 140.081441,   35.097748,       33.25,
 140.085946,   35.097748,       32.91,
 140.090450,   35.097748,       32.58,
 140.094955,   35.097748,       32.25,
 140.099459,   35.097748,       31.95,
 140.103964,   35.097748,       31.63,
 140.108468,   35.097748,       31.75,
 140.112973,   35.097748,       31.83,
 140.117477,   35.097748,       31.91,
 140.121982,   35.097748,       32.12,
 140.126486,   35.097748,       32.35,
 140.130991,   35.097748,       32.59,
 140.135495,   35.097748,       32.82,
 140.140000,   35.097748,       33.04,
 140.144505,   35.097748,       33.24,
 140.149009,   35.097748,       33.32,
 140.153514,   35.097748,       33.35,
 140.158018,   35.097748,       33.33,
 140.162523,   35.097748,       33.17,
 140.167027,   35.097748,       32.99,
 140.171532,   35.097748,       32.78,
 140.176036,   35.097748,       32.40,
 140.180541,   35.097748,       32.03,
 140.185045,   35.097748,       31.61,
 140.189550,   35.097748,       31.03,
 140.194054,   35.097748,       30.43,
 140.198559,   35.097748,       29.80,
 140.203063,   35.097748,       28.86,
 140.207568,   35.097748,       27.90,
 140.212072,   35.097748,       27.06,
 140.216577,   35.097748,       26.48,
 140.221081,   35.097748,       26.02,
 140.225586,   35.097748,       26.09,
 140.230090,   35.097748,       26.27,
 140.234595,   35.097748,       26.48,
 140.239099,   35.097748,       26.71,
 140.243604,   35.097748,       26.96,
 140.248108,   35.097748,       27.06,
 140.252613,   35.097748,       26.89,
 140.257117,   35.097748,       26.69,
 140.261622,   35.097748,       26.49,
 140.266126,   35.097748,       26.32,
 140.270631,   35.097748,       26.11,
 140.275135,   35.097748,       25.86,
 140.279640,   35.097748,       25.52,
 140.284144,   35.097748,       25.09,
 140.288649,   35.097748,       24.62,
 140.293153,   35.097748,       24.26,
 140.297658,   35.097748,       24.21,
 140.302162,   35.097748,       24.40,
 140.306667,   35.097748,       24.72,
 140.311171,   35.097748,       24.99,
 140.315676,   35.097748,       25.13,
 140.320180,   35.097748,       25.24,
 140.324685,   35.097748,       25.36,
 140.329189,   35.097748,       25.47,
 140.333694,   35.097748,       25.56,
 140.338198,   35.097748,       25.64,
 140.342703,   35.097748,       25.71,
 140.347207,   35.097748,       25.94,
 140.351712,   35.097748,       26.22,
 140.356216,   35.097748,       26.63,
 140.360721,   35.097748,       27.25,
 140.365225,   35.097748,       27.86,
 140.369730,   35.097748,       28.52,
 140.374234,   35.097748,       29.46,
 140.378739,   35.097748,       30.48,
 140.383243,   35.097748,       31.20,
 140.387748,   35.097748,       31.87,
 139.140000,   35.102252,       43.36,
 139.144505,   35.102252,       41.21,
 139.149009,   35.102252,       39.37,
 139.153514,   35.102252,       37.85,
 139.158018,   35.102252,       36.64,
 139.162523,   35.102252,       35.75,
 139.167027,   35.102252,       33.99,
 139.171532,   35.102252,       33.04,
 139.176036,   35.102252,       33.38,
 139.180541,   35.102252,       33.95,
 139.185045,   35.102252,       34.35,
 139.189550,   35.102252,       34.56,
 139.194054,   35.102252,       34.49,
 139.198559,   35.102252,       34.04,
 139.203063,   35.102252,       33.10,
 139.207568,   35.102252,       31.84,
 139.212072,   35.102252,       31.35,
 139.216577,   35.102252,       31.18,
 139.221081,   35.102252,       31.00,
 139.225586,   35.102252,       30.72,
 139.230090,   35.102252,       30.37,
 139.234595,   35.102252,       29.94,
 139.239099,   35.102252,       29.53,
 139.243604,   35.102252,       29.55,
 139.248108,   35.102252,       29.55,
 139.252613,   35.102252,       29.42,
 139.257117,   35.102252,       29.16,
 139.261622,   35.102252,       28.79,
 139.266126,   35.102252,       28.32,
 139.270631,   35.102252,       27.67,
 139.275135,   35.102252,       26.90,
 139.279640,   35.102252,       26.02,
 139.284144,   35.102252,       25.08,
 139.288649,   35.102252,       24.09,
 139.293153,   35.102252,       23.07,
 139.297658,   35.102252,       22.07,
 139.302162,   35.102252,       21.08,
 139.306667,   35.102252,       20.13,
 139.311171,   35.102252,       19.27,
 139.315676,   35.102252,       18.53,
 139.320180,   35.102252,       17.89,
 139.324685,   35.102252,       17.22,
 139.329189,   35.102252,       16.38,
 139.333694,   35.102252,       15.30,
 139.338198,   35.102252,       13.98,
 139.342703,   35.102252,       12.56,
 139.347207,   35.102252,       11.11,
 139.351712,   35.102252,        9.63,
 139.356216,   35.102252,        8.17,
 139.360721,   35.102252,        6.83,
 139.365225,   35.102252,        5.65,
 139.369730,   35.102252,        4.63,
 139.374234,   35.102252,        3.77,
 139.378739,   35.102252,        3.06,
 139.383243,   35.102252,        2.49,
 139.387748,   35.102252,        2.08,
 139.392252,   35.102252,        1.80,
 139.396757,   35.102252,        1.66,
 139.401261,   35.102252,        1.56,
 139.405766,   35.102252,        1.47,
 139.410270,   35.102252,        1.38,
 139.414775,   35.102252,        2.69,
 139.419279,   35.102252,        5.32,
 139.423784,   35.102252,        7.90,
 139.428288,   35.102252,       10.45,
 139.432793,   35.102252,       12.94,
 139.437297,   35.102252,       15.39,
 139.441802,   35.102252,       17.81,
 139.446306,   35.102252,       20.19,
 139.450811,   35.102252,       22.54,
 139.455315,   35.102252,       24.86,
 139.459820,   35.102252,       26.99,
 139.464324,   35.102252,       28.20,
 139.468829,   35.102252,       29.29,
 139.473333,   35.102252,       30.25,
 139.477838,   35.102252,       31.09,
 139.482342,   35.102252,       31.82,
 139.486847,   35.102252,       32.49,
 139.491351,   35.102252,       33.10,
 139.495856,   35.102252,       33.70,
 139.500360,   35.102252,       34.32,
 139.504865,   35.102252,       35.03,
 139.509369,   35.102252,       35.88,
 139.513874,   35.102252,       37.13,
 139.518378,   35.102252,       38.75,
 139.522883,   35.102252,       40.69,
 139.527387,   35.102252,       42.96,
 139.531892,   35.102252,       45.46,
 139.536396,   35.102252,       47.91,
 139.540901,   35.102252,       50.31,
 139.545405,   35.102252,       52.56,
 139.549910,   35.102252,       54.34,
 139.554414,   35.102252,       55.63,
 139.558919,   35.102252,       56.48,
 139.563423,   35.102252,       57.41,
 139.567928,   35.102252,       58.48,
 139.572432,   35.102252,       58.97,
 139.576937,   35.102252,       58.69,
 139.581441,   35.102252,       58.21,
 139.585946,   35.102252,       57.65,
 139.590450,   35.102252,       56.96,
 139.594955,   35.102252,       56.01,
 139.599459,   35.102252,       54.94,
 139.603964,   35.102252,       53.75,
 139.608468,   35.102252,       53.11,
 139.612973,   35.102252,       53.56,
 139.617477,   35.102252,       56.21,
 139.621982,   35.102252,       59.05,
 139.626486,   35.102252,       60.61,
 139.630991,   35.102252,       60.84,
 139.635495,   35.102252,       61.13,
 139.640000,   35.102252,       61.90,
 139.644505,   35.102252,       63.04,
 139.649009,   35.102252,       64.60,
 139.653514,   35.102252,       65.76,
 139.658018,   35.102252,       66.81,
 139.662523,   35.102252,       66.49,
 139.667027,   35.102252,       66.03,
 139.671532,   35.102252,       65.86,
 139.676036,   35.102252,       67.16,
 139.680541,   35.102252,       68.81,
 139.685045,   35.102252,       70.57,
 139.689550,   35.102252,       71.49,
 139.694054,   35.102252,       71.54,
 139.698559,   35.102252,       71.48,
 139.703063,   35.102252,       71.21,
 139.707568,   35.102252,       70.86,
 139.712072,   35.102252,       70.17,
 139.716577,   35.102252,       68.95,
 139.721081,   35.102252,       68.43,
 139.725586,   35.102252,       68.49,
 139.730090,   35.102252,       68.08,
 139.734595,   35.102252,       67.52,
 139.739099,   35.102252,       67.32,
 139.743604,   35.102252,       66.50,
 139.748108,   35.102252,       65.34,
 139.752613,   35.102252,       64.29,
 139.757117,   35.102252,       62.64,
 139.761622,   35.102252,       60.63,
 139.766126,   35.102252,       58.67,
 139.770631,   35.102252,       56.73,
 139.775135,   35.102252,       54.77,
 139.779640,   35.102252,       52.84,
 139.784144,   35.102252,       50.98,
 139.788649,   35.102252,       49.63,
 139.793153,   35.102252,       48.64,
 139.797658,   35.102252,       47.75,
 139.802162,   35.102252,       47.23,
 139.806667,   35.102252,       46.74,
 139.811171,   35.102252,       46.48,
 139.815676,   35.102252,       46.49,
 139.820180,   35.102252,       46.58,
 139.824685,   35.102252,       46.74,
 139.829189,   35.102252,       47.01,
 139.833694,   35.102252,       47.25,
 139.838198,   35.102252,       47.48,
 139.842703,   35.102252,       47.96,
 139.847207,   35.102252,       47.86,
 139.851712,   35.102252,       47.71,
 139.856216,   35.102252,       47.56,
 139.860721,   35.102252,       47.41,
 139.865225,   35.102252,       47.25,
 139.869730,   35.102252,       47.09,
 139.874234,   35.102252,       46.93,
 139.878739,   35.102252,       46.75,
 139.883243,   35.102252,       46.57,
 139.887748,   35.102252,       46.39,
 139.892252,   35.102252,       46.18,
 139.896757,   35.102252,       45.96,
 139.901261,   35.102252,       45.72,
 139.905766,   35.102252,       45.47,
 139.910270,   35.102252,       45.21,
 139.914775,   35.102252,       44.94,
 139.919279,   35.102252,       44.66,
 139.923784,   35.102252,       44.38,
 139.928288,   35.102252,       44.10,
 139.932793,   35.102252,       43.81,
 139.937297,   35.102252,       43.51,
 139.941802,   35.102252,       43.21,
 139.946306,   35.102252,       42.92,
 139.950811,   35.102252,       42.61,
 139.955315,   35.102252,       42.31,
 139.959820,   35.102252,       42.01,
 139.964324,   35.102252,       41.70,
 139.968829,   35.102252,       41.40,
 139.973333,   35.102252,       41.10,
 139.977838,   35.102252,       40.79,
 139.982342,   35.102252,       40.48,
 139.986847,   35.102252,       40.17,
 139.991351,   35.102252,       39.86,
 139.995856,   35.102252,       39.55,
 140.000360,   35.102252,       39.24,
 140.004865,   35.102252,       38.93,
 140.009369,   35.102252,       38.62,
 140.013874,   35.102252,       38.31,
 140.018378,   35.102252,       38.00,
 140.022883,   35.102252,       37.69,
 140.027387,   35.102252,       37.39,
 140.031892,   35.102252,       37.08,
 140.036396,   35.102252,       36.77,
 140.040901,   35.102252,       36.47,
 140.045405,   35.102252,       36.16,
 140.049910,   35.102252,       35.85,
 140.054414,   35.102252,       35.54,
 140.058919,   35.102252,       35.23,
 140.063423,   35.102252,       34.91,
 140.067928,   35.102252,       34.58,
 140.072432,   35.102252,       34.24,
 140.076937,   35.102252,       33.91,
 140.081441,   35.102252,       33.57,
 140.085946,   35.102252,       33.22,
 140.090450,   35.102252,       32.86,
 140.094955,   35.102252,       32.52,
 140.099459,   35.102252,       32.18,
 140.103964,   35.102252,       31.90,
 140.108468,   35.102252,       31.79,
 140.112973,   35.102252,       31.86,
 140.117477,   35.102252,       31.91,
 140.121982,   35.102252,       32.01,
 140.126486,   35.102252,       32.24,
 140.130991,   35.102252,       32.48,
 140.135495,   35.102252,       32.74,
 140.140000,   35.102252,       32.97,
 140.144505,   35.102252,       33.18,
 140.149009,   35.102252,       33.28,
 140.153514,   35.102252,       33.28,
 140.158018,   35.102252,       33.26,
 140.162523,   35.102252,       33.13,
 140.167027,   35.102252,       32.94,
 140.171532,   35.102252,       32.75,
 140.176036,   35.102252,       32.46,
 140.180541,   35.102252,       32.15,
 140.185045,   35.102252,       31.81,
 140.189550,   35.102252,       31.29,
 140.194054,   35.102252,       30.76,
 140.198559,   35.102252,       30.16,
 140.203063,   35.102252,       29.31,
 140.207568,   35.102252,       28.40,
 140.212072,   35.102252,       27.59,
 140.216577,   35.102252,       26.95,
 140.221081,   35.102252,       26.35,
 140.225586,   35.102252,       26.23,
 140.230090,   35.102252,       26.34,
 140.234595,   35.102252,       26.45,
 140.239099,   35.102252,       26.70,
 140.243604,   35.102252,       26.95,
 140.248108,   35.102252,       27.12,
 140.252613,   35.102252,       27.00,
 140.257117,   35.102252,       26.83,
 140.261622,   35.102252,       26.69,
 140.266126,   35.102252,       26.51,
 140.270631,   35.102252,       26.27,
 140.275135,   35.102252,       25.97,
 140.279640,   35.102252,       25.55,
 140.284144,   35.102252,       25.08,
 140.288649,   35.102252,       24.59,
 140.293153,   35.102252,       24.38,
 140.297658,   35.102252,       24.60,
 140.302162,   35.102252,       24.78,
 140.306667,   35.102252,       24.95,
 140.311171,   35.102252,       25.18,
 140.315676,   35.102252,       25.31,
 140.320180,   35.102252,       25.37,
 140.324685,   35.102252,       25.41,
 140.329189,   35.102252,       25.51,
 140.333694,   35.102252,       25.60,
 140.338198,   35.102252,       25.68,
 140.342703,   35.102252,       25.81,
 140.347207,   35.102252,       26.03,
 140.351712,   35.102252,       26.24,
 140.356216,   35.102252,       26.60,
 140.360721,   35.102252,       27.34,
 140.365225,   35.102252,       28.12,
 140.369730,   35.102252,       28.89,
 140.374234,   35.102252,       29.63,
 140.378739,   35.102252,       30.33,
 140.383243,   35.102252,       30.98,
 140.387748,   35.102252,       31.59,
 139.140000,   35.106757,       49.44,
 139.144505,   35.106757,       46.84,
 139.149009,   35.106757,       44.56,
 139.153514,   35.106757,       42.59,
 139.158018,   35.106757,       40.93,
 139.162523,   35.106757,       39.58,
 139.167027,   35.106757,       36.87,
 139.171532,   35.106757,       35.09,
 139.176036,   35.106757,       34.57,
 139.180541,   35.106757,       34.83,
 139.185045,   35.106757,       35.20,
 139.189550,   35.106757,       35.42,
 139.194054,   35.106757,       35.39,
 139.198559,   35.106757,       34.94,
 139.203063,   35.106757,       34.12,
 139.207568,   35.106757,       33.23,
 139.212072,   35.106757,       32.50,
 139.216577,   35.106757,       32.07,
 139.221081,   35.106757,       31.77,
 139.225586,   35.106757,       31.45,
 139.230090,   35.106757,       31.02,
 139.234595,   35.106757,       30.51,
 139.239099,   35.106757,       29.95,
 139.243604,   35.106757,       29.37,
 139.248108,   35.106757,       29.25,
 139.252613,   35.106757,       29.02,
 139.257117,   35.106757,       28.68,
 139.261622,   35.106757,       28.26,
 139.266126,   35.106757,       27.77,
 139.270631,   35.106757,       27.15,
 139.275135,   35.106757,       26.42,
 139.279640,   35.106757,       25.58,
 139.284144,   35.106757,       24.68,
 139.288649,   35.106757,       23.75,
 139.293153,   35.106757,       22.74,
 139.297658,   35.106757,       21.65,
 139.302162,   35.106757,       20.58,
 139.306667,   35.106757,       19.56,
 139.311171,   35.106757,       18.65,
 139.315676,   35.106757,       17.86,
 139.320180,   35.106757,       17.21,
 139.324685,   35.106757,       16.73,
 139.329189,   35.106757,       16.34,
 139.333694,   35.106757,       15.61,
 139.338198,   35.106757,       14.21,
 139.342703,   35.106757,       12.60,
 139.347207,   35.106757,       11.02,
 139.351712,   35.106757,        9.51,
 139.356216,   35.106757,        8.06,
 139.360721,   35.106757,        6.77,
 139.365225,   35.106757,        5.61,
 139.369730,   35.106757,        4.56,
 139.374234,   35.106757,        3.66,
 139.378739,   35.106757,        2.91,
 139.383243,   35.106757,        2.31,
 139.387748,   35.106757,        1.89,
 139.392252,   35.106757,        1.77,
 139.396757,   35.106757,        1.87,
 139.401261,   35.106757,        2.06,
 139.405766,   35.106757,        2.35,
 139.410270,   35.106757,        2.94,
 139.414775,   35.106757,        4.63,
 139.419279,   35.106757,        6.90,
 139.423784,   35.106757,        9.40,
 139.428288,   35.106757,       11.92,
 139.432793,   35.106757,       14.41,
 139.437297,   35.106757,       16.87,
 139.441802,   35.106757,       19.31,
 139.446306,   35.106757,       21.73,
 139.450811,   35.106757,       24.14,
 139.455315,   35.106757,       26.60,
 139.459820,   35.106757,       28.69,
 139.464324,   35.106757,       29.92,
 139.468829,   35.106757,       30.87,
 139.473333,   35.106757,       31.76,
 139.477838,   35.106757,       32.57,
 139.482342,   35.106757,       33.31,
 139.486847,   35.106757,       33.99,
 139.491351,   35.106757,       34.65,
 139.495856,   35.106757,       35.33,
 139.500360,   35.106757,       36.06,
 139.504865,   35.106757,       36.85,
 139.509369,   35.106757,       37.62,
 139.513874,   35.106757,       38.58,
 139.518378,   35.106757,       39.89,
 139.522883,   35.106757,       41.51,
 139.527387,   35.106757,       43.56,
 139.531892,   35.106757,       45.95,
 139.536396,   35.106757,       48.28,
 139.540901,   35.106757,       50.52,
 139.545405,   35.106757,       52.56,
 139.549910,   35.106757,       54.34,
 139.554414,   35.106757,       55.85,
 139.558919,   35.106757,       57.03,
 139.563423,   35.106757,       58.16,
 139.567928,   35.106757,       59.33,
 139.572432,   35.106757,       59.92,
 139.576937,   35.106757,       59.61,
 139.581441,   35.106757,       59.30,
 139.585946,   35.106757,       58.90,
 139.590450,   35.106757,       57.75,
 139.594955,   35.106757,       56.32,
 139.599459,   35.106757,       54.78,
 139.603964,   35.106757,       53.94,
 139.608468,   35.106757,       54.11,
 139.612973,   35.106757,       55.00,
 139.617477,   35.106757,       56.84,
 139.621982,   35.106757,       58.40,
 139.626486,   35.106757,       58.66,
 139.630991,   35.106757,       58.61,
 139.635495,   35.106757,       58.94,
 139.640000,   35.106757,       59.97,
 139.644505,   35.106757,       61.58,
 139.649009,   35.106757,       63.53,
 139.653514,   35.106757,       64.39,
 139.658018,   35.106757,       64.65,
 139.662523,   35.106757,       64.56,
 139.667027,   35.106757,       64.24,
 139.671532,   35.106757,       63.99,
 139.676036,   35.106757,       65.09,
 139.680541,   35.106757,       66.91,
 139.685045,   35.106757,       68.85,
 139.689550,   35.106757,       69.96,
 139.694054,   35.106757,       69.42,
 139.698559,   35.106757,       69.10,
 139.703063,   35.106757,       68.82,
 139.707568,   35.106757,       68.61,
 139.712072,   35.106757,       68.42,
 139.716577,   35.106757,       68.08,
 139.721081,   35.106757,       67.57,
 139.725586,   35.106757,       67.40,
 139.730090,   35.106757,       67.04,
 139.734595,   35.106757,       66.49,
 139.739099,   35.106757,       66.08,
 139.743604,   35.106757,       65.33,
 139.748108,   35.106757,       64.21,
 139.752613,   35.106757,       63.22,
 139.757117,   35.106757,       62.17,
 139.761622,   35.106757,       60.32,
 139.766126,   35.106757,       58.42,
 139.770631,   35.106757,       56.60,
 139.775135,   35.106757,       54.72,
 139.779640,   35.106757,       52.82,
 139.784144,   35.106757,       51.00,
 139.788649,   35.106757,       49.61,
 139.793153,   35.106757,       48.67,
 139.797658,   35.106757,       47.83,
 139.802162,   35.106757,       47.29,
 139.806667,   35.106757,       46.81,
 139.811171,   35.106757,       46.49,
 139.815676,   35.106757,       46.48,
 139.820180,   35.106757,       46.64,
 139.824685,   35.106757,       46.91,
 139.829189,   35.106757,       47.22,
 139.833694,   35.106757,       47.42,
 139.838198,   35.106757,       47.78,
 139.842703,   35.106757,       48.05,
 139.847207,   35.106757,       48.03,
 139.851712,   35.106757,       47.96,
 139.856216,   35.106757,       47.86,
 139.860721,   35.106757,       47.74,
 139.865225,   35.106757,       47.61,
 139.869730,   35.106757,       47.47,
 139.874234,   35.106757,       47.32,
 139.878739,   35.106757,       47.16,
 139.883243,   35.106757,       46.99,
 139.887748,   35.106757,       46.81,
 139.892252,   35.106757,       46.60,
 139.896757,   35.106757,       46.37,
 139.901261,   35.106757,       46.13,
 139.905766,   35.106757,       45.88,
 139.910270,   35.106757,       45.61,
 139.914775,   35.106757,       45.34,
 139.919279,   35.106757,       45.07,
 139.923784,   35.106757,       44.78,
 139.928288,   35.106757,       44.50,
 139.932793,   35.106757,       44.20,
 139.937297,   35.106757,       43.91,
 139.941802,   35.106757,       43.61,
 139.946306,   35.106757,       43.31,
 139.950811,   35.106757,       43.01,
 139.955315,   35.106757,       42.71,
 139.959820,   35.106757,       42.40,
 139.964324,   35.106757,       42.10,
 139.968829,   35.106757,       41.79,
 139.973333,   35.106757,       41.48,
 139.977838,   35.106757,       41.16,
 139.982342,   35.106757,       40.85,
 139.986847,   35.106757,       40.53,
 139.991351,   35.106757,       40.22,
 139.995856,   35.106757,       39.90,
 140.000360,   35.106757,       39.59,
 140.004865,   35.106757,       39.27,
 140.009369,   35.106757,       38.96,
 140.013874,   35.106757,       38.64,
 140.018378,   35.106757,       38.33,
 140.022883,   35.106757,       38.02,
 140.027387,   35.106757,       37.71,
 140.031892,   35.106757,       37.40,
 140.036396,   35.106757,       37.09,
 140.040901,   35.106757,       36.78,
 140.045405,   35.106757,       36.47,
 140.049910,   35.106757,       36.16,
 140.054414,   35.106757,       35.85,
 140.058919,   35.106757,       35.54,
 140.063423,   35.106757,       35.22,
 140.067928,   35.106757,       34.90,
 140.072432,   35.106757,       34.57,
 140.076937,   35.106757,       34.24,
 140.081441,   35.106757,       33.91,
 140.085946,   35.106757,       33.58,
 140.090450,   35.106757,       33.23,
 140.094955,   35.106757,       32.87,
 140.099459,   35.106757,       32.48,
 140.103964,   35.106757,       32.11,
 140.108468,   35.106757,       31.87,
 140.112973,   35.106757,       31.92,
 140.117477,   35.106757,       31.95,
 140.121982,   35.106757,       31.99,
 140.126486,   35.106757,       32.13,
 140.130991,   35.106757,       32.42,
 140.135495,   35.106757,       32.73,
 140.140000,   35.106757,       32.97,
 140.144505,   35.106757,       33.14,
 140.149009,   35.106757,       33.22,
 140.153514,   35.106757,       33.21,
 140.158018,   35.106757,       33.18,
 140.162523,   35.106757,       33.06,
 140.167027,   35.106757,       32.87,
 140.171532,   35.106757,       32.67,
 140.176036,   35.106757,       32.42,
 140.180541,   35.106757,       32.14,
 140.185045,   35.106757,       31.85,
 140.189550,   35.106757,       31.50,
 140.194054,   35.106757,       31.12,
 140.198559,   35.106757,       30.58,
 140.203063,   35.106757,       29.81,
 140.207568,   35.106757,       29.01,
 140.212072,   35.106757,       28.19,
 140.216577,   35.106757,       27.37,
 140.221081,   35.106757,       26.59,
 140.225586,   35.106757,       26.45,
 140.230090,   35.106757,       26.45,
 140.234595,   35.106757,       26.48,
 140.239099,   35.106757,       26.68,
 140.243604,   35.106757,       26.93,
 140.248108,   35.106757,       27.20,
 140.252613,   35.106757,       27.15,
 140.257117,   35.106757,       27.01,
 140.261622,   35.106757,       26.89,
 140.266126,   35.106757,       26.75,
 140.270631,   35.106757,       26.44,
 140.275135,   35.106757,       26.05,
 140.279640,   35.106757,       25.65,
 140.284144,   35.106757,       25.22,
 140.288649,   35.106757,       24.99,
 140.293153,   35.106757,       24.95,
 140.297658,   35.106757,       25.07,
 140.302162,   35.106757,       25.25,
 140.306667,   35.106757,       25.40,
 140.311171,   35.106757,       25.53,
 140.315676,   35.106757,       25.65,
 140.320180,   35.106757,       25.71,
 140.324685,   35.106757,       25.74,
 140.329189,   35.106757,       25.73,
 140.333694,   35.106757,       25.72,
 140.338198,   35.106757,       25.70,
 140.342703,   35.106757,       25.84,
 140.347207,   35.106757,       26.08,
 140.351712,   35.106757,       26.29,
 140.356216,   35.106757,       26.50,
 140.360721,   35.106757,       27.33,
 140.365225,   35.106757,       28.12,
 140.369730,   35.106757,       28.88,
 140.374234,   35.106757,       29.57,
 140.378739,   35.106757,       30.21,
 140.383243,   35.106757,       30.86,
 140.387748,   35.106757,       31.56,
 139.140000,   35.111261,       55.21,
 139.144505,   35.111261,       52.17,
 139.149009,   35.111261,       49.43,
 139.153514,   35.111261,       47.01,
 139.158018,   35.111261,       44.90,
 139.162523,   35.111261,       42.82,
 139.167027,   35.111261,       39.62,
 139.171532,   35.111261,       37.42,
 139.176036,   35.111261,       36.21,
 139.180541,   35.111261,       35.98,
 139.185045,   35.111261,       36.35,
 139.189550,   35.111261,       36.64,
 139.194054,   35.111261,       36.77,
 139.198559,   35.111261,       36.34,
 139.203063,   35.111261,       35.56,
 139.207568,   35.111261,       34.61,
 139.212072,   35.111261,       33.77,
 139.216577,   35.111261,       33.14,
 139.221081,   35.111261,       32.70,
 139.225586,   35.111261,       32.26,
 139.230090,   35.111261,       31.70,
 139.234595,   35.111261,       31.09,
 139.239099,   35.111261,       30.39,
 139.243604,   35.111261,       29.53,
 139.248108,   35.111261,       29.10,
 139.252613,   35.111261,       28.75,
 139.257117,   35.111261,       28.33,
 139.261622,   35.111261,       27.84,
 139.266126,   35.111261,       27.29,
 139.270631,   35.111261,       26.68,
 139.275135,   35.111261,       25.97,
 139.279640,   35.111261,       25.18,
 139.284144,   35.111261,       24.30,
 139.288649,   35.111261,       23.40,
 139.293153,   35.111261,       22.26,
 139.297658,   35.111261,       21.05,
 139.302162,   35.111261,       19.87,
 139.306667,   35.111261,       18.76,
 139.311171,   35.111261,       17.75,
 139.315676,   35.111261,       16.87,
 139.320180,   35.111261,       16.15,
 139.324685,   35.111261,       15.61,
 139.329189,   35.111261,       15.28,
 139.333694,   35.111261,       14.99,
 139.338198,   35.111261,       13.56,
 139.342703,   35.111261,       11.93,
 139.347207,   35.111261,       10.42,
 139.351712,   35.111261,        9.01,
 139.356216,   35.111261,        7.67,
 139.360721,   35.111261,        6.48,
 139.365225,   35.111261,        5.40,
 139.369730,   35.111261,        4.41,
 139.374234,   35.111261,        3.48,
 139.378739,   35.111261,        2.70,
 139.383243,   35.111261,        2.10,
 139.387748,   35.111261,        1.87,
 139.392252,   35.111261,        1.99,
 139.396757,   35.111261,        2.37,
 139.401261,   35.111261,        2.89,
 139.405766,   35.111261,        3.60,
 139.410270,   35.111261,        4.73,
 139.414775,   35.111261,        6.63,
 139.419279,   35.111261,        8.78,
 139.423784,   35.111261,       11.08,
 139.428288,   35.111261,       13.53,
 139.432793,   35.111261,       16.01,
 139.437297,   35.111261,       18.48,
 139.441802,   35.111261,       20.95,
 139.446306,   35.111261,       23.41,
 139.450811,   35.111261,       25.90,
 139.455315,   35.111261,       28.38,
 139.459820,   35.111261,       30.44,
 139.464324,   35.111261,       31.86,
 139.468829,   35.111261,       32.78,
 139.473333,   35.111261,       33.52,
 139.477838,   35.111261,       34.27,
 139.482342,   35.111261,       34.98,
 139.486847,   35.111261,       35.66,
 139.491351,   35.111261,       36.34,
 139.495856,   35.111261,       37.08,
 139.500360,   35.111261,       37.86,
 139.504865,   35.111261,       38.59,
 139.509369,   35.111261,       39.31,
 139.513874,   35.111261,       40.08,
 139.518378,   35.111261,       41.06,
 139.522883,   35.111261,       42.36,
 139.527387,   35.111261,       44.11,
 139.531892,   35.111261,       46.39,
 139.536396,   35.111261,       48.56,
 139.540901,   35.111261,       50.61,
 139.545405,   35.111261,       52.57,
 139.549910,   35.111261,       54.40,
 139.554414,   35.111261,       55.99,
 139.558919,   35.111261,       57.25,
 139.563423,   35.111261,       58.46,
 139.567928,   35.111261,       59.67,
 139.572432,   35.111261,       60.50,
 139.576937,   35.111261,       60.46,
 139.581441,   35.111261,       60.42,
 139.585946,   35.111261,       60.33,
 139.590450,   35.111261,       58.80,
 139.594955,   35.111261,       56.13,
 139.599459,   35.111261,       53.28,
 139.603964,   35.111261,       52.50,
 139.608468,   35.111261,       53.50,
 139.612973,   35.111261,       55.05,
 139.617477,   35.111261,       57.43,
 139.621982,   35.111261,       56.36,
 139.626486,   35.111261,       55.48,
 139.630991,   35.111261,       55.20,
 139.635495,   35.111261,       55.65,
 139.640000,   35.111261,       57.40,
 139.644505,   35.111261,       59.17,
 139.649009,   35.111261,       60.74,
 139.653514,   35.111261,       61.52,
 139.658018,   35.111261,       62.04,
 139.662523,   35.111261,       62.38,
 139.667027,   35.111261,       62.05,
 139.671532,   35.111261,       61.97,
 139.676036,   35.111261,       62.57,
 139.680541,   35.111261,       64.03,
 139.685045,   35.111261,       65.27,
 139.689550,   35.111261,       65.97,
 139.694054,   35.111261,       66.06,
 139.698559,   35.111261,       66.09,
 139.703063,   35.111261,       66.32,
 139.707568,   35.111261,       65.98,
 139.712072,   35.111261,       65.63,
 139.716577,   35.111261,       65.39,
 139.721081,   35.111261,       65.13,
 139.725586,   35.111261,       65.02,
 139.730090,   35.111261,       65.01,
 139.734595,   35.111261,       64.65,
 139.739099,   35.111261,       64.15,
 139.743604,   35.111261,       63.67,
 139.748108,   35.111261,       62.83,
 139.752613,   35.111261,       61.98,
 139.757117,   35.111261,       61.20,
 139.761622,   35.111261,       59.77,
 139.766126,   35.111261,       57.96,
 139.770631,   35.111261,       56.23,
 139.775135,   35.111261,       54.48,
 139.779640,   35.111261,       52.68,
 139.784144,   35.111261,       50.95,
 139.788649,   35.111261,       49.69,
 139.793153,   35.111261,       48.82,
 139.797658,   35.111261,       47.99,
 139.802162,   35.111261,       47.36,
 139.806667,   35.111261,       46.95,
 139.811171,   35.111261,       46.54,
 139.815676,   35.111261,       46.40,
 139.820180,   35.111261,       46.70,
 139.824685,   35.111261,       47.12,
 139.829189,   35.111261,       47.45,
 139.833694,   35.111261,       47.59,
 139.838198,   35.111261,       48.02,
 139.842703,   35.111261,       48.21,
 139.847207,   35.111261,       48.26,
 139.851712,   35.111261,       48.24,
 139.856216,   35.111261,       48.18,
 139.860721,   35.111261,       48.10,
 139.865225,   35.111261,       47.99,
 139.869730,   35.111261,       47.87,
 139.874234,   35.111261,       47.73,
 139.878739,   35.111261,       47.59,
 139.883243,   35.111261,       47.42,
 139.887748,   35.111261,       47.23,
 139.892252,   35.111261,       47.02,
 139.896757,   35.111261,       46.79,
 139.901261,   35.111261,       46.54,
 139.905766,   35.111261,       46.29,
 139.910270,   35.111261,       46.02,
 139.914775,   35.111261,       45.75,
 139.919279,   35.111261,       45.47,
 139.923784,   35.111261,       45.19,
 139.928288,   35.111261,       44.90,
 139.932793,   35.111261,       44.60,
 139.937297,   35.111261,       44.31,
 139.941802,   35.111261,       44.01,
 139.946306,   35.111261,       43.71,
 139.950811,   35.111261,       43.40,
 139.955315,   35.111261,       43.10,
 139.959820,   35.111261,       42.79,
 139.964324,   35.111261,       42.48,
 139.968829,   35.111261,       42.16,
 139.973333,   35.111261,       41.84,
 139.977838,   35.111261,       41.52,
 139.982342,   35.111261,       41.20,
 139.986847,   35.111261,       40.88,
 139.991351,   35.111261,       40.56,
 139.995856,   35.111261,       40.23,
 140.000360,   35.111261,       39.91,
 140.004865,   35.111261,       39.59,
 140.009369,   35.111261,       39.27,
 140.013874,   35.111261,       38.96,
 140.018378,   35.111261,       38.64,
 140.022883,   35.111261,       38.32,
 140.027387,   35.111261,       38.01,
 140.031892,   35.111261,       37.70,
 140.036396,   35.111261,       37.39,
 140.040901,   35.111261,       37.07,
 140.045405,   35.111261,       36.76,
 140.049910,   35.111261,       36.45,
 140.054414,   35.111261,       36.14,
 140.058919,   35.111261,       35.83,
 140.063423,   35.111261,       35.52,
 140.067928,   35.111261,       35.20,
 140.072432,   35.111261,       34.87,
 140.076937,   35.111261,       34.55,
 140.081441,   35.111261,       34.23,
 140.085946,   35.111261,       33.91,
 140.090450,   35.111261,       33.58,
 140.094955,   35.111261,       33.25,
 140.099459,   35.111261,       32.91,
 140.103964,   35.111261,       32.54,
 140.108468,   35.111261,       32.11,
 140.112973,   35.111261,       31.99,
 140.117477,   35.111261,       32.03,
 140.121982,   35.111261,       32.06,
 140.126486,   35.111261,       32.12,
 140.130991,   35.111261,       32.42,
 140.135495,   35.111261,       32.74,
 140.140000,   35.111261,       32.99,
 140.144505,   35.111261,       33.10,
 140.149009,   35.111261,       33.18,
 140.153514,   35.111261,       33.16,
 140.158018,   35.111261,       33.08,
 140.162523,   35.111261,       32.96,
 140.167027,   35.111261,       32.78,
 140.171532,   35.111261,       32.59,
 140.176036,   35.111261,       32.33,
 140.180541,   35.111261,       32.02,
 140.185045,   35.111261,       31.72,
 140.189550,   35.111261,       31.46,
 140.194054,   35.111261,       31.11,
 140.198559,   35.111261,       30.91,
 140.203063,   35.111261,       30.46,
 140.207568,   35.111261,       29.85,
 140.212072,   35.111261,       29.00,
 140.216577,   35.111261,       28.01,
 140.221081,   35.111261,       27.05,
 140.225586,   35.111261,       26.71,
 140.230090,   35.111261,       26.58,
 140.234595,   35.111261,       26.46,
 140.239099,   35.111261,       26.65,
 140.243604,   35.111261,       26.89,
 140.248108,   35.111261,       27.13,
 140.252613,   35.111261,       27.24,
 140.257117,   35.111261,       27.17,
 140.261622,   35.111261,       27.05,
 140.266126,   35.111261,       26.86,
 140.270631,   35.111261,       26.49,
 140.275135,   35.111261,       26.09,
 140.279640,   35.111261,       25.72,
 140.284144,   35.111261,       25.47,
 140.288649,   35.111261,       25.39,
 140.293153,   35.111261,       25.45,
 140.297658,   35.111261,       25.59,
 140.302162,   35.111261,       25.73,
 140.306667,   35.111261,       25.88,
 140.311171,   35.111261,       26.03,
 140.315676,   35.111261,       26.11,
 140.320180,   35.111261,       26.17,
 140.324685,   35.111261,       26.22,
 140.329189,   35.111261,       26.14,
 140.333694,   35.111261,       26.03,
 140.338198,   35.111261,       25.86,
 140.342703,   35.111261,       25.96,
 140.347207,   35.111261,       26.20,
 140.351712,   35.111261,       26.44,
 140.356216,   35.111261,       26.81,
 140.360721,   35.111261,       27.43,
 140.365225,   35.111261,       28.19,
 140.369730,   35.111261,       28.92,
 140.374234,   35.111261,       29.64,
 140.378739,   35.111261,       30.34,
 140.383243,   35.111261,       31.04,
 140.387748,   35.111261,       31.75,
 139.140000,   35.115766,       60.67,
 139.144505,   35.115766,       57.17,
 139.149009,   35.115766,       53.99,
 139.153514,   35.115766,       51.12,
 139.158018,   35.115766,       48.56,
 139.162523,   35.115766,       45.58,
 139.167027,   35.115766,       42.22,
 139.171532,   35.115766,       39.66,
 139.176036,   35.115766,       37.96,
 139.180541,   35.115766,       37.32,
 139.185045,   35.115766,       37.74,
 139.189550,   35.115766,       38.20,
 139.194054,   35.115766,       38.70,
 139.198559,   35.115766,       37.95,
 139.203063,   35.115766,       37.03,
 139.207568,   35.115766,       36.07,
 139.212072,   35.115766,       35.09,
 139.216577,   35.115766,       34.31,
 139.221081,   35.115766,       33.75,
 139.225586,   35.115766,       33.12,
 139.230090,   35.115766,       32.40,
 139.234595,   35.115766,       31.63,
 139.239099,   35.115766,       30.73,
 139.243604,   35.115766,       29.81,
 139.248108,   35.115766,       29.12,
 139.252613,   35.115766,       28.63,
 139.257117,   35.115766,       28.10,
 139.261622,   35.115766,       27.50,
 139.266126,   35.115766,       26.87,
 139.270631,   35.115766,       26.21,
 139.275135,   35.115766,       25.52,
 139.279640,   35.115766,       24.78,
 139.284144,   35.115766,       23.94,
 139.288649,   35.115766,       22.95,
 139.293153,   35.115766,       21.60,
 139.297658,   35.115766,       20.24,
 139.302162,   35.115766,       18.94,
 139.306667,   35.115766,       17.71,
 139.311171,   35.115766,       16.57,
 139.315676,   35.115766,       15.57,
 139.320180,   35.115766,       14.73,
 139.324685,   35.115766,       14.03,
 139.329189,   35.115766,       13.39,
 139.333694,   35.115766,       12.62,
 139.338198,   35.115766,       11.90,
 139.342703,   35.115766,       10.68,
 139.347207,   35.115766,        9.42,
 139.351712,   35.115766,        8.22,
 139.356216,   35.115766,        7.06,
 139.360721,   35.115766,        5.99,
 139.365225,   35.115766,        5.02,
 139.369730,   35.115766,        4.11,
 139.374234,   35.115766,        3.22,
 139.378739,   35.115766,        2.42,
 139.383243,   35.115766,        1.95,
 139.387748,   35.115766,        1.96,
 139.392252,   35.115766,        2.37,
 139.396757,   35.115766,        3.02,
 139.401261,   35.115766,        3.84,
 139.405766,   35.115766,        4.92,
 139.410270,   35.115766,        6.48,
 139.414775,   35.115766,        8.50,
 139.419279,   35.115766,       10.66,
 139.423784,   35.115766,       12.91,
 139.428288,   35.115766,       15.27,
 139.432793,   35.115766,       17.73,
 139.437297,   35.115766,       20.21,
 139.441802,   35.115766,       22.70,
 139.446306,   35.115766,       25.20,
 139.450811,   35.115766,       27.70,
 139.455315,   35.115766,       30.18,
 139.459820,   35.115766,       32.28,
 139.464324,   35.115766,       33.85,
 139.468829,   35.115766,       34.90,
 139.473333,   35.115766,       35.56,
 139.477838,   35.115766,       36.22,
 139.482342,   35.115766,       36.87,
 139.486847,   35.115766,       37.52,
 139.491351,   35.115766,       38.18,
 139.495856,   35.115766,       38.90,
 139.500360,   35.115766,       39.59,
 139.504865,   35.115766,       40.18,
 139.509369,   35.115766,       40.82,
 139.513874,   35.115766,       41.56,
 139.518378,   35.115766,       42.39,
 139.522883,   35.115766,       43.36,
 139.527387,   35.115766,       44.61,
 139.531892,   35.115766,       46.70,
 139.536396,   35.115766,       48.74,
 139.540901,   35.115766,       50.73,
 139.545405,   35.115766,       52.66,
 139.549910,   35.115766,       54.53,
 139.554414,   35.115766,       56.17,
 139.558919,   35.115766,       57.40,
 139.563423,   35.115766,       58.61,
 139.567928,   35.115766,       59.80,
 139.572432,   35.115766,       60.71,
 139.576937,   35.115766,       61.05,
 139.581441,   35.115766,       61.15,
 139.585946,   35.115766,       61.39,
 139.590450,   35.115766,       58.64,
 139.594955,   35.115766,       54.95,
 139.599459,   35.115766,       51.20,
 139.603964,   35.115766,       49.94,
 139.608468,   35.115766,       51.42,
 139.612973,   35.115766,       52.99,
 139.617477,   35.115766,       53.73,
 139.621982,   35.115766,       52.51,
 139.626486,   35.115766,       51.28,
 139.630991,   35.115766,       50.62,
 139.635495,   35.115766,       51.53,
 139.640000,   35.115766,       53.84,
 139.644505,   35.115766,       55.85,
 139.649009,   35.115766,       57.46,
 139.653514,   35.115766,       58.07,
 139.658018,   35.115766,       58.56,
 139.662523,   35.115766,       59.00,
 139.667027,   35.115766,       59.12,
 139.671532,   35.115766,       59.31,
 139.676036,   35.115766,       59.70,
 139.680541,   35.115766,       60.48,
 139.685045,   35.115766,       61.16,
 139.689550,   35.115766,       61.74,
 139.694054,   35.115766,       62.06,
 139.698559,   35.115766,       62.32,
 139.703063,   35.115766,       62.63,
 139.707568,   35.115766,       62.79,
 139.712072,   35.115766,       62.64,
 139.716577,   35.115766,       62.45,
 139.721081,   35.115766,       62.45,
 139.725586,   35.115766,       62.41,
 139.730090,   35.115766,       62.47,
 139.734595,   35.115766,       62.50,
 139.739099,   35.115766,       62.08,
 139.743604,   35.115766,       61.70,
 139.748108,   35.115766,       61.50,
 139.752613,   35.115766,       60.81,
 139.757117,   35.115766,       60.06,
 139.761622,   35.115766,       59.14,
 139.766126,   35.115766,       57.40,
 139.770631,   35.115766,       55.79,
 139.775135,   35.115766,       54.15,
 139.779640,   35.115766,       52.57,
 139.784144,   35.115766,       51.08,
 139.788649,   35.115766,       49.84,
 139.793153,   35.115766,       48.94,
 139.797658,   35.115766,       48.19,
 139.802162,   35.115766,       47.58,
 139.806667,   35.115766,       47.15,
 139.811171,   35.115766,       46.73,
 139.815676,   35.115766,       46.38,
 139.820180,   35.115766,       46.65,
 139.824685,   35.115766,       47.11,
 139.829189,   35.115766,       47.55,
 139.833694,   35.115766,       47.79,
 139.838198,   35.115766,       48.25,
 139.842703,   35.115766,       48.44,
 139.847207,   35.115766,       48.53,
 139.851712,   35.115766,       48.56,
 139.856216,   35.115766,       48.54,
 139.860721,   35.115766,       48.47,
 139.865225,   35.115766,       48.39,
 139.869730,   35.115766,       48.28,
 139.874234,   35.115766,       48.16,
 139.878739,   35.115766,       48.02,
 139.883243,   35.115766,       47.86,
 139.887748,   35.115766,       47.66,
 139.892252,   35.115766,       47.44,
 139.896757,   35.115766,       47.21,
 139.901261,   35.115766,       46.96,
 139.905766,   35.115766,       46.70,
 139.910270,   35.115766,       46.43,
 139.914775,   35.115766,       46.16,
 139.919279,   35.115766,       45.87,
 139.923784,   35.115766,       45.59,
 139.928288,   35.115766,       45.30,
 139.932793,   35.115766,       45.00,
 139.937297,   35.115766,       44.70,
 139.941802,   35.115766,       44.40,
 139.946306,   35.115766,       44.10,
 139.950811,   35.115766,       43.79,
 139.955315,   35.115766,       43.48,
 139.959820,   35.115766,       43.16,
 139.964324,   35.115766,       42.84,
 139.968829,   35.115766,       42.51,
 139.973333,   35.115766,       42.19,
 139.977838,   35.115766,       41.86,
 139.982342,   35.115766,       41.53,
 139.986847,   35.115766,       41.20,
 139.991351,   35.115766,       40.88,
 139.995856,   35.115766,       40.55,
 140.000360,   35.115766,       40.22,
 140.004865,   35.115766,       39.90,
 140.009369,   35.115766,       39.58,
 140.013874,   35.115766,       39.25,
 140.018378,   35.115766,       38.93,
 140.022883,   35.115766,       38.61,
 140.027387,   35.115766,       38.30,
 140.031892,   35.115766,       37.98,
 140.036396,   35.115766,       37.67,
 140.040901,   35.115766,       37.35,
 140.045405,   35.115766,       37.04,
 140.049910,   35.115766,       36.73,
 140.054414,   35.115766,       36.42,
 140.058919,   35.115766,       36.10,
 140.063423,   35.115766,       35.79,
 140.067928,   35.115766,       35.47,
 140.072432,   35.115766,       35.15,
 140.076937,   35.115766,       34.84,
 140.081441,   35.115766,       34.52,
 140.085946,   35.115766,       34.21,
 140.090450,   35.115766,       33.90,
 140.094955,   35.115766,       33.59,
 140.099459,   35.115766,       33.27,
 140.103964,   35.115766,       32.95,
 140.108468,   35.115766,       32.61,
 140.112973,   35.115766,       32.33,
 140.117477,   35.115766,       32.16,
 140.121982,   35.115766,       32.18,
 140.126486,   35.115766,       32.23,
 140.130991,   35.115766,       32.47,
 140.135495,   35.115766,       32.75,
 140.140000,   35.115766,       32.99,
 140.144505,   35.115766,       33.14,
 140.149009,   35.115766,       33.20,
 140.153514,   35.115766,       33.11,
 140.158018,   35.115766,       32.99,
 140.162523,   35.115766,       32.86,
 140.167027,   35.115766,       32.63,
 140.171532,   35.115766,       32.38,
 140.176036,   35.115766,       32.12,
 140.180541,   35.115766,       31.84,
 140.185045,   35.115766,       31.58,
 140.189550,   35.115766,       30.81,
 140.194054,   35.115766,       29.90,
 140.198559,   35.115766,       29.61,
 140.203063,   35.115766,       30.37,
 140.207568,   35.115766,       30.75,
 140.212072,   35.115766,       29.77,
 140.216577,   35.115766,       28.71,
 140.221081,   35.115766,       27.66,
 140.225586,   35.115766,       27.17,
 140.230090,   35.115766,       26.83,
 140.234595,   35.115766,       26.53,
 140.239099,   35.115766,       26.62,
 140.243604,   35.115766,       26.82,
 140.248108,   35.115766,       27.03,
 140.252613,   35.115766,       27.21,
 140.257117,   35.115766,       27.29,
 140.261622,   35.115766,       27.14,
 140.266126,   35.115766,       26.83,
 140.270631,   35.115766,       26.47,
 140.275135,   35.115766,       26.11,
 140.279640,   35.115766,       25.80,
 140.284144,   35.115766,       25.58,
 140.288649,   35.115766,       25.55,
 140.293153,   35.115766,       25.69,
 140.297658,   35.115766,       25.93,
 140.302162,   35.115766,       26.12,
 140.306667,   35.115766,       26.29,
 140.311171,   35.115766,       26.47,
 140.315676,   35.115766,       26.56,
 140.320180,   35.115766,       26.62,
 140.324685,   35.115766,       26.69,
 140.329189,   35.115766,       26.67,
 140.333694,   35.115766,       26.59,
 140.338198,   35.115766,       26.52,
 140.342703,   35.115766,       26.47,
 140.347207,   35.115766,       26.51,
 140.351712,   35.115766,       26.70,
 140.356216,   35.115766,       27.15,
 140.360721,   35.115766,       27.65,
 140.365225,   35.115766,       28.31,
 140.369730,   35.115766,       29.04,
 140.374234,   35.115766,       29.80,
 140.378739,   35.115766,       30.50,
 140.383243,   35.115766,       31.22,
 140.387748,   35.115766,       31.93,
 139.140000,   35.120270,       65.82,
 139.144505,   35.120270,       61.87,
 139.149009,   35.120270,       58.24,
 139.153514,   35.120270,       54.91,
 139.158018,   35.120270,       51.91,
 139.162523,   35.120270,       48.32,
 139.167027,   35.120270,       44.71,
 139.171532,   35.120270,       41.72,
 139.176036,   35.120270,       39.50,
 139.180541,   35.120270,       38.50,
 139.185045,   35.120270,       38.97,
 139.189550,   35.120270,       39.51,
 139.194054,   35.120270,       40.01,
 139.198559,   35.120270,       39.57,
 139.203063,   35.120270,       38.62,
 139.207568,   35.120270,       37.62,
 139.212072,   35.120270,       36.57,
 139.216577,   35.120270,       35.52,
 139.221081,   35.120270,       34.76,
 139.225586,   35.120270,       33.88,
 139.230090,   35.120270,       32.97,
 139.234595,   35.120270,       32.01,
 139.239099,   35.120270,       31.02,
 139.243604,   35.120270,       30.08,
 139.248108,   35.120270,       29.28,
 139.252613,   35.120270,       28.61,
 139.257117,   35.120270,       27.90,
 139.261622,   35.120270,       27.18,
 139.266126,   35.120270,       26.47,
 139.270631,   35.120270,       25.75,
 139.275135,   35.120270,       25.02,
 139.279640,   35.120270,       24.28,
 139.284144,   35.120270,       23.52,
 139.288649,   35.120270,       22.20,
 139.293153,   35.120270,       20.69,
 139.297658,   35.120270,       19.22,
 139.302162,   35.120270,       17.82,
 139.306667,   35.120270,       16.48,
 139.311171,   35.120270,       15.21,
 139.315676,   35.120270,       14.02,
 139.320180,   35.120270,       12.96,
 139.324685,   35.120270,       12.03,
 139.329189,   35.120270,       11.04,
 139.333694,   35.120270,       10.22,
 139.338198,   35.120270,        9.82,
 139.342703,   35.120270,        9.06,
 139.347207,   35.120270,        8.11,
 139.351712,   35.120270,        7.16,
 139.356216,   35.120270,        6.22,
 139.360721,   35.120270,        5.31,
 139.365225,   35.120270,        4.47,
 139.369730,   35.120270,        3.66,
 139.374234,   35.120270,        2.86,
 139.378739,   35.120270,        2.08,
 139.383243,   35.120270,        1.84,
 139.387748,   35.120270,        2.13,
 139.392252,   35.120270,        2.83,
 139.396757,   35.120270,        3.74,
 139.401261,   35.120270,        4.86,
 139.405766,   35.120270,        6.27,
 139.410270,   35.120270,        8.12,
 139.414775,   35.120270,       10.17,
 139.419279,   35.120270,       12.38,
 139.423784,   35.120270,       14.70,
 139.428288,   35.120270,       17.03,
 139.432793,   35.120270,       19.48,
 139.437297,   35.120270,       21.97,
 139.441802,   35.120270,       24.47,
 139.446306,   35.120270,       26.98,
 139.450811,   35.120270,       29.50,
 139.455315,   35.120270,       32.01,
 139.459820,   35.120270,       34.21,
 139.464324,   35.120270,       35.92,
 139.468829,   35.120270,       37.09,
 139.473333,   35.120270,       37.73,
 139.477838,   35.120270,       38.32,
 139.482342,   35.120270,       38.87,
 139.486847,   35.120270,       39.45,
 139.491351,   35.120270,       40.06,
 139.495856,   35.120270,       40.68,
 139.500360,   35.120270,       41.09,
 139.504865,   35.120270,       41.55,
 139.509369,   35.120270,       42.12,
 139.513874,   35.120270,       42.78,
 139.518378,   35.120270,       43.54,
 139.522883,   35.120270,       44.38,
 139.527387,   35.120270,       45.43,
 139.531892,   35.120270,       47.13,
 139.536396,   35.120270,       49.03,
 139.540901,   35.120270,       50.98,
 139.545405,   35.120270,       52.89,
 139.549910,   35.120270,       54.75,
 139.554414,   35.120270,       56.50,
 139.558919,   35.120270,       57.78,
 139.563423,   35.120270,       58.96,
 139.567928,   35.120270,       60.05,
 139.572432,   35.120270,       60.98,
 139.576937,   35.120270,       61.09,
 139.581441,   35.120270,       60.48,
 139.585946,   35.120270,       59.48,
 139.590450,   35.120270,       56.85,
 139.594955,   35.120270,       53.13,
 139.599459,   35.120270,       49.35,
 139.603964,   35.120270,       47.09,
 139.608468,   35.120270,       48.63,
 139.612973,   35.120270,       49.98,
 139.617477,   35.120270,       50.25,
 139.621982,   35.120270,       48.46,
 139.626486,   35.120270,       46.55,
 139.630991,   35.120270,       45.45,
 139.635495,   35.120270,       48.78,
 139.640000,   35.120270,       51.62,
 139.644505,   35.120270,       53.44,
 139.649009,   35.120270,       54.11,
 139.653514,   35.120270,       54.52,
 139.658018,   35.120270,       54.92,
 139.662523,   35.120270,       55.27,
 139.667027,   35.120270,       55.57,
 139.671532,   35.120270,       55.92,
 139.676036,   35.120270,       56.32,
 139.680541,   35.120270,       56.82,
 139.685045,   35.120270,       57.35,
 139.689550,   35.120270,       57.84,
 139.694054,   35.120270,       58.14,
 139.698559,   35.120270,       58.42,
 139.703063,   35.120270,       58.81,
 139.707568,   35.120270,       59.28,
 139.712072,   35.120270,       59.48,
 139.716577,   35.120270,       59.47,
 139.721081,   35.120270,       59.55,
 139.725586,   35.120270,       59.60,
 139.730090,   35.120270,       59.76,
 139.734595,   35.120270,       59.98,
 139.739099,   35.120270,       59.88,
 139.743604,   35.120270,       59.82,
 139.748108,   35.120270,       59.96,
 139.752613,   35.120270,       59.63,
 139.757117,   35.120270,       58.83,
 139.761622,   35.120270,       57.96,
 139.766126,   35.120270,       56.60,
 139.770631,   35.120270,       55.16,
 139.775135,   35.120270,       53.86,
 139.779640,   35.120270,       52.50,
 139.784144,   35.120270,       51.19,
 139.788649,   35.120270,       49.95,
 139.793153,   35.120270,       49.07,
 139.797658,   35.120270,       48.41,
 139.802162,   35.120270,       47.85,
 139.806667,   35.120270,       47.38,
 139.811171,   35.120270,       46.88,
 139.815676,   35.120270,       46.44,
 139.820180,   35.120270,       46.42,
 139.824685,   35.120270,       46.95,
 139.829189,   35.120270,       47.51,
 139.833694,   35.120270,       48.00,
 139.838198,   35.120270,       48.51,
 139.842703,   35.120270,       48.72,
 139.847207,   35.120270,       48.85,
 139.851712,   35.120270,       48.91,
 139.856216,   35.120270,       48.91,
 139.860721,   35.120270,       48.87,
 139.865225,   35.120270,       48.80,
 139.869730,   35.120270,       48.71,
 139.874234,   35.120270,       48.60,
 139.878739,   35.120270,       48.47,
 139.883243,   35.120270,       48.29,
 139.887748,   35.120270,       48.09,
 139.892252,   35.120270,       47.87,
 139.896757,   35.120270,       47.63,
 139.901261,   35.120270,       47.38,
 139.905766,   35.120270,       47.11,
 139.910270,   35.120270,       46.84,
 139.914775,   35.120270,       46.56,
 139.919279,   35.120270,       46.28,
 139.923784,   35.120270,       45.99,
 139.928288,   35.120270,       45.70,
 139.932793,   35.120270,       45.40,
 139.937297,   35.120270,       45.10,
 139.941802,   35.120270,       44.80,
 139.946306,   35.120270,       44.49,
 139.950811,   35.120270,       44.17,
 139.955315,   35.120270,       43.84,
 139.959820,   35.120270,       43.52,
 139.964324,   35.120270,       43.19,
 139.968829,   35.120270,       42.85,
 139.973333,   35.120270,       42.52,
 139.977838,   35.120270,       42.18,
 139.982342,   35.120270,       41.85,
 139.986847,   35.120270,       41.51,
 139.991351,   35.120270,       41.18,
 139.995856,   35.120270,       40.85,
 140.000360,   35.120270,       40.52,
 140.004865,   35.120270,       40.19,
 140.009369,   35.120270,       39.86,
 140.013874,   35.120270,       39.53,
 140.018378,   35.120270,       39.21,
 140.022883,   35.120270,       38.89,
 140.027387,   35.120270,       38.56,
 140.031892,   35.120270,       38.25,
 140.036396,   35.120270,       37.93,
 140.040901,   35.120270,       37.61,
 140.045405,   35.120270,       37.30,
 140.049910,   35.120270,       36.99,
 140.054414,   35.120270,       36.67,
 140.058919,   35.120270,       36.36,
 140.063423,   35.120270,       36.05,
 140.067928,   35.120270,       35.73,
 140.072432,   35.120270,       35.41,
 140.076937,   35.120270,       35.10,
 140.081441,   35.120270,       34.79,
 140.085946,   35.120270,       34.48,
 140.090450,   35.120270,       34.18,
 140.094955,   35.120270,       33.88,
 140.099459,   35.120270,       33.58,
 140.103964,   35.120270,       33.29,
 140.108468,   35.120270,       32.99,
 140.112973,   35.120270,       32.73,
 140.117477,   35.120270,       32.54,
 140.121982,   35.120270,       32.39,
 140.126486,   35.120270,       32.33,
 140.130991,   35.120270,       32.51,
 140.135495,   35.120270,       32.75,
 140.140000,   35.120270,       32.97,
 140.144505,   35.120270,       33.18,
 140.149009,   35.120270,       33.22,
 140.153514,   35.120270,       33.07,
 140.158018,   35.120270,       32.93,
 140.162523,   35.120270,       32.75,
 140.167027,   35.120270,       32.47,
 140.171532,   35.120270,       32.17,
 140.176036,   35.120270,       31.87,
 140.180541,   35.120270,       31.52,
 140.185045,   35.120270,       30.58,
 140.189550,   35.120270,       29.35,
 140.194054,   35.120270,       28.16,
 140.198559,   35.120270,       27.92,
 140.203063,   35.120270,       28.51,
 140.207568,   35.120270,       28.53,
 140.212072,   35.120270,       28.41,
 140.216577,   35.120270,       28.19,
 140.221081,   35.120270,       27.92,
 140.225586,   35.120270,       27.51,
 140.230090,   35.120270,       27.01,
 140.234595,   35.120270,       26.61,
 140.239099,   35.120270,       26.65,
 140.243604,   35.120270,       26.77,
 140.248108,   35.120270,       26.87,
 140.252613,   35.120270,       27.05,
 140.257117,   35.120270,       27.22,
 140.261622,   35.120270,       27.13,
 140.266126,   35.120270,       26.80,
 140.270631,   35.120270,       26.45,
 140.275135,   35.120270,       26.17,
 140.279640,   35.120270,       25.91,
 140.284144,   35.120270,       25.65,
 140.288649,   35.120270,       25.56,
 140.293153,   35.120270,       25.85,
 140.297658,   35.120270,       26.19,
 140.302162,   35.120270,       26.46,
 140.306667,   35.120270,       26.63,
 140.311171,   35.120270,       26.79,
 140.315676,   35.120270,       26.91,
 140.320180,   35.120270,       27.00,
 140.324685,   35.120270,       27.10,
 140.329189,   35.120270,       27.21,
 140.333694,   35.120270,       27.20,
 140.338198,   35.120270,       27.22,
 140.342703,   35.120270,       27.19,
 140.347207,   35.120270,       27.13,
 140.351712,   35.120270,       27.14,
 140.356216,   35.120270,       27.43,
 140.360721,   35.120270,       27.89,
 140.365225,   35.120270,       28.53,
 140.369730,   35.120270,       29.22,
 140.374234,   35.120270,       29.91,
 140.378739,   35.120270,       30.67,
 140.383243,   35.120270,       31.39,
 140.387748,   35.120270,       32.11,
 139.140000,   35.124775,       70.65,
 139.144505,   35.124775,       66.25,
 139.149009,   35.124775,       62.17,
 139.153514,   35.124775,       58.40,
 139.158018,   35.124775,       54.90,
 139.162523,   35.124775,       51.07,
 139.167027,   35.124775,       47.24,
 139.171532,   35.124775,       43.66,
 139.176036,   35.124775,       40.70,
 139.180541,   35.124775,       39.65,
 139.185045,   35.124775,       40.31,
 139.189550,   35.124775,       40.92,
 139.194054,   35.124775,       41.36,
 139.198559,   35.124775,       41.18,
 139.203063,   35.124775,       40.31,
 139.207568,   35.124775,       39.24,
 139.212072,   35.124775,       38.04,
 139.216577,   35.124775,       36.74,
 139.221081,   35.124775,       35.34,
 139.225586,   35.124775,       34.31,
 139.230090,   35.124775,       33.32,
 139.234595,   35.124775,       32.33,
 139.239099,   35.124775,       31.33,
 139.243604,   35.124775,       30.34,
 139.248108,   35.124775,       29.51,
 139.252613,   35.124775,       28.59,
 139.257117,   35.124775,       27.69,
 139.261622,   35.124775,       26.86,
 139.266126,   35.124775,       26.07,
 139.270631,   35.124775,       25.28,
 139.275135,   35.124775,       24.45,
 139.279640,   35.124775,       23.57,
 139.284144,   35.124775,       22.47,
 139.288649,   35.124775,       20.97,
 139.293153,   35.124775,       19.50,
 139.297658,   35.124775,       18.01,
 139.302162,   35.124775,       16.54,
 139.306667,   35.124775,       15.09,
 139.311171,   35.124775,       13.68,
 139.315676,   35.124775,       12.30,
 139.320180,   35.124775,       10.96,
 139.324685,   35.124775,        9.66,
 139.329189,   35.124775,        8.51,
 139.333694,   35.124775,        7.78,
 139.338198,   35.124775,        7.46,
 139.342703,   35.124775,        7.11,
 139.347207,   35.124775,        6.54,
 139.351712,   35.124775,        5.88,
 139.356216,   35.124775,        5.19,
 139.360721,   35.124775,        4.47,
 139.365225,   35.124775,        3.76,
 139.369730,   35.124775,        3.08,
 139.374234,   35.124775,        2.39,
 139.378739,   35.124775,        1.71,
 139.383243,   35.124775,        1.76,
 139.387748,   35.124775,        2.42,
 139.392252,   35.124775,        3.40,
 139.396757,   35.124775,        4.56,
 139.401261,   35.124775,        5.94,
 139.405766,   35.124775,        7.64,
 139.410270,   35.124775,        9.55,
 139.414775,   35.124775,       11.63,
 139.419279,   35.124775,       13.89,
 139.423784,   35.124775,       16.33,
 139.428288,   35.124775,       18.80,
 139.432793,   35.124775,       21.23,
 139.437297,   35.124775,       23.74,
 139.441802,   35.124775,       26.23,
 139.446306,   35.124775,       28.73,
 139.450811,   35.124775,       31.26,
 139.455315,   35.124775,       33.83,
 139.459820,   35.124775,       36.22,
 139.464324,   35.124775,       38.09,
 139.468829,   35.124775,       39.34,
 139.473333,   35.124775,       39.89,
 139.477838,   35.124775,       40.24,
 139.482342,   35.124775,       40.58,
 139.486847,   35.124775,       40.94,
 139.491351,   35.124775,       41.27,
 139.495856,   35.124775,       41.42,
 139.500360,   35.124775,       41.95,
 139.504865,   35.124775,       42.51,
 139.509369,   35.124775,       43.08,
 139.513874,   35.124775,       43.67,
 139.518378,   35.124775,       44.31,
 139.522883,   35.124775,       45.13,
 139.527387,   35.124775,       46.31,
 139.531892,   35.124775,       47.86,
 139.536396,   35.124775,       49.56,
 139.540901,   35.124775,       51.41,
 139.545405,   35.124775,       53.34,
 139.549910,   35.124775,       55.28,
 139.554414,   35.124775,       57.13,
 139.558919,   35.124775,       58.51,
 139.563423,   35.124775,       59.58,
 139.567928,   35.124775,       60.52,
 139.572432,   35.124775,       61.33,
 139.576937,   35.124775,       60.16,
 139.581441,   35.124775,       58.77,
 139.585946,   35.124775,       57.29,
 139.590450,   35.124775,       54.99,
 139.594955,   35.124775,       51.72,
 139.599459,   35.124775,       48.49,
 139.603964,   35.124775,       46.37,
 139.608468,   35.124775,       46.69,
 139.612973,   35.124775,       47.34,
 139.617477,   35.124775,       46.94,
 139.621982,   35.124775,       44.17,
 139.626486,   35.124775,       41.75,
 139.630991,   35.124775,       43.43,
 139.635495,   35.124775,       48.09,
 139.640000,   35.124775,       51.07,
 139.644505,   35.124775,       52.11,
 139.649009,   35.124775,       51.35,
 139.653514,   35.124775,       50.98,
 139.658018,   35.124775,       51.34,
 139.662523,   35.124775,       51.69,
 139.667027,   35.124775,       52.17,
 139.671532,   35.124775,       52.61,
 139.676036,   35.124775,       52.98,
 139.680541,   35.124775,       53.40,
 139.685045,   35.124775,       53.92,
 139.689550,   35.124775,       54.37,
 139.694054,   35.124775,       54.69,
 139.698559,   35.124775,       54.93,
 139.703063,   35.124775,       55.34,
 139.707568,   35.124775,       55.84,
 139.712072,   35.124775,       56.29,
 139.716577,   35.124775,       56.48,
 139.721081,   35.124775,       56.58,
 139.725586,   35.124775,       56.84,
 139.730090,   35.124775,       57.11,
 139.734595,   35.124775,       57.35,
 139.739099,   35.124775,       57.75,
 139.743604,   35.124775,       57.99,
 139.748108,   35.124775,       58.19,
 139.752613,   35.124775,       58.41,
 139.757117,   35.124775,       57.70,
 139.761622,   35.124775,       56.80,
 139.766126,   35.124775,       55.77,
 139.770631,   35.124775,       54.62,
 139.775135,   35.124775,       53.45,
 139.779640,   35.124775,       52.26,
 139.784144,   35.124775,       51.07,
 139.788649,   35.124775,       49.90,
 139.793153,   35.124775,       49.17,
 139.797658,   35.124775,       48.56,
 139.802162,   35.124775,       48.00,
 139.806667,   35.124775,       47.36,
 139.811171,   35.124775,       46.75,
 139.815676,   35.124775,       46.35,
 139.820180,   35.124775,       46.36,
 139.824685,   35.124775,       46.88,
 139.829189,   35.124775,       47.47,
 139.833694,   35.124775,       48.21,
 139.838198,   35.124775,       48.81,
 139.842703,   35.124775,       49.05,
 139.847207,   35.124775,       49.21,
 139.851712,   35.124775,       49.30,
 139.856216,   35.124775,       49.32,
 139.860721,   35.124775,       49.30,
 139.865225,   35.124775,       49.24,
 139.869730,   35.124775,       49.16,
 139.874234,   35.124775,       49.06,
 139.878739,   35.124775,       48.92,
 139.883243,   35.124775,       48.74,
 139.887748,   35.124775,       48.53,
 139.892252,   35.124775,       48.30,
 139.896757,   35.124775,       48.05,
 139.901261,   35.124775,       47.80,
 139.905766,   35.124775,       47.53,
 139.910270,   35.124775,       47.26,
 139.914775,   35.124775,       46.97,
 139.919279,   35.124775,       46.69,
 139.923784,   35.124775,       46.40,
 139.928288,   35.124775,       46.10,
 139.932793,   35.124775,       45.80,
 139.937297,   35.124775,       45.50,
 139.941802,   35.124775,       45.18,
 139.946306,   35.124775,       44.86,
 139.950811,   35.124775,       44.53,
 139.955315,   35.124775,       44.19,
 139.959820,   35.124775,       43.85,
 139.964324,   35.124775,       43.51,
 139.968829,   35.124775,       43.17,
 139.973333,   35.124775,       42.83,
 139.977838,   35.124775,       42.48,
 139.982342,   35.124775,       42.14,
 139.986847,   35.124775,       41.80,
 139.991351,   35.124775,       41.47,
 139.995856,   35.124775,       41.13,
 140.000360,   35.124775,       40.79,
 140.004865,   35.124775,       40.46,
 140.009369,   35.124775,       40.13,
 140.013874,   35.124775,       39.80,
 140.018378,   35.124775,       39.47,
 140.022883,   35.124775,       39.14,
 140.027387,   35.124775,       38.82,
 140.031892,   35.124775,       38.50,
 140.036396,   35.124775,       38.18,
 140.040901,   35.124775,       37.86,
 140.045405,   35.124775,       37.54,
 140.049910,   35.124775,       37.23,
 140.054414,   35.124775,       36.91,
 140.058919,   35.124775,       36.60,
 140.063423,   35.124775,       36.28,
 140.067928,   35.124775,       35.97,
 140.072432,   35.124775,       35.65,
 140.076937,   35.124775,       35.34,
 140.081441,   35.124775,       35.03,
 140.085946,   35.124775,       34.73,
 140.090450,   35.124775,       34.43,
 140.094955,   35.124775,       34.14,
 140.099459,   35.124775,       33.85,
 140.103964,   35.124775,       33.57,
 140.108468,   35.124775,       33.31,
 140.112973,   35.124775,       33.06,
 140.117477,   35.124775,       32.87,
 140.121982,   35.124775,       32.72,
 140.126486,   35.124775,       32.61,
 140.130991,   35.124775,       32.55,
 140.135495,   35.124775,       32.56,
 140.140000,   35.124775,       32.60,
 140.144505,   35.124775,       32.64,
 140.149009,   35.124775,       32.69,
 140.153514,   35.124775,       32.79,
 140.158018,   35.124775,       32.86,
 140.162523,   35.124775,       32.68,
 140.167027,   35.124775,       32.34,
 140.171532,   35.124775,       31.99,
 140.176036,   35.124775,       31.56,
 140.180541,   35.124775,       30.69,
 140.185045,   35.124775,       29.91,
 140.189550,   35.124775,       29.16,
 140.194054,   35.124775,       28.49,
 140.198559,   35.124775,       28.07,
 140.203063,   35.124775,       27.75,
 140.207568,   35.124775,       27.44,
 140.212072,   35.124775,       27.16,
 140.216577,   35.124775,       26.93,
 140.221081,   35.124775,       26.80,
 140.225586,   35.124775,       26.76,
 140.230090,   35.124775,       26.70,
 140.234595,   35.124775,       26.57,
 140.239099,   35.124775,       26.60,
 140.243604,   35.124775,       26.64,
 140.248108,   35.124775,       26.68,
 140.252613,   35.124775,       26.80,
 140.257117,   35.124775,       26.92,
 140.261622,   35.124775,       26.98,
 140.266126,   35.124775,       26.78,
 140.270631,   35.124775,       26.51,
 140.275135,   35.124775,       26.27,
 140.279640,   35.124775,       26.02,
 140.284144,   35.124775,       25.82,
 140.288649,   35.124775,       25.78,
 140.293153,   35.124775,       26.05,
 140.297658,   35.124775,       26.40,
 140.302162,   35.124775,       26.76,
 140.306667,   35.124775,       26.92,
 140.311171,   35.124775,       27.09,
 140.315676,   35.124775,       27.25,
 140.320180,   35.124775,       27.37,
 140.324685,   35.124775,       27.50,
 140.329189,   35.124775,       27.65,
 140.333694,   35.124775,       27.72,
 140.338198,   35.124775,       27.79,
 140.342703,   35.124775,       27.88,
 140.347207,   35.124775,       27.87,
 140.351712,   35.124775,       27.85,
 140.356216,   35.124775,       27.88,
 140.360721,   35.124775,       28.11,
 140.365225,   35.124775,       28.77,
 140.369730,   35.124775,       29.44,
 140.374234,   35.124775,       30.11,
 140.378739,   35.124775,       30.82,
 140.383243,   35.124775,       31.55,
 140.387748,   35.124775,       32.28,
 139.140000,   35.129279,       75.17,
 139.144505,   35.129279,       70.32,
 139.149009,   35.129279,       65.79,
 139.153514,   35.129279,       61.57,
 139.158018,   35.129279,       57.65,
 139.162523,   35.129279,       53.79,
 139.167027,   35.129279,       49.94,
 139.171532,   35.129279,       46.12,
 139.176036,   35.129279,       42.42,
 139.180541,   35.129279,       41.71,
 139.185045,   35.129279,       42.50,
 139.189550,   35.129279,       42.94,
 139.194054,   35.129279,       43.09,
 139.198559,   35.129279,       42.87,
 139.203063,   35.129279,       42.06,
 139.207568,   35.129279,       40.63,
 139.212072,   35.129279,       39.09,
 139.216577,   35.129279,       37.44,
 139.221081,   35.129279,       35.90,
 139.225586,   35.129279,       34.68,
 139.230090,   35.129279,       33.66,
 139.234595,   35.129279,       32.66,
 139.239099,   35.129279,       31.65,
 139.243604,   35.129279,       30.64,
 139.248108,   35.129279,       29.58,
 139.252613,   35.129279,       28.45,
 139.257117,   35.129279,       27.45,
 139.261622,   35.129279,       26.52,
 139.266126,   35.129279,       25.63,
 139.270631,   35.129279,       24.69,
 139.275135,   35.129279,       23.71,
 139.279640,   35.129279,       22.63,
 139.284144,   35.129279,       21.31,
 139.288649,   35.129279,       19.75,
 139.293153,   35.129279,       18.17,
 139.297658,   35.129279,       16.65,
 139.302162,   35.129279,       15.12,
 139.306667,   35.129279,       13.56,
 139.311171,   35.129279,       12.00,
 139.315676,   35.129279,       10.41,
 139.320180,   35.129279,        8.77,
 139.324685,   35.129279,        7.17,
 139.329189,   35.129279,        5.96,
 139.333694,   35.129279,        5.32,
 139.338198,   35.129279,        5.12,
 139.342703,   35.129279,        5.08,
 139.347207,   35.129279,        4.92,
 139.351712,   35.129279,        4.56,
 139.356216,   35.129279,        4.08,
 139.360721,   35.129279,        3.55,
 139.365225,   35.129279,        2.98,
 139.369730,   35.129279,        2.39,
 139.374234,   35.129279,        1.81,
 139.378739,   35.129279,        1.28,
 139.383243,   35.129279,        1.83,
 139.387748,   35.129279,        2.90,
 139.392252,   35.129279,        4.11,
 139.396757,   35.129279,        5.51,
 139.401261,   35.129279,        7.12,
 139.405766,   35.129279,        8.87,
 139.410270,   35.129279,       10.77,
 139.414775,   35.129279,       12.86,
 139.419279,   35.129279,       15.16,
 139.423784,   35.129279,       17.70,
 139.428288,   35.129279,       20.45,
 139.432793,   35.129279,       22.97,
 139.437297,   35.129279,       25.32,
 139.441802,   35.129279,       27.69,
 139.446306,   35.129279,       30.14,
 139.450811,   35.129279,       32.69,
 139.455315,   35.129279,       35.36,
 139.459820,   35.129279,       38.10,
 139.464324,   35.129279,       40.38,
 139.468829,   35.129279,       41.59,
 139.473333,   35.129279,       41.72,
 139.477838,   35.129279,       41.76,
 139.482342,   35.129279,       41.81,
 139.486847,   35.129279,       41.83,
 139.491351,   35.129279,       41.79,
 139.495856,   35.129279,       41.90,
 139.500360,   35.129279,       42.32,
 139.504865,   35.129279,       42.97,
 139.509369,   35.129279,       43.61,
 139.513874,   35.129279,       44.22,
 139.518378,   35.129279,       44.89,
 139.522883,   35.129279,       45.88,
 139.527387,   35.129279,       47.19,
 139.531892,   35.129279,       48.63,
 139.536396,   35.129279,       50.19,
 139.540901,   35.129279,       51.95,
 139.545405,   35.129279,       53.89,
 139.549910,   35.129279,       55.85,
 139.554414,   35.129279,       57.80,
 139.558919,   35.129279,       59.40,
 139.563423,   35.129279,       60.33,
 139.567928,   35.129279,       60.44,
 139.572432,   35.129279,       59.69,
 139.576937,   35.129279,       58.12,
 139.581441,   35.129279,       56.64,
 139.585946,   35.129279,       55.11,
 139.590450,   35.129279,       53.41,
 139.594955,   35.129279,       50.69,
 139.599459,   35.129279,       48.13,
 139.603964,   35.129279,       45.97,
 139.608468,   35.129279,       45.12,
 139.612973,   35.129279,       44.00,
 139.617477,   35.129279,       41.61,
 139.621982,   35.129279,       38.71,
 139.626486,   35.129279,       36.79,
 139.630991,   35.129279,       41.91,
 139.635495,   35.129279,       48.65,
 139.640000,   35.129279,       51.77,
 139.644505,   35.129279,       50.76,
 139.649009,   35.129279,       48.63,
 139.653514,   35.129279,       47.52,
 139.658018,   35.129279,       47.99,
 139.662523,   35.129279,       48.56,
 139.667027,   35.129279,       49.12,
 139.671532,   35.129279,       49.52,
 139.676036,   35.129279,       49.93,
 139.680541,   35.129279,       50.41,
 139.685045,   35.129279,       50.84,
 139.689550,   35.129279,       51.15,
 139.694054,   35.129279,       51.47,
 139.698559,   35.129279,       51.98,
 139.703063,   35.129279,       52.25,
 139.707568,   35.129279,       52.70,
 139.712072,   35.129279,       53.19,
 139.716577,   35.129279,       53.42,
 139.721081,   35.129279,       53.73,
 139.725586,   35.129279,       54.16,
 139.730090,   35.129279,       54.45,
 139.734595,   35.129279,       54.91,
 139.739099,   35.129279,       55.55,
 139.743604,   35.129279,       56.03,
 139.748108,   35.129279,       56.38,
 139.752613,   35.129279,       56.83,
 139.757117,   35.129279,       56.74,
 139.761622,   35.129279,       55.95,
 139.766126,   35.129279,       55.03,
 139.770631,   35.129279,       54.07,
 139.775135,   35.129279,       53.05,
 139.779640,   35.129279,       51.93,
 139.784144,   35.129279,       50.80,
 139.788649,   35.129279,       49.76,
 139.793153,   35.129279,       49.11,
 139.797658,   35.129279,       48.57,
 139.802162,   35.129279,       47.98,
 139.806667,   35.129279,       47.24,
 139.811171,   35.129279,       46.39,
 139.815676,   35.129279,       46.28,
 139.820180,   35.129279,       46.50,
 139.824685,   35.129279,       46.91,
 139.829189,   35.129279,       47.64,
 139.833694,   35.129279,       48.51,
 139.838198,   35.129279,       49.15,
 139.842703,   35.129279,       49.42,
 139.847207,   35.129279,       49.61,
 139.851712,   35.129279,       49.71,
 139.856216,   35.129279,       49.76,
 139.860721,   35.129279,       49.75,
 139.865225,   35.129279,       49.71,
 139.869730,   35.129279,       49.64,
 139.874234,   35.129279,       49.53,
 139.878739,   35.129279,       49.38,
 139.883243,   35.129279,       49.19,
 139.887748,   35.129279,       48.97,
 139.892252,   35.129279,       48.74,
 139.896757,   35.129279,       48.48,
 139.901261,   35.129279,       48.22,
 139.905766,   35.129279,       47.95,
 139.910270,   35.129279,       47.67,
 139.914775,   35.129279,       47.38,
 139.919279,   35.129279,       47.09,
 139.923784,   35.129279,       46.80,
 139.928288,   35.129279,       46.50,
 139.932793,   35.129279,       46.19,
 139.937297,   35.129279,       45.87,
 139.941802,   35.129279,       45.54,
 139.946306,   35.129279,       45.21,
 139.950811,   35.129279,       44.86,
 139.955315,   35.129279,       44.52,
 139.959820,   35.129279,       44.17,
 139.964324,   35.129279,       43.82,
 139.968829,   35.129279,       43.47,
 139.973333,   35.129279,       43.12,
 139.977838,   35.129279,       42.77,
 139.982342,   35.129279,       42.42,
 139.986847,   35.129279,       42.08,
 139.991351,   35.129279,       41.74,
 139.995856,   35.129279,       41.39,
 140.000360,   35.129279,       41.05,
 140.004865,   35.129279,       40.71,
 140.009369,   35.129279,       40.38,
 140.013874,   35.129279,       40.04,
 140.018378,   35.129279,       39.71,
 140.022883,   35.129279,       39.38,
 140.027387,   35.129279,       39.06,
 140.031892,   35.129279,       38.73,
 140.036396,   35.129279,       38.41,
 140.040901,   35.129279,       38.09,
 140.045405,   35.129279,       37.77,
 140.049910,   35.129279,       37.45,
 140.054414,   35.129279,       37.14,
 140.058919,   35.129279,       36.82,
 140.063423,   35.129279,       36.51,
 140.067928,   35.129279,       36.19,
 140.072432,   35.129279,       35.88,
 140.076937,   35.129279,       35.57,
 140.081441,   35.129279,       35.27,
 140.085946,   35.129279,       34.97,
 140.090450,   35.129279,       34.69,
 140.094955,   35.129279,       34.41,
 140.099459,   35.129279,       34.15,
 140.103964,   35.129279,       33.89,
 140.108468,   35.129279,       33.65,
 140.112973,   35.129279,       33.42,
 140.117477,   35.129279,       33.23,
 140.121982,   35.129279,       33.08,
 140.126486,   35.129279,       32.96,
 140.130991,   35.129279,       32.88,
 140.135495,   35.129279,       32.83,
 140.140000,   35.129279,       32.81,
 140.144505,   35.129279,       32.82,
 140.149009,   35.129279,       32.81,
 140.153514,   35.129279,       32.75,
 140.158018,   35.129279,       32.63,
 140.162523,   35.129279,       32.44,
 140.167027,   35.129279,       32.19,
 140.171532,   35.129279,       31.85,
 140.176036,   35.129279,       31.38,
 140.180541,   35.129279,       30.90,
 140.185045,   35.129279,       30.44,
 140.189550,   35.129279,       29.99,
 140.194054,   35.129279,       29.57,
 140.198559,   35.129279,       29.19,
 140.203063,   35.129279,       28.83,
 140.207568,   35.129279,       28.48,
 140.212072,   35.129279,       28.13,
 140.216577,   35.129279,       27.78,
 140.221081,   35.129279,       27.42,
 140.225586,   35.129279,       27.06,
 140.230090,   35.129279,       26.71,
 140.234595,   35.129279,       26.43,
 140.239099,   35.129279,       26.30,
 140.243604,   35.129279,       26.33,
 140.248108,   35.129279,       26.41,
 140.252613,   35.129279,       26.51,
 140.257117,   35.129279,       26.56,
 140.261622,   35.129279,       26.64,
 140.266126,   35.129279,       26.63,
 140.270631,   35.129279,       26.44,
 140.275135,   35.129279,       26.31,
 140.279640,   35.129279,       26.15,
 140.284144,   35.129279,       26.02,
 140.288649,   35.129279,       26.03,
 140.293153,   35.129279,       26.20,
 140.297658,   35.129279,       26.56,
 140.302162,   35.129279,       26.93,
 140.306667,   35.129279,       27.17,
 140.311171,   35.129279,       27.34,
 140.315676,   35.129279,       27.53,
 140.320180,   35.129279,       27.75,
 140.324685,   35.129279,       27.91,
 140.329189,   35.129279,       28.07,
 140.333694,   35.129279,       28.25,
 140.338198,   35.129279,       28.35,
 140.342703,   35.129279,       28.46,
 140.347207,   35.129279,       28.53,
 140.351712,   35.129279,       28.52,
 140.356216,   35.129279,       28.53,
 140.360721,   35.129279,       28.67,
 140.365225,   35.129279,       29.06,
 140.369730,   35.129279,       29.66,
 140.374234,   35.129279,       30.32,
 140.378739,   35.129279,       30.97,
 140.383243,   35.129279,       31.68,
 140.387748,   35.129279,       32.13,
 139.140000,   35.133784,       72.33,
 139.144505,   35.133784,       70.65,
 139.149009,   35.133784,       68.33,
 139.153514,   35.133784,       64.42,
 139.158018,   35.133784,       60.36,
 139.162523,   35.133784,       56.45,
 139.167027,   35.133784,       52.56,
 139.171532,   35.133784,       48.94,
 139.176036,   35.133784,       46.40,
 139.180541,   35.133784,       45.53,
 139.185045,   35.133784,       45.53,
 139.189550,   35.133784,       45.60,
 139.194054,   35.133784,       45.34,
 139.198559,   35.133784,       44.79,
 139.203063,   35.133784,       43.52,
 139.207568,   35.133784,       41.76,
 139.212072,   35.133784,       39.92,
 139.216577,   35.133784,       38.02,
 139.221081,   35.133784,       36.40,
 139.225586,   35.133784,       35.09,
 139.230090,   35.133784,       34.02,
 139.234595,   35.133784,       32.95,
 139.239099,   35.133784,       31.80,
 139.243604,   35.133784,       30.56,
 139.248108,   35.133784,       29.15,
 139.252613,   35.133784,       28.03,
 139.257117,   35.133784,       27.01,
 139.261622,   35.133784,       26.03,
 139.266126,   35.133784,       25.02,
 139.270631,   35.133784,       23.94,
 139.275135,   35.133784,       22.80,
 139.279640,   35.133784,       21.57,
 139.284144,   35.133784,       20.19,
 139.288649,   35.133784,       18.60,
 139.293153,   35.133784,       16.93,
 139.297658,   35.133784,       15.29,
 139.302162,   35.133784,       13.64,
 139.306667,   35.133784,       11.96,
 139.311171,   35.133784,       10.24,
 139.315676,   35.133784,        8.47,
 139.320180,   35.133784,        6.64,
 139.324685,   35.133784,        4.79,
 139.329189,   35.133784,        3.37,
 139.333694,   35.133784,        2.98,
 139.338198,   35.133784,        3.17,
 139.342703,   35.133784,        3.30,
 139.347207,   35.133784,        3.31,
 139.351712,   35.133784,        3.19,
 139.356216,   35.133784,        2.92,
 139.360721,   35.133784,        2.56,
 139.365225,   35.133784,        2.14,
 139.369730,   35.133784,        1.68,
 139.374234,   35.133784,        1.17,
 139.378739,   35.133784,        1.13,
 139.383243,   35.133784,        2.28,
 139.387748,   35.133784,        3.54,
 139.392252,   35.133784,        4.93,
 139.396757,   35.133784,        6.45,
 139.401261,   35.133784,        8.09,
 139.405766,   35.133784,        9.86,
 139.410270,   35.133784,       11.77,
 139.414775,   35.133784,       13.85,
 139.419279,   35.133784,       16.14,
 139.423784,   35.133784,       18.69,
 139.428288,   35.133784,       21.44,
 139.432793,   35.133784,       23.95,
 139.437297,   35.133784,       26.27,
 139.441802,   35.133784,       28.63,
 139.446306,   35.133784,       31.10,
 139.450811,   35.133784,       33.69,
 139.455315,   35.133784,       36.41,
 139.459820,   35.133784,       39.29,
 139.464324,   35.133784,       42.34,
 139.468829,   35.133784,       43.28,
 139.473333,   35.133784,       42.95,
 139.477838,   35.133784,       42.72,
 139.482342,   35.133784,       42.48,
 139.486847,   35.133784,       42.23,
 139.491351,   35.133784,       42.15,
 139.495856,   35.133784,       42.28,
 139.500360,   35.133784,       42.68,
 139.504865,   35.133784,       43.33,
 139.509369,   35.133784,       44.02,
 139.513874,   35.133784,       44.70,
 139.518378,   35.133784,       45.46,
 139.522883,   35.133784,       46.61,
 139.527387,   35.133784,       47.87,
 139.531892,   35.133784,       49.27,
 139.536396,   35.133784,       50.80,
 139.540901,   35.133784,       52.48,
 139.545405,   35.133784,       54.26,
 139.549910,   35.133784,       56.13,
 139.554414,   35.133784,       58.19,
 139.558919,   35.133784,       60.34,
 139.563423,   35.133784,       60.73,
 139.567928,   35.133784,       59.67,
 139.572432,   35.133784,       57.85,
 139.576937,   35.133784,       56.12,
 139.581441,   35.133784,       54.16,
 139.585946,   35.133784,       52.09,
 139.590450,   35.133784,       50.39,
 139.594955,   35.133784,       49.55,
 139.599459,   35.133784,       47.82,
 139.603964,   35.133784,       44.80,
 139.608468,   35.133784,       40.93,
 139.612973,   35.133784,       38.27,
 139.617477,   35.133784,       35.68,
 139.621982,   35.133784,       33.50,
 139.626486,   35.133784,       33.10,
 139.630991,   35.133784,       40.25,
 139.635495,   35.133784,       46.98,
 139.640000,   35.133784,       49.60,
 139.644505,   35.133784,       47.06,
 139.649009,   35.133784,       45.23,
 139.653514,   35.133784,       44.32,
 139.658018,   35.133784,       45.04,
 139.662523,   35.133784,       45.64,
 139.667027,   35.133784,       46.14,
 139.671532,   35.133784,       46.66,
 139.676036,   35.133784,       47.25,
 139.680541,   35.133784,       47.76,
 139.685045,   35.133784,       48.17,
 139.689550,   35.133784,       48.64,
 139.694054,   35.133784,       49.22,
 139.698559,   35.133784,       49.61,
 139.703063,   35.133784,       49.94,
 139.707568,   35.133784,       50.36,
 139.712072,   35.133784,       50.76,
 139.716577,   35.133784,       51.11,
 139.721081,   35.133784,       51.55,
 139.725586,   35.133784,       51.96,
 139.730090,   35.133784,       52.32,
 139.734595,   35.133784,       52.95,
 139.739099,   35.133784,       53.61,
 139.743604,   35.133784,       54.22,
 139.748108,   35.133784,       54.87,
 139.752613,   35.133784,       55.37,
 139.757117,   35.133784,       55.71,
 139.761622,   35.133784,       55.13,
 139.766126,   35.133784,       54.22,
 139.770631,   35.133784,       53.30,
 139.775135,   35.133784,       52.39,
 139.779640,   35.133784,       51.47,
 139.784144,   35.133784,       50.51,
 139.788649,   35.133784,       49.57,
 139.793153,   35.133784,       49.16,
 139.797658,   35.133784,       48.72,
 139.802162,   35.133784,       48.25,
 139.806667,   35.133784,       47.70,
 139.811171,   35.133784,       47.10,
 139.815676,   35.133784,       46.95,
 139.820180,   35.133784,       46.93,
 139.824685,   35.133784,       47.00,
 139.829189,   35.133784,       47.95,
 139.833694,   35.133784,       48.84,
 139.838198,   35.133784,       49.56,
 139.842703,   35.133784,       49.84,
 139.847207,   35.133784,       50.05,
 139.851712,   35.133784,       50.17,
 139.856216,   35.133784,       50.23,
 139.860721,   35.133784,       50.23,
 139.865225,   35.133784,       50.19,
 139.869730,   35.133784,       50.13,
 139.874234,   35.133784,       50.01,
 139.878739,   35.133784,       49.84,
 139.883243,   35.133784,       49.64,
 139.887748,   35.133784,       49.42,
 139.892252,   35.133784,       49.17,
 139.896757,   35.133784,       48.92,
 139.901261,   35.133784,       48.65,
 139.905766,   35.133784,       48.37,
 139.910270,   35.133784,       48.09,
 139.914775,   35.133784,       47.80,
 139.919279,   35.133784,       47.50,
 139.923784,   35.133784,       47.20,
 139.928288,   35.133784,       46.89,
 139.932793,   35.133784,       46.57,
 139.937297,   35.133784,       46.23,
 139.941802,   35.133784,       45.89,
 139.946306,   35.133784,       45.54,
 139.950811,   35.133784,       45.18,
 139.955315,   35.133784,       44.83,
 139.959820,   35.133784,       44.47,
 139.964324,   35.133784,       44.11,
 139.968829,   35.133784,       43.75,
 139.973333,   35.133784,       43.40,
 139.977838,   35.133784,       43.04,
 139.982342,   35.133784,       42.69,
 139.986847,   35.133784,       42.34,
 139.991351,   35.133784,       41.99,
 139.995856,   35.133784,       41.64,
 140.000360,   35.133784,       41.30,
 140.004865,   35.133784,       40.96,
 140.009369,   35.133784,       40.62,
 140.013874,   35.133784,       40.28,
 140.018378,   35.133784,       39.95,
 140.022883,   35.133784,       39.61,
 140.027387,   35.133784,       39.28,
 140.031892,   35.133784,       38.96,
 140.036396,   35.133784,       38.63,
 140.040901,   35.133784,       38.31,
 140.045405,   35.133784,       37.99,
 140.049910,   35.133784,       37.67,
 140.054414,   35.133784,       37.35,
 140.058919,   35.133784,       37.04,
 140.063423,   35.133784,       36.72,
 140.067928,   35.133784,       36.41,
 140.072432,   35.133784,       36.11,
 140.076937,   35.133784,       35.81,
 140.081441,   35.133784,       35.52,
 140.085946,   35.133784,       35.24,
 140.090450,   35.133784,       34.97,
 140.094955,   35.133784,       34.70,
 140.099459,   35.133784,       34.45,
 140.103964,   35.133784,       34.21,
 140.108468,   35.133784,       33.97,
 140.112973,   35.133784,       33.76,
 140.117477,   35.133784,       33.57,
 140.121982,   35.133784,       33.41,
 140.126486,   35.133784,       33.29,
 140.130991,   35.133784,       33.18,
 140.135495,   35.133784,       33.08,
 140.140000,   35.133784,       32.99,
 140.144505,   35.133784,       32.89,
 140.149009,   35.133784,       32.77,
 140.153514,   35.133784,       32.61,
 140.158018,   35.133784,       32.42,
 140.162523,   35.133784,       32.19,
 140.167027,   35.133784,       31.94,
 140.171532,   35.133784,       31.67,
 140.176036,   35.133784,       31.38,
 140.180541,   35.133784,       31.07,
 140.185045,   35.133784,       30.72,
 140.189550,   35.133784,       30.33,
 140.194054,   35.133784,       29.95,
 140.198559,   35.133784,       29.60,
 140.203063,   35.133784,       29.25,
 140.207568,   35.133784,       28.90,
 140.212072,   35.133784,       28.56,
 140.216577,   35.133784,       28.22,
 140.221081,   35.133784,       27.89,
 140.225586,   35.133784,       27.57,
 140.230090,   35.133784,       27.25,
 140.234595,   35.133784,       26.94,
 140.239099,   35.133784,       26.64,
 140.243604,   35.133784,       26.34,
 140.248108,   35.133784,       26.07,
 140.252613,   35.133784,       26.05,
 140.257117,   35.133784,       26.13,
 140.261622,   35.133784,       26.20,
 140.266126,   35.133784,       26.17,
 140.270631,   35.133784,       26.10,
 140.275135,   35.133784,       26.05,
 140.279640,   35.133784,       26.04,
 140.284144,   35.133784,       26.03,
 140.288649,   35.133784,       26.08,
 140.293153,   35.133784,       26.29,
 140.297658,   35.133784,       26.66,
 140.302162,   35.133784,       27.07,
 140.306667,   35.133784,       27.37,
 140.311171,   35.133784,       27.53,
 140.315676,   35.133784,       27.74,
 140.320180,   35.133784,       28.03,
 140.324685,   35.133784,       28.31,
 140.329189,   35.133784,       28.49,
 140.333694,   35.133784,       28.72,
 140.338198,   35.133784,       28.89,
 140.342703,   35.133784,       28.97,
 140.347207,   35.133784,       29.05,
 140.351712,   35.133784,       29.12,
 140.356216,   35.133784,       29.17,
 140.360721,   35.133784,       29.29,
 140.365225,   35.133784,       29.52,
 140.369730,   35.133784,       29.85,
 140.374234,   35.133784,       30.30,
 140.378739,   35.133784,       30.77,
 140.383243,   35.133784,       31.13,
 140.387748,   35.133784,       31.35,
 139.140000,   35.138288,       66.29,
 139.144505,   35.138288,       65.77,
 139.149009,   35.138288,       64.62,
 139.153514,   35.138288,       62.84,
 139.158018,   35.138288,       61.06,
 139.162523,   35.138288,       58.33,
 139.167027,   35.138288,       55.01,
 139.171532,   35.138288,       52.20,
 139.176036,   35.138288,       50.83,
 139.180541,   35.138288,       49.88,
 139.185045,   35.138288,       49.30,
 139.189550,   35.138288,       48.70,
 139.194054,   35.138288,       47.85,
 139.198559,   35.138288,       46.71,
 139.203063,   35.138288,       44.67,
 139.207568,   35.138288,       42.71,
 139.212072,   35.138288,       40.69,
 139.216577,   35.138288,       38.65,
 139.221081,   35.138288,       36.87,
 139.225586,   35.138288,       35.47,
 139.230090,   35.138288,       34.30,
 139.234595,   35.138288,       33.04,
 139.239099,   35.138288,       31.70,
 139.243604,   35.138288,       30.26,
 139.248108,   35.138288,       28.70,
 139.252613,   35.138288,       27.40,
 139.257117,   35.138288,       26.31,
 139.261622,   35.138288,       25.31,
 139.266126,   35.138288,       24.21,
 139.270631,   35.138288,       23.03,
 139.275135,   35.138288,       21.80,
 139.279640,   35.138288,       20.52,
 139.284144,   35.138288,       19.10,
 139.288649,   35.138288,       17.51,
 139.293153,   35.138288,       15.80,
 139.297658,   35.138288,       14.06,
 139.302162,   35.138288,       12.31,
 139.306667,   35.138288,       10.51,
 139.311171,   35.138288,        8.65,
 139.315676,   35.138288,        6.73,
 139.320180,   35.138288,        4.72,
 139.324685,   35.138288,        2.60,
 139.329189,   35.138288,        0.74,
 139.333694,   35.138288,        1.18,
 139.338198,   35.138288,        1.63,
 139.342703,   35.138288,        1.88,
 139.347207,   35.138288,        1.97,
 139.351712,   35.138288,        1.93,
 139.356216,   35.138288,        1.80,
 139.360721,   35.138288,        1.60,
 139.365225,   35.138288,        1.32,
 139.369730,   35.138288,        1.02,
 139.374234,   35.138288,        0.79,
 139.378739,   35.138288,        1.28,
 139.383243,   35.138288,        2.57,
 139.387748,   35.138288,        4.01,
 139.392252,   35.138288,        5.50,
 139.396757,   35.138288,        7.09,
 139.401261,   35.138288,        8.79,
 139.405766,   35.138288,       10.59,
 139.410270,   35.138288,       12.52,
 139.414775,   35.138288,       14.58,
 139.419279,   35.138288,       16.82,
 139.423784,   35.138288,       19.23,
 139.428288,   35.138288,       21.60,
 139.432793,   35.138288,       24.01,
 139.437297,   35.138288,       26.54,
 139.441802,   35.138288,       29.05,
 139.446306,   35.138288,       31.58,
 139.450811,   35.138288,       34.21,
 139.455315,   35.138288,       36.93,
 139.459820,   35.138288,       39.67,
 139.464324,   35.138288,       41.82,
 139.468829,   35.138288,       42.72,
 139.473333,   35.138288,       42.79,
 139.477838,   35.138288,       42.76,
 139.482342,   35.138288,       42.67,
 139.486847,   35.138288,       42.50,
 139.491351,   35.138288,       42.43,
 139.495856,   35.138288,       42.58,
 139.500360,   35.138288,       42.98,
 139.504865,   35.138288,       43.63,
 139.509369,   35.138288,       44.32,
 139.513874,   35.138288,       44.99,
 139.518378,   35.138288,       45.71,
 139.522883,   35.138288,       46.81,
 139.527387,   35.138288,       48.05,
 139.531892,   35.138288,       49.42,
 139.536396,   35.138288,       50.88,
 139.540901,   35.138288,       52.30,
 139.545405,   35.138288,       54.02,
 139.549910,   35.138288,       55.90,
 139.554414,   35.138288,       57.97,
 139.558919,   35.138288,       60.08,
 139.563423,   35.138288,       60.56,
 139.567928,   35.138288,       58.97,
 139.572432,   35.138288,       56.78,
 139.576937,   35.138288,       54.10,
 139.581441,   35.138288,       51.04,
 139.585946,   35.138288,       47.86,
 139.590450,   35.138288,       46.21,
 139.594955,   35.138288,       47.12,
 139.599459,   35.138288,       47.16,
 139.603964,   35.138288,       43.04,
 139.608468,   35.138288,       37.66,
 139.612973,   35.138288,       32.60,
 139.617477,   35.138288,       32.28,
 139.621982,   35.138288,       32.78,
 139.626486,   35.138288,       33.53,
 139.630991,   35.138288,       38.05,
 139.635495,   35.138288,       41.94,
 139.640000,   35.138288,       43.02,
 139.644505,   35.138288,       41.80,
 139.649009,   35.138288,       41.24,
 139.653514,   35.138288,       41.76,
 139.658018,   35.138288,       42.45,
 139.662523,   35.138288,       43.11,
 139.667027,   35.138288,       43.82,
 139.671532,   35.138288,       44.54,
 139.676036,   35.138288,       45.09,
 139.680541,   35.138288,       45.45,
 139.685045,   35.138288,       45.82,
 139.689550,   35.138288,       46.54,
 139.694054,   35.138288,       47.13,
 139.698559,   35.138288,       47.60,
 139.703063,   35.138288,       48.13,
 139.707568,   35.138288,       48.55,
 139.712072,   35.138288,       48.95,
 139.716577,   35.138288,       49.45,
 139.721081,   35.138288,       49.87,
 139.725586,   35.138288,       50.30,
 139.730090,   35.138288,       50.86,
 139.734595,   35.138288,       51.39,
 139.739099,   35.138288,       52.08,
 139.743604,   35.138288,       52.92,
 139.748108,   35.138288,       53.63,
 139.752613,   35.138288,       54.07,
 139.757117,   35.138288,       54.42,
 139.761622,   35.138288,       54.04,
 139.766126,   35.138288,       53.29,
 139.770631,   35.138288,       52.50,
 139.775135,   35.138288,       51.63,
 139.779640,   35.138288,       50.89,
 139.784144,   35.138288,       50.15,
 139.788649,   35.138288,       49.58,
 139.793153,   35.138288,       49.47,
 139.797658,   35.138288,       49.32,
 139.802162,   35.138288,       48.95,
 139.806667,   35.138288,       48.50,
 139.811171,   35.138288,       48.06,
 139.815676,   35.138288,       47.80,
 139.820180,   35.138288,       47.60,
 139.824685,   35.138288,       47.65,
 139.829189,   35.138288,       48.49,
 139.833694,   35.138288,       49.37,
 139.838198,   35.138288,       50.02,
 139.842703,   35.138288,       50.33,
 139.847207,   35.138288,       50.54,
 139.851712,   35.138288,       50.65,
 139.856216,   35.138288,       50.70,
 139.860721,   35.138288,       50.71,
 139.865225,   35.138288,       50.68,
 139.869730,   35.138288,       50.62,
 139.874234,   35.138288,       50.49,
 139.878739,   35.138288,       50.31,
 139.883243,   35.138288,       50.10,
 139.887748,   35.138288,       49.86,
 139.892252,   35.138288,       49.61,
 139.896757,   35.138288,       49.35,
 139.901261,   35.138288,       49.08,
 139.905766,   35.138288,       48.79,
 139.910270,   35.138288,       48.50,
 139.914775,   35.138288,       48.21,
 139.919279,   35.138288,       47.91,
 139.923784,   35.138288,       47.60,
 139.928288,   35.138288,       47.27,
 139.932793,   35.138288,       46.93,
 139.937297,   35.138288,       46.57,
 139.941802,   35.138288,       46.21,
 139.946306,   35.138288,       45.85,
 139.950811,   35.138288,       45.48,
 139.955315,   35.138288,       45.12,
 139.959820,   35.138288,       44.75,
 139.964324,   35.138288,       44.39,
 139.968829,   35.138288,       44.02,
 139.973333,   35.138288,       43.66,
 139.977838,   35.138288,       43.30,
 139.982342,   35.138288,       42.94,
 139.986847,   35.138288,       42.58,
 139.991351,   35.138288,       42.23,
 139.995856,   35.138288,       41.88,
 140.000360,   35.138288,       41.53,
 140.004865,   35.138288,       41.19,
 140.009369,   35.138288,       40.84,
 140.013874,   35.138288,       40.50,
 140.018378,   35.138288,       40.17,
 140.022883,   35.138288,       39.83,
 140.027387,   35.138288,       39.50,
 140.031892,   35.138288,       39.17,
 140.036396,   35.138288,       38.84,
 140.040901,   35.138288,       38.52,
 140.045405,   35.138288,       38.20,
 140.049910,   35.138288,       37.88,
 140.054414,   35.138288,       37.56,
 140.058919,   35.138288,       37.25,
 140.063423,   35.138288,       36.95,
 140.067928,   35.138288,       36.65,
 140.072432,   35.138288,       36.35,
 140.076937,   35.138288,       36.06,
 140.081441,   35.138288,       35.78,
 140.085946,   35.138288,       35.50,
 140.090450,   35.138288,       35.24,
 140.094955,   35.138288,       34.98,
 140.099459,   35.138288,       34.74,
 140.103964,   35.138288,       34.50,
 140.108468,   35.138288,       34.28,
 140.112973,   35.138288,       34.07,
 140.117477,   35.138288,       33.88,
 140.121982,   35.138288,       33.70,
 140.126486,   35.138288,       33.54,
 140.130991,   35.138288,       33.38,
 140.135495,   35.138288,       33.23,
 140.140000,   35.138288,       33.08,
 140.144505,   35.138288,       32.92,
 140.149009,   35.138288,       32.75,
 140.153514,   35.138288,       32.55,
 140.158018,   35.138288,       32.34,
 140.162523,   35.138288,       32.11,
 140.167027,   35.138288,       31.87,
 140.171532,   35.138288,       31.62,
 140.176036,   35.138288,       31.35,
 140.180541,   35.138288,       31.09,
 140.185045,   35.138288,       30.81,
 140.189550,   35.138288,       30.53,
 140.194054,   35.138288,       30.23,
 140.198559,   35.138288,       29.91,
 140.203063,   35.138288,       29.58,
 140.207568,   35.138288,       29.26,
 140.212072,   35.138288,       28.94,
 140.216577,   35.138288,       28.63,
 140.221081,   35.138288,       28.31,
 140.225586,   35.138288,       28.00,
 140.230090,   35.138288,       27.69,
 140.234595,   35.138288,       27.38,
 140.239099,   35.138288,       27.07,
 140.243604,   35.138288,       26.76,
 140.248108,   35.138288,       26.44,
 140.252613,   35.138288,       26.12,
 140.257117,   35.138288,       25.84,
 140.261622,   35.138288,       25.75,
 140.266126,   35.138288,       25.75,
 140.270631,   35.138288,       25.75,
 140.275135,   35.138288,       25.76,
 140.279640,   35.138288,       25.77,
 140.284144,   35.138288,       25.80,
 140.288649,   35.138288,       25.90,
 140.293153,   35.138288,       26.23,
 140.297658,   35.138288,       26.61,
 140.302162,   35.138288,       27.00,
 140.306667,   35.138288,       27.36,
 140.311171,   35.138288,       27.67,
 140.315676,   35.138288,       27.92,
 140.320180,   35.138288,       28.21,
 140.324685,   35.138288,       28.51,
 140.329189,   35.138288,       28.79,
 140.333694,   35.138288,       29.09,
 140.338198,   35.138288,       29.39,
 140.342703,   35.138288,       29.46,
 140.347207,   35.138288,       29.53,
 140.351712,   35.138288,       29.61,
 140.356216,   35.138288,       29.65,
 140.360721,   35.138288,       29.73,
 140.365225,   35.138288,       29.90,
 140.369730,   35.138288,       30.05,
 140.374234,   35.138288,       30.28,
 140.378739,   35.138288,       30.51,
 140.383243,   35.138288,       30.72,
 140.387748,   35.138288,       30.71,
 139.140000,   35.142793,       60.87,
 139.144505,   35.142793,       61.52,
 139.149009,   35.142793,       61.54,
 139.153514,   35.142793,       60.73,
 139.158018,   35.142793,       59.51,
 139.162523,   35.142793,       58.35,
 139.167027,   35.142793,       56.87,
 139.171532,   35.142793,       55.88,
 139.176036,   35.142793,       54.82,
 139.180541,   35.142793,       54.07,
 139.185045,   35.142793,       53.33,
 139.189550,   35.142793,       51.78,
 139.194054,   35.142793,       50.07,
 139.198559,   35.142793,       48.10,
 139.203063,   35.142793,       45.90,
 139.207568,   35.142793,       43.74,
 139.212072,   35.142793,       41.58,
 139.216577,   35.142793,       39.38,
 139.221081,   35.142793,       37.31,
 139.225586,   35.142793,       35.78,
 139.230090,   35.142793,       34.45,
 139.234595,   35.142793,       33.07,
 139.239099,   35.142793,       31.60,
 139.243604,   35.142793,       30.02,
 139.248108,   35.142793,       28.34,
 139.252613,   35.142793,       26.82,
 139.257117,   35.142793,       25.59,
 139.261622,   35.142793,       24.52,
 139.266126,   35.142793,       23.34,
 139.270631,   35.142793,       22.09,
 139.275135,   35.142793,       20.80,
 139.279640,   35.142793,       19.46,
 139.284144,   35.142793,       18.02,
 139.288649,   35.142793,       16.45,
 139.293153,   35.142793,       14.76,
 139.297658,   35.142793,       12.99,
 139.302162,   35.142793,       11.16,
 139.306667,   35.142793,        9.26,
 139.311171,   35.142793,        7.29,
 139.315676,   35.142793,        5.30,
 139.320180,   35.142793,        3.32,
 139.324685,   35.142793,        1.38,
 139.329189,   35.142793,        0.06,
 139.333694,   35.142793,        0.10,
 139.338198,   35.142793,        0.51,
 139.342703,   35.142793,        0.80,
 139.347207,   35.142793,        0.95,
 139.351712,   35.142793,        0.99,
 139.356216,   35.142793,        0.96,
 139.360721,   35.142793,        0.88,
 139.365225,   35.142793,        0.76,
 139.369730,   35.142793,        0.67,
 139.374234,   35.142793,        0.79,
 139.378739,   35.142793,        1.39,
 139.383243,   35.142793,        2.59,
 139.387748,   35.142793,        4.11,
 139.392252,   35.142793,        5.76,
 139.396757,   35.142793,        7.45,
 139.401261,   35.142793,        9.21,
 139.405766,   35.142793,       11.06,
 139.410270,   35.142793,       13.00,
 139.414775,   35.142793,       15.03,
 139.419279,   35.142793,       17.18,
 139.423784,   35.142793,       19.42,
 139.428288,   35.142793,       21.63,
 139.432793,   35.142793,       24.04,
 139.437297,   35.142793,       26.52,
 139.441802,   35.142793,       29.05,
 139.446306,   35.142793,       31.61,
 139.450811,   35.142793,       34.22,
 139.455315,   35.142793,       36.86,
 139.459820,   35.142793,       39.12,
 139.464324,   35.142793,       40.85,
 139.468829,   35.142793,       41.89,
 139.473333,   35.142793,       42.32,
 139.477838,   35.142793,       42.54,
 139.482342,   35.142793,       42.60,
 139.486847,   35.142793,       42.62,
 139.491351,   35.142793,       42.64,
 139.495856,   35.142793,       42.80,
 139.500360,   35.142793,       43.23,
 139.504865,   35.142793,       43.85,
 139.509369,   35.142793,       44.46,
 139.513874,   35.142793,       45.04,
 139.518378,   35.142793,       45.63,
 139.522883,   35.142793,       46.51,
 139.527387,   35.142793,       47.72,
 139.531892,   35.142793,       49.05,
 139.536396,   35.142793,       50.40,
 139.540901,   35.142793,       51.79,
 139.545405,   35.142793,       53.36,
 139.549910,   35.142793,       55.12,
 139.554414,   35.142793,       57.07,
 139.558919,   35.142793,       58.92,
 139.563423,   35.142793,       60.31,
 139.567928,   35.142793,       59.58,
 139.572432,   35.142793,       56.70,
 139.576937,   35.142793,       52.63,
 139.581441,   35.142793,       48.19,
 139.585946,   35.142793,       43.89,
 139.590450,   35.142793,       42.78,
 139.594955,   35.142793,       45.44,
 139.599459,   35.142793,       46.49,
 139.603964,   35.142793,       42.40,
 139.608468,   35.142793,       37.52,
 139.612973,   35.142793,       35.67,
 139.617477,   35.142793,       36.70,
 139.621982,   35.142793,       36.98,
 139.626486,   35.142793,       36.16,
 139.630991,   35.142793,       35.83,
 139.635495,   35.142793,       36.86,
 139.640000,   35.142793,       36.83,
 139.644505,   35.142793,       37.00,
 139.649009,   35.142793,       38.44,
 139.653514,   35.142793,       39.54,
 139.658018,   35.142793,       40.67,
 139.662523,   35.142793,       41.69,
 139.667027,   35.142793,       42.37,
 139.671532,   35.142793,       42.81,
 139.676036,   35.142793,       43.36,
 139.680541,   35.142793,       43.78,
 139.685045,   35.142793,       44.26,
 139.689550,   35.142793,       44.82,
 139.694054,   35.142793,       45.45,
 139.698559,   35.142793,       46.13,
 139.703063,   35.142793,       46.65,
 139.707568,   35.142793,       47.09,
 139.712072,   35.142793,       47.60,
 139.716577,   35.142793,       48.10,
 139.721081,   35.142793,       48.53,
 139.725586,   35.142793,       49.05,
 139.730090,   35.142793,       49.62,
 139.734595,   35.142793,       50.15,
 139.739099,   35.142793,       50.87,
 139.743604,   35.142793,       51.75,
 139.748108,   35.142793,       52.45,
 139.752613,   35.142793,       52.89,
 139.757117,   35.142793,       53.12,
 139.761622,   35.142793,       52.79,
 139.766126,   35.142793,       52.25,
 139.770631,   35.142793,       51.63,
 139.775135,   35.142793,       50.97,
 139.779640,   35.142793,       50.47,
 139.784144,   35.142793,       49.97,
 139.788649,   35.142793,       49.63,
 139.793153,   35.142793,       49.67,
 139.797658,   35.142793,       49.77,
 139.802162,   35.142793,       49.49,
 139.806667,   35.142793,       49.12,
 139.811171,   35.142793,       48.94,
 139.815676,   35.142793,       48.69,
 139.820180,   35.142793,       48.31,
 139.824685,   35.142793,       48.28,
 139.829189,   35.142793,       49.41,
 139.833694,   35.142793,       50.28,
 139.838198,   35.142793,       50.63,
 139.842703,   35.142793,       50.87,
 139.847207,   35.142793,       51.05,
 139.851712,   35.142793,       51.15,
 139.856216,   35.142793,       51.20,
 139.860721,   35.142793,       51.21,
 139.865225,   35.142793,       51.18,
 139.869730,   35.142793,       51.11,
 139.874234,   35.142793,       50.96,
 139.878739,   35.142793,       50.77,
 139.883243,   35.142793,       50.55,
 139.887748,   35.142793,       50.31,
 139.892252,   35.142793,       50.05,
 139.896757,   35.142793,       49.79,
 139.901261,   35.142793,       49.51,
 139.905766,   35.142793,       49.22,
 139.910270,   35.142793,       48.93,
 139.914775,   35.142793,       48.62,
 139.919279,   35.142793,       48.31,
 139.923784,   35.142793,       47.97,
 139.928288,   35.142793,       47.62,
 139.932793,   35.142793,       47.26,
 139.937297,   35.142793,       46.89,
 139.941802,   35.142793,       46.52,
 139.946306,   35.142793,       46.14,
 139.950811,   35.142793,       45.77,
 139.955315,   35.142793,       45.39,
 139.959820,   35.142793,       45.02,
 139.964324,   35.142793,       44.64,
 139.968829,   35.142793,       44.27,
 139.973333,   35.142793,       43.91,
 139.977838,   35.142793,       43.54,
 139.982342,   35.142793,       43.18,
 139.986847,   35.142793,       42.82,
 139.991351,   35.142793,       42.46,
 139.995856,   35.142793,       42.10,
 140.000360,   35.142793,       41.75,
 140.004865,   35.142793,       41.40,
 140.009369,   35.142793,       41.06,
 140.013874,   35.142793,       40.72,
 140.018378,   35.142793,       40.38,
 140.022883,   35.142793,       40.04,
 140.027387,   35.142793,       39.71,
 140.031892,   35.142793,       39.38,
 140.036396,   35.142793,       39.05,
 140.040901,   35.142793,       38.72,
 140.045405,   35.142793,       38.40,
 140.049910,   35.142793,       38.09,
 140.054414,   35.142793,       37.78,
 140.058919,   35.142793,       37.47,
 140.063423,   35.142793,       37.17,
 140.067928,   35.142793,       36.88,
 140.072432,   35.142793,       36.59,
 140.076937,   35.142793,       36.30,
 140.081441,   35.142793,       36.03,
 140.085946,   35.142793,       35.76,
 140.090450,   35.142793,       35.50,
 140.094955,   35.142793,       35.25,
 140.099459,   35.142793,       35.01,
 140.103964,   35.142793,       34.78,
 140.108468,   35.142793,       34.55,
 140.112973,   35.142793,       34.33,
 140.117477,   35.142793,       34.12,
 140.121982,   35.142793,       33.92,
 140.126486,   35.142793,       33.73,
 140.130991,   35.142793,       33.54,
 140.135495,   35.142793,       33.36,
 140.140000,   35.142793,       33.17,
 140.144505,   35.142793,       32.98,
 140.149009,   35.142793,       32.78,
 140.153514,   35.142793,       32.57,
 140.158018,   35.142793,       32.35,
 140.162523,   35.142793,       32.13,
 140.167027,   35.142793,       31.90,
 140.171532,   35.142793,       31.67,
 140.176036,   35.142793,       31.43,
 140.180541,   35.142793,       31.19,
 140.185045,   35.142793,       30.95,
 140.189550,   35.142793,       30.71,
 140.194054,   35.142793,       30.46,
 140.198559,   35.142793,       30.20,
 140.203063,   35.142793,       29.94,
 140.207568,   35.142793,       29.66,
 140.212072,   35.142793,       29.37,
 140.216577,   35.142793,       29.08,
 140.221081,   35.142793,       28.80,
 140.225586,   35.142793,       28.52,
 140.230090,   35.142793,       28.25,
 140.234595,   35.142793,       27.97,
 140.239099,   35.142793,       27.70,
 140.243604,   35.142793,       27.42,
 140.248108,   35.142793,       27.15,
 140.252613,   35.142793,       26.87,
 140.257117,   35.142793,       26.59,
 140.261622,   35.142793,       26.30,
 140.266126,   35.142793,       26.02,
 140.270631,   35.142793,       26.00,
 140.275135,   35.142793,       26.07,
 140.279640,   35.142793,       26.12,
 140.284144,   35.142793,       26.13,
 140.288649,   35.142793,       26.12,
 140.293153,   35.142793,       26.19,
 140.297658,   35.142793,       26.53,
 140.302162,   35.142793,       26.91,
 140.306667,   35.142793,       27.32,
 140.311171,   35.142793,       27.74,
 140.315676,   35.142793,       28.13,
 140.320180,   35.142793,       28.43,
 140.324685,   35.142793,       28.64,
 140.329189,   35.142793,       29.03,
 140.333694,   35.142793,       29.44,
 140.338198,   35.142793,       29.77,
 140.342703,   35.142793,       29.90,
 140.347207,   35.142793,       30.00,
 140.351712,   35.142793,       30.04,
 140.356216,   35.142793,       30.05,
 140.360721,   35.142793,       30.06,
 140.365225,   35.142793,       30.17,
 140.369730,   35.142793,       30.30,
 140.374234,   35.142793,       30.41,
 140.378739,   35.142793,       30.48,
 140.383243,   35.142793,       30.44,
 140.387748,   35.142793,       30.42,
 139.140000,   35.147297,       59.22,
 139.144505,   35.147297,       59.35,
 139.149009,   35.147297,       59.43,
 139.153514,   35.147297,       59.50,
 139.158018,   35.147297,       59.37,
 139.162523,   35.147297,       59.07,
 139.167027,   35.147297,       58.94,
 139.171532,   35.147297,       58.62,
 139.176036,   35.147297,       57.97,
 139.180541,   35.147297,       57.45,
 139.185045,   35.147297,       56.45,
 139.189550,   35.147297,       54.28,
 139.194054,   35.147297,       51.92,
 139.198559,   35.147297,       49.52,
 139.203063,   35.147297,       47.29,
 139.207568,   35.147297,       45.07,
 139.212072,   35.147297,       42.83,
 139.216577,   35.147297,       40.49,
 139.221081,   35.147297,       38.02,
 139.225586,   35.147297,       36.01,
 139.230090,   35.147297,       34.62,
 139.234595,   35.147297,       33.15,
 139.239099,   35.147297,       31.59,
 139.243604,   35.147297,       29.93,
 139.248108,   35.147297,       28.19,
 139.252613,   35.147297,       26.42,
 139.257117,   35.147297,       24.90,
 139.261622,   35.147297,       23.72,
 139.266126,   35.147297,       22.47,
 139.270631,   35.147297,       21.14,
 139.275135,   35.147297,       19.79,
 139.279640,   35.147297,       18.40,
 139.284144,   35.147297,       16.96,
 139.288649,   35.147297,       15.40,
 139.293153,   35.147297,       13.76,
 139.297658,   35.147297,       12.02,
 139.302162,   35.147297,       10.19,
 139.306667,   35.147297,        8.25,
 139.311171,   35.147297,        6.33,
 139.315676,   35.147297,        4.56,
 139.320180,   35.147297,        2.91,
 139.324685,   35.147297,        1.45,
 139.329189,   35.147297,        0.44,
 139.333694,   35.147297,       -0.03,
 139.338198,   35.147297,       -0.09,
 139.342703,   35.147297,        0.06,
 139.347207,   35.147297,        0.23,
 139.351712,   35.147297,        0.33,
 139.356216,   35.147297,        0.39,
 139.360721,   35.147297,        0.41,
 139.365225,   35.147297,        0.44,
 139.369730,   35.147297,        0.53,
 139.374234,   35.147297,        0.82,
 139.378739,   35.147297,        1.43,
 139.383243,   35.147297,        2.49,
 139.387748,   35.147297,        3.98,
 139.392252,   35.147297,        5.74,
 139.396757,   35.147297,        7.55,
 139.401261,   35.147297,        9.39,
 139.405766,   35.147297,       11.28,
 139.410270,   35.147297,       13.22,
 139.414775,   35.147297,       15.20,
 139.419279,   35.147297,       17.26,
 139.423784,   35.147297,       19.39,
 139.428288,   35.147297,       21.68,
 139.432793,   35.147297,       24.06,
 139.437297,   35.147297,       26.50,
 139.441802,   35.147297,       28.98,
 139.446306,   35.147297,       31.50,
 139.450811,   35.147297,       34.07,
 139.455315,   35.147297,       36.53,
 139.459820,   35.147297,       38.54,
 139.464324,   35.147297,       40.22,
 139.468829,   35.147297,       41.39,
 139.473333,   35.147297,       42.14,
 139.477838,   35.147297,       42.60,
 139.482342,   35.147297,       42.79,
 139.486847,   35.147297,       42.76,
 139.491351,   35.147297,       42.75,
 139.495856,   35.147297,       42.93,
 139.500360,   35.147297,       43.43,
 139.504865,   35.147297,       44.01,
 139.509369,   35.147297,       44.57,
 139.513874,   35.147297,       45.08,
 139.518378,   35.147297,       45.58,
 139.522883,   35.147297,       46.24,
 139.527387,   35.147297,       47.21,
 139.531892,   35.147297,       48.53,
 139.536396,   35.147297,       49.91,
 139.540901,   35.147297,       51.33,
 139.545405,   35.147297,       52.77,
 139.549910,   35.147297,       54.24,
 139.554414,   35.147297,       56.02,
 139.558919,   35.147297,       57.69,
 139.563423,   35.147297,       59.35,
 139.567928,   35.147297,       60.41,
 139.572432,   35.147297,       55.78,
 139.576937,   35.147297,       51.24,
 139.581441,   35.147297,       46.76,
 139.585946,   35.147297,       44.44,
 139.590450,   35.147297,       45.10,
 139.594955,   35.147297,       46.91,
 139.599459,   35.147297,       46.09,
 139.603964,   35.147297,       42.68,
 139.608468,   35.147297,       41.04,
 139.612973,   35.147297,       43.36,
 139.617477,   35.147297,       44.20,
 139.621982,   35.147297,       43.79,
 139.626486,   35.147297,       42.98,
 139.630991,   35.147297,       41.96,
 139.635495,   35.147297,       40.81,
 139.640000,   35.147297,       39.78,
 139.644505,   35.147297,       39.26,
 139.649009,   35.147297,       39.25,
 139.653514,   35.147297,       40.09,
 139.658018,   35.147297,       41.02,
 139.662523,   35.147297,       41.68,
 139.667027,   35.147297,       42.00,
 139.671532,   35.147297,       41.99,
 139.676036,   35.147297,       41.78,
 139.680541,   35.147297,       42.36,
 139.685045,   35.147297,       42.82,
 139.689550,   35.147297,       43.29,
 139.694054,   35.147297,       44.00,
 139.698559,   35.147297,       44.75,
 139.703063,   35.147297,       45.41,
 139.707568,   35.147297,       45.93,
 139.712072,   35.147297,       46.50,
 139.716577,   35.147297,       47.02,
 139.721081,   35.147297,       47.52,
 139.725586,   35.147297,       48.06,
 139.730090,   35.147297,       48.61,
 139.734595,   35.147297,       49.25,
 139.739099,   35.147297,       49.91,
 139.743604,   35.147297,       50.65,
 139.748108,   35.147297,       51.24,
 139.752613,   35.147297,       51.72,
 139.757117,   35.147297,       51.95,
 139.761622,   35.147297,       51.64,
 139.766126,   35.147297,       51.21,
 139.770631,   35.147297,       50.77,
 139.775135,   35.147297,       50.50,
 139.779640,   35.147297,       50.13,
 139.784144,   35.147297,       49.81,
 139.788649,   35.147297,       49.60,
 139.793153,   35.147297,       49.71,
 139.797658,   35.147297,       49.84,
 139.802162,   35.147297,       49.86,
 139.806667,   35.147297,       49.76,
 139.811171,   35.147297,       49.83,
 139.815676,   35.147297,       49.75,
 139.820180,   35.147297,       49.69,
 139.824685,   35.147297,       50.18,
 139.829189,   35.147297,       51.04,
 139.833694,   35.147297,       51.77,
 139.838198,   35.147297,       51.31,
 139.842703,   35.147297,       51.47,
 139.847207,   35.147297,       51.61,
 139.851712,   35.147297,       51.70,
 139.856216,   35.147297,       51.74,
 139.860721,   35.147297,       51.74,
 139.865225,   35.147297,       51.71,
 139.869730,   35.147297,       51.61,
 139.874234,   35.147297,       51.45,
 139.878739,   35.147297,       51.24,
 139.883243,   35.147297,       51.01,
 139.887748,   35.147297,       50.76,
 139.892252,   35.147297,       50.50,
 139.896757,   35.147297,       50.22,
 139.901261,   35.147297,       49.94,
 139.905766,   35.147297,       49.64,
 139.910270,   35.147297,       49.34,
 139.914775,   35.147297,       49.02,
 139.919279,   35.147297,       48.68,
 139.923784,   35.147297,       48.32,
 139.928288,   35.147297,       47.95,
 139.932793,   35.147297,       47.57,
 139.937297,   35.147297,       47.19,
 139.941802,   35.147297,       46.80,
 139.946306,   35.147297,       46.42,
 139.950811,   35.147297,       46.03,
 139.955315,   35.147297,       45.65,
 139.959820,   35.147297,       45.27,
 139.964324,   35.147297,       44.89,
 139.968829,   35.147297,       44.51,
 139.973333,   35.147297,       44.14,
 139.977838,   35.147297,       43.77,
 139.982342,   35.147297,       43.40,
 139.986847,   35.147297,       43.04,
 139.991351,   35.147297,       42.68,
 139.995856,   35.147297,       42.32,
 140.000360,   35.147297,       41.96,
 140.004865,   35.147297,       41.61,
 140.009369,   35.147297,       41.27,
 140.013874,   35.147297,       40.92,
 140.018378,   35.147297,       40.58,
 140.022883,   35.147297,       40.24,
 140.027387,   35.147297,       39.91,
 140.031892,   35.147297,       39.57,
 140.036396,   35.147297,       39.25,
 140.040901,   35.147297,       38.93,
 140.045405,   35.147297,       38.61,
 140.049910,   35.147297,       38.30,
 140.054414,   35.147297,       38.00,
 140.058919,   35.147297,       37.70,
 140.063423,   35.147297,       37.40,
 140.067928,   35.147297,       37.11,
 140.072432,   35.147297,       36.82,
 140.076937,   35.147297,       36.54,
 140.081441,   35.147297,       36.27,
 140.085946,   35.147297,       36.01,
 140.090450,   35.147297,       35.75,
 140.094955,   35.147297,       35.51,
 140.099459,   35.147297,       35.26,
 140.103964,   35.147297,       35.02,
 140.108468,   35.147297,       34.79,
 140.112973,   35.147297,       34.55,
 140.117477,   35.147297,       34.33,
 140.121982,   35.147297,       34.11,
 140.126486,   35.147297,       33.90,
 140.130991,   35.147297,       33.69,
 140.135495,   35.147297,       33.48,
 140.140000,   35.147297,       33.27,
 140.144505,   35.147297,       33.06,
 140.149009,   35.147297,       32.86,
 140.153514,   35.147297,       32.65,
 140.158018,   35.147297,       32.44,
 140.162523,   35.147297,       32.23,
 140.167027,   35.147297,       32.02,
 140.171532,   35.147297,       31.80,
 140.176036,   35.147297,       31.58,
 140.180541,   35.147297,       31.36,
 140.185045,   35.147297,       31.14,
 140.189550,   35.147297,       30.93,
 140.194054,   35.147297,       30.70,
 140.198559,   35.147297,       30.48,
 140.203063,   35.147297,       30.25,
 140.207568,   35.147297,       30.02,
 140.212072,   35.147297,       29.78,
 140.216577,   35.147297,       29.53,
 140.221081,   35.147297,       29.27,
 140.225586,   35.147297,       29.03,
 140.230090,   35.147297,       28.78,
 140.234595,   35.147297,       28.54,
 140.239099,   35.147297,       28.31,
 140.243604,   35.147297,       28.08,
 140.248108,   35.147297,       27.86,
 140.252613,   35.147297,       27.63,
 140.257117,   35.147297,       27.41,
 140.261622,   35.147297,       27.19,
 140.266126,   35.147297,       26.97,
 140.270631,   35.147297,       26.77,
 140.275135,   35.147297,       26.63,
 140.279640,   35.147297,       26.66,
 140.284144,   35.147297,       26.78,
 140.288649,   35.147297,       26.87,
 140.293153,   35.147297,       26.95,
 140.297658,   35.147297,       27.01,
 140.302162,   35.147297,       27.10,
 140.306667,   35.147297,       27.48,
 140.311171,   35.147297,       27.92,
 140.315676,   35.147297,       28.35,
 140.320180,   35.147297,       28.74,
 140.324685,   35.147297,       29.04,
 140.329189,   35.147297,       29.40,
 140.333694,   35.147297,       29.85,
 140.338198,   35.147297,       30.17,
 140.342703,   35.147297,       30.32,
 140.347207,   35.147297,       30.43,
 140.351712,   35.147297,       30.46,
 140.356216,   35.147297,       30.46,
 140.360721,   35.147297,       30.48,
 140.365225,   35.147297,       30.52,
 140.369730,   35.147297,       30.62,
 140.374234,   35.147297,       30.70,
 140.378739,   35.147297,       30.75,
 140.383243,   35.147297,       30.78,
 140.387748,   35.147297,       30.81,
 139.140000,   35.151802,       59.51,
 139.144505,   35.151802,       59.76,
 139.149009,   35.151802,       59.97,
 139.153514,   35.151802,       59.98,
 139.158018,   35.151802,       59.90,
 139.162523,   35.151802,       59.91,
 139.167027,   35.151802,       60.23,
 139.171532,   35.151802,       61.04,
 139.176036,   35.151802,       60.73,
 139.180541,   35.151802,       60.59,
 139.185045,   35.151802,       59.69,
 139.189550,   35.151802,       57.39,
 139.194054,   35.151802,       54.56,
 139.198559,   35.151802,       51.58,
 139.203063,   35.151802,       49.01,
 139.207568,   35.151802,       46.87,
 139.212072,   35.151802,       44.61,
 139.216577,   35.151802,       42.17,
 139.221081,   35.151802,       39.50,
 139.225586,   35.151802,       36.83,
 139.230090,   35.151802,       34.95,
 139.234595,   35.151802,       33.32,
 139.239099,   35.151802,       31.70,
 139.243604,   35.151802,       29.99,
 139.248108,   35.151802,       28.20,
 139.252613,   35.151802,       26.33,
 139.257117,   35.151802,       24.40,
 139.261622,   35.151802,       22.94,
 139.266126,   35.151802,       21.58,
 139.270631,   35.151802,       20.20,
 139.275135,   35.151802,       18.80,
 139.279640,   35.151802,       17.36,
 139.284144,   35.151802,       15.90,
 139.288649,   35.151802,       14.38,
 139.293153,   35.151802,       12.78,
 139.297658,   35.151802,       11.09,
 139.302162,   35.151802,        9.28,
 139.306667,   35.151802,        7.44,
 139.311171,   35.151802,        5.78,
 139.315676,   35.151802,        4.27,
 139.320180,   35.151802,        2.90,
 139.324685,   35.151802,        1.75,
 139.329189,   35.151802,        0.79,
 139.333694,   35.151802,        0.16,
 139.338198,   35.151802,       -0.18,
 139.342703,   35.151802,       -0.30,
 139.347207,   35.151802,       -0.21,
 139.351712,   35.151802,       -0.08,
 139.356216,   35.151802,        0.04,
 139.360721,   35.151802,        0.16,
 139.365225,   35.151802,        0.32,
 139.369730,   35.151802,        0.50,
 139.374234,   35.151802,        0.81,
 139.378739,   35.151802,        1.41,
 139.383243,   35.151802,        2.36,
 139.387748,   35.151802,        3.70,
 139.392252,   35.151802,        5.45,
 139.396757,   35.151802,        7.38,
 139.401261,   35.151802,        9.30,
 139.405766,   35.151802,       11.23,
 139.410270,   35.151802,       13.16,
 139.414775,   35.151802,       15.09,
 139.419279,   35.151802,       17.15,
 139.423784,   35.151802,       19.40,
 139.428288,   35.151802,       21.72,
 139.432793,   35.151802,       24.07,
 139.437297,   35.151802,       26.47,
 139.441802,   35.151802,       28.91,
 139.446306,   35.151802,       31.39,
 139.450811,   35.151802,       33.91,
 139.455315,   35.151802,       36.19,
 139.459820,   35.151802,       38.22,
 139.464324,   35.151802,       39.95,
 139.468829,   35.151802,       41.26,
 139.473333,   35.151802,       42.28,
 139.477838,   35.151802,       42.98,
 139.482342,   35.151802,       43.34,
 139.486847,   35.151802,       43.36,
 139.491351,   35.151802,       43.00,
 139.495856,   35.151802,       43.06,
 139.500360,   35.151802,       43.61,
 139.504865,   35.151802,       44.15,
 139.509369,   35.151802,       44.66,
 139.513874,   35.151802,       45.14,
 139.518378,   35.151802,       45.60,
 139.522883,   35.151802,       46.09,
 139.527387,   35.151802,       46.75,
 139.531892,   35.151802,       48.02,
 139.536396,   35.151802,       49.51,
 139.540901,   35.151802,       51.04,
 139.545405,   35.151802,       52.52,
 139.549910,   35.151802,       53.91,
 139.554414,   35.151802,       55.15,
 139.558919,   35.151802,       56.48,
 139.563423,   35.151802,       57.86,
 139.567928,   35.151802,       58.10,
 139.572432,   35.151802,       54.09,
 139.576937,   35.151802,       49.77,
 139.581441,   35.151802,       45.68,
 139.585946,   35.151802,       45.90,
 139.590450,   35.151802,       46.89,
 139.594955,   35.151802,       48.62,
 139.599459,   35.151802,       46.38,
 139.603964,   35.151802,       43.76,
 139.608468,   35.151802,       46.70,
 139.612973,   35.151802,       51.32,
 139.617477,   35.151802,       52.76,
 139.621982,   35.151802,       51.82,
 139.626486,   35.151802,       49.98,
 139.630991,   35.151802,       47.73,
 139.635495,   35.151802,       45.49,
 139.640000,   35.151802,       43.62,
 139.644505,   35.151802,       42.21,
 139.649009,   35.151802,       41.30,
 139.653514,   35.151802,       41.08,
 139.658018,   35.151802,       41.73,
 139.662523,   35.151802,       42.21,
 139.667027,   35.151802,       42.21,
 139.671532,   35.151802,       41.95,
 139.676036,   35.151802,       41.56,
 139.680541,   35.151802,       41.68,
 139.685045,   35.151802,       41.93,
 139.689550,   35.151802,       41.99,
 139.694054,   35.151802,       42.49,
 139.698559,   35.151802,       43.26,
 139.703063,   35.151802,       44.09,
 139.707568,   35.151802,       44.74,
 139.712072,   35.151802,       45.31,
 139.716577,   35.151802,       45.91,
 139.721081,   35.151802,       46.46,
 139.725586,   35.151802,       47.01,
 139.730090,   35.151802,       47.68,
 139.734595,   35.151802,       48.39,
 139.739099,   35.151802,       49.04,
 139.743604,   35.151802,       49.65,
 139.748108,   35.151802,       50.22,
 139.752613,   35.151802,       50.67,
 139.757117,   35.151802,       50.86,
 139.761622,   35.151802,       50.71,
 139.766126,   35.151802,       50.38,
 139.770631,   35.151802,       50.11,
 139.775135,   35.151802,       49.92,
 139.779640,   35.151802,       49.68,
 139.784144,   35.151802,       49.52,
 139.788649,   35.151802,       49.62,
 139.793153,   35.151802,       49.84,
 139.797658,   35.151802,       50.00,
 139.802162,   35.151802,       50.29,
 139.806667,   35.151802,       50.55,
 139.811171,   35.151802,       50.75,
 139.815676,   35.151802,       51.34,
 139.820180,   35.151802,       52.14,
 139.824685,   35.151802,       52.67,
 139.829189,   35.151802,       53.06,
 139.833694,   35.151802,       52.80,
 139.838198,   35.151802,       52.16,
 139.842703,   35.151802,       52.14,
 139.847207,   35.151802,       52.21,
 139.851712,   35.151802,       52.26,
 139.856216,   35.151802,       52.28,
 139.860721,   35.151802,       52.28,
 139.865225,   35.151802,       52.24,
 139.869730,   35.151802,       52.12,
 139.874234,   35.151802,       51.93,
 139.878739,   35.151802,       51.71,
 139.883243,   35.151802,       51.47,
 139.887748,   35.151802,       51.21,
 139.892252,   35.151802,       50.94,
 139.896757,   35.151802,       50.66,
 139.901261,   35.151802,       50.37,
 139.905766,   35.151802,       50.07,
 139.910270,   35.151802,       49.75,
 139.914775,   35.151802,       49.41,
 139.919279,   35.151802,       49.04,
 139.923784,   35.151802,       48.65,
 139.928288,   35.151802,       48.26,
 139.932793,   35.151802,       47.87,
 139.937297,   35.151802,       47.47,
 139.941802,   35.151802,       47.07,
 139.946306,   35.151802,       46.68,
 139.950811,   35.151802,       46.29,
 139.955315,   35.151802,       45.89,
 139.959820,   35.151802,       45.51,
 139.964324,   35.151802,       45.12,
 139.968829,   35.151802,       44.74,
 139.973333,   35.151802,       44.36,
 139.977838,   35.151802,       43.99,
 139.982342,   35.151802,       43.61,
 139.986847,   35.151802,       43.25,
 139.991351,   35.151802,       42.88,
 139.995856,   35.151802,       42.52,
 140.000360,   35.151802,       42.17,
 140.004865,   35.151802,       41.81,
 140.009369,   35.151802,       41.46,
 140.013874,   35.151802,       41.12,
 140.018378,   35.151802,       40.77,
 140.022883,   35.151802,       40.43,
 140.027387,   35.151802,       40.10,
 140.031892,   35.151802,       39.77,
 140.036396,   35.151802,       39.45,
 140.040901,   35.151802,       39.13,
 140.045405,   35.151802,       38.82,
 140.049910,   35.151802,       38.51,
 140.054414,   35.151802,       38.21,
 140.058919,   35.151802,       37.91,
 140.063423,   35.151802,       37.62,
 140.067928,   35.151802,       37.33,
 140.072432,   35.151802,       37.05,
 140.076937,   35.151802,       36.77,
 140.081441,   35.151802,       36.51,
 140.085946,   35.151802,       36.24,
 140.090450,   35.151802,       35.99,
 140.094955,   35.151802,       35.73,
 140.099459,   35.151802,       35.48,
 140.103964,   35.151802,       35.24,
 140.108468,   35.151802,       34.99,
 140.112973,   35.151802,       34.75,
 140.117477,   35.151802,       34.52,
 140.121982,   35.151802,       34.29,
 140.126486,   35.151802,       34.06,
 140.130991,   35.151802,       33.83,
 140.135495,   35.151802,       33.61,
 140.140000,   35.151802,       33.40,
 140.144505,   35.151802,       33.19,
 140.149009,   35.151802,       32.98,
 140.153514,   35.151802,       32.78,
 140.158018,   35.151802,       32.58,
 140.162523,   35.151802,       32.38,
 140.167027,   35.151802,       32.18,
 140.171532,   35.151802,       31.97,
 140.176036,   35.151802,       31.77,
 140.180541,   35.151802,       31.57,
 140.185045,   35.151802,       31.37,
 140.189550,   35.151802,       31.17,
 140.194054,   35.151802,       30.96,
 140.198559,   35.151802,       30.76,
 140.203063,   35.151802,       30.56,
 140.207568,   35.151802,       30.36,
 140.212072,   35.151802,       30.15,
 140.216577,   35.151802,       29.94,
 140.221081,   35.151802,       29.72,
 140.225586,   35.151802,       29.50,
 140.230090,   35.151802,       29.29,
 140.234595,   35.151802,       29.08,
 140.239099,   35.151802,       28.87,
 140.243604,   35.151802,       28.67,
 140.248108,   35.151802,       28.48,
 140.252613,   35.151802,       28.29,
 140.257117,   35.151802,       28.11,
 140.261622,   35.151802,       27.92,
 140.266126,   35.151802,       27.74,
 140.270631,   35.151802,       27.57,
 140.275135,   35.151802,       27.42,
 140.279640,   35.151802,       27.31,
 140.284144,   35.151802,       27.27,
 140.288649,   35.151802,       27.36,
 140.293153,   35.151802,       27.50,
 140.297658,   35.151802,       27.64,
 140.302162,   35.151802,       27.81,
 140.306667,   35.151802,       27.99,
 140.311171,   35.151802,       28.20,
 140.315676,   35.151802,       28.58,
 140.320180,   35.151802,       29.01,
 140.324685,   35.151802,       29.42,
 140.329189,   35.151802,       29.80,
 140.333694,   35.151802,       30.20,
 140.338198,   35.151802,       30.57,
 140.342703,   35.151802,       30.77,
 140.347207,   35.151802,       30.83,
 140.351712,   35.151802,       30.86,
 140.356216,   35.151802,       30.88,
 140.360721,   35.151802,       30.89,
 140.365225,   35.151802,       30.92,
 140.369730,   35.151802,       30.99,
 140.374234,   35.151802,       31.03,
 140.378739,   35.151802,       31.07,
 140.383243,   35.151802,       31.11,
 140.387748,   35.151802,       31.18,
 139.140000,   35.156306,       59.85,
 139.144505,   35.156306,       60.22,
 139.149009,   35.156306,       60.55,
 139.153514,   35.156306,       60.50,
 139.158018,   35.156306,       60.47,
 139.162523,   35.156306,       60.49,
 139.167027,   35.156306,       60.72,
 139.171532,   35.156306,       61.42,
 139.176036,   35.156306,       62.37,
 139.180541,   35.156306,       63.12,
 139.185045,   35.156306,       63.28,
 139.189550,   35.156306,       60.92,
 139.194054,   35.156306,       57.73,
 139.198559,   35.156306,       54.45,
 139.203063,   35.156306,       51.41,
 139.207568,   35.156306,       49.01,
 139.212072,   35.156306,       46.61,
 139.216577,   35.156306,       43.87,
 139.221081,   35.156306,       40.90,
 139.225586,   35.156306,       37.99,
 139.230090,   35.156306,       35.65,
 139.234595,   35.156306,       33.70,
 139.239099,   35.156306,       31.96,
 139.243604,   35.156306,       30.21,
 139.248108,   35.156306,       28.37,
 139.252613,   35.156306,       26.40,
 139.257117,   35.156306,       24.33,
 139.261622,   35.156306,       22.22,
 139.266126,   35.156306,       20.68,
 139.270631,   35.156306,       19.26,
 139.275135,   35.156306,       17.82,
 139.279640,   35.156306,       16.36,
 139.284144,   35.156306,       14.88,
 139.288649,   35.156306,       13.38,
 139.293153,   35.156306,       11.82,
 139.297658,   35.156306,       10.19,
 139.302162,   35.156306,        8.42,
 139.306667,   35.156306,        6.82,
 139.311171,   35.156306,        5.39,
 139.315676,   35.156306,        4.10,
 139.320180,   35.156306,        2.97,
 139.324685,   35.156306,        1.99,
 139.329189,   35.156306,        1.05,
 139.333694,   35.156306,        0.34,
 139.338198,   35.156306,       -0.13,
 139.342703,   35.156306,       -0.38,
 139.347207,   35.156306,       -0.39,
 139.351712,   35.156306,       -0.25,
 139.356216,   35.156306,       -0.10,
 139.360721,   35.156306,        0.08,
 139.365225,   35.156306,        0.26,
 139.369730,   35.156306,        0.46,
 139.374234,   35.156306,        0.76,
 139.378739,   35.156306,        1.31,
 139.383243,   35.156306,        2.18,
 139.387748,   35.156306,        3.39,
 139.392252,   35.156306,        5.05,
 139.396757,   35.156306,        7.01,
 139.401261,   35.156306,        8.97,
 139.405766,   35.156306,       10.93,
 139.410270,   35.156306,       12.90,
 139.414775,   35.156306,       14.86,
 139.419279,   35.156306,       17.08,
 139.423784,   35.156306,       19.35,
 139.428288,   35.156306,       21.66,
 139.432793,   35.156306,       24.00,
 139.437297,   35.156306,       26.39,
 139.441802,   35.156306,       28.82,
 139.446306,   35.156306,       31.27,
 139.450811,   35.156306,       33.75,
 139.455315,   35.156306,       36.01,
 139.459820,   35.156306,       38.14,
 139.464324,   35.156306,       39.99,
 139.468829,   35.156306,       41.56,
 139.473333,   35.156306,       42.82,
 139.477838,   35.156306,       43.76,
 139.482342,   35.156306,       44.36,
 139.486847,   35.156306,       44.60,
 139.491351,   35.156306,       44.42,
 139.495856,   35.156306,       44.00,
 139.500360,   35.156306,       44.11,
 139.504865,   35.156306,       44.39,
 139.509369,   35.156306,       44.78,
 139.513874,   35.156306,       45.26,
 139.518378,   35.156306,       45.71,
 139.522883,   35.156306,       46.13,
 139.527387,   35.156306,       46.51,
 139.531892,   35.156306,       47.68,
 139.536396,   35.156306,       49.36,
 139.540901,   35.156306,       50.96,
 139.545405,   35.156306,       52.49,
 139.549910,   35.156306,       53.97,
 139.554414,   35.156306,       55.07,
 139.558919,   35.156306,       55.85,
 139.563423,   35.156306,       56.65,
 139.567928,   35.156306,       56.42,
 139.572432,   35.156306,       52.78,
 139.576937,   35.156306,       48.98,
 139.581441,   35.156306,       46.24,
 139.585946,   35.156306,       46.35,
 139.590450,   35.156306,       46.95,
 139.594955,   35.156306,       47.55,
 139.599459,   35.156306,       46.87,
 139.603964,   35.156306,       45.97,
 139.608468,   35.156306,       50.10,
 139.612973,   35.156306,       56.71,
 139.617477,   35.156306,       60.77,
 139.621982,   35.156306,       59.00,
 139.626486,   35.156306,       55.83,
 139.630991,   35.156306,       52.63,
 139.635495,   35.156306,       49.68,
 139.640000,   35.156306,       47.14,
 139.644505,   35.156306,       45.03,
 139.649009,   35.156306,       43.40,
 139.653514,   35.156306,       42.47,
 139.658018,   35.156306,       42.53,
 139.662523,   35.156306,       43.07,
 139.667027,   35.156306,       42.79,
 139.671532,   35.156306,       42.29,
 139.676036,   35.156306,       41.56,
 139.680541,   35.156306,       41.22,
 139.685045,   35.156306,       41.11,
 139.689550,   35.156306,       40.91,
 139.694054,   35.156306,       40.92,
 139.698559,   35.156306,       41.75,
 139.703063,   35.156306,       42.64,
 139.707568,   35.156306,       43.47,
 139.712072,   35.156306,       44.06,
 139.716577,   35.156306,       44.66,
 139.721081,   35.156306,       45.32,
 139.725586,   35.156306,       45.96,
 139.730090,   35.156306,       46.73,
 139.734595,   35.156306,       47.54,
 139.739099,   35.156306,       48.18,
 139.743604,   35.156306,       48.77,
 139.748108,   35.156306,       49.32,
 139.752613,   35.156306,       49.68,
 139.757117,   35.156306,       49.81,
 139.761622,   35.156306,       49.82,
 139.766126,   35.156306,       49.67,
 139.770631,   35.156306,       49.48,
 139.775135,   35.156306,       49.31,
 139.779640,   35.156306,       49.14,
 139.784144,   35.156306,       49.27,
 139.788649,   35.156306,       49.59,
 139.793153,   35.156306,       49.99,
 139.797658,   35.156306,       50.33,
 139.802162,   35.156306,       50.86,
 139.806667,   35.156306,       51.35,
 139.811171,   35.156306,       52.27,
 139.815676,   35.156306,       53.90,
 139.820180,   35.156306,       54.98,
 139.824685,   35.156306,       55.74,
 139.829189,   35.156306,       55.21,
 139.833694,   35.156306,       53.97,
 139.838198,   35.156306,       53.06,
 139.842703,   35.156306,       52.82,
 139.847207,   35.156306,       52.81,
 139.851712,   35.156306,       52.83,
 139.856216,   35.156306,       52.84,
 139.860721,   35.156306,       52.83,
 139.865225,   35.156306,       52.78,
 139.869730,   35.156306,       52.63,
 139.874234,   35.156306,       52.43,
 139.878739,   35.156306,       52.19,
 139.883243,   35.156306,       51.93,
 139.887748,   35.156306,       51.66,
 139.892252,   35.156306,       51.38,
 139.896757,   35.156306,       51.09,
 139.901261,   35.156306,       50.79,
 139.905766,   35.156306,       50.48,
 139.910270,   35.156306,       50.13,
 139.914775,   35.156306,       49.76,
 139.919279,   35.156306,       49.36,
 139.923784,   35.156306,       48.96,
 139.928288,   35.156306,       48.55,
 139.932793,   35.156306,       48.14,
 139.937297,   35.156306,       47.73,
 139.941802,   35.156306,       47.33,
 139.946306,   35.156306,       46.92,
 139.950811,   35.156306,       46.52,
 139.955315,   35.156306,       46.13,
 139.959820,   35.156306,       45.73,
 139.964324,   35.156306,       45.34,
 139.968829,   35.156306,       44.95,
 139.973333,   35.156306,       44.57,
 139.977838,   35.156306,       44.19,
 139.982342,   35.156306,       43.82,
 139.986847,   35.156306,       43.45,
 139.991351,   35.156306,       43.08,
 139.995856,   35.156306,       42.72,
 140.000360,   35.156306,       42.36,
 140.004865,   35.156306,       42.01,
 140.009369,   35.156306,       41.65,
 140.013874,   35.156306,       41.31,
 140.018378,   35.156306,       40.96,
 140.022883,   35.156306,       40.62,
 140.027387,   35.156306,       40.29,
 140.031892,   35.156306,       39.97,
 140.036396,   35.156306,       39.65,
 140.040901,   35.156306,       39.33,
 140.045405,   35.156306,       39.02,
 140.049910,   35.156306,       38.72,
 140.054414,   35.156306,       38.42,
 140.058919,   35.156306,       38.13,
 140.063423,   35.156306,       37.84,
 140.067928,   35.156306,       37.55,
 140.072432,   35.156306,       37.27,
 140.076937,   35.156306,       37.00,
 140.081441,   35.156306,       36.73,
 140.085946,   35.156306,       36.46,
 140.090450,   35.156306,       36.20,
 140.094955,   35.156306,       35.94,
 140.099459,   35.156306,       35.68,
 140.103964,   35.156306,       35.43,
 140.108468,   35.156306,       35.18,
 140.112973,   35.156306,       34.94,
 140.117477,   35.156306,       34.70,
 140.121982,   35.156306,       34.46,
 140.126486,   35.156306,       34.22,
 140.130991,   35.156306,       34.00,
 140.135495,   35.156306,       33.78,
 140.140000,   35.156306,       33.56,
 140.144505,   35.156306,       33.35,
 140.149009,   35.156306,       33.14,
 140.153514,   35.156306,       32.95,
 140.158018,   35.156306,       32.75,
 140.162523,   35.156306,       32.56,
 140.167027,   35.156306,       32.37,
 140.171532,   35.156306,       32.17,
 140.176036,   35.156306,       31.98,
 140.180541,   35.156306,       31.79,
 140.185045,   35.156306,       31.61,
 140.189550,   35.156306,       31.42,
 140.194054,   35.156306,       31.23,
 140.198559,   35.156306,       31.05,
 140.203063,   35.156306,       30.87,
 140.207568,   35.156306,       30.68,
 140.212072,   35.156306,       30.50,
 140.216577,   35.156306,       30.31,
 140.221081,   35.156306,       30.13,
 140.225586,   35.156306,       29.94,
 140.230090,   35.156306,       29.75,
 140.234595,   35.156306,       29.57,
 140.239099,   35.156306,       29.38,
 140.243604,   35.156306,       29.21,
 140.248108,   35.156306,       29.04,
 140.252613,   35.156306,       28.87,
 140.257117,   35.156306,       28.71,
 140.261622,   35.156306,       28.56,
 140.266126,   35.156306,       28.41,
 140.270631,   35.156306,       28.26,
 140.275135,   35.156306,       28.13,
 140.279640,   35.156306,       28.02,
 140.284144,   35.156306,       27.94,
 140.288649,   35.156306,       27.89,
 140.293153,   35.156306,       27.93,
 140.297658,   35.156306,       28.08,
 140.302162,   35.156306,       28.25,
 140.306667,   35.156306,       28.44,
 140.311171,   35.156306,       28.67,
 140.315676,   35.156306,       28.95,
 140.320180,   35.156306,       29.25,
 140.324685,   35.156306,       29.69,
 140.329189,   35.156306,       30.11,
 140.333694,   35.156306,       30.49,
 140.338198,   35.156306,       30.87,
 140.342703,   35.156306,       31.16,
 140.347207,   35.156306,       31.20,
 140.351712,   35.156306,       31.23,
 140.356216,   35.156306,       31.23,
 140.360721,   35.156306,       31.22,
 140.365225,   35.156306,       31.23,
 140.369730,   35.156306,       31.26,
 140.374234,   35.156306,       31.30,
 140.378739,   35.156306,       31.35,
 140.383243,   35.156306,       31.42,
 140.387748,   35.156306,       31.47,
 139.140000,   35.160811,       60.23,
 139.144505,   35.160811,       60.73,
 139.149009,   35.160811,       61.16,
 139.153514,   35.160811,       60.99,
 139.158018,   35.160811,       60.88,
 139.162523,   35.160811,       60.81,
 139.167027,   35.160811,       60.82,
 139.171532,   35.160811,       61.68,
 139.176036,   35.160811,       62.99,
 139.180541,   35.160811,       64.28,
 139.185045,   35.160811,       65.69,
 139.189550,   35.160811,       63.31,
 139.194054,   35.160811,       59.94,
 139.198559,   35.160811,       56.88,
 139.203063,   35.160811,       53.95,
 139.207568,   35.160811,       51.31,
 139.212072,   35.160811,       48.54,
 139.216577,   35.160811,       45.48,
 139.221081,   35.160811,       42.27,
 139.225586,   35.160811,       39.13,
 139.230090,   35.160811,       36.47,
 139.234595,   35.160811,       34.25,
 139.239099,   35.160811,       32.36,
 139.243604,   35.160811,       30.51,
 139.248108,   35.160811,       28.48,
 139.252613,   35.160811,       26.34,
 139.257117,   35.160811,       24.07,
 139.261622,   35.160811,       21.84,
 139.266126,   35.160811,       19.96,
 139.270631,   35.160811,       18.37,
 139.275135,   35.160811,       16.90,
 139.279640,   35.160811,       15.42,
 139.284144,   35.160811,       13.92,
 139.288649,   35.160811,       12.40,
 139.293153,   35.160811,       10.87,
 139.297658,   35.160811,        9.31,
 139.302162,   35.160811,        7.71,
 139.306667,   35.160811,        6.34,
 139.311171,   35.160811,        5.10,
 139.315676,   35.160811,        4.00,
 139.320180,   35.160811,        2.99,
 139.324685,   35.160811,        2.06,
 139.329189,   35.160811,        1.19,
 139.333694,   35.160811,        0.43,
 139.338198,   35.160811,       -0.10,
 139.342703,   35.160811,       -0.45,
 139.347207,   35.160811,       -0.53,
 139.351712,   35.160811,       -0.38,
 139.356216,   35.160811,       -0.20,
 139.360721,   35.160811,       -0.01,
 139.365225,   35.160811,        0.20,
 139.369730,   35.160811,        0.43,
 139.374234,   35.160811,        0.69,
 139.378739,   35.160811,        1.16,
 139.383243,   35.160811,        1.92,
 139.387748,   35.160811,        3.02,
 139.392252,   35.160811,        4.62,
 139.396757,   35.160811,        6.60,
 139.401261,   35.160811,        8.58,
 139.405766,   35.160811,       10.57,
 139.410270,   35.160811,       12.55,
 139.414775,   35.160811,       14.64,
 139.419279,   35.160811,       16.90,
 139.423784,   35.160811,       19.19,
 139.428288,   35.160811,       21.51,
 139.432793,   35.160811,       23.86,
 139.437297,   35.160811,       26.25,
 139.441802,   35.160811,       28.67,
 139.446306,   35.160811,       31.11,
 139.450811,   35.160811,       33.58,
 139.455315,   35.160811,       35.98,
 139.459820,   35.160811,       38.35,
 139.464324,   35.160811,       40.48,
 139.468829,   35.160811,       42.30,
 139.473333,   35.160811,       43.82,
 139.477838,   35.160811,       45.01,
 139.482342,   35.160811,       45.89,
 139.486847,   35.160811,       46.35,
 139.491351,   35.160811,       46.20,
 139.495856,   35.160811,       45.54,
 139.500360,   35.160811,       45.11,
 139.504865,   35.160811,       45.00,
 139.509369,   35.160811,       45.09,
 139.513874,   35.160811,       45.41,
 139.518378,   35.160811,       45.90,
 139.522883,   35.160811,       46.40,
 139.527387,   35.160811,       46.94,
 139.531892,   35.160811,       48.01,
 139.536396,   35.160811,       49.52,
 139.540901,   35.160811,       51.10,
 139.545405,   35.160811,       52.66,
 139.549910,   35.160811,       54.17,
 139.554414,   35.160811,       55.14,
 139.558919,   35.160811,       55.54,
 139.563423,   35.160811,       55.97,
 139.567928,   35.160811,       55.41,
 139.572432,   35.160811,       52.12,
 139.576937,   35.160811,       48.75,
 139.581441,   35.160811,       46.42,
 139.585946,   35.160811,       46.39,
 139.590450,   35.160811,       46.42,
 139.594955,   35.160811,       46.18,
 139.599459,   35.160811,       45.99,
 139.603964,   35.160811,       46.64,
 139.608468,   35.160811,       54.52,
 139.612973,   35.160811,       62.82,
 139.617477,   35.160811,       68.24,
 139.621982,   35.160811,       65.25,
 139.626486,   35.160811,       60.89,
 139.630991,   35.160811,       56.98,
 139.635495,   35.160811,       53.45,
 139.640000,   35.160811,       50.31,
 139.644505,   35.160811,       47.58,
 139.649009,   35.160811,       45.31,
 139.653514,   35.160811,       43.76,
 139.658018,   35.160811,       43.42,
 139.662523,   35.160811,       44.13,
 139.667027,   35.160811,       43.36,
 139.671532,   35.160811,       42.34,
 139.676036,   35.160811,       41.18,
 139.680541,   35.160811,       40.43,
 139.685045,   35.160811,       40.14,
 139.689550,   35.160811,       39.89,
 139.694054,   35.160811,       39.72,
 139.698559,   35.160811,       40.29,
 139.703063,   35.160811,       41.19,
 139.707568,   35.160811,       41.98,
 139.712072,   35.160811,       42.51,
 139.716577,   35.160811,       43.11,
 139.721081,   35.160811,       43.92,
 139.725586,   35.160811,       44.85,
 139.730090,   35.160811,       45.64,
 139.734595,   35.160811,       46.53,
 139.739099,   35.160811,       47.39,
 139.743604,   35.160811,       47.99,
 139.748108,   35.160811,       48.52,
 139.752613,   35.160811,       48.86,
 139.757117,   35.160811,       49.01,
 139.761622,   35.160811,       49.05,
 139.766126,   35.160811,       48.99,
 139.770631,   35.160811,       48.84,
 139.775135,   35.160811,       48.69,
 139.779640,   35.160811,       48.66,
 139.784144,   35.160811,       48.86,
 139.788649,   35.160811,       49.24,
 139.793153,   35.160811,       49.86,
 139.797658,   35.160811,       50.63,
 139.802162,   35.160811,       51.23,
 139.806667,   35.160811,       52.14,
 139.811171,   35.160811,       53.87,
 139.815676,   35.160811,       55.92,
 139.820180,   35.160811,       58.39,
 139.824685,   35.160811,       59.39,
 139.829189,   35.160811,       56.55,
 139.833694,   35.160811,       54.93,
 139.838198,   35.160811,       53.90,
 139.842703,   35.160811,       53.50,
 139.847207,   35.160811,       53.43,
 139.851712,   35.160811,       53.41,
 139.856216,   35.160811,       53.41,
 139.860721,   35.160811,       53.39,
 139.865225,   35.160811,       53.32,
 139.869730,   35.160811,       53.15,
 139.874234,   35.160811,       52.92,
 139.878739,   35.160811,       52.66,
 139.883243,   35.160811,       52.39,
 139.887748,   35.160811,       52.11,
 139.892252,   35.160811,       51.82,
 139.896757,   35.160811,       51.52,
 139.901261,   35.160811,       51.21,
 139.905766,   35.160811,       50.87,
 139.910270,   35.160811,       50.49,
 139.914775,   35.160811,       50.08,
 139.919279,   35.160811,       49.67,
 139.923784,   35.160811,       49.24,
 139.928288,   35.160811,       48.82,
 139.932793,   35.160811,       48.40,
 139.937297,   35.160811,       47.98,
 139.941802,   35.160811,       47.57,
 139.946306,   35.160811,       47.15,
 139.950811,   35.160811,       46.75,
 139.955315,   35.160811,       46.34,
 139.959820,   35.160811,       45.94,
 139.964324,   35.160811,       45.55,
 139.968829,   35.160811,       45.16,
 139.973333,   35.160811,       44.77,
 139.977838,   35.160811,       44.39,
 139.982342,   35.160811,       44.01,
 139.986847,   35.160811,       43.64,
 139.991351,   35.160811,       43.27,
 139.995856,   35.160811,       42.91,
 140.000360,   35.160811,       42.55,
 140.004865,   35.160811,       42.19,
 140.009369,   35.160811,       41.84,
 140.013874,   35.160811,       41.49,
 140.018378,   35.160811,       41.15,
 140.022883,   35.160811,       40.81,
 140.027387,   35.160811,       40.48,
 140.031892,   35.160811,       40.16,
 140.036396,   35.160811,       39.84,
 140.040901,   35.160811,       39.53,
 140.045405,   35.160811,       39.23,
 140.049910,   35.160811,       38.92,
 140.054414,   35.160811,       38.63,
 140.058919,   35.160811,       38.34,
 140.063423,   35.160811,       38.05,
 140.067928,   35.160811,       37.77,
 140.072432,   35.160811,       37.49,
 140.076937,   35.160811,       37.21,
 140.081441,   35.160811,       36.94,
 140.085946,   35.160811,       36.66,
 140.090450,   35.160811,       36.40,
 140.094955,   35.160811,       36.13,
 140.099459,   35.160811,       35.87,
 140.103964,   35.160811,       35.62,
 140.108468,   35.160811,       35.37,
 140.112973,   35.160811,       35.12,
 140.117477,   35.160811,       34.87,
 140.121982,   35.160811,       34.64,
 140.126486,   35.160811,       34.40,
 140.130991,   35.160811,       34.18,
 140.135495,   35.160811,       33.95,
 140.140000,   35.160811,       33.74,
 140.144505,   35.160811,       33.53,
 140.149009,   35.160811,       33.33,
 140.153514,   35.160811,       33.13,
 140.158018,   35.160811,       32.94,
 140.162523,   35.160811,       32.76,
 140.167027,   35.160811,       32.57,
 140.171532,   35.160811,       32.39,
 140.176036,   35.160811,       32.21,
 140.180541,   35.160811,       32.03,
 140.185045,   35.160811,       31.85,
 140.189550,   35.160811,       31.68,
 140.194054,   35.160811,       31.51,
 140.198559,   35.160811,       31.34,
 140.203063,   35.160811,       31.17,
 140.207568,   35.160811,       31.00,
 140.212072,   35.160811,       30.84,
 140.216577,   35.160811,       30.67,
 140.221081,   35.160811,       30.51,
 140.225586,   35.160811,       30.34,
 140.230090,   35.160811,       30.18,
 140.234595,   35.160811,       30.02,
 140.239099,   35.160811,       29.85,
 140.243604,   35.160811,       29.70,
 140.248108,   35.160811,       29.54,
 140.252613,   35.160811,       29.40,
 140.257117,   35.160811,       29.26,
 140.261622,   35.160811,       29.12,
 140.266126,   35.160811,       28.99,
 140.270631,   35.160811,       28.87,
 140.275135,   35.160811,       28.76,
 140.279640,   35.160811,       28.66,
 140.284144,   35.160811,       28.58,
 140.288649,   35.160811,       28.52,
 140.293153,   35.160811,       28.49,
 140.297658,   35.160811,       28.52,
 140.302162,   35.160811,       28.63,
 140.306667,   35.160811,       28.81,
 140.311171,   35.160811,       29.00,
 140.315676,   35.160811,       29.24,
 140.320180,   35.160811,       29.55,
 140.324685,   35.160811,       29.95,
 140.329189,   35.160811,       30.36,
 140.333694,   35.160811,       30.75,
 140.338198,   35.160811,       31.08,
 140.342703,   35.160811,       31.35,
 140.347207,   35.160811,       31.54,
 140.351712,   35.160811,       31.56,
 140.356216,   35.160811,       31.52,
 140.360721,   35.160811,       31.49,
 140.365225,   35.160811,       31.49,
 140.369730,   35.160811,       31.49,
 140.374234,   35.160811,       31.51,
 140.378739,   35.160811,       31.54,
 140.383243,   35.160811,       31.56,
 140.387748,   35.160811,       31.58,
 139.140000,   35.165315,       60.66,
 139.144505,   35.165315,       61.28,
 139.149009,   35.165315,       61.69,
 139.153514,   35.165315,       61.52,
 139.158018,   35.165315,       61.45,
 139.162523,   35.165315,       61.27,
 139.167027,   35.165315,       60.88,
 139.171532,   35.165315,       61.85,
 139.176036,   35.165315,       63.00,
 139.180541,   35.165315,       64.19,
 139.185045,   35.165315,       65.06,
 139.189550,   35.165315,       63.75,
 139.194054,   35.165315,       60.97,
 139.198559,   35.165315,       58.37,
 139.203063,   35.165315,       56.03,
 139.207568,   35.165315,       53.55,
 139.212072,   35.165315,       50.31,
 139.216577,   35.165315,       46.97,
 139.221081,   35.165315,       43.59,
 139.225586,   35.165315,       40.23,
 139.230090,   35.165315,       37.33,
 139.234595,   35.165315,       34.88,
 139.239099,   35.165315,       32.83,
 139.243604,   35.165315,       30.74,
 139.248108,   35.165315,       28.52,
 139.252613,   35.165315,       26.19,
 139.257117,   35.165315,       23.74,
 139.261622,   35.165315,       21.41,
 139.266126,   35.165315,       19.39,
 139.270631,   35.165315,       17.62,
 139.275135,   35.165315,       16.05,
 139.279640,   35.165315,       14.55,
 139.284144,   35.165315,       13.04,
 139.288649,   35.165315,       11.52,
 139.293153,   35.165315,        9.99,
 139.297658,   35.165315,        8.48,
 139.302162,   35.165315,        7.17,
 139.306667,   35.165315,        5.96,
 139.311171,   35.165315,        4.83,
 139.315676,   35.165315,        3.79,
 139.320180,   35.165315,        2.84,
 139.324685,   35.165315,        1.98,
 139.329189,   35.165315,        1.19,
 139.333694,   35.165315,        0.46,
 139.338198,   35.165315,       -0.13,
 139.342703,   35.165315,       -0.53,
 139.347207,   35.165315,       -0.67,
 139.351712,   35.165315,       -0.51,
 139.356216,   35.165315,       -0.30,
 139.360721,   35.165315,       -0.04,
 139.365225,   35.165315,        0.23,
 139.369730,   35.165315,        0.49,
 139.374234,   35.165315,        0.72,
 139.378739,   35.165315,        1.01,
 139.383243,   35.165315,        1.59,
 139.387748,   35.165315,        2.55,
 139.392252,   35.165315,        4.20,
 139.396757,   35.165315,        6.19,
 139.401261,   35.165315,        8.19,
 139.405766,   35.165315,       10.19,
 139.410270,   35.165315,       12.21,
 139.414775,   35.165315,       14.33,
 139.419279,   35.165315,       16.60,
 139.423784,   35.165315,       18.92,
 139.428288,   35.165315,       21.26,
 139.432793,   35.165315,       23.70,
 139.437297,   35.165315,       26.22,
 139.441802,   35.165315,       28.78,
 139.446306,   35.165315,       31.33,
 139.450811,   35.165315,       33.91,
 139.455315,   35.165315,       36.72,
 139.459820,   35.165315,       39.24,
 139.464324,   35.165315,       41.51,
 139.468829,   35.165315,       43.51,
 139.473333,   35.165315,       45.26,
 139.477838,   35.165315,       46.72,
 139.482342,   35.165315,       47.88,
 139.486847,   35.165315,       48.38,
 139.491351,   35.165315,       48.18,
 139.495856,   35.165315,       47.12,
 139.500360,   35.165315,       46.27,
 139.504865,   35.165315,       45.78,
 139.509369,   35.165315,       45.56,
 139.513874,   35.165315,       45.67,
 139.518378,   35.165315,       46.16,
 139.522883,   35.165315,       46.76,
 139.527387,   35.165315,       47.50,
 139.531892,   35.165315,       48.55,
 139.536396,   35.165315,       49.88,
 139.540901,   35.165315,       51.41,
 139.545405,   35.165315,       52.93,
 139.549910,   35.165315,       54.43,
 139.554414,   35.165315,       55.07,
 139.558919,   35.165315,       55.25,
 139.563423,   35.165315,       55.36,
 139.567928,   35.165315,       54.66,
 139.572432,   35.165315,       51.83,
 139.576937,   35.165315,       48.72,
 139.581441,   35.165315,       46.82,
 139.585946,   35.165315,       47.59,
 139.590450,   35.165315,       48.06,
 139.594955,   35.165315,       45.35,
 139.599459,   35.165315,       43.19,
 139.603964,   35.165315,       46.41,
 139.608468,   35.165315,       57.45,
 139.612973,   35.165315,       67.83,
 139.617477,   35.165315,       76.19,
 139.621982,   35.165315,       70.65,
 139.626486,   35.165315,       65.37,
 139.630991,   35.165315,       60.88,
 139.635495,   35.165315,       56.83,
 139.640000,   35.165315,       53.13,
 139.644505,   35.165315,       49.79,
 139.649009,   35.165315,       46.92,
 139.653514,   35.165315,       44.75,
 139.658018,   35.165315,       43.92,
 139.662523,   35.165315,       44.64,
 139.667027,   35.165315,       43.13,
 139.671532,   35.165315,       41.64,
 139.676036,   35.165315,       40.26,
 139.680541,   35.165315,       39.58,
 139.685045,   35.165315,       39.14,
 139.689550,   35.165315,       38.90,
 139.694054,   35.165315,       38.88,
 139.698559,   35.165315,       39.01,
 139.703063,   35.165315,       39.66,
 139.707568,   35.165315,       40.22,
 139.712072,   35.165315,       40.65,
 139.716577,   35.165315,       41.31,
 139.721081,   35.165315,       42.35,
 139.725586,   35.165315,       43.50,
 139.730090,   35.165315,       44.44,
 139.734595,   35.165315,       45.45,
 139.739099,   35.165315,       46.51,
 139.743604,   35.165315,       47.28,
 139.748108,   35.165315,       47.76,
 139.752613,   35.165315,       48.15,
 139.757117,   35.165315,       48.41,
 139.761622,   35.165315,       48.39,
 139.766126,   35.165315,       48.30,
 139.770631,   35.165315,       48.17,
 139.775135,   35.165315,       48.10,
 139.779640,   35.165315,       48.13,
 139.784144,   35.165315,       48.25,
 139.788649,   35.165315,       48.75,
 139.793153,   35.165315,       49.65,
 139.797658,   35.165315,       50.66,
 139.802162,   35.165315,       51.59,
 139.806667,   35.165315,       53.07,
 139.811171,   35.165315,       54.80,
 139.815676,   35.165315,       57.69,
 139.820180,   35.165315,       61.69,
 139.824685,   35.165315,       61.09,
 139.829189,   35.165315,       57.48,
 139.833694,   35.165315,       55.74,
 139.838198,   35.165315,       54.69,
 139.842703,   35.165315,       54.19,
 139.847207,   35.165315,       54.04,
 139.851712,   35.165315,       53.99,
 139.856216,   35.165315,       53.98,
 139.860721,   35.165315,       53.96,
 139.865225,   35.165315,       53.87,
 139.869730,   35.165315,       53.67,
 139.874234,   35.165315,       53.42,
 139.878739,   35.165315,       53.14,
 139.883243,   35.165315,       52.85,
 139.887748,   35.165315,       52.56,
 139.892252,   35.165315,       52.26,
 139.896757,   35.165315,       51.95,
 139.901261,   35.165315,       51.61,
 139.905766,   35.165315,       51.23,
 139.910270,   35.165315,       50.81,
 139.914775,   35.165315,       50.38,
 139.919279,   35.165315,       49.95,
 139.923784,   35.165315,       49.51,
 139.928288,   35.165315,       49.07,
 139.932793,   35.165315,       48.64,
 139.937297,   35.165315,       48.21,
 139.941802,   35.165315,       47.79,
 139.946306,   35.165315,       47.37,
 139.950811,   35.165315,       46.96,
 139.955315,   35.165315,       46.55,
 139.959820,   35.165315,       46.14,
 139.964324,   35.165315,       45.74,
 139.968829,   35.165315,       45.35,
 139.973333,   35.165315,       44.96,
 139.977838,   35.165315,       44.58,
 139.982342,   35.165315,       44.20,
 139.986847,   35.165315,       43.82,
 139.991351,   35.165315,       43.45,
 139.995856,   35.165315,       43.09,
 140.000360,   35.165315,       42.73,
 140.004865,   35.165315,       42.37,
 140.009369,   35.165315,       42.02,
 140.013874,   35.165315,       41.67,
 140.018378,   35.165315,       41.33,
 140.022883,   35.165315,       41.00,
 140.027387,   35.165315,       40.67,
 140.031892,   35.165315,       40.35,
 140.036396,   35.165315,       40.04,
 140.040901,   35.165315,       39.73,
 140.045405,   35.165315,       39.42,
 140.049910,   35.165315,       39.12,
 140.054414,   35.165315,       38.83,
 140.058919,   35.165315,       38.54,
 140.063423,   35.165315,       38.25,
 140.067928,   35.165315,       37.97,
 140.072432,   35.165315,       37.69,
 140.076937,   35.165315,       37.41,
 140.081441,   35.165315,       37.13,
 140.085946,   35.165315,       36.85,
 140.090450,   35.165315,       36.59,
 140.094955,   35.165315,       36.32,
 140.099459,   35.165315,       36.06,
 140.103964,   35.165315,       35.80,
 140.108468,   35.165315,       35.55,
 140.112973,   35.165315,       35.30,
 140.117477,   35.165315,       35.06,
 140.121982,   35.165315,       34.82,
 140.126486,   35.165315,       34.59,
 140.130991,   35.165315,       34.37,
 140.135495,   35.165315,       34.15,
 140.140000,   35.165315,       33.93,
 140.144505,   35.165315,       33.73,
 140.149009,   35.165315,       33.53,
 140.153514,   35.165315,       33.34,
 140.158018,   35.165315,       33.15,
 140.162523,   35.165315,       32.97,
 140.167027,   35.165315,       32.79,
 140.171532,   35.165315,       32.62,
 140.176036,   35.165315,       32.45,
 140.180541,   35.165315,       32.28,
 140.185045,   35.165315,       32.11,
 140.189550,   35.165315,       31.95,
 140.194054,   35.165315,       31.79,
 140.198559,   35.165315,       31.63,
 140.203063,   35.165315,       31.47,
 140.207568,   35.165315,       31.32,
 140.212072,   35.165315,       31.16,
 140.216577,   35.165315,       31.01,
 140.221081,   35.165315,       30.87,
 140.225586,   35.165315,       30.72,
 140.230090,   35.165315,       30.58,
 140.234595,   35.165315,       30.43,
 140.239099,   35.165315,       30.29,
 140.243604,   35.165315,       30.15,
 140.248108,   35.165315,       30.01,
 140.252613,   35.165315,       29.88,
 140.257117,   35.165315,       29.75,
 140.261622,   35.165315,       29.63,
 140.266126,   35.165315,       29.52,
 140.270631,   35.165315,       29.41,
 140.275135,   35.165315,       29.32,
 140.279640,   35.165315,       29.23,
 140.284144,   35.165315,       29.16,
 140.288649,   35.165315,       29.11,
 140.293153,   35.165315,       29.07,
 140.297658,   35.165315,       29.06,
 140.302162,   35.165315,       29.09,
 140.306667,   35.165315,       29.18,
 140.311171,   35.165315,       29.35,
 140.315676,   35.165315,       29.53,
 140.320180,   35.165315,       29.75,
 140.324685,   35.165315,       30.06,
 140.329189,   35.165315,       30.52,
 140.333694,   35.165315,       30.99,
 140.338198,   35.165315,       31.26,
 140.342703,   35.165315,       31.52,
 140.347207,   35.165315,       31.77,
 140.351712,   35.165315,       31.82,
 140.356216,   35.165315,       31.77,
 140.360721,   35.165315,       31.73,
 140.365225,   35.165315,       31.70,
 140.369730,   35.165315,       31.68,
 140.374234,   35.165315,       31.69,
 140.378739,   35.165315,       31.69,
 140.383243,   35.165315,       31.69,
 140.387748,   35.165315,       31.69,
 139.140000,   35.169820,       61.14,
 139.144505,   35.169820,       61.88,
 139.149009,   35.169820,       62.27,
 139.153514,   35.169820,       62.50,
 139.158018,   35.169820,       62.70,
 139.162523,   35.169820,       62.79,
 139.167027,   35.169820,       62.90,
 139.171532,   35.169820,       63.11,
 139.176036,   35.169820,       63.63,
 139.180541,   35.169820,       64.20,
 139.185045,   35.169820,       64.67,
 139.189550,   35.169820,       63.66,
 139.194054,   35.169820,       61.39,
 139.198559,   35.169820,       59.19,
 139.203063,   35.169820,       57.12,
 139.207568,   35.169820,       54.90,
 139.212072,   35.169820,       51.64,
 139.216577,   35.169820,       48.22,
 139.221081,   35.169820,       44.80,
 139.225586,   35.169820,       41.39,
 139.230090,   35.169820,       38.16,
 139.234595,   35.169820,       35.48,
 139.239099,   35.169820,       33.25,
 139.243604,   35.169820,       30.91,
 139.248108,   35.169820,       28.48,
 139.252613,   35.169820,       25.95,
 139.257117,   35.169820,       23.33,
 139.261622,   35.169820,       20.93,
 139.266126,   35.169820,       18.81,
 139.270631,   35.169820,       16.93,
 139.275135,   35.169820,       15.28,
 139.279640,   35.169820,       13.76,
 139.284144,   35.169820,       12.25,
 139.288649,   35.169820,       10.75,
 139.293153,   35.169820,        9.24,
 139.297658,   35.169820,        7.75,
 139.302162,   35.169820,        6.51,
 139.306667,   35.169820,        5.39,
 139.311171,   35.169820,        4.37,
 139.315676,   35.169820,        3.42,
 139.320180,   35.169820,        2.54,
 139.324685,   35.169820,        1.75,
 139.329189,   35.169820,        1.04,
 139.333694,   35.169820,        0.39,
 139.338198,   35.169820,       -0.19,
 139.342703,   35.169820,       -0.66,
 139.347207,   35.169820,       -0.85,
 139.351712,   35.169820,       -0.61,
 139.356216,   35.169820,       -0.23,
 139.360721,   35.169820,        0.15,
 139.365225,   35.169820,        0.50,
 139.369730,   35.169820,        0.80,
 139.374234,   35.169820,        1.05,
 139.378739,   35.169820,        1.22,
 139.383243,   35.169820,        1.35,
 139.387748,   35.169820,        1.96,
 139.392252,   35.169820,        3.79,
 139.396757,   35.169820,        5.80,
 139.401261,   35.169820,        7.82,
 139.405766,   35.169820,        9.85,
 139.410270,   35.169820,       11.88,
 139.414775,   35.169820,       14.00,
 139.419279,   35.169820,       16.24,
 139.423784,   35.169820,       18.57,
 139.428288,   35.169820,       21.06,
 139.432793,   35.169820,       23.71,
 139.437297,   35.169820,       26.45,
 139.441802,   35.169820,       29.24,
 139.446306,   35.169820,       32.10,
 139.450811,   35.169820,       35.10,
 139.455315,   35.169820,       38.22,
 139.459820,   35.169820,       40.76,
 139.464324,   35.169820,       43.01,
 139.468829,   35.169820,       45.12,
 139.473333,   35.169820,       47.08,
 139.477838,   35.169820,       48.86,
 139.482342,   35.169820,       50.30,
 139.486847,   35.169820,       50.76,
 139.491351,   35.169820,       50.20,
 139.495856,   35.169820,       48.72,
 139.500360,   35.169820,       47.53,
 139.504865,   35.169820,       46.66,
 139.509369,   35.169820,       46.10,
 139.513874,   35.169820,       45.98,
 139.518378,   35.169820,       46.47,
 139.522883,   35.169820,       47.20,
 139.527387,   35.169820,       48.08,
 139.531892,   35.169820,       49.11,
 139.536396,   35.169820,       50.30,
 139.540901,   35.169820,       51.78,
 139.545405,   35.169820,       53.31,
 139.549910,   35.169820,       54.79,
 139.554414,   35.169820,       55.35,
 139.558919,   35.169820,       55.24,
 139.563423,   35.169820,       54.97,
 139.567928,   35.169820,       54.34,
 139.572432,   35.169820,       52.06,
 139.576937,   35.169820,       49.84,
 139.581441,   35.169820,       48.61,
 139.585946,   35.169820,       49.48,
 139.590450,   35.169820,       50.49,
 139.594955,   35.169820,       46.72,
 139.599459,   35.169820,       41.90,
 139.603964,   35.169820,       47.03,
 139.608468,   35.169820,       59.29,
 139.612973,   35.169820,       70.64,
 139.617477,   35.169820,       80.88,
 139.621982,   35.169820,       75.07,
 139.626486,   35.169820,       69.24,
 139.630991,   35.169820,       64.22,
 139.635495,   35.169820,       59.63,
 139.640000,   35.169820,       55.44,
 139.644505,   35.169820,       51.58,
 139.649009,   35.169820,       48.10,
 139.653514,   35.169820,       45.20,
 139.658018,   35.169820,       43.65,
 139.662523,   35.169820,       43.30,
 139.667027,   35.169820,       42.04,
 139.671532,   35.169820,       40.54,
 139.676036,   35.169820,       39.41,
 139.680541,   35.169820,       38.97,
 139.685045,   35.169820,       38.41,
 139.689550,   35.169820,       38.11,
 139.694054,   35.169820,       38.13,
 139.698559,   35.169820,       38.11,
 139.703063,   35.169820,       38.19,
 139.707568,   35.169820,       38.67,
 139.712072,   35.169820,       39.06,
 139.716577,   35.169820,       39.66,
 139.721081,   35.169820,       40.79,
 139.725586,   35.169820,       41.99,
 139.730090,   35.169820,       43.28,
 139.734595,   35.169820,       44.39,
 139.739099,   35.169820,       45.48,
 139.743604,   35.169820,       46.54,
 139.748108,   35.169820,       47.12,
 139.752613,   35.169820,       47.51,
 139.757117,   35.169820,       47.79,
 139.761622,   35.169820,       47.81,
 139.766126,   35.169820,       47.72,
 139.770631,   35.169820,       47.54,
 139.775135,   35.169820,       47.40,
 139.779640,   35.169820,       47.44,
 139.784144,   35.169820,       47.61,
 139.788649,   35.169820,       48.22,
 139.793153,   35.169820,       49.17,
 139.797658,   35.169820,       50.38,
 139.802162,   35.169820,       52.27,
 139.806667,   35.169820,       53.97,
 139.811171,   35.169820,       55.89,
 139.815676,   35.169820,       60.11,
 139.820180,   35.169820,       64.45,
 139.824685,   35.169820,       61.65,
 139.829189,   35.169820,       58.15,
 139.833694,   35.169820,       56.40,
 139.838198,   35.169820,       55.38,
 139.842703,   35.169820,       54.85,
 139.847207,   35.169820,       54.64,
 139.851712,   35.169820,       54.57,
 139.856216,   35.169820,       54.55,
 139.860721,   35.169820,       54.53,
 139.865225,   35.169820,       54.41,
 139.869730,   35.169820,       54.18,
 139.874234,   35.169820,       53.91,
 139.878739,   35.169820,       53.62,
 139.883243,   35.169820,       53.32,
 139.887748,   35.169820,       53.01,
 139.892252,   35.169820,       52.69,
 139.896757,   35.169820,       52.36,
 139.901261,   35.169820,       51.98,
 139.905766,   35.169820,       51.55,
 139.910270,   35.169820,       51.11,
 139.914775,   35.169820,       50.66,
 139.919279,   35.169820,       50.21,
 139.923784,   35.169820,       49.76,
 139.928288,   35.169820,       49.31,
 139.932793,   35.169820,       48.87,
 139.937297,   35.169820,       48.43,
 139.941802,   35.169820,       48.00,
 139.946306,   35.169820,       47.58,
 139.950811,   35.169820,       47.16,
 139.955315,   35.169820,       46.74,
 139.959820,   35.169820,       46.33,
 139.964324,   35.169820,       45.93,
 139.968829,   35.169820,       45.53,
 139.973333,   35.169820,       45.14,
 139.977838,   35.169820,       44.76,
 139.982342,   35.169820,       44.38,
 139.986847,   35.169820,       44.00,
 139.991351,   35.169820,       43.63,
 139.995856,   35.169820,       43.26,
 140.000360,   35.169820,       42.90,
 140.004865,   35.169820,       42.54,
 140.009369,   35.169820,       42.20,
 140.013874,   35.169820,       41.85,
 140.018378,   35.169820,       41.52,
 140.022883,   35.169820,       41.18,
 140.027387,   35.169820,       40.86,
 140.031892,   35.169820,       40.54,
 140.036396,   35.169820,       40.23,
 140.040901,   35.169820,       39.92,
 140.045405,   35.169820,       39.62,
 140.049910,   35.169820,       39.32,
 140.054414,   35.169820,       39.02,
 140.058919,   35.169820,       38.73,
 140.063423,   35.169820,       38.45,
 140.067928,   35.169820,       38.16,
 140.072432,   35.169820,       37.87,
 140.076937,   35.169820,       37.59,
 140.081441,   35.169820,       37.31,
 140.085946,   35.169820,       37.04,
 140.090450,   35.169820,       36.77,
 140.094955,   35.169820,       36.50,
 140.099459,   35.169820,       36.24,
 140.103964,   35.169820,       35.99,
 140.108468,   35.169820,       35.74,
 140.112973,   35.169820,       35.49,
 140.117477,   35.169820,       35.25,
 140.121982,   35.169820,       35.02,
 140.126486,   35.169820,       34.79,
 140.130991,   35.169820,       34.57,
 140.135495,   35.169820,       34.35,
 140.140000,   35.169820,       34.14,
 140.144505,   35.169820,       33.94,
 140.149009,   35.169820,       33.74,
 140.153514,   35.169820,       33.55,
 140.158018,   35.169820,       33.37,
 140.162523,   35.169820,       33.19,
 140.167027,   35.169820,       33.02,
 140.171532,   35.169820,       32.85,
 140.176036,   35.169820,       32.69,
 140.180541,   35.169820,       32.53,
 140.185045,   35.169820,       32.37,
 140.189550,   35.169820,       32.22,
 140.194054,   35.169820,       32.06,
 140.198559,   35.169820,       31.91,
 140.203063,   35.169820,       31.77,
 140.207568,   35.169820,       31.63,
 140.212072,   35.169820,       31.49,
 140.216577,   35.169820,       31.35,
 140.221081,   35.169820,       31.21,
 140.225586,   35.169820,       31.08,
 140.230090,   35.169820,       30.95,
 140.234595,   35.169820,       30.82,
 140.239099,   35.169820,       30.69,
 140.243604,   35.169820,       30.57,
 140.248108,   35.169820,       30.44,
 140.252613,   35.169820,       30.32,
 140.257117,   35.169820,       30.21,
 140.261622,   35.169820,       30.10,
 140.266126,   35.169820,       30.00,
 140.270631,   35.169820,       29.91,
 140.275135,   35.169820,       29.83,
 140.279640,   35.169820,       29.75,
 140.284144,   35.169820,       29.69,
 140.288649,   35.169820,       29.64,
 140.293153,   35.169820,       29.61,
 140.297658,   35.169820,       29.59,
 140.302162,   35.169820,       29.60,
 140.306667,   35.169820,       29.64,
 140.311171,   35.169820,       29.73,
 140.315676,   35.169820,       29.88,
 140.320180,   35.169820,       30.06,
 140.324685,   35.169820,       30.26,
 140.329189,   35.169820,       30.52,
 140.333694,   35.169820,       30.97,
 140.338198,   35.169820,       31.43,
 140.342703,   35.169820,       31.68,
 140.347207,   35.169820,       31.85,
 140.351712,   35.169820,       31.95,
 140.356216,   35.169820,       31.97,
 140.360721,   35.169820,       31.93,
 140.365225,   35.169820,       31.88,
 140.369730,   35.169820,       31.85,
 140.374234,   35.169820,       31.85,
 140.378739,   35.169820,       31.84,
 140.383243,   35.169820,       31.81,
 140.387748,   35.169820,       31.80,
 139.140000,   35.174324,       62.01,
 139.144505,   35.174324,       62.73,
 139.149009,   35.174324,       63.52,
 139.153514,   35.174324,       64.15,
 139.158018,   35.174324,       64.74,
 139.162523,   35.174324,       65.28,
 139.167027,   35.174324,       65.39,
 139.171532,   35.174324,       65.08,
 139.176036,   35.174324,       64.90,
 139.180541,   35.174324,       64.76,
 139.185045,   35.174324,       64.69,
 139.189550,   35.174324,       63.56,
 139.194054,   35.174324,       61.62,
 139.198559,   35.174324,       59.71,
 139.203063,   35.174324,       57.81,
 139.207568,   35.174324,       55.64,
 139.212072,   35.174324,       52.73,
 139.216577,   35.174324,       49.37,
 139.221081,   35.174324,       45.97,
 139.225586,   35.174324,       42.58,
 139.230090,   35.174324,       39.21,
 139.234595,   35.174324,       35.97,
 139.239099,   35.174324,       33.56,
 139.243604,   35.174324,       31.08,
 139.248108,   35.174324,       28.49,
 139.252613,   35.174324,       25.78,
 139.257117,   35.174324,       23.01,
 139.261622,   35.174324,       20.43,
 139.266126,   35.174324,       18.18,
 139.270631,   35.174324,       16.22,
 139.275135,   35.174324,       14.52,
 139.279640,   35.174324,       13.00,
 139.284144,   35.174324,       11.50,
 139.288649,   35.174324,       10.01,
 139.293153,   35.174324,        8.51,
 139.297658,   35.174324,        7.02,
 139.302162,   35.174324,        5.78,
 139.306667,   35.174324,        4.72,
 139.311171,   35.174324,        3.76,
 139.315676,   35.174324,        2.90,
 139.320180,   35.174324,        2.12,
 139.324685,   35.174324,        1.43,
 139.329189,   35.174324,        0.81,
 139.333694,   35.174324,        0.24,
 139.338198,   35.174324,       -0.28,
 139.342703,   35.174324,       -0.76,
 139.347207,   35.174324,       -0.98,
 139.351712,   35.174324,       -0.40,
 139.356216,   35.174324,        0.14,
 139.360721,   35.174324,        0.63,
 139.365225,   35.174324,        1.07,
 139.369730,   35.174324,        1.43,
 139.374234,   35.174324,        1.69,
 139.378739,   35.174324,        1.86,
 139.383243,   35.174324,        1.94,
 139.387748,   35.174324,        2.21,
 139.392252,   35.174324,        3.99,
 139.396757,   35.174324,        5.93,
 139.401261,   35.174324,        7.81,
 139.405766,   35.174324,        9.66,
 139.410270,   35.174324,       11.56,
 139.414775,   35.174324,       13.65,
 139.419279,   35.174324,       15.86,
 139.423784,   35.174324,       18.23,
 139.428288,   35.174324,       20.95,
 139.432793,   35.174324,       23.85,
 139.437297,   35.174324,       26.85,
 139.441802,   35.174324,       29.93,
 139.446306,   35.174324,       33.11,
 139.450811,   35.174324,       36.36,
 139.455315,   35.174324,       39.65,
 139.459820,   35.174324,       42.58,
 139.464324,   35.174324,       44.91,
 139.468829,   35.174324,       47.09,
 139.473333,   35.174324,       49.24,
 139.477838,   35.174324,       51.35,
 139.482342,   35.174324,       53.24,
 139.486847,   35.174324,       53.34,
 139.491351,   35.174324,       51.79,
 139.495856,   35.174324,       50.08,
 139.500360,   35.174324,       48.61,
 139.504865,   35.174324,       47.51,
 139.509369,   35.174324,       46.67,
 139.513874,   35.174324,       46.24,
 139.518378,   35.174324,       46.84,
 139.522883,   35.174324,       47.84,
 139.527387,   35.174324,       48.96,
 139.531892,   35.174324,       49.96,
 139.536396,   35.174324,       50.75,
 139.540901,   35.174324,       52.30,
 139.545405,   35.174324,       53.84,
 139.549910,   35.174324,       55.23,
 139.554414,   35.174324,       55.94,
 139.558919,   35.174324,       55.74,
 139.563423,   35.174324,       55.36,
 139.567928,   35.174324,       55.01,
 139.572432,   35.174324,       53.59,
 139.576937,   35.174324,       51.78,
 139.581441,   35.174324,       50.11,
 139.585946,   35.174324,       50.58,
 139.590450,   35.174324,       52.12,
 139.594955,   35.174324,       51.55,
 139.599459,   35.174324,       50.00,
 139.603964,   35.174324,       52.92,
 139.608468,   35.174324,       61.32,
 139.612973,   35.174324,       71.38,
 139.617477,   35.174324,       79.25,
 139.621982,   35.174324,       77.65,
 139.626486,   35.174324,       71.70,
 139.630991,   35.174324,       66.23,
 139.635495,   35.174324,       61.31,
 139.640000,   35.174324,       56.80,
 139.644505,   35.174324,       52.61,
 139.649009,   35.174324,       48.65,
 139.653514,   35.174324,       44.85,
 139.658018,   35.174324,       42.84,
 139.662523,   35.174324,       42.02,
 139.667027,   35.174324,       40.95,
 139.671532,   35.174324,       39.86,
 139.676036,   35.174324,       39.23,
 139.680541,   35.174324,       38.71,
 139.685045,   35.174324,       38.19,
 139.689550,   35.174324,       37.68,
 139.694054,   35.174324,       37.49,
 139.698559,   35.174324,       37.39,
 139.703063,   35.174324,       37.22,
 139.707568,   35.174324,       37.38,
 139.712072,   35.174324,       37.86,
 139.716577,   35.174324,       38.38,
 139.721081,   35.174324,       39.21,
 139.725586,   35.174324,       40.53,
 139.730090,   35.174324,       41.99,
 139.734595,   35.174324,       43.31,
 139.739099,   35.174324,       44.44,
 139.743604,   35.174324,       45.62,
 139.748108,   35.174324,       46.56,
 139.752613,   35.174324,       46.96,
 139.757117,   35.174324,       47.18,
 139.761622,   35.174324,       47.29,
 139.766126,   35.174324,       47.19,
 139.770631,   35.174324,       46.94,
 139.775135,   35.174324,       46.64,
 139.779640,   35.174324,       46.63,
 139.784144,   35.174324,       47.00,
 139.788649,   35.174324,       47.56,
 139.793153,   35.174324,       48.41,
 139.797658,   35.174324,       50.30,
 139.802162,   35.174324,       52.70,
 139.806667,   35.174324,       54.82,
 139.811171,   35.174324,       58.22,
 139.815676,   35.174324,       62.88,
 139.820180,   35.174324,       66.12,
 139.824685,   35.174324,       61.92,
 139.829189,   35.174324,       58.56,
 139.833694,   35.174324,       56.88,
 139.838198,   35.174324,       55.93,
 139.842703,   35.174324,       55.45,
 139.847207,   35.174324,       55.23,
 139.851712,   35.174324,       55.15,
 139.856216,   35.174324,       55.12,
 139.860721,   35.174324,       55.11,
 139.865225,   35.174324,       54.96,
 139.869730,   35.174324,       54.70,
 139.874234,   35.174324,       54.41,
 139.878739,   35.174324,       54.09,
 139.883243,   35.174324,       53.78,
 139.887748,   35.174324,       53.45,
 139.892252,   35.174324,       53.12,
 139.896757,   35.174324,       52.74,
 139.901261,   35.174324,       52.31,
 139.905766,   35.174324,       51.85,
 139.910270,   35.174324,       51.39,
 139.914775,   35.174324,       50.92,
 139.919279,   35.174324,       50.45,
 139.923784,   35.174324,       49.99,
 139.928288,   35.174324,       49.53,
 139.932793,   35.174324,       49.08,
 139.937297,   35.174324,       48.64,
 139.941802,   35.174324,       48.20,
 139.946306,   35.174324,       47.77,
 139.950811,   35.174324,       47.34,
 139.955315,   35.174324,       46.92,
 139.959820,   35.174324,       46.51,
 139.964324,   35.174324,       46.11,
 139.968829,   35.174324,       45.71,
 139.973333,   35.174324,       45.32,
 139.977838,   35.174324,       44.93,
 139.982342,   35.174324,       44.55,
 139.986847,   35.174324,       44.17,
 139.991351,   35.174324,       43.80,
 139.995856,   35.174324,       43.43,
 140.000360,   35.174324,       43.07,
 140.004865,   35.174324,       42.72,
 140.009369,   35.174324,       42.37,
 140.013874,   35.174324,       42.03,
 140.018378,   35.174324,       41.69,
 140.022883,   35.174324,       41.36,
 140.027387,   35.174324,       41.04,
 140.031892,   35.174324,       40.72,
 140.036396,   35.174324,       40.41,
 140.040901,   35.174324,       40.11,
 140.045405,   35.174324,       39.80,
 140.049910,   35.174324,       39.51,
 140.054414,   35.174324,       39.21,
 140.058919,   35.174324,       38.92,
 140.063423,   35.174324,       38.63,
 140.067928,   35.174324,       38.34,
 140.072432,   35.174324,       38.05,
 140.076937,   35.174324,       37.77,
 140.081441,   35.174324,       37.49,
 140.085946,   35.174324,       37.22,
 140.090450,   35.174324,       36.95,
 140.094955,   35.174324,       36.68,
 140.099459,   35.174324,       36.43,
 140.103964,   35.174324,       36.18,
 140.108468,   35.174324,       35.93,
 140.112973,   35.174324,       35.69,
 140.117477,   35.174324,       35.45,
 140.121982,   35.174324,       35.22,
 140.126486,   35.174324,       34.99,
 140.130991,   35.174324,       34.77,
 140.135495,   35.174324,       34.56,
 140.140000,   35.174324,       34.35,
 140.144505,   35.174324,       34.15,
 140.149009,   35.174324,       33.96,
 140.153514,   35.174324,       33.78,
 140.158018,   35.174324,       33.60,
 140.162523,   35.174324,       33.42,
 140.167027,   35.174324,       33.26,
 140.171532,   35.174324,       33.09,
 140.176036,   35.174324,       32.94,
 140.180541,   35.174324,       32.78,
 140.185045,   35.174324,       32.63,
 140.189550,   35.174324,       32.49,
 140.194054,   35.174324,       32.34,
 140.198559,   35.174324,       32.20,
 140.203063,   35.174324,       32.06,
 140.207568,   35.174324,       31.93,
 140.212072,   35.174324,       31.80,
 140.216577,   35.174324,       31.67,
 140.221081,   35.174324,       31.55,
 140.225586,   35.174324,       31.42,
 140.230090,   35.174324,       31.30,
 140.234595,   35.174324,       31.19,
 140.239099,   35.174324,       31.07,
 140.243604,   35.174324,       30.96,
 140.248108,   35.174324,       30.85,
 140.252613,   35.174324,       30.74,
 140.257117,   35.174324,       30.64,
 140.261622,   35.174324,       30.54,
 140.266126,   35.174324,       30.45,
 140.270631,   35.174324,       30.37,
 140.275135,   35.174324,       30.30,
 140.279640,   35.174324,       30.23,
 140.284144,   35.174324,       30.18,
 140.288649,   35.174324,       30.14,
 140.293153,   35.174324,       30.11,
 140.297658,   35.174324,       30.09,
 140.302162,   35.174324,       30.09,
 140.306667,   35.174324,       30.12,
 140.311171,   35.174324,       30.17,
 140.315676,   35.174324,       30.26,
 140.320180,   35.174324,       30.40,
 140.324685,   35.174324,       30.57,
 140.329189,   35.174324,       30.75,
 140.333694,   35.174324,       30.97,
 140.338198,   35.174324,       31.33,
 140.342703,   35.174324,       31.80,
 140.347207,   35.174324,       31.90,
 140.351712,   35.174324,       32.02,
 140.356216,   35.174324,       32.13,
 140.360721,   35.174324,       32.07,
 140.365225,   35.174324,       32.02,
 140.369730,   35.174324,       32.00,
 140.374234,   35.174324,       32.00,
 140.378739,   35.174324,       31.96,
 140.383243,   35.174324,       31.94,
 140.387748,   35.174324,       31.91,
 139.140000,   35.178829,       63.09,
 139.144505,   35.178829,       63.92,
 139.149009,   35.178829,       65.12,
 139.153514,   35.178829,       66.16,
 139.158018,   35.178829,       67.10,
 139.162523,   35.178829,       67.93,
 139.167027,   35.178829,       67.99,
 139.171532,   35.178829,       67.37,
 139.176036,   35.178829,       66.60,
 139.180541,   35.178829,       65.92,
 139.185045,   35.178829,       65.18,
 139.189550,   35.178829,       63.80,
 139.194054,   35.178829,       62.11,
 139.198559,   35.178829,       60.36,
 139.203063,   35.178829,       58.63,
 139.207568,   35.178829,       56.52,
 139.212072,   35.178829,       53.75,
 139.216577,   35.178829,       50.48,
 139.221081,   35.178829,       47.10,
 139.225586,   35.178829,       43.72,
 139.230090,   35.178829,       40.34,
 139.234595,   35.178829,       36.98,
 139.239099,   35.178829,       34.03,
 139.243604,   35.178829,       31.37,
 139.248108,   35.178829,       28.63,
 139.252613,   35.178829,       25.81,
 139.257117,   35.178829,       22.91,
 139.261622,   35.178829,       20.05,
 139.266126,   35.178829,       17.52,
 139.270631,   35.178829,       15.45,
 139.275135,   35.178829,       13.75,
 139.279640,   35.178829,       12.29,
 139.284144,   35.178829,       10.87,
 139.288649,   35.178829,        9.40,
 139.293153,   35.178829,        7.89,
 139.297658,   35.178829,        6.34,
 139.302162,   35.178829,        5.00,
 139.306667,   35.178829,        3.94,
 139.311171,   35.178829,        3.03,
 139.315676,   35.178829,        2.28,
 139.320180,   35.178829,        1.64,
 139.324685,   35.178829,        1.08,
 139.329189,   35.178829,        0.56,
 139.333694,   35.178829,        0.07,
 139.338198,   35.178829,       -0.38,
 139.342703,   35.178829,       -0.75,
 139.347207,   35.178829,       -0.45,
 139.351712,   35.178829,        0.17,
 139.356216,   35.178829,        0.77,
 139.360721,   35.178829,        1.34,
 139.365225,   35.178829,        1.87,
 139.369730,   35.178829,        2.32,
 139.374234,   35.178829,        2.67,
 139.378739,   35.178829,        2.94,
 139.383243,   35.178829,        3.30,
 139.387748,   35.178829,        3.89,
 139.392252,   35.178829,        5.14,
 139.396757,   35.178829,        6.73,
 139.401261,   35.178829,        8.34,
 139.405766,   35.178829,        9.91,
 139.410270,   35.178829,       11.50,
 139.414775,   35.178829,       13.30,
 139.419279,   35.178829,       15.47,
 139.423784,   35.178829,       17.97,
 139.428288,   35.178829,       20.94,
 139.432793,   35.178829,       24.12,
 139.437297,   35.178829,       27.40,
 139.441802,   35.178829,       30.75,
 139.446306,   35.178829,       34.21,
 139.450811,   35.178829,       37.70,
 139.455315,   35.178829,       41.14,
 139.459820,   35.178829,       44.25,
 139.464324,   35.178829,       46.88,
 139.468829,   35.178829,       49.24,
 139.473333,   35.178829,       51.57,
 139.477838,   35.178829,       53.93,
 139.482342,   35.178829,       56.40,
 139.486847,   35.178829,       54.62,
 139.491351,   35.178829,       52.52,
 139.495856,   35.178829,       50.73,
 139.500360,   35.178829,       49.23,
 139.504865,   35.178829,       48.00,
 139.509369,   35.178829,       47.04,
 139.513874,   35.178829,       46.35,
 139.518378,   35.178829,       47.51,
 139.522883,   35.178829,       48.84,
 139.527387,   35.178829,       50.18,
 139.531892,   35.178829,       51.43,
 139.536396,   35.178829,       52.63,
 139.540901,   35.178829,       53.72,
 139.545405,   35.178829,       54.89,
 139.549910,   35.178829,       56.01,
 139.554414,   35.178829,       56.80,
 139.558919,   35.178829,       56.66,
 139.563423,   35.178829,       56.41,
 139.567928,   35.178829,       56.35,
 139.572432,   35.178829,       55.57,
 139.576937,   35.178829,       53.25,
 139.581441,   35.178829,       48.52,
 139.585946,   35.178829,       45.21,
 139.590450,   35.178829,       47.95,
 139.594955,   35.178829,       54.55,
 139.599459,   35.178829,       58.85,
 139.603964,   35.178829,       61.61,
 139.608468,   35.178829,       65.20,
 139.612973,   35.178829,       71.27,
 139.617477,   35.178829,       77.85,
 139.621982,   35.178829,       77.76,
 139.626486,   35.178829,       72.22,
 139.630991,   35.178829,       66.87,
 139.635495,   35.178829,       61.83,
 139.640000,   35.178829,       57.21,
 139.644505,   35.178829,       52.87,
 139.649009,   35.178829,       48.50,
 139.653514,   35.178829,       43.91,
 139.658018,   35.178829,       41.61,
 139.662523,   35.178829,       40.84,
 139.667027,   35.178829,       40.17,
 139.671532,   35.178829,       39.61,
 139.676036,   35.178829,       39.05,
 139.680541,   35.178829,       38.55,
 139.685045,   35.178829,       38.06,
 139.689550,   35.178829,       37.50,
 139.694054,   35.178829,       36.94,
 139.698559,   35.178829,       36.83,
 139.703063,   35.178829,       36.61,
 139.707568,   35.178829,       36.36,
 139.712072,   35.178829,       36.95,
 139.716577,   35.178829,       37.46,
 139.721081,   35.178829,       37.91,
 139.725586,   35.178829,       39.36,
 139.730090,   35.178829,       40.85,
 139.734595,   35.178829,       42.28,
 139.739099,   35.178829,       43.67,
 139.743604,   35.178829,       44.88,
 139.748108,   35.178829,       45.94,
 139.752613,   35.178829,       46.51,
 139.757117,   35.178829,       46.73,
 139.761622,   35.178829,       46.83,
 139.766126,   35.178829,       46.73,
 139.770631,   35.178829,       46.46,
 139.775135,   35.178829,       46.12,
 139.779640,   35.178829,       45.90,
 139.784144,   35.178829,       46.29,
 139.788649,   35.178829,       46.85,
 139.793153,   35.178829,       47.96,
 139.797658,   35.178829,       50.26,
 139.802162,   35.178829,       52.75,
 139.806667,   35.178829,       55.94,
 139.811171,   35.178829,       61.19,
 139.815676,   35.178829,       65.89,
 139.820180,   35.178829,       66.89,
 139.824685,   35.178829,       62.05,
 139.829189,   35.178829,       58.70,
 139.833694,   35.178829,       57.14,
 139.838198,   35.178829,       56.33,
 139.842703,   35.178829,       55.95,
 139.847207,   35.178829,       55.79,
 139.851712,   35.178829,       55.72,
 139.856216,   35.178829,       55.70,
 139.860721,   35.178829,       55.69,
 139.865225,   35.178829,       55.51,
 139.869730,   35.178829,       55.22,
 139.874234,   35.178829,       54.90,
 139.878739,   35.178829,       54.57,
 139.883243,   35.178829,       54.24,
 139.887748,   35.178829,       53.90,
 139.892252,   35.178829,       53.53,
 139.896757,   35.178829,       53.09,
 139.901261,   35.178829,       52.61,
 139.905766,   35.178829,       52.13,
 139.910270,   35.178829,       51.64,
 139.914775,   35.178829,       51.16,
 139.919279,   35.178829,       50.68,
 139.923784,   35.178829,       50.21,
 139.928288,   35.178829,       49.74,
 139.932793,   35.178829,       49.28,
 139.937297,   35.178829,       48.83,
 139.941802,   35.178829,       48.39,
 139.946306,   35.178829,       47.95,
 139.950811,   35.178829,       47.52,
 139.955315,   35.178829,       47.10,
 139.959820,   35.178829,       46.69,
 139.964324,   35.178829,       46.28,
 139.968829,   35.178829,       45.88,
 139.973333,   35.178829,       45.49,
 139.977838,   35.178829,       45.10,
 139.982342,   35.178829,       44.71,
 139.986847,   35.178829,       44.34,
 139.991351,   35.178829,       43.96,
 139.995856,   35.178829,       43.60,
 140.000360,   35.178829,       43.24,
 140.004865,   35.178829,       42.89,
 140.009369,   35.178829,       42.54,
 140.013874,   35.178829,       42.20,
 140.018378,   35.178829,       41.87,
 140.022883,   35.178829,       41.54,
 140.027387,   35.178829,       41.22,
 140.031892,   35.178829,       40.90,
 140.036396,   35.178829,       40.59,
 140.040901,   35.178829,       40.29,
 140.045405,   35.178829,       39.99,
 140.049910,   35.178829,       39.69,
 140.054414,   35.178829,       39.39,
 140.058919,   35.178829,       39.10,
 140.063423,   35.178829,       38.81,
 140.067928,   35.178829,       38.52,
 140.072432,   35.178829,       38.23,
 140.076937,   35.178829,       37.95,
 140.081441,   35.178829,       37.67,
 140.085946,   35.178829,       37.39,
 140.090450,   35.178829,       37.13,
 140.094955,   35.178829,       36.87,
 140.099459,   35.178829,       36.62,
 140.103964,   35.178829,       36.37,
 140.108468,   35.178829,       36.12,
 140.112973,   35.178829,       35.88,
 140.117477,   35.178829,       35.65,
 140.121982,   35.178829,       35.42,
 140.126486,   35.178829,       35.20,
 140.130991,   35.178829,       34.99,
 140.135495,   35.178829,       34.78,
 140.140000,   35.178829,       34.57,
 140.144505,   35.178829,       34.38,
 140.149009,   35.178829,       34.19,
 140.153514,   35.178829,       34.01,
 140.158018,   35.178829,       33.83,
 140.162523,   35.178829,       33.66,
 140.167027,   35.178829,       33.50,
 140.171532,   35.178829,       33.34,
 140.176036,   35.178829,       33.19,
 140.180541,   35.178829,       33.04,
 140.185045,   35.178829,       32.90,
 140.189550,   35.178829,       32.76,
 140.194054,   35.178829,       32.62,
 140.198559,   35.178829,       32.49,
 140.203063,   35.178829,       32.36,
 140.207568,   35.178829,       32.23,
 140.212072,   35.178829,       32.11,
 140.216577,   35.178829,       31.99,
 140.221081,   35.178829,       31.87,
 140.225586,   35.178829,       31.76,
 140.230090,   35.178829,       31.65,
 140.234595,   35.178829,       31.54,
 140.239099,   35.178829,       31.43,
 140.243604,   35.178829,       31.33,
 140.248108,   35.178829,       31.23,
 140.252613,   35.178829,       31.14,
 140.257117,   35.178829,       31.04,
 140.261622,   35.178829,       30.96,
 140.266126,   35.178829,       30.88,
 140.270631,   35.178829,       30.80,
 140.275135,   35.178829,       30.74,
 140.279640,   35.178829,       30.68,
 140.284144,   35.178829,       30.63,
 140.288649,   35.178829,       30.60,
 140.293153,   35.178829,       30.57,
 140.297658,   35.178829,       30.56,
 140.302162,   35.178829,       30.56,
 140.306667,   35.178829,       30.58,
 140.311171,   35.178829,       30.62,
 140.315676,   35.178829,       30.68,
 140.320180,   35.178829,       30.78,
 140.324685,   35.178829,       30.91,
 140.329189,   35.178829,       31.07,
 140.333694,   35.178829,       31.24,
 140.338198,   35.178829,       31.41,
 140.342703,   35.178829,       31.64,
 140.347207,   35.178829,       31.95,
 140.351712,   35.178829,       32.06,
 140.356216,   35.178829,       32.11,
 140.360721,   35.178829,       32.12,
 140.365225,   35.178829,       32.10,
 140.369730,   35.178829,       32.07,
 140.374234,   35.178829,       32.07,
 140.378739,   35.178829,       32.06,
 140.383243,   35.178829,       32.05,
 140.387748,   35.178829,       32.04,
 139.140000,   35.183333,       64.21,
 139.144505,   35.183333,       65.13,
 139.149009,   35.183333,       66.47,
 139.153514,   35.183333,       67.81,
 139.158018,   35.183333,       69.09,
 139.162523,   35.183333,       70.43,
 139.167027,   35.183333,       70.56,
 139.171532,   35.183333,       69.44,
 139.176036,   35.183333,       68.41,
 139.180541,   35.183333,       67.46,
 139.185045,   35.183333,       66.34,
 139.189550,   35.183333,       64.76,
 139.194054,   35.183333,       63.01,
 139.198559,   35.183333,       61.27,
 139.203063,   35.183333,       59.52,
 139.207568,   35.183333,       57.54,
 139.212072,   35.183333,       54.85,
 139.216577,   35.183333,       51.56,
 139.221081,   35.183333,       48.19,
 139.225586,   35.183333,       44.82,
 139.230090,   35.183333,       41.44,
 139.234595,   35.183333,       38.10,
 139.239099,   35.183333,       34.87,
 139.243604,   35.183333,       31.92,
 139.248108,   35.183333,       29.02,
 139.252613,   35.183333,       26.06,
 139.257117,   35.183333,       23.02,
 139.261622,   35.183333,       19.93,
 139.266126,   35.183333,       16.97,
 139.270631,   35.183333,       14.63,
 139.275135,   35.183333,       13.07,
 139.279640,   35.183333,       11.78,
 139.284144,   35.183333,       10.43,
 139.288649,   35.183333,        8.99,
 139.293153,   35.183333,        7.45,
 139.297658,   35.183333,        5.82,
 139.302162,   35.183333,        4.27,
 139.306667,   35.183333,        3.06,
 139.311171,   35.183333,        2.19,
 139.315676,   35.183333,        1.61,
 139.320180,   35.183333,        1.14,
 139.324685,   35.183333,        0.71,
 139.329189,   35.183333,        0.29,
 139.333694,   35.183333,       -0.11,
 139.338198,   35.183333,       -0.46,
 139.342703,   35.183333,       -0.46,
 139.347207,   35.183333,        0.10,
 139.351712,   35.183333,        0.81,
 139.356216,   35.183333,        1.55,
 139.360721,   35.183333,        2.22,
 139.365225,   35.183333,        2.85,
 139.369730,   35.183333,        3.44,
 139.374234,   35.183333,        3.98,
 139.378739,   35.183333,        4.41,
 139.383243,   35.183333,        4.88,
 139.387748,   35.183333,        5.54,
 139.392252,   35.183333,        6.59,
 139.396757,   35.183333,        7.96,
 139.401261,   35.183333,        9.36,
 139.405766,   35.183333,       10.68,
 139.410270,   35.183333,       11.91,
 139.414775,   35.183333,       13.19,
 139.419279,   35.183333,       15.05,
 139.423784,   35.183333,       17.73,
 139.428288,   35.183333,       21.03,
 139.432793,   35.183333,       24.45,
 139.437297,   35.183333,       27.95,
 139.441802,   35.183333,       31.56,
 139.446306,   35.183333,       35.32,
 139.450811,   35.183333,       39.14,
 139.455315,   35.183333,       42.72,
 139.459820,   35.183333,       45.95,
 139.464324,   35.183333,       48.68,
 139.468829,   35.183333,       50.93,
 139.473333,   35.183333,       52.80,
 139.477838,   35.183333,       54.37,
 139.482342,   35.183333,       55.01,
 139.486847,   35.183333,       53.98,
 139.491351,   35.183333,       52.28,
 139.495856,   35.183333,       50.57,
 139.500360,   35.183333,       49.16,
 139.504865,   35.183333,       48.08,
 139.509369,   35.183333,       47.21,
 139.513874,   35.183333,       46.82,
 139.518378,   35.183333,       48.14,
 139.522883,   35.183333,       49.71,
 139.527387,   35.183333,       51.38,
 139.531892,   35.183333,       53.18,
 139.536396,   35.183333,       54.74,
 139.540901,   35.183333,       55.48,
 139.545405,   35.183333,       56.09,
 139.549910,   35.183333,       56.86,
 139.554414,   35.183333,       57.63,
 139.558919,   35.183333,       57.24,
 139.563423,   35.183333,       57.06,
 139.567928,   35.183333,       57.23,
 139.572432,   35.183333,       57.56,
 139.576937,   35.183333,       52.40,
 139.581441,   35.183333,       44.26,
 139.585946,   35.183333,       36.41,
 139.590450,   35.183333,       40.06,
 139.594955,   35.183333,       52.74,
 139.599459,   35.183333,       64.48,
 139.603964,   35.183333,       68.85,
 139.608468,   35.183333,       70.13,
 139.612973,   35.183333,       72.67,
 139.617477,   35.183333,       77.54,
 139.621982,   35.183333,       75.95,
 139.626486,   35.183333,       70.33,
 139.630991,   35.183333,       64.84,
 139.635495,   35.183333,       59.88,
 139.640000,   35.183333,       55.43,
 139.644505,   35.183333,       51.41,
 139.649009,   35.183333,       47.60,
 139.653514,   35.183333,       43.38,
 139.658018,   35.183333,       40.69,
 139.662523,   35.183333,       40.16,
 139.667027,   35.183333,       39.74,
 139.671532,   35.183333,       39.35,
 139.676036,   35.183333,       38.86,
 139.680541,   35.183333,       38.49,
 139.685045,   35.183333,       38.07,
 139.689550,   35.183333,       37.52,
 139.694054,   35.183333,       36.97,
 139.698559,   35.183333,       36.58,
 139.703063,   35.183333,       36.40,
 139.707568,   35.183333,       36.30,
 139.712072,   35.183333,       36.43,
 139.716577,   35.183333,       36.95,
 139.721081,   35.183333,       37.64,
 139.725586,   35.183333,       38.57,
 139.730090,   35.183333,       40.00,
 139.734595,   35.183333,       41.61,
 139.739099,   35.183333,       43.16,
 139.743604,   35.183333,       44.39,
 139.748108,   35.183333,       45.35,
 139.752613,   35.183333,       46.11,
 139.757117,   35.183333,       46.46,
 139.761622,   35.183333,       46.47,
 139.766126,   35.183333,       46.35,
 139.770631,   35.183333,       46.11,
 139.775135,   35.183333,       45.78,
 139.779640,   35.183333,       45.43,
 139.784144,   35.183333,       45.41,
 139.788649,   35.183333,       46.31,
 139.793153,   35.183333,       47.94,
 139.797658,   35.183333,       50.02,
 139.802162,   35.183333,       52.75,
 139.806667,   35.183333,       57.81,
 139.811171,   35.183333,       63.86,
 139.815676,   35.183333,       70.14,
 139.820180,   35.183333,       67.35,
 139.824685,   35.183333,       61.86,
 139.829189,   35.183333,       58.51,
 139.833694,   35.183333,       57.13,
 139.838198,   35.183333,       56.53,
 139.842703,   35.183333,       56.32,
 139.847207,   35.183333,       56.29,
 139.851712,   35.183333,       56.27,
 139.856216,   35.183333,       56.27,
 139.860721,   35.183333,       56.28,
 139.865225,   35.183333,       56.08,
 139.869730,   35.183333,       55.75,
 139.874234,   35.183333,       55.40,
 139.878739,   35.183333,       55.05,
 139.883243,   35.183333,       54.69,
 139.887748,   35.183333,       54.33,
 139.892252,   35.183333,       53.89,
 139.896757,   35.183333,       53.40,
 139.901261,   35.183333,       52.89,
 139.905766,   35.183333,       52.38,
 139.910270,   35.183333,       51.88,
 139.914775,   35.183333,       51.38,
 139.919279,   35.183333,       50.89,
 139.923784,   35.183333,       50.41,
 139.928288,   35.183333,       49.93,
 139.932793,   35.183333,       49.47,
 139.937297,   35.183333,       49.01,
 139.941802,   35.183333,       48.56,
 139.946306,   35.183333,       48.12,
 139.950811,   35.183333,       47.69,
 139.955315,   35.183333,       47.27,
 139.959820,   35.183333,       46.85,
 139.964324,   35.183333,       46.44,
 139.968829,   35.183333,       46.04,
 139.973333,   35.183333,       45.65,
 139.977838,   35.183333,       45.26,
 139.982342,   35.183333,       44.87,
 139.986847,   35.183333,       44.50,
 139.991351,   35.183333,       44.12,
 139.995856,   35.183333,       43.76,
 140.000360,   35.183333,       43.40,
 140.004865,   35.183333,       43.05,
 140.009369,   35.183333,       42.71,
 140.013874,   35.183333,       42.37,
 140.018378,   35.183333,       42.04,
 140.022883,   35.183333,       41.71,
 140.027387,   35.183333,       41.39,
 140.031892,   35.183333,       41.08,
 140.036396,   35.183333,       40.77,
 140.040901,   35.183333,       40.47,
 140.045405,   35.183333,       40.16,
 140.049910,   35.183333,       39.86,
 140.054414,   35.183333,       39.57,
 140.058919,   35.183333,       39.27,
 140.063423,   35.183333,       38.98,
 140.067928,   35.183333,       38.69,
 140.072432,   35.183333,       38.40,
 140.076937,   35.183333,       38.12,
 140.081441,   35.183333,       37.84,
 140.085946,   35.183333,       37.57,
 140.090450,   35.183333,       37.31,
 140.094955,   35.183333,       37.06,
 140.099459,   35.183333,       36.81,
 140.103964,   35.183333,       36.56,
 140.108468,   35.183333,       36.32,
 140.112973,   35.183333,       36.09,
 140.117477,   35.183333,       35.86,
 140.121982,   35.183333,       35.63,
 140.126486,   35.183333,       35.41,
 140.130991,   35.183333,       35.20,
 140.135495,   35.183333,       35.00,
 140.140000,   35.183333,       34.80,
 140.144505,   35.183333,       34.61,
 140.149009,   35.183333,       34.42,
 140.153514,   35.183333,       34.24,
 140.158018,   35.183333,       34.07,
 140.162523,   35.183333,       33.90,
 140.167027,   35.183333,       33.74,
 140.171532,   35.183333,       33.59,
 140.176036,   35.183333,       33.44,
 140.180541,   35.183333,       33.30,
 140.185045,   35.183333,       33.16,
 140.189550,   35.183333,       33.03,
 140.194054,   35.183333,       32.90,
 140.198559,   35.183333,       32.77,
 140.203063,   35.183333,       32.65,
 140.207568,   35.183333,       32.53,
 140.212072,   35.183333,       32.41,
 140.216577,   35.183333,       32.30,
 140.221081,   35.183333,       32.19,
 140.225586,   35.183333,       32.08,
 140.230090,   35.183333,       31.98,
 140.234595,   35.183333,       31.88,
 140.239099,   35.183333,       31.78,
 140.243604,   35.183333,       31.69,
 140.248108,   35.183333,       31.60,
 140.252613,   35.183333,       31.51,
 140.257117,   35.183333,       31.43,
 140.261622,   35.183333,       31.35,
 140.266126,   35.183333,       31.28,
 140.270631,   35.183333,       31.21,
 140.275135,   35.183333,       31.15,
 140.279640,   35.183333,       31.10,
 140.284144,   35.183333,       31.06,
 140.288649,   35.183333,       31.03,
 140.293153,   35.183333,       31.01,
 140.297658,   35.183333,       31.00,
 140.302162,   35.183333,       31.00,
 140.306667,   35.183333,       31.02,
 140.311171,   35.183333,       31.05,
 140.315676,   35.183333,       31.11,
 140.320180,   35.183333,       31.18,
 140.324685,   35.183333,       31.29,
 140.329189,   35.183333,       31.41,
 140.333694,   35.183333,       31.56,
 140.338198,   35.183333,       31.71,
 140.342703,   35.183333,       31.86,
 140.347207,   35.183333,       31.99,
 140.351712,   35.183333,       32.07,
 140.356216,   35.183333,       32.10,
 140.360721,   35.183333,       32.13,
 140.365225,   35.183333,       32.13,
 140.369730,   35.183333,       32.13,
 140.374234,   35.183333,       32.13,
 140.378739,   35.183333,       32.13,
 140.383243,   35.183333,       32.13,
 140.387748,   35.183333,       32.18,
 139.140000,   35.187838,       65.35,
 139.144505,   35.187838,       66.37,
 139.149009,   35.187838,       67.64,
 139.153514,   35.187838,       68.90,
 139.158018,   35.187838,       70.26,
 139.162523,   35.187838,       71.66,
 139.167027,   35.187838,       71.68,
 139.171532,   35.187838,       70.72,
 139.176036,   35.187838,       69.75,
 139.180541,   35.187838,       68.73,
 139.185045,   35.187838,       67.39,
 139.189550,   35.187838,       65.79,
 139.194054,   35.187838,       64.02,
 139.198559,   35.187838,       62.24,
 139.203063,   35.187838,       60.45,
 139.207568,   35.187838,       58.64,
 139.212072,   35.187838,       56.01,
 139.216577,   35.187838,       52.66,
 139.221081,   35.187838,       49.29,
 139.225586,   35.187838,       45.92,
 139.230090,   35.187838,       42.55,
 139.234595,   35.187838,       39.20,
 139.239099,   35.187838,       35.92,
 139.243604,   35.187838,       32.73,
 139.248108,   35.187838,       29.63,
 139.252613,   35.187838,       26.51,
 139.257117,   35.187838,       23.34,
 139.261622,   35.187838,       20.12,
 139.266126,   35.187838,       16.83,
 139.270631,   35.187838,       13.75,
 139.275135,   35.187838,       12.69,
 139.279640,   35.187838,       11.56,
 139.284144,   35.187838,       10.27,
 139.288649,   35.187838,        8.84,
 139.293153,   35.187838,        7.25,
 139.297658,   35.187838,        5.50,
 139.302162,   35.187838,        3.67,
 139.306667,   35.187838,        2.18,
 139.311171,   35.187838,        1.29,
 139.315676,   35.187838,        0.91,
 139.320180,   35.187838,        0.62,
 139.324685,   35.187838,        0.32,
 139.329189,   35.187838,        0.02,
 139.333694,   35.187838,       -0.27,
 139.338198,   35.187838,       -0.40,
 139.342703,   35.187838,       -0.07,
 139.347207,   35.187838,        0.60,
 139.351712,   35.187838,        1.41,
 139.356216,   35.187838,        2.29,
 139.360721,   35.187838,        3.12,
 139.365225,   35.187838,        3.91,
 139.369730,   35.187838,        4.65,
 139.374234,   35.187838,        5.33,
 139.378739,   35.187838,        5.91,
 139.383243,   35.187838,        6.46,
 139.387748,   35.187838,        7.24,
 139.392252,   35.187838,        8.29,
 139.396757,   35.187838,        9.54,
 139.401261,   35.187838,       10.80,
 139.405766,   35.187838,       11.96,
 139.410270,   35.187838,       12.96,
 139.414775,   35.187838,       13.77,
 139.419279,   35.187838,       14.68,
 139.423784,   35.187838,       17.56,
 139.428288,   35.187838,       21.08,
 139.432793,   35.187838,       24.67,
 139.437297,   35.187838,       28.36,
 139.441802,   35.187838,       32.20,
 139.446306,   35.187838,       36.24,
 139.450811,   35.187838,       40.42,
 139.455315,   35.187838,       44.36,
 139.459820,   35.187838,       47.73,
 139.464324,   35.187838,       50.35,
 139.468829,   35.187838,       51.83,
 139.473333,   35.187838,       52.81,
 139.477838,   35.187838,       53.35,
 139.482342,   35.187838,       53.02,
 139.486847,   35.187838,       52.19,
 139.491351,   35.187838,       51.01,
 139.495856,   35.187838,       49.62,
 139.500360,   35.187838,       48.50,
 139.504865,   35.187838,       47.64,
 139.509369,   35.187838,       47.05,
 139.513874,   35.187838,       47.16,
 139.518378,   35.187838,       48.47,
 139.522883,   35.187838,       50.24,
 139.527387,   35.187838,       52.28,
 139.531892,   35.187838,       54.54,
 139.536396,   35.187838,       56.90,
 139.540901,   35.187838,       57.08,
 139.545405,   35.187838,       57.22,
 139.549910,   35.187838,       57.54,
 139.554414,   35.187838,       57.47,
 139.558919,   35.187838,       57.21,
 139.563423,   35.187838,       57.11,
 139.567928,   35.187838,       57.34,
 139.572432,   35.187838,       57.64,
 139.576937,   35.187838,       53.18,
 139.581441,   35.187838,       44.24,
 139.585946,   35.187838,       33.49,
 139.590450,   35.187838,       36.89,
 139.594955,   35.187838,       52.01,
 139.599459,   35.187838,       66.76,
 139.603964,   35.187838,       73.36,
 139.608468,   35.187838,       72.53,
 139.612973,   35.187838,       74.00,
 139.617477,   35.187838,       77.29,
 139.621982,   35.187838,       71.38,
 139.626486,   35.187838,       65.02,
 139.630991,   35.187838,       59.69,
 139.635495,   35.187838,       54.99,
 139.640000,   35.187838,       50.94,
 139.644505,   35.187838,       47.43,
 139.649009,   35.187838,       44.34,
 139.653514,   35.187838,       41.65,
 139.658018,   35.187838,       39.85,
 139.662523,   35.187838,       39.51,
 139.667027,   35.187838,       39.22,
 139.671532,   35.187838,       39.01,
 139.676036,   35.187838,       38.75,
 139.680541,   35.187838,       38.43,
 139.685045,   35.187838,       38.10,
 139.689550,   35.187838,       37.63,
 139.694054,   35.187838,       37.08,
 139.698559,   35.187838,       36.50,
 139.703063,   35.187838,       36.40,
 139.707568,   35.187838,       36.36,
 139.712072,   35.187838,       36.24,
 139.716577,   35.187838,       36.68,
 139.721081,   35.187838,       37.45,
 139.725586,   35.187838,       38.16,
 139.730090,   35.187838,       39.43,
 139.734595,   35.187838,       41.15,
 139.739099,   35.187838,       42.73,
 139.743604,   35.187838,       44.04,
 139.748108,   35.187838,       44.98,
 139.752613,   35.187838,       45.76,
 139.757117,   35.187838,       46.27,
 139.761622,   35.187838,       46.26,
 139.766126,   35.187838,       46.12,
 139.770631,   35.187838,       45.84,
 139.775135,   35.187838,       45.49,
 139.779640,   35.187838,       45.12,
 139.784144,   35.187838,       44.76,
 139.788649,   35.187838,       45.74,
 139.793153,   35.187838,       47.49,
 139.797658,   35.187838,       49.57,
 139.802162,   35.187838,       52.88,
 139.806667,   35.187838,       58.40,
 139.811171,   35.187838,       65.02,
 139.815676,   35.187838,       72.21,
 139.820180,   35.187838,       66.99,
 139.824685,   35.187838,       61.11,
 139.829189,   35.187838,       57.88,
 139.833694,   35.187838,       56.79,
 139.838198,   35.187838,       56.48,
 139.842703,   35.187838,       56.51,
 139.847207,   35.187838,       56.69,
 139.851712,   35.187838,       56.79,
 139.856216,   35.187838,       56.85,
 139.860721,   35.187838,       56.88,
 139.865225,   35.187838,       56.65,
 139.869730,   35.187838,       56.28,
 139.874234,   35.187838,       55.90,
 139.878739,   35.187838,       55.52,
 139.883243,   35.187838,       55.15,
 139.887748,   35.187838,       54.73,
 139.892252,   35.187838,       54.22,
 139.896757,   35.187838,       53.68,
 139.901261,   35.187838,       53.14,
 139.905766,   35.187838,       52.62,
 139.910270,   35.187838,       52.10,
 139.914775,   35.187838,       51.59,
 139.919279,   35.187838,       51.09,
 139.923784,   35.187838,       50.59,
 139.928288,   35.187838,       50.11,
 139.932793,   35.187838,       49.64,
 139.937297,   35.187838,       49.18,
 139.941802,   35.187838,       48.73,
 139.946306,   35.187838,       48.28,
 139.950811,   35.187838,       47.85,
 139.955315,   35.187838,       47.43,
 139.959820,   35.187838,       47.01,
 139.964324,   35.187838,       46.60,
 139.968829,   35.187838,       46.20,
 139.973333,   35.187838,       45.80,
 139.977838,   35.187838,       45.41,
 139.982342,   35.187838,       45.03,
 139.986847,   35.187838,       44.65,
 139.991351,   35.187838,       44.28,
 139.995856,   35.187838,       43.92,
 140.000360,   35.187838,       43.56,
 140.004865,   35.187838,       43.21,
 140.009369,   35.187838,       42.87,
 140.013874,   35.187838,       42.54,
 140.018378,   35.187838,       42.21,
 140.022883,   35.187838,       41.88,
 140.027387,   35.187838,       41.56,
 140.031892,   35.187838,       41.25,
 140.036396,   35.187838,       40.94,
 140.040901,   35.187838,       40.64,
 140.045405,   35.187838,       40.33,
 140.049910,   35.187838,       40.03,
 140.054414,   35.187838,       39.73,
 140.058919,   35.187838,       39.44,
 140.063423,   35.187838,       39.14,
 140.067928,   35.187838,       38.85,
 140.072432,   35.187838,       38.57,
 140.076937,   35.187838,       38.29,
 140.081441,   35.187838,       38.02,
 140.085946,   35.187838,       37.75,
 140.090450,   35.187838,       37.50,
 140.094955,   35.187838,       37.25,
 140.099459,   35.187838,       37.00,
 140.103964,   35.187838,       36.76,
 140.108468,   35.187838,       36.52,
 140.112973,   35.187838,       36.29,
 140.117477,   35.187838,       36.06,
 140.121982,   35.187838,       35.84,
 140.126486,   35.187838,       35.63,
 140.130991,   35.187838,       35.42,
 140.135495,   35.187838,       35.22,
 140.140000,   35.187838,       35.02,
 140.144505,   35.187838,       34.84,
 140.149009,   35.187838,       34.65,
 140.153514,   35.187838,       34.48,
 140.158018,   35.187838,       34.31,
 140.162523,   35.187838,       34.14,
 140.167027,   35.187838,       33.99,
 140.171532,   35.187838,       33.84,
 140.176036,   35.187838,       33.70,
 140.180541,   35.187838,       33.56,
 140.185045,   35.187838,       33.43,
 140.189550,   35.187838,       33.30,
 140.194054,   35.187838,       33.17,
 140.198559,   35.187838,       33.05,
 140.203063,   35.187838,       32.93,
 140.207568,   35.187838,       32.82,
 140.212072,   35.187838,       32.71,
 140.216577,   35.187838,       32.60,
 140.221081,   35.187838,       32.50,
 140.225586,   35.187838,       32.40,
 140.230090,   35.187838,       32.30,
 140.234595,   35.187838,       32.21,
 140.239099,   35.187838,       32.12,
 140.243604,   35.187838,       32.03,
 140.248108,   35.187838,       31.95,
 140.252613,   35.187838,       31.87,
 140.257117,   35.187838,       31.79,
 140.261622,   35.187838,       31.72,
 140.266126,   35.187838,       31.66,
 140.270631,   35.187838,       31.60,
 140.275135,   35.187838,       31.54,
 140.279640,   35.187838,       31.50,
 140.284144,   35.187838,       31.46,
 140.288649,   35.187838,       31.43,
 140.293153,   35.187838,       31.42,
 140.297658,   35.187838,       31.41,
 140.302162,   35.187838,       31.41,
 140.306667,   35.187838,       31.42,
 140.311171,   35.187838,       31.44,
 140.315676,   35.187838,       31.48,
 140.320180,   35.187838,       31.54,
 140.324685,   35.187838,       31.61,
 140.329189,   35.187838,       31.70,
 140.333694,   35.187838,       31.81,
 140.338198,   35.187838,       31.93,
 140.342703,   35.187838,       32.05,
 140.347207,   35.187838,       32.16,
 140.351712,   35.187838,       32.25,
 140.356216,   35.187838,       32.27,
 140.360721,   35.187838,       32.26,
 140.365225,   35.187838,       32.24,
 140.369730,   35.187838,       32.23,
 140.374234,   35.187838,       32.21,
 140.378739,   35.187838,       32.19,
 140.383243,   35.187838,       32.36,
 140.387748,   35.187838,       32.38,
 139.140000,   35.192342,       67.10,
 139.144505,   35.192342,       67.86,
 139.149009,   35.192342,       68.67,
 139.153514,   35.192342,       69.71,
 139.158018,   35.192342,       70.91,
 139.162523,   35.192342,       71.91,
 139.167027,   35.192342,       71.95,
 139.171532,   35.192342,       71.36,
 139.176036,   35.192342,       70.65,
 139.180541,   35.192342,       69.81,
 139.185045,   35.192342,       68.51,
 139.189550,   35.192342,       66.87,
 139.194054,   35.192342,       65.18,
 139.198559,   35.192342,       63.50,
 139.203063,   35.192342,       61.76,
 139.207568,   35.192342,       59.92,
 139.212072,   35.192342,       57.39,
 139.216577,   35.192342,       54.06,
 139.221081,   35.192342,       50.64,
 139.225586,   35.192342,       47.16,
 139.230090,   35.192342,       43.68,
 139.234595,   35.192342,       40.30,
 139.239099,   35.192342,       37.01,
 139.243604,   35.192342,       33.73,
 139.248108,   35.192342,       30.43,
 139.252613,   35.192342,       27.15,
 139.257117,   35.192342,       23.87,
 139.261622,   35.192342,       20.57,
 139.266126,   35.192342,       17.35,
 139.270631,   35.192342,       14.61,
 139.275135,   35.192342,       13.10,
 139.279640,   35.192342,       11.87,
 139.284144,   35.192342,       10.51,
 139.288649,   35.192342,        9.00,
 139.293153,   35.192342,        7.30,
 139.297658,   35.192342,        5.42,
 139.302162,   35.192342,        3.37,
 139.306667,   35.192342,        1.34,
 139.311171,   35.192342,        0.44,
 139.315676,   35.192342,        0.29,
 139.320180,   35.192342,        0.16,
 139.324685,   35.192342,        0.01,
 139.329189,   35.192342,       -0.16,
 139.333694,   35.192342,       -0.31,
 139.338198,   35.192342,       -0.21,
 139.342703,   35.192342,        0.29,
 139.347207,   35.192342,        1.06,
 139.351712,   35.192342,        1.96,
 139.356216,   35.192342,        2.98,
 139.360721,   35.192342,        3.97,
 139.365225,   35.192342,        4.91,
 139.369730,   35.192342,        5.80,
 139.374234,   35.192342,        6.64,
 139.378739,   35.192342,        7.36,
 139.383243,   35.192342,        8.05,
 139.387748,   35.192342,        9.01,
 139.392252,   35.192342,       10.22,
 139.396757,   35.192342,       11.44,
 139.401261,   35.192342,       12.63,
 139.405766,   35.192342,       13.73,
 139.410270,   35.192342,       14.66,
 139.414775,   35.192342,       15.36,
 139.419279,   35.192342,       15.85,
 139.423784,   35.192342,       17.83,
 139.428288,   35.192342,       21.23,
 139.432793,   35.192342,       24.82,
 139.437297,   35.192342,       28.65,
 139.441802,   35.192342,       32.69,
 139.446306,   35.192342,       36.90,
 139.450811,   35.192342,       41.29,
 139.455315,   35.192342,       45.74,
 139.459820,   35.192342,       49.62,
 139.464324,   35.192342,       51.47,
 139.468829,   35.192342,       51.97,
 139.473333,   35.192342,       52.11,
 139.477838,   35.192342,       51.76,
 139.482342,   35.192342,       51.19,
 139.486847,   35.192342,       50.40,
 139.491351,   35.192342,       49.38,
 139.495856,   35.192342,       48.28,
 139.500360,   35.192342,       47.52,
 139.504865,   35.192342,       47.08,
 139.509369,   35.192342,       46.95,
 139.513874,   35.192342,       47.38,
 139.518378,   35.192342,       48.59,
 139.522883,   35.192342,       50.34,
 139.527387,   35.192342,       52.64,
 139.531892,   35.192342,       55.05,
 139.536396,   35.192342,       57.28,
 139.540901,   35.192342,       57.83,
 139.545405,   35.192342,       57.75,
 139.549910,   35.192342,       57.67,
 139.554414,   35.192342,       57.32,
 139.558919,   35.192342,       56.83,
 139.563423,   35.192342,       56.57,
 139.567928,   35.192342,       56.64,
 139.572432,   35.192342,       56.85,
 139.576937,   35.192342,       56.02,
 139.581441,   35.192342,       49.27,
 139.585946,   35.192342,       43.43,
 139.590450,   35.192342,       42.77,
 139.594955,   35.192342,       52.13,
 139.599459,   35.192342,       63.80,
 139.603964,   35.192342,       70.04,
 139.608468,   35.192342,       71.83,
 139.612973,   35.192342,       72.85,
 139.617477,   35.192342,       70.55,
 139.621982,   35.192342,       63.75,
 139.626486,   35.192342,       57.62,
 139.630991,   35.192342,       52.64,
 139.635495,   35.192342,       48.75,
 139.640000,   35.192342,       45.60,
 139.644505,   35.192342,       43.02,
 139.649009,   35.192342,       40.94,
 139.653514,   35.192342,       39.31,
 139.658018,   35.192342,       38.55,
 139.662523,   35.192342,       38.91,
 139.667027,   35.192342,       38.65,
 139.671532,   35.192342,       38.58,
 139.676036,   35.192342,       38.63,
 139.680541,   35.192342,       38.39,
 139.685045,   35.192342,       38.16,
 139.689550,   35.192342,       37.81,
 139.694054,   35.192342,       37.32,
 139.698559,   35.192342,       36.93,
 139.703063,   35.192342,       36.69,
 139.707568,   35.192342,       36.61,
 139.712072,   35.192342,       36.62,
 139.716577,   35.192342,       36.78,
 139.721081,   35.192342,       37.38,
 139.725586,   35.192342,       38.31,
 139.730090,   35.192342,       39.48,
 139.734595,   35.192342,       40.97,
 139.739099,   35.192342,       42.50,
 139.743604,   35.192342,       43.87,
 139.748108,   35.192342,       44.92,
 139.752613,   35.192342,       45.62,
 139.757117,   35.192342,       46.09,
 139.761622,   35.192342,       46.26,
 139.766126,   35.192342,       46.07,
 139.770631,   35.192342,       45.70,
 139.775135,   35.192342,       45.27,
 139.779640,   35.192342,       44.93,
 139.784144,   35.192342,       44.75,
 139.788649,   35.192342,       44.98,
 139.793153,   35.192342,       46.56,
 139.797658,   35.192342,       49.10,
 139.802162,   35.192342,       52.35,
 139.806667,   35.192342,       57.53,
 139.811171,   35.192342,       62.24,
 139.815676,   35.192342,       65.04,
 139.820180,   35.192342,       63.51,
 139.824685,   35.192342,       59.30,
 139.829189,   35.192342,       56.80,
 139.833694,   35.192342,       56.00,
 139.838198,   35.192342,       56.12,
 139.842703,   35.192342,       56.49,
 139.847207,   35.192342,       56.95,
 139.851712,   35.192342,       57.26,
 139.856216,   35.192342,       57.41,
 139.860721,   35.192342,       57.49,
 139.865225,   35.192342,       57.24,
 139.869730,   35.192342,       56.83,
 139.874234,   35.192342,       56.41,
 139.878739,   35.192342,       56.00,
 139.883243,   35.192342,       55.59,
 139.887748,   35.192342,       55.08,
 139.892252,   35.192342,       54.50,
 139.896757,   35.192342,       53.93,
 139.901261,   35.192342,       53.38,
 139.905766,   35.192342,       52.83,
 139.910270,   35.192342,       52.30,
 139.914775,   35.192342,       51.78,
 139.919279,   35.192342,       51.27,
 139.923784,   35.192342,       50.77,
 139.928288,   35.192342,       50.28,
 139.932793,   35.192342,       49.80,
 139.937297,   35.192342,       49.34,
 139.941802,   35.192342,       48.88,
 139.946306,   35.192342,       48.44,
 139.950811,   35.192342,       48.00,
 139.955315,   35.192342,       47.58,
 139.959820,   35.192342,       47.16,
 139.964324,   35.192342,       46.75,
 139.968829,   35.192342,       46.35,
 139.973333,   35.192342,       45.95,
 139.977838,   35.192342,       45.56,
 139.982342,   35.192342,       45.18,
 139.986847,   35.192342,       44.80,
 139.991351,   35.192342,       44.43,
 139.995856,   35.192342,       44.07,
 140.000360,   35.192342,       43.72,
 140.004865,   35.192342,       43.37,
 140.009369,   35.192342,       43.03,
 140.013874,   35.192342,       42.70,
 140.018378,   35.192342,       42.37,
 140.022883,   35.192342,       42.05,
 140.027387,   35.192342,       41.73,
 140.031892,   35.192342,       41.42,
 140.036396,   35.192342,       41.11,
 140.040901,   35.192342,       40.80,
 140.045405,   35.192342,       40.50,
 140.049910,   35.192342,       40.19,
 140.054414,   35.192342,       39.90,
 140.058919,   35.192342,       39.60,
 140.063423,   35.192342,       39.31,
 140.067928,   35.192342,       39.02,
 140.072432,   35.192342,       38.74,
 140.076937,   35.192342,       38.46,
 140.081441,   35.192342,       38.20,
 140.085946,   35.192342,       37.94,
 140.090450,   35.192342,       37.68,
 140.094955,   35.192342,       37.44,
 140.099459,   35.192342,       37.19,
 140.103964,   35.192342,       36.96,
 140.108468,   35.192342,       36.72,
 140.112973,   35.192342,       36.50,
 140.117477,   35.192342,       36.27,
 140.121982,   35.192342,       36.06,
 140.126486,   35.192342,       35.85,
 140.130991,   35.192342,       35.64,
 140.135495,   35.192342,       35.44,
 140.140000,   35.192342,       35.25,
 140.144505,   35.192342,       35.07,
 140.149009,   35.192342,       34.89,
 140.153514,   35.192342,       34.72,
 140.158018,   35.192342,       34.55,
 140.162523,   35.192342,       34.39,
 140.167027,   35.192342,       34.24,
 140.171532,   35.192342,       34.09,
 140.176036,   35.192342,       33.95,
 140.180541,   35.192342,       33.82,
 140.185045,   35.192342,       33.69,
 140.189550,   35.192342,       33.57,
 140.194054,   35.192342,       33.45,
 140.198559,   35.192342,       33.33,
 140.203063,   35.192342,       33.22,
 140.207568,   35.192342,       33.11,
 140.212072,   35.192342,       33.00,
 140.216577,   35.192342,       32.90,
 140.221081,   35.192342,       32.80,
 140.225586,   35.192342,       32.71,
 140.230090,   35.192342,       32.62,
 140.234595,   35.192342,       32.53,
 140.239099,   35.192342,       32.44,
 140.243604,   35.192342,       32.36,
 140.248108,   35.192342,       32.29,
 140.252613,   35.192342,       32.22,
 140.257117,   35.192342,       32.15,
 140.261622,   35.192342,       32.08,
 140.266126,   35.192342,       32.02,
 140.270631,   35.192342,       31.97,
 140.275135,   35.192342,       31.92,
 140.279640,   35.192342,       31.88,
 140.284144,   35.192342,       31.84,
 140.288649,   35.192342,       31.81,
 140.293153,   35.192342,       31.79,
 140.297658,   35.192342,       31.78,
 140.302162,   35.192342,       31.78,
 140.306667,   35.192342,       31.79,
 140.311171,   35.192342,       31.80,
 140.315676,   35.192342,       31.83,
 140.320180,   35.192342,       31.87,
 140.324685,   35.192342,       31.92,
 140.329189,   35.192342,       31.99,
 140.333694,   35.192342,       32.07,
 140.338198,   35.192342,       32.17,
 140.342703,   35.192342,       32.27,
 140.347207,   35.192342,       32.37,
 140.351712,   35.192342,       32.45,
 140.356216,   35.192342,       32.51,
 140.360721,   35.192342,       32.51,
 140.365225,   35.192342,       32.49,
 140.369730,   35.192342,       32.47,
 140.374234,   35.192342,       32.49,
 140.378739,   35.192342,       32.59,
 140.383243,   35.192342,       32.64,
 140.387748,   35.192342,       32.57,
 139.140000,   35.196847,       69.44,
 139.144505,   35.196847,       69.73,
 139.149009,   35.196847,       70.10,
 139.153514,   35.196847,       70.69,
 139.158018,   35.196847,       71.40,
 139.162523,   35.196847,       72.16,
 139.167027,   35.196847,       72.04,
 139.171532,   35.196847,       71.72,
 139.176036,   35.196847,       71.36,
 139.180541,   35.196847,       70.88,
 139.185045,   35.196847,       69.68,
 139.189550,   35.196847,       68.19,
 139.194054,   35.196847,       66.74,
 139.198559,   35.196847,       65.25,
 139.203063,   35.196847,       63.71,
 139.207568,   35.196847,       62.04,
 139.212072,   35.196847,       59.48,
 139.216577,   35.196847,       56.03,
 139.221081,   35.196847,       52.40,
 139.225586,   35.196847,       48.74,
 139.230090,   35.196847,       45.05,
 139.234595,   35.196847,       41.42,
 139.239099,   35.196847,       38.09,
 139.243604,   35.196847,       34.73,
 139.248108,   35.196847,       31.34,
 139.252613,   35.196847,       27.95,
 139.257117,   35.196847,       24.58,
 139.261622,   35.196847,       21.28,
 139.266126,   35.196847,       18.27,
 139.270631,   35.196847,       15.79,
 139.275135,   35.196847,       14.07,
 139.279640,   35.196847,       12.62,
 139.284144,   35.196847,       11.14,
 139.288649,   35.196847,        9.50,
 139.293153,   35.196847,        7.69,
 139.297658,   35.196847,        5.69,
 139.302162,   35.196847,        3.48,
 139.306667,   35.196847,        1.08,
 139.311171,   35.196847,       -0.06,
 139.315676,   35.196847,       -0.03,
 139.320180,   35.196847,       -0.04,
 139.324685,   35.196847,       -0.10,
 139.329189,   35.196847,       -0.17,
 139.333694,   35.196847,       -0.20,
 139.338198,   35.196847,        0.02,
 139.342703,   35.196847,        0.58,
 139.347207,   35.196847,        1.43,
 139.351712,   35.196847,        2.47,
 139.356216,   35.196847,        3.62,
 139.360721,   35.196847,        4.74,
 139.365225,   35.196847,        5.83,
 139.369730,   35.196847,        6.90,
 139.374234,   35.196847,        7.91,
 139.378739,   35.196847,        8.80,
 139.383243,   35.196847,        9.67,
 139.387748,   35.196847,       10.87,
 139.392252,   35.196847,       12.29,
 139.396757,   35.196847,       13.65,
 139.401261,   35.196847,       14.90,
 139.405766,   35.196847,       16.04,
 139.410270,   35.196847,       17.08,
 139.414775,   35.196847,       17.95,
 139.419279,   35.196847,       18.33,
 139.423784,   35.196847,       19.48,
 139.428288,   35.196847,       22.11,
 139.432793,   35.196847,       25.27,
 139.437297,   35.196847,       28.82,
 139.441802,   35.196847,       32.84,
 139.446306,   35.196847,       37.15,
 139.450811,   35.196847,       41.64,
 139.455315,   35.196847,       46.32,
 139.459820,   35.196847,       51.14,
 139.464324,   35.196847,       51.40,
 139.468829,   35.196847,       51.16,
 139.473333,   35.196847,       50.76,
 139.477838,   35.196847,       50.23,
 139.482342,   35.196847,       49.56,
 139.486847,   35.196847,       48.77,
 139.491351,   35.196847,       47.77,
 139.495856,   35.196847,       46.92,
 139.500360,   35.196847,       46.59,
 139.504865,   35.196847,       46.62,
 139.509369,   35.196847,       46.92,
 139.513874,   35.196847,       47.58,
 139.518378,   35.196847,       48.56,
 139.522883,   35.196847,       50.08,
 139.527387,   35.196847,       52.35,
 139.531892,   35.196847,       54.58,
 139.536396,   35.196847,       56.60,
 139.540901,   35.196847,       57.78,
 139.545405,   35.196847,       57.79,
 139.549910,   35.196847,       57.49,
 139.554414,   35.196847,       56.80,
 139.558919,   35.196847,       56.26,
 139.563423,   35.196847,       55.30,
 139.567928,   35.196847,       54.12,
 139.572432,   35.196847,       54.32,
 139.576937,   35.196847,       55.46,
 139.581441,   35.196847,       54.54,
 139.585946,   35.196847,       49.79,
 139.590450,   35.196847,       48.42,
 139.594955,   35.196847,       52.01,
 139.599459,   35.196847,       59.96,
 139.603964,   35.196847,       65.20,
 139.608468,   35.196847,       67.97,
 139.612973,   35.196847,       64.11,
 139.617477,   35.196847,       59.25,
 139.621982,   35.196847,       54.20,
 139.626486,   35.196847,       48.94,
 139.630991,   35.196847,       45.03,
 139.635495,   35.196847,       42.30,
 139.640000,   35.196847,       40.93,
 139.644505,   35.196847,       39.87,
 139.649009,   35.196847,       38.88,
 139.653514,   35.196847,       37.95,
 139.658018,   35.196847,       37.56,
 139.662523,   35.196847,       37.86,
 139.667027,   35.196847,       38.06,
 139.671532,   35.196847,       38.21,
 139.676036,   35.196847,       38.34,
 139.680541,   35.196847,       38.32,
 139.685045,   35.196847,       38.17,
 139.689550,   35.196847,       38.02,
 139.694054,   35.196847,       37.69,
 139.698559,   35.196847,       37.45,
 139.703063,   35.196847,       37.19,
 139.707568,   35.196847,       37.03,
 139.712072,   35.196847,       37.24,
 139.716577,   35.196847,       37.28,
 139.721081,   35.196847,       37.47,
 139.725586,   35.196847,       38.73,
 139.730090,   35.196847,       39.85,
 139.734595,   35.196847,       40.93,
 139.739099,   35.196847,       42.50,
 139.743604,   35.196847,       43.86,
 139.748108,   35.196847,       45.01,
 139.752613,   35.196847,       45.62,
 139.757117,   35.196847,       46.05,
 139.761622,   35.196847,       46.33,
 139.766126,   35.196847,       46.11,
 139.770631,   35.196847,       45.69,
 139.775135,   35.196847,       45.17,
 139.779640,   35.196847,       44.77,
 139.784144,   35.196847,       44.63,
 139.788649,   35.196847,       44.58,
 139.793153,   35.196847,       45.55,
 139.797658,   35.196847,       48.51,
 139.802162,   35.196847,       51.76,
 139.806667,   35.196847,       55.20,
 139.811171,   35.196847,       57.50,
 139.815676,   35.196847,       57.15,
 139.820180,   35.196847,       54.74,
 139.824685,   35.196847,       55.52,
 139.829189,   35.196847,       55.23,
 139.833694,   35.196847,       54.62,
 139.838198,   35.196847,       55.35,
 139.842703,   35.196847,       56.19,
 139.847207,   35.196847,       57.00,
 139.851712,   35.196847,       57.65,
 139.856216,   35.196847,       57.96,
 139.860721,   35.196847,       58.12,
 139.865225,   35.196847,       57.86,
 139.869730,   35.196847,       57.38,
 139.874234,   35.196847,       56.91,
 139.878739,   35.196847,       56.47,
 139.883243,   35.196847,       55.99,
 139.887748,   35.196847,       55.38,
 139.892252,   35.196847,       54.76,
 139.896757,   35.196847,       54.17,
 139.901261,   35.196847,       53.59,
 139.905766,   35.196847,       53.03,
 139.910270,   35.196847,       52.49,
 139.914775,   35.196847,       51.96,
 139.919279,   35.196847,       51.44,
 139.923784,   35.196847,       50.93,
 139.928288,   35.196847,       50.44,
 139.932793,   35.196847,       49.95,
 139.937297,   35.196847,       49.49,
 139.941802,   35.196847,       49.03,
 139.946306,   35.196847,       48.58,
 139.950811,   35.196847,       48.15,
 139.955315,   35.196847,       47.72,
 139.959820,   35.196847,       47.30,
 139.964324,   35.196847,       46.89,
 139.968829,   35.196847,       46.49,
 139.973333,   35.196847,       46.09,
 139.977838,   35.196847,       45.70,
 139.982342,   35.196847,       45.32,
 139.986847,   35.196847,       44.95,
 139.991351,   35.196847,       44.58,
 139.995856,   35.196847,       44.22,
 140.000360,   35.196847,       43.87,
 140.004865,   35.196847,       43.53,
 140.009369,   35.196847,       43.19,
 140.013874,   35.196847,       42.85,
 140.018378,   35.196847,       42.53,
 140.022883,   35.196847,       42.20,
 140.027387,   35.196847,       41.89,
 140.031892,   35.196847,       41.58,
 140.036396,   35.196847,       41.27,
 140.040901,   35.196847,       40.96,
 140.045405,   35.196847,       40.65,
 140.049910,   35.196847,       40.35,
 140.054414,   35.196847,       40.05,
 140.058919,   35.196847,       39.76,
 140.063423,   35.196847,       39.47,
 140.067928,   35.196847,       39.18,
 140.072432,   35.196847,       38.91,
 140.076937,   35.196847,       38.64,
 140.081441,   35.196847,       38.38,
 140.085946,   35.196847,       38.12,
 140.090450,   35.196847,       37.87,
 140.094955,   35.196847,       37.63,
 140.099459,   35.196847,       37.39,
 140.103964,   35.196847,       37.15,
 140.108468,   35.196847,       36.93,
 140.112973,   35.196847,       36.70,
 140.117477,   35.196847,       36.48,
 140.121982,   35.196847,       36.27,
 140.126486,   35.196847,       36.07,
 140.130991,   35.196847,       35.87,
 140.135495,   35.196847,       35.67,
 140.140000,   35.196847,       35.48,
 140.144505,   35.196847,       35.30,
 140.149009,   35.196847,       35.13,
 140.153514,   35.196847,       34.96,
 140.158018,   35.196847,       34.79,
 140.162523,   35.196847,       34.64,
 140.167027,   35.196847,       34.49,
 140.171532,   35.196847,       34.34,
 140.176036,   35.196847,       34.21,
 140.180541,   35.196847,       34.08,
 140.185045,   35.196847,       33.95,
 140.189550,   35.196847,       33.83,
 140.194054,   35.196847,       33.72,
 140.198559,   35.196847,       33.61,
 140.203063,   35.196847,       33.50,
 140.207568,   35.196847,       33.39,
 140.212072,   35.196847,       33.29,
 140.216577,   35.196847,       33.19,
 140.221081,   35.196847,       33.10,
 140.225586,   35.196847,       33.01,
 140.230090,   35.196847,       32.92,
 140.234595,   35.196847,       32.84,
 140.239099,   35.196847,       32.76,
 140.243604,   35.196847,       32.69,
 140.248108,   35.196847,       32.62,
 140.252613,   35.196847,       32.55,
 140.257117,   35.196847,       32.49,
 140.261622,   35.196847,       32.43,
 140.266126,   35.196847,       32.37,
 140.270631,   35.196847,       32.32,
 140.275135,   35.196847,       32.27,
 140.279640,   35.196847,       32.23,
 140.284144,   35.196847,       32.20,
 140.288649,   35.196847,       32.17,
 140.293153,   35.196847,       32.15,
 140.297658,   35.196847,       32.14,
 140.302162,   35.196847,       32.14,
 140.306667,   35.196847,       32.14,
 140.311171,   35.196847,       32.15,
 140.315676,   35.196847,       32.17,
 140.320180,   35.196847,       32.20,
 140.324685,   35.196847,       32.24,
 140.329189,   35.196847,       32.30,
 140.333694,   35.196847,       32.36,
 140.338198,   35.196847,       32.43,
 140.342703,   35.196847,       32.51,
 140.347207,   35.196847,       32.60,
 140.351712,   35.196847,       32.66,
 140.356216,   35.196847,       32.72,
 140.360721,   35.196847,       32.75,
 140.365225,   35.196847,       32.74,
 140.369730,   35.196847,       32.77,
 140.374234,   35.196847,       32.83,
 140.378739,   35.196847,       32.88,
 140.383243,   35.196847,       32.83,
 140.387748,   35.196847,       32.76,
 139.140000,   35.201351,       71.72,
 139.144505,   35.201351,       71.61,
 139.149009,   35.201351,       71.88,
 139.153514,   35.201351,       72.04,
 139.158018,   35.201351,       72.23,
 139.162523,   35.201351,       72.02,
 139.167027,   35.201351,       71.71,
 139.171532,   35.201351,       71.61,
 139.176036,   35.201351,       71.60,
 139.180541,   35.201351,       71.68,
 139.185045,   35.201351,       71.05,
 139.189550,   35.201351,       69.90,
 139.194054,   35.201351,       68.65,
 139.198559,   35.201351,       67.32,
 139.203063,   35.201351,       65.97,
 139.207568,   35.201351,       64.29,
 139.212072,   35.201351,       61.73,
 139.216577,   35.201351,       58.30,
 139.221081,   35.201351,       54.47,
 139.225586,   35.201351,       50.61,
 139.230090,   35.201351,       46.71,
 139.234595,   35.201351,       42.77,
 139.239099,   35.201351,       39.15,
 139.243604,   35.201351,       35.66,
 139.248108,   35.201351,       32.17,
 139.252613,   35.201351,       28.70,
 139.257117,   35.201351,       25.26,
 139.261622,   35.201351,       21.99,
 139.266126,   35.201351,       19.12,
 139.270631,   35.201351,       16.81,
 139.275135,   35.201351,       15.21,
 139.279640,   35.201351,       13.77,
 139.284144,   35.201351,       12.17,
 139.288649,   35.201351,       10.43,
 139.293153,   35.201351,        8.48,
 139.297658,   35.201351,        6.32,
 139.302162,   35.201351,        4.03,
 139.306667,   35.201351,        1.72,
 139.311171,   35.201351,        0.41,
 139.315676,   35.201351,        0.14,
 139.320180,   35.201351,        0.10,
 139.324685,   35.201351,        0.05,
 139.329189,   35.201351,        0.01,
 139.333694,   35.201351,       -0.03,
 139.338198,   35.201351,        0.18,
 139.342703,   35.201351,        0.79,
 139.347207,   35.201351,        1.72,
 139.351712,   35.201351,        2.89,
 139.356216,   35.201351,        4.14,
 139.360721,   35.201351,        5.36,
 139.365225,   35.201351,        6.58,
 139.369730,   35.201351,        7.82,
 139.374234,   35.201351,        9.08,
 139.378739,   35.201351,       10.23,
 139.383243,   35.201351,       11.32,
 139.387748,   35.201351,       12.91,
 139.392252,   35.201351,       14.49,
 139.396757,   35.201351,       16.01,
 139.401261,   35.201351,       17.42,
 139.405766,   35.201351,       18.72,
 139.410270,   35.201351,       19.91,
 139.414775,   35.201351,       20.68,
 139.419279,   35.201351,       20.85,
 139.423784,   35.201351,       21.33,
 139.428288,   35.201351,       23.10,
 139.432793,   35.201351,       25.70,
 139.437297,   35.201351,       28.85,
 139.441802,   35.201351,       32.57,
 139.446306,   35.201351,       36.84,
 139.450811,   35.201351,       41.15,
 139.455315,   35.201351,       45.33,
 139.459820,   35.201351,       48.92,
 139.464324,   35.201351,       50.13,
 139.468829,   35.201351,       50.05,
 139.473333,   35.201351,       49.56,
 139.477838,   35.201351,       48.93,
 139.482342,   35.201351,       48.18,
 139.486847,   35.201351,       47.29,
 139.491351,   35.201351,       46.25,
 139.495856,   35.201351,       45.56,
 139.500360,   35.201351,       45.90,
 139.504865,   35.201351,       46.40,
 139.509369,   35.201351,       47.07,
 139.513874,   35.201351,       47.81,
 139.518378,   35.201351,       48.58,
 139.522883,   35.201351,       49.71,
 139.527387,   35.201351,       51.99,
 139.531892,   35.201351,       54.14,
 139.536396,   35.201351,       56.15,
 139.540901,   35.201351,       57.75,
 139.545405,   35.201351,       57.60,
 139.549910,   35.201351,       56.78,
 139.554414,   35.201351,       55.84,
 139.558919,   35.201351,       54.95,
 139.563423,   35.201351,       52.83,
 139.567928,   35.201351,       50.41,
 139.572432,   35.201351,       49.87,
 139.576937,   35.201351,       50.32,
 139.581441,   35.201351,       50.26,
 139.585946,   35.201351,       49.24,
 139.590450,   35.201351,       49.26,
 139.594955,   35.201351,       55.02,
 139.599459,   35.201351,       61.69,
 139.603964,   35.201351,       66.71,
 139.608468,   35.201351,       62.15,
 139.612973,   35.201351,       54.33,
 139.617477,   35.201351,       47.95,
 139.621982,   35.201351,       43.23,
 139.626486,   35.201351,       39.60,
 139.630991,   35.201351,       39.15,
 139.635495,   35.201351,       39.88,
 139.640000,   35.201351,       40.18,
 139.644505,   35.201351,       39.97,
 139.649009,   35.201351,       39.45,
 139.653514,   35.201351,       38.95,
 139.658018,   35.201351,       38.76,
 139.662523,   35.201351,       38.79,
 139.667027,   35.201351,       38.59,
 139.671532,   35.201351,       38.07,
 139.676036,   35.201351,       38.06,
 139.680541,   35.201351,       38.09,
 139.685045,   35.201351,       38.09,
 139.689550,   35.201351,       38.07,
 139.694054,   35.201351,       38.15,
 139.698559,   35.201351,       38.07,
 139.703063,   35.201351,       37.89,
 139.707568,   35.201351,       38.05,
 139.712072,   35.201351,       38.20,
 139.716577,   35.201351,       38.34,
 139.721081,   35.201351,       38.65,
 139.725586,   35.201351,       39.46,
 139.730090,   35.201351,       40.59,
 139.734595,   35.201351,       41.68,
 139.739099,   35.201351,       42.90,
 139.743604,   35.201351,       44.19,
 139.748108,   35.201351,       45.20,
 139.752613,   35.201351,       45.87,
 139.757117,   35.201351,       46.27,
 139.761622,   35.201351,       46.41,
 139.766126,   35.201351,       46.27,
 139.770631,   35.201351,       45.86,
 139.775135,   35.201351,       45.27,
 139.779640,   35.201351,       44.61,
 139.784144,   35.201351,       44.36,
 139.788649,   35.201351,       44.59,
 139.793153,   35.201351,       45.25,
 139.797658,   35.201351,       47.52,
 139.802162,   35.201351,       50.92,
 139.806667,   35.201351,       54.56,
 139.811171,   35.201351,       55.03,
 139.815676,   35.201351,       54.94,
 139.820180,   35.201351,       53.48,
 139.824685,   35.201351,       50.90,
 139.829189,   35.201351,       52.61,
 139.833694,   35.201351,       52.78,
 139.838198,   35.201351,       53.98,
 139.842703,   35.201351,       55.55,
 139.847207,   35.201351,       56.83,
 139.851712,   35.201351,       57.89,
 139.856216,   35.201351,       58.49,
 139.860721,   35.201351,       58.76,
 139.865225,   35.201351,       58.52,
 139.869730,   35.201351,       57.96,
 139.874234,   35.201351,       57.43,
 139.878739,   35.201351,       56.93,
 139.883243,   35.201351,       56.32,
 139.887748,   35.201351,       55.65,
 139.892252,   35.201351,       55.00,
 139.896757,   35.201351,       54.38,
 139.901261,   35.201351,       53.79,
 139.905766,   35.201351,       53.21,
 139.910270,   35.201351,       52.66,
 139.914775,   35.201351,       52.12,
 139.919279,   35.201351,       51.59,
 139.923784,   35.201351,       51.08,
 139.928288,   35.201351,       50.58,
 139.932793,   35.201351,       50.10,
 139.937297,   35.201351,       49.63,
 139.941802,   35.201351,       49.17,
 139.946306,   35.201351,       48.72,
 139.950811,   35.201351,       48.29,
 139.955315,   35.201351,       47.86,
 139.959820,   35.201351,       47.44,
 139.964324,   35.201351,       47.03,
 139.968829,   35.201351,       46.63,
 139.973333,   35.201351,       46.23,
 139.977838,   35.201351,       45.84,
 139.982342,   35.201351,       45.46,
 139.986847,   35.201351,       45.09,
 139.991351,   35.201351,       44.73,
 139.995856,   35.201351,       44.37,
 140.000360,   35.201351,       44.02,
 140.004865,   35.201351,       43.67,
 140.009369,   35.201351,       43.34,
 140.013874,   35.201351,       43.01,
 140.018378,   35.201351,       42.68,
 140.022883,   35.201351,       42.36,
 140.027387,   35.201351,       42.04,
 140.031892,   35.201351,       41.73,
 140.036396,   35.201351,       41.42,
 140.040901,   35.201351,       41.11,
 140.045405,   35.201351,       40.81,
 140.049910,   35.201351,       40.51,
 140.054414,   35.201351,       40.21,
 140.058919,   35.201351,       39.92,
 140.063423,   35.201351,       39.63,
 140.067928,   35.201351,       39.35,
 140.072432,   35.201351,       39.08,
 140.076937,   35.201351,       38.81,
 140.081441,   35.201351,       38.56,
 140.085946,   35.201351,       38.31,
 140.090450,   35.201351,       38.06,
 140.094955,   35.201351,       37.82,
 140.099459,   35.201351,       37.58,
 140.103964,   35.201351,       37.35,
 140.108468,   35.201351,       37.13,
 140.112973,   35.201351,       36.91,
 140.117477,   35.201351,       36.70,
 140.121982,   35.201351,       36.49,
 140.126486,   35.201351,       36.29,
 140.130991,   35.201351,       36.09,
 140.135495,   35.201351,       35.90,
 140.140000,   35.201351,       35.71,
 140.144505,   35.201351,       35.54,
 140.149009,   35.201351,       35.36,
 140.153514,   35.201351,       35.20,
 140.158018,   35.201351,       35.04,
 140.162523,   35.201351,       34.88,
 140.167027,   35.201351,       34.74,
 140.171532,   35.201351,       34.60,
 140.176036,   35.201351,       34.46,
 140.180541,   35.201351,       34.34,
 140.185045,   35.201351,       34.22,
 140.189550,   35.201351,       34.10,
 140.194054,   35.201351,       33.99,
 140.198559,   35.201351,       33.88,
 140.203063,   35.201351,       33.78,
 140.207568,   35.201351,       33.68,
 140.212072,   35.201351,       33.58,
 140.216577,   35.201351,       33.48,
 140.221081,   35.201351,       33.39,
 140.225586,   35.201351,       33.31,
 140.230090,   35.201351,       33.23,
 140.234595,   35.201351,       33.15,
 140.239099,   35.201351,       33.08,
 140.243604,   35.201351,       33.00,
 140.248108,   35.201351,       32.94,
 140.252613,   35.201351,       32.87,
 140.257117,   35.201351,       32.81,
 140.261622,   35.201351,       32.76,
 140.266126,   35.201351,       32.71,
 140.270631,   35.201351,       32.66,
 140.275135,   35.201351,       32.61,
 140.279640,   35.201351,       32.58,
 140.284144,   35.201351,       32.54,
 140.288649,   35.201351,       32.52,
 140.293153,   35.201351,       32.50,
 140.297658,   35.201351,       32.49,
 140.302162,   35.201351,       32.48,
 140.306667,   35.201351,       32.48,
 140.311171,   35.201351,       32.49,
 140.315676,   35.201351,       32.50,
 140.320180,   35.201351,       32.53,
 140.324685,   35.201351,       32.56,
 140.329189,   35.201351,       32.60,
 140.333694,   35.201351,       32.65,
 140.338198,   35.201351,       32.71,
 140.342703,   35.201351,       32.77,
 140.347207,   35.201351,       32.84,
 140.351712,   35.201351,       32.90,
 140.356216,   35.201351,       32.94,
 140.360721,   35.201351,       32.98,
 140.365225,   35.201351,       33.03,
 140.369730,   35.201351,       33.08,
 140.374234,   35.201351,       33.11,
 140.378739,   35.201351,       33.08,
 140.383243,   35.201351,       33.02,
 140.387748,   35.201351,       32.95,
 139.140000,   35.205856,       73.93,
 139.144505,   35.205856,       73.49,
 139.149009,   35.205856,       73.38,
 139.153514,   35.205856,       72.91,
 139.158018,   35.205856,       72.29,
 139.162523,   35.205856,       71.26,
 139.167027,   35.205856,       71.00,
 139.171532,   35.205856,       71.07,
 139.176036,   35.205856,       71.68,
 139.180541,   35.205856,       72.68,
 139.185045,   35.205856,       73.09,
 139.189550,   35.205856,       72.06,
 139.194054,   35.205856,       70.85,
 139.198559,   35.205856,       69.63,
 139.203063,   35.205856,       68.41,
 139.207568,   35.205856,       66.73,
 139.212072,   35.205856,       64.18,
 139.216577,   35.205856,       60.77,
 139.221081,   35.205856,       56.70,
 139.225586,   35.205856,       52.60,
 139.230090,   35.205856,       48.49,
 139.234595,   35.205856,       44.39,
 139.239099,   35.205856,       40.22,
 139.243604,   35.205856,       36.55,
 139.248108,   35.205856,       32.97,
 139.252613,   35.205856,       29.40,
 139.257117,   35.205856,       25.83,
 139.261622,   35.205856,       22.56,
 139.266126,   35.205856,       19.82,
 139.270631,   35.205856,       17.68,
 139.275135,   35.205856,       16.28,
 139.279640,   35.205856,       15.05,
 139.284144,   35.205856,       13.60,
 139.288649,   35.205856,       11.87,
 139.293153,   35.205856,        9.65,
 139.297658,   35.205856,        7.24,
 139.302162,   35.205856,        4.65,
 139.306667,   35.205856,        2.30,
 139.311171,   35.205856,        0.99,
 139.315676,   35.205856,        0.44,
 139.320180,   35.205856,        0.33,
 139.324685,   35.205856,        0.27,
 139.329189,   35.205856,        0.21,
 139.333694,   35.205856,        0.15,
 139.338198,   35.205856,        0.27,
 139.342703,   35.205856,        0.93,
 139.347207,   35.205856,        1.94,
 139.351712,   35.205856,        3.20,
 139.356216,   35.205856,        4.51,
 139.360721,   35.205856,        5.81,
 139.365225,   35.205856,        7.13,
 139.369730,   35.205856,        8.48,
 139.374234,   35.205856,        9.91,
 139.378739,   35.205856,       11.45,
 139.383243,   35.205856,       13.03,
 139.387748,   35.205856,       14.66,
 139.392252,   35.205856,       16.38,
 139.396757,   35.205856,       18.16,
 139.401261,   35.205856,       19.94,
 139.405766,   35.205856,       21.58,
 139.410270,   35.205856,       22.88,
 139.414775,   35.205856,       23.53,
 139.419279,   35.205856,       23.40,
 139.423784,   35.205856,       23.12,
 139.428288,   35.205856,       24.07,
 139.432793,   35.205856,       25.94,
 139.437297,   35.205856,       28.54,
 139.441802,   35.205856,       31.87,
 139.446306,   35.205856,       35.82,
 139.450811,   35.205856,       39.78,
 139.455315,   35.205856,       43.53,
 139.459820,   35.205856,       46.79,
 139.464324,   35.205856,       48.55,
 139.468829,   35.205856,       49.05,
 139.473333,   35.205856,       48.59,
 139.477838,   35.205856,       48.00,
 139.482342,   35.205856,       47.42,
 139.486847,   35.205856,       46.73,
 139.491351,   35.205856,       45.90,
 139.495856,   35.205856,       45.83,
 139.500360,   35.205856,       46.22,
 139.504865,   35.205856,       46.70,
 139.509369,   35.205856,       47.24,
 139.513874,   35.205856,       47.96,
 139.518378,   35.205856,       48.77,
 139.522883,   35.205856,       50.03,
 139.527387,   35.205856,       51.98,
 139.531892,   35.205856,       54.02,
 139.536396,   35.205856,       55.98,
 139.540901,   35.205856,       57.54,
 139.545405,   35.205856,       57.25,
 139.549910,   35.205856,       56.35,
 139.554414,   35.205856,       55.26,
 139.558919,   35.205856,       53.48,
 139.563423,   35.205856,       50.98,
 139.567928,   35.205856,       47.95,
 139.572432,   35.205856,       45.37,
 139.576937,   35.205856,       46.85,
 139.581441,   35.205856,       46.63,
 139.585946,   35.205856,       44.72,
 139.590450,   35.205856,       49.88,
 139.594955,   35.205856,       57.92,
 139.599459,   35.205856,       66.41,
 139.603964,   35.205856,       69.53,
 139.608468,   35.205856,       60.03,
 139.612973,   35.205856,       48.02,
 139.617477,   35.205856,       37.39,
 139.621982,   35.205856,       32.27,
 139.626486,   35.205856,       35.40,
 139.630991,   35.205856,       39.22,
 139.635495,   35.205856,       40.93,
 139.640000,   35.205856,       41.33,
 139.644505,   35.205856,       41.11,
 139.649009,   35.205856,       40.66,
 139.653514,   35.205856,       40.20,
 139.658018,   35.205856,       39.96,
 139.662523,   35.205856,       39.72,
 139.667027,   35.205856,       39.37,
 139.671532,   35.205856,       38.99,
 139.676036,   35.205856,       38.16,
 139.680541,   35.205856,       37.96,
 139.685045,   35.205856,       38.06,
 139.689550,   35.205856,       38.16,
 139.694054,   35.205856,       38.34,
 139.698559,   35.205856,       38.59,
 139.703063,   35.205856,       38.82,
 139.707568,   35.205856,       39.08,
 139.712072,   35.205856,       39.37,
 139.716577,   35.205856,       39.78,
 139.721081,   35.205856,       40.14,
 139.725586,   35.205856,       40.42,
 139.730090,   35.205856,       41.53,
 139.734595,   35.205856,       42.65,
 139.739099,   35.205856,       43.61,
 139.743604,   35.205856,       44.68,
 139.748108,   35.205856,       45.56,
 139.752613,   35.205856,       46.25,
 139.757117,   35.205856,       46.59,
 139.761622,   35.205856,       46.59,
 139.766126,   35.205856,       46.47,
 139.770631,   35.205856,       46.08,
 139.775135,   35.205856,       45.35,
 139.779640,   35.205856,       44.62,
 139.784144,   35.205856,       44.09,
 139.788649,   35.205856,       44.59,
 139.793153,   35.205856,       45.26,
 139.797658,   35.205856,       46.38,
 139.802162,   35.205856,       50.08,
 139.806667,   35.205856,       53.84,
 139.811171,   35.205856,       57.84,
 139.815676,   35.205856,       59.60,
 139.820180,   35.205856,       59.55,
 139.824685,   35.205856,       56.41,
 139.829189,   35.205856,       52.46,
 139.833694,   35.205856,       51.02,
 139.838198,   35.205856,       51.53,
 139.842703,   35.205856,       54.35,
 139.847207,   35.205856,       56.43,
 139.851712,   35.205856,       57.93,
 139.856216,   35.205856,       58.98,
 139.860721,   35.205856,       59.42,
 139.865225,   35.205856,       59.23,
 139.869730,   35.205856,       58.56,
 139.874234,   35.205856,       57.94,
 139.878739,   35.205856,       57.36,
 139.883243,   35.205856,       56.61,
 139.887748,   35.205856,       55.88,
 139.892252,   35.205856,       55.21,
 139.896757,   35.205856,       54.57,
 139.901261,   35.205856,       53.96,
 139.905766,   35.205856,       53.38,
 139.910270,   35.205856,       52.81,
 139.914775,   35.205856,       52.26,
 139.919279,   35.205856,       51.73,
 139.923784,   35.205856,       51.21,
 139.928288,   35.205856,       50.71,
 139.932793,   35.205856,       50.23,
 139.937297,   35.205856,       49.75,
 139.941802,   35.205856,       49.30,
 139.946306,   35.205856,       48.85,
 139.950811,   35.205856,       48.42,
 139.955315,   35.205856,       47.99,
 139.959820,   35.205856,       47.57,
 139.964324,   35.205856,       47.16,
 139.968829,   35.205856,       46.76,
 139.973333,   35.205856,       46.36,
 139.977838,   35.205856,       45.98,
 139.982342,   35.205856,       45.60,
 139.986847,   35.205856,       45.23,
 139.991351,   35.205856,       44.87,
 139.995856,   35.205856,       44.51,
 140.000360,   35.205856,       44.16,
 140.004865,   35.205856,       43.82,
 140.009369,   35.205856,       43.48,
 140.013874,   35.205856,       43.15,
 140.018378,   35.205856,       42.83,
 140.022883,   35.205856,       42.51,
 140.027387,   35.205856,       42.19,
 140.031892,   35.205856,       41.88,
 140.036396,   35.205856,       41.57,
 140.040901,   35.205856,       41.26,
 140.045405,   35.205856,       40.96,
 140.049910,   35.205856,       40.66,
 140.054414,   35.205856,       40.36,
 140.058919,   35.205856,       40.07,
 140.063423,   35.205856,       39.79,
 140.067928,   35.205856,       39.52,
 140.072432,   35.205856,       39.25,
 140.076937,   35.205856,       38.99,
 140.081441,   35.205856,       38.74,
 140.085946,   35.205856,       38.49,
 140.090450,   35.205856,       38.25,
 140.094955,   35.205856,       38.01,
 140.099459,   35.205856,       37.78,
 140.103964,   35.205856,       37.56,
 140.108468,   35.205856,       37.33,
 140.112973,   35.205856,       37.12,
 140.117477,   35.205856,       36.91,
 140.121982,   35.205856,       36.70,
 140.126486,   35.205856,       36.51,
 140.130991,   35.205856,       36.31,
 140.135495,   35.205856,       36.13,
 140.140000,   35.205856,       35.95,
 140.144505,   35.205856,       35.77,
 140.149009,   35.205856,       35.60,
 140.153514,   35.205856,       35.44,
 140.158018,   35.205856,       35.28,
 140.162523,   35.205856,       35.13,
 140.167027,   35.205856,       34.99,
 140.171532,   35.205856,       34.85,
 140.176036,   35.205856,       34.72,
 140.180541,   35.205856,       34.60,
 140.185045,   35.205856,       34.48,
 140.189550,   35.205856,       34.37,
 140.194054,   35.205856,       34.26,
 140.198559,   35.205856,       34.15,
 140.203063,   35.205856,       34.05,
 140.207568,   35.205856,       33.96,
 140.212072,   35.205856,       33.86,
 140.216577,   35.205856,       33.77,
 140.221081,   35.205856,       33.69,
 140.225586,   35.205856,       33.60,
 140.230090,   35.205856,       33.53,
 140.234595,   35.205856,       33.45,
 140.239099,   35.205856,       33.38,
 140.243604,   35.205856,       33.31,
 140.248108,   35.205856,       33.25,
 140.252613,   35.205856,       33.19,
 140.257117,   35.205856,       33.13,
 140.261622,   35.205856,       33.08,
 140.266126,   35.205856,       33.03,
 140.270631,   35.205856,       32.99,
 140.275135,   35.205856,       32.95,
 140.279640,   35.205856,       32.91,
 140.284144,   35.205856,       32.88,
 140.288649,   35.205856,       32.85,
 140.293153,   35.205856,       32.83,
 140.297658,   35.205856,       32.82,
 140.302162,   35.205856,       32.81,
 140.306667,   35.205856,       32.81,
 140.311171,   35.205856,       32.82,
 140.315676,   35.205856,       32.83,
 140.320180,   35.205856,       32.85,
 140.324685,   35.205856,       32.87,
 140.329189,   35.205856,       32.91,
 140.333694,   35.205856,       32.95,
 140.338198,   35.205856,       32.99,
 140.342703,   35.205856,       33.04,
 140.347207,   35.205856,       33.10,
 140.351712,   35.205856,       33.15,
 140.356216,   35.205856,       33.20,
 140.360721,   35.205856,       33.26,
 140.365225,   35.205856,       33.32,
 140.369730,   35.205856,       33.35,
 140.374234,   35.205856,       33.33,
 140.378739,   35.205856,       33.27,
 140.383243,   35.205856,       33.21,
 140.387748,   35.205856,       33.15,
 139.140000,   35.210360,       76.08,
 139.144505,   35.210360,       75.19,
 139.149009,   35.210360,       74.22,
 139.153514,   35.210360,       73.15,
 139.158018,   35.210360,       71.90,
 139.162523,   35.210360,       70.54,
 139.167027,   35.210360,       69.91,
 139.171532,   35.210360,       71.07,
 139.176036,   35.210360,       72.73,
 139.180541,   35.210360,       74.59,
 139.185045,   35.210360,       75.16,
 139.189550,   35.210360,       74.47,
 139.194054,   35.210360,       73.29,
 139.198559,   35.210360,       72.09,
 139.203063,   35.210360,       70.89,
 139.207568,   35.210360,       69.34,
 139.212072,   35.210360,       66.84,
 139.216577,   35.210360,       63.21,
 139.221081,   35.210360,       58.91,
 139.225586,   35.210360,       54.60,
 139.230090,   35.210360,       50.29,
 139.234595,   35.210360,       45.95,
 139.239099,   35.210360,       41.56,
 139.243604,   35.210360,       37.50,
 139.248108,   35.210360,       33.78,
 139.252613,   35.210360,       30.09,
 139.257117,   35.210360,       26.40,
 139.261622,   35.210360,       22.97,
 139.266126,   35.210360,       20.33,
 139.270631,   35.210360,       18.44,
 139.275135,   35.210360,       17.12,
 139.279640,   35.210360,       15.97,
 139.284144,   35.210360,       14.96,
 139.288649,   35.210360,       13.31,
 139.293153,   35.210360,       10.62,
 139.297658,   35.210360,        7.82,
 139.302162,   35.210360,        4.97,
 139.306667,   35.210360,        2.71,
 139.311171,   35.210360,        1.39,
 139.315676,   35.210360,        0.76,
 139.320180,   35.210360,        0.60,
 139.324685,   35.210360,        0.51,
 139.329189,   35.210360,        0.43,
 139.333694,   35.210360,        0.35,
 139.338198,   35.210360,        0.30,
 139.342703,   35.210360,        1.00,
 139.347207,   35.210360,        2.18,
 139.351712,   35.210360,        3.43,
 139.356216,   35.210360,        4.71,
 139.360721,   35.210360,        6.02,
 139.365225,   35.210360,        7.37,
 139.369730,   35.210360,        8.73,
 139.374234,   35.210360,       10.10,
 139.378739,   35.210360,       11.44,
 139.383243,   35.210360,       13.45,
 139.387748,   35.210360,       15.61,
 139.392252,   35.210360,       17.72,
 139.396757,   35.210360,       19.88,
 139.401261,   35.210360,       22.12,
 139.405766,   35.210360,       24.37,
 139.410270,   35.210360,       26.08,
 139.414775,   35.210360,       26.54,
 139.419279,   35.210360,       25.93,
 139.423784,   35.210360,       25.06,
 139.428288,   35.210360,       25.12,
 139.432793,   35.210360,       26.08,
 139.437297,   35.210360,       27.97,
 139.441802,   35.210360,       30.79,
 139.446306,   35.210360,       34.46,
 139.450811,   35.210360,       38.15,
 139.455315,   35.210360,       41.59,
 139.459820,   35.210360,       44.69,
 139.464324,   35.210360,       47.01,
 139.468829,   35.210360,       48.08,
 139.473333,   35.210360,       47.92,
 139.477838,   35.210360,       47.59,
 139.482342,   35.210360,       47.36,
 139.486847,   35.210360,       47.19,
 139.491351,   35.210360,       47.30,
 139.495856,   35.210360,       47.50,
 139.500360,   35.210360,       47.39,
 139.504865,   35.210360,       47.41,
 139.509369,   35.210360,       47.57,
 139.513874,   35.210360,       48.02,
 139.518378,   35.210360,       49.01,
 139.522883,   35.210360,       50.52,
 139.527387,   35.210360,       52.36,
 139.531892,   35.210360,       54.25,
 139.536396,   35.210360,       55.94,
 139.540901,   35.210360,       56.79,
 139.545405,   35.210360,       56.82,
 139.549910,   35.210360,       56.23,
 139.554414,   35.210360,       54.81,
 139.558919,   35.210360,       52.75,
 139.563423,   35.210360,       50.20,
 139.567928,   35.210360,       47.87,
 139.572432,   35.210360,       47.10,
 139.576937,   35.210360,       46.85,
 139.581441,   35.210360,       46.60,
 139.585946,   35.210360,       47.55,
 139.590450,   35.210360,       51.65,
 139.594955,   35.210360,       59.34,
 139.599459,   35.210360,       67.36,
 139.603964,   35.210360,       70.96,
 139.608468,   35.210360,       61.91,
 139.612973,   35.210360,       47.28,
 139.617477,   35.210360,       30.10,
 139.621982,   35.210360,       30.18,
 139.626486,   35.210360,       38.82,
 139.630991,   35.210360,       42.15,
 139.635495,   35.210360,       43.16,
 139.640000,   35.210360,       43.17,
 139.644505,   35.210360,       42.72,
 139.649009,   35.210360,       42.12,
 139.653514,   35.210360,       41.55,
 139.658018,   35.210360,       41.12,
 139.662523,   35.210360,       40.61,
 139.667027,   35.210360,       40.08,
 139.671532,   35.210360,       39.57,
 139.676036,   35.210360,       38.91,
 139.680541,   35.210360,       38.07,
 139.685045,   35.210360,       38.05,
 139.689550,   35.210360,       38.26,
 139.694054,   35.210360,       38.69,
 139.698559,   35.210360,       39.20,
 139.703063,   35.210360,       39.73,
 139.707568,   35.210360,       40.15,
 139.712072,   35.210360,       40.96,
 139.716577,   35.210360,       41.67,
 139.721081,   35.210360,       42.03,
 139.725586,   35.210360,       42.32,
 139.730090,   35.210360,       42.92,
 139.734595,   35.210360,       43.96,
 139.739099,   35.210360,       44.82,
 139.743604,   35.210360,       45.47,
 139.748108,   35.210360,       46.27,
 139.752613,   35.210360,       46.83,
 139.757117,   35.210360,       47.01,
 139.761622,   35.210360,       46.99,
 139.766126,   35.210360,       46.74,
 139.770631,   35.210360,       46.16,
 139.775135,   35.210360,       45.45,
 139.779640,   35.210360,       44.79,
 139.784144,   35.210360,       44.28,
 139.788649,   35.210360,       44.33,
 139.793153,   35.210360,       45.27,
 139.797658,   35.210360,       46.90,
 139.802162,   35.210360,       49.42,
 139.806667,   35.210360,       53.71,
 139.811171,   35.210360,       59.54,
 139.815676,   35.210360,       66.13,
 139.820180,   35.210360,       65.83,
 139.824685,   35.210360,       61.62,
 139.829189,   35.210360,       57.80,
 139.833694,   35.210360,       54.82,
 139.838198,   35.210360,       51.75,
 139.842703,   35.210360,       51.17,
 139.847207,   35.210360,       55.69,
 139.851712,   35.210360,       57.98,
 139.856216,   35.210360,       59.40,
 139.860721,   35.210360,       60.14,
 139.865225,   35.210360,       60.04,
 139.869730,   35.210360,       59.18,
 139.874234,   35.210360,       58.45,
 139.878739,   35.210360,       57.70,
 139.883243,   35.210360,       56.85,
 139.887748,   35.210360,       56.09,
 139.892252,   35.210360,       55.39,
 139.896757,   35.210360,       54.74,
 139.901261,   35.210360,       54.12,
 139.905766,   35.210360,       53.52,
 139.910270,   35.210360,       52.94,
 139.914775,   35.210360,       52.39,
 139.919279,   35.210360,       51.85,
 139.923784,   35.210360,       51.33,
 139.928288,   35.210360,       50.83,
 139.932793,   35.210360,       50.34,
 139.937297,   35.210360,       49.87,
 139.941802,   35.210360,       49.41,
 139.946306,   35.210360,       48.97,
 139.950811,   35.210360,       48.54,
 139.955315,   35.210360,       48.11,
 139.959820,   35.210360,       47.69,
 139.964324,   35.210360,       47.28,
 139.968829,   35.210360,       46.88,
 139.973333,   35.210360,       46.49,
 139.977838,   35.210360,       46.11,
 139.982342,   35.210360,       45.73,
 139.986847,   35.210360,       45.36,
 139.991351,   35.210360,       45.00,
 139.995856,   35.210360,       44.65,
 140.000360,   35.210360,       44.30,
 140.004865,   35.210360,       43.96,
 140.009369,   35.210360,       43.63,
 140.013874,   35.210360,       43.30,
 140.018378,   35.210360,       42.97,
 140.022883,   35.210360,       42.65,
 140.027387,   35.210360,       42.34,
 140.031892,   35.210360,       42.02,
 140.036396,   35.210360,       41.71,
 140.040901,   35.210360,       41.41,
 140.045405,   35.210360,       41.10,
 140.049910,   35.210360,       40.81,
 140.054414,   35.210360,       40.51,
 140.058919,   35.210360,       40.23,
 140.063423,   35.210360,       39.95,
 140.067928,   35.210360,       39.68,
 140.072432,   35.210360,       39.42,
 140.076937,   35.210360,       39.17,
 140.081441,   35.210360,       38.92,
 140.085946,   35.210360,       38.68,
 140.090450,   35.210360,       38.44,
 140.094955,   35.210360,       38.21,
 140.099459,   35.210360,       37.98,
 140.103964,   35.210360,       37.76,
 140.108468,   35.210360,       37.54,
 140.112973,   35.210360,       37.33,
 140.117477,   35.210360,       37.12,
 140.121982,   35.210360,       36.92,
 140.126486,   35.210360,       36.73,
 140.130991,   35.210360,       36.54,
 140.135495,   35.210360,       36.35,
 140.140000,   35.210360,       36.18,
 140.144505,   35.210360,       36.01,
 140.149009,   35.210360,       35.84,
 140.153514,   35.210360,       35.68,
 140.158018,   35.210360,       35.53,
 140.162523,   35.210360,       35.38,
 140.167027,   35.210360,       35.24,
 140.171532,   35.210360,       35.10,
 140.176036,   35.210360,       34.98,
 140.180541,   35.210360,       34.85,
 140.185045,   35.210360,       34.74,
 140.189550,   35.210360,       34.63,
 140.194054,   35.210360,       34.53,
 140.198559,   35.210360,       34.42,
 140.203063,   35.210360,       34.33,
 140.207568,   35.210360,       34.23,
 140.212072,   35.210360,       34.14,
 140.216577,   35.210360,       34.06,
 140.221081,   35.210360,       33.97,
 140.225586,   35.210360,       33.89,
 140.230090,   35.210360,       33.82,
 140.234595,   35.210360,       33.75,
 140.239099,   35.210360,       33.68,
 140.243604,   35.210360,       33.62,
 140.248108,   35.210360,       33.56,
 140.252613,   35.210360,       33.50,
 140.257117,   35.210360,       33.45,
 140.261622,   35.210360,       33.40,
 140.266126,   35.210360,       33.35,
 140.270631,   35.210360,       33.31,
 140.275135,   35.210360,       33.27,
 140.279640,   35.210360,       33.23,
 140.284144,   35.210360,       33.20,
 140.288649,   35.210360,       33.18,
 140.293153,   35.210360,       33.16,
 140.297658,   35.210360,       33.15,
 140.302162,   35.210360,       33.14,
 140.306667,   35.210360,       33.14,
 140.311171,   35.210360,       33.14,
 140.315676,   35.210360,       33.15,
 140.320180,   35.210360,       33.16,
 140.324685,   35.210360,       33.18,
 140.329189,   35.210360,       33.21,
 140.333694,   35.210360,       33.24,
 140.338198,   35.210360,       33.28,
 140.342703,   35.210360,       33.32,
 140.347207,   35.210360,       33.36,
 140.351712,   35.210360,       33.42,
 140.356216,   35.210360,       33.49,
 140.360721,   35.210360,       33.54,
 140.365225,   35.210360,       33.59,
 140.369730,   35.210360,       33.58,
 140.374234,   35.210360,       33.53,
 140.378739,   35.210360,       33.46,
 140.383243,   35.210360,       33.40,
 140.387748,   35.210360,       33.34,
 139.140000,   35.214865,       76.70,
 139.144505,   35.214865,       75.48,
 139.149009,   35.214865,       74.27,
 139.153514,   35.214865,       73.03,
 139.158018,   35.214865,       71.70,
 139.162523,   35.214865,       70.27,
 139.167027,   35.214865,       69.46,
 139.171532,   35.214865,       72.07,
 139.176036,   35.214865,       74.65,
 139.180541,   35.214865,       76.91,
 139.185045,   35.214865,       77.46,
 139.189550,   35.214865,       76.87,
 139.194054,   35.214865,       75.66,
 139.198559,   35.214865,       74.46,
 139.203063,   35.214865,       73.33,
 139.207568,   35.214865,       72.09,
 139.212072,   35.214865,       69.63,
 139.216577,   35.214865,       65.46,
 139.221081,   35.214865,       60.91,
 139.225586,   35.214865,       56.39,
 139.230090,   35.214865,       51.90,
 139.234595,   35.214865,       47.34,
 139.239099,   35.214865,       42.85,
 139.243604,   35.214865,       38.65,
 139.248108,   35.214865,       34.74,
 139.252613,   35.214865,       30.91,
 139.257117,   35.214865,       27.09,
 139.261622,   35.214865,       23.30,
 139.266126,   35.214865,       20.63,
 139.270631,   35.214865,       18.84,
 139.275135,   35.214865,       17.22,
 139.279640,   35.214865,       15.79,
 139.284144,   35.214865,       14.46,
 139.288649,   35.214865,       12.71,
 139.293153,   35.214865,       10.27,
 139.297658,   35.214865,        7.73,
 139.302162,   35.214865,        5.17,
 139.306667,   35.214865,        2.90,
 139.311171,   35.214865,        1.59,
 139.315676,   35.214865,        1.02,
 139.320180,   35.214865,        0.88,
 139.324685,   35.214865,        0.77,
 139.329189,   35.214865,        0.67,
 139.333694,   35.214865,        0.57,
 139.338198,   35.214865,        0.49,
 139.342703,   35.214865,        1.19,
 139.347207,   35.214865,        2.36,
 139.351712,   35.214865,        3.56,
 139.356216,   35.214865,        4.81,
 139.360721,   35.214865,        6.10,
 139.365225,   35.214865,        7.41,
 139.369730,   35.214865,        8.72,
 139.374234,   35.214865,       10.00,
 139.378739,   35.214865,       11.33,
 139.383243,   35.214865,       13.18,
 139.387748,   35.214865,       15.66,
 139.392252,   35.214865,       18.26,
 139.396757,   35.214865,       20.99,
 139.401261,   35.214865,       23.82,
 139.405766,   35.214865,       26.82,
 139.410270,   35.214865,       29.56,
 139.414775,   35.214865,       29.67,
 139.419279,   35.214865,       29.12,
 139.423784,   35.214865,       28.15,
 139.428288,   35.214865,       27.06,
 139.432793,   35.214865,       26.62,
 139.437297,   35.214865,       27.19,
 139.441802,   35.214865,       29.52,
 139.446306,   35.214865,       33.00,
 139.450811,   35.214865,       36.37,
 139.455315,   35.214865,       39.48,
 139.459820,   35.214865,       42.51,
 139.464324,   35.214865,       45.42,
 139.468829,   35.214865,       47.27,
 139.473333,   35.214865,       47.59,
 139.477838,   35.214865,       47.70,
 139.482342,   35.214865,       48.00,
 139.486847,   35.214865,       48.48,
 139.491351,   35.214865,       49.16,
 139.495856,   35.214865,       49.40,
 139.500360,   35.214865,       48.98,
 139.504865,   35.214865,       48.49,
 139.509369,   35.214865,       48.12,
 139.513874,   35.214865,       48.06,
 139.518378,   35.214865,       49.13,
 139.522883,   35.214865,       50.57,
 139.527387,   35.214865,       52.38,
 139.531892,   35.214865,       54.58,
 139.536396,   35.214865,       55.77,
 139.540901,   35.214865,       56.19,
 139.545405,   35.214865,       56.41,
 139.549910,   35.214865,       56.25,
 139.554414,   35.214865,       53.97,
 139.558919,   35.214865,       51.78,
 139.563423,   35.214865,       49.83,
 139.567928,   35.214865,       48.71,
 139.572432,   35.214865,       48.43,
 139.576937,   35.214865,       48.70,
 139.581441,   35.214865,       49.37,
 139.585946,   35.214865,       51.20,
 139.590450,   35.214865,       53.78,
 139.594955,   35.214865,       59.09,
 139.599459,   35.214865,       65.43,
 139.603964,   35.214865,       70.16,
 139.608468,   35.214865,       68.84,
 139.612973,   35.214865,       54.22,
 139.617477,   35.214865,       39.56,
 139.621982,   35.214865,       41.88,
 139.626486,   35.214865,       45.07,
 139.630991,   35.214865,       46.18,
 139.635495,   35.214865,       46.10,
 139.640000,   35.214865,       45.48,
 139.644505,   35.214865,       44.64,
 139.649009,   35.214865,       43.79,
 139.653514,   35.214865,       43.02,
 139.658018,   35.214865,       42.24,
 139.662523,   35.214865,       41.47,
 139.667027,   35.214865,       40.73,
 139.671532,   35.214865,       40.03,
 139.676036,   35.214865,       39.28,
 139.680541,   35.214865,       38.43,
 139.685045,   35.214865,       37.83,
 139.689550,   35.214865,       38.23,
 139.694054,   35.214865,       39.01,
 139.698559,   35.214865,       39.97,
 139.703063,   35.214865,       40.83,
 139.707568,   35.214865,       41.71,
 139.712072,   35.214865,       42.73,
 139.716577,   35.214865,       43.70,
 139.721081,   35.214865,       44.14,
 139.725586,   35.214865,       44.42,
 139.730090,   35.214865,       44.72,
 139.734595,   35.214865,       45.44,
 139.739099,   35.214865,       46.10,
 139.743604,   35.214865,       46.61,
 139.748108,   35.214865,       47.16,
 139.752613,   35.214865,       47.45,
 139.757117,   35.214865,       47.55,
 139.761622,   35.214865,       47.53,
 139.766126,   35.214865,       47.01,
 139.770631,   35.214865,       46.35,
 139.775135,   35.214865,       45.56,
 139.779640,   35.214865,       45.02,
 139.784144,   35.214865,       44.55,
 139.788649,   35.214865,       44.13,
 139.793153,   35.214865,       45.32,
 139.797658,   35.214865,       47.15,
 139.802162,   35.214865,       49.16,
 139.806667,   35.214865,       52.42,
 139.811171,   35.214865,       57.91,
 139.815676,   35.214865,       64.26,
 139.820180,   35.214865,       68.81,
 139.824685,   35.214865,       66.51,
 139.829189,   35.214865,       63.80,
 139.833694,   35.214865,       62.56,
 139.838198,   35.214865,       61.42,
 139.842703,   35.214865,       57.21,
 139.847207,   35.214865,       55.66,
 139.851712,   35.214865,       59.13,
 139.856216,   35.214865,       60.38,
 139.860721,   35.214865,       61.04,
 139.865225,   35.214865,       61.04,
 139.869730,   35.214865,       59.85,
 139.874234,   35.214865,       58.94,
 139.878739,   35.214865,       57.96,
 139.883243,   35.214865,       57.05,
 139.887748,   35.214865,       56.26,
 139.892252,   35.214865,       55.55,
 139.896757,   35.214865,       54.88,
 139.901261,   35.214865,       54.24,
 139.905766,   35.214865,       53.63,
 139.910270,   35.214865,       53.05,
 139.914775,   35.214865,       52.49,
 139.919279,   35.214865,       51.95,
 139.923784,   35.214865,       51.43,
 139.928288,   35.214865,       50.93,
 139.932793,   35.214865,       50.44,
 139.937297,   35.214865,       49.97,
 139.941802,   35.214865,       49.52,
 139.946306,   35.214865,       49.08,
 139.950811,   35.214865,       48.65,
 139.955315,   35.214865,       48.22,
 139.959820,   35.214865,       47.81,
 139.964324,   35.214865,       47.40,
 139.968829,   35.214865,       47.00,
 139.973333,   35.214865,       46.61,
 139.977838,   35.214865,       46.23,
 139.982342,   35.214865,       45.86,
 139.986847,   35.214865,       45.49,
 139.991351,   35.214865,       45.13,
 139.995856,   35.214865,       44.78,
 140.000360,   35.214865,       44.44,
 140.004865,   35.214865,       44.10,
 140.009369,   35.214865,       43.76,
 140.013874,   35.214865,       43.44,
 140.018378,   35.214865,       43.11,
 140.022883,   35.214865,       42.79,
 140.027387,   35.214865,       42.48,
 140.031892,   35.214865,       42.16,
 140.036396,   35.214865,       41.85,
 140.040901,   35.214865,       41.55,
 140.045405,   35.214865,       41.25,
 140.049910,   35.214865,       40.95,
 140.054414,   35.214865,       40.67,
 140.058919,   35.214865,       40.39,
 140.063423,   35.214865,       40.12,
 140.067928,   35.214865,       39.85,
 140.072432,   35.214865,       39.59,
 140.076937,   35.214865,       39.34,
 140.081441,   35.214865,       39.10,
 140.085946,   35.214865,       38.86,
 140.090450,   35.214865,       38.63,
 140.094955,   35.214865,       38.40,
 140.099459,   35.214865,       38.18,
 140.103964,   35.214865,       37.96,
 140.108468,   35.214865,       37.74,
 140.112973,   35.214865,       37.54,
 140.117477,   35.214865,       37.33,
 140.121982,   35.214865,       37.14,
 140.126486,   35.214865,       36.95,
 140.130991,   35.214865,       36.76,
 140.135495,   35.214865,       36.58,
 140.140000,   35.214865,       36.41,
 140.144505,   35.214865,       36.24,
 140.149009,   35.214865,       36.08,
 140.153514,   35.214865,       35.92,
 140.158018,   35.214865,       35.77,
 140.162523,   35.214865,       35.63,
 140.167027,   35.214865,       35.49,
 140.171532,   35.214865,       35.36,
 140.176036,   35.214865,       35.23,
 140.180541,   35.214865,       35.11,
 140.185045,   35.214865,       35.00,
 140.189550,   35.214865,       34.89,
 140.194054,   35.214865,       34.79,
 140.198559,   35.214865,       34.69,
 140.203063,   35.214865,       34.60,
 140.207568,   35.214865,       34.51,
 140.212072,   35.214865,       34.42,
 140.216577,   35.214865,       34.34,
 140.221081,   35.214865,       34.26,
 140.225586,   35.214865,       34.18,
 140.230090,   35.214865,       34.11,
 140.234595,   35.214865,       34.04,
 140.239099,   35.214865,       33.98,
 140.243604,   35.214865,       33.92,
 140.248108,   35.214865,       33.86,
 140.252613,   35.214865,       33.80,
 140.257117,   35.214865,       33.75,
 140.261622,   35.214865,       33.71,
 140.266126,   35.214865,       33.66,
 140.270631,   35.214865,       33.62,
 140.275135,   35.214865,       33.58,
 140.279640,   35.214865,       33.55,
 140.284144,   35.214865,       33.52,
 140.288649,   35.214865,       33.50,
 140.293153,   35.214865,       33.48,
 140.297658,   35.214865,       33.46,
 140.302162,   35.214865,       33.45,
 140.306667,   35.214865,       33.45,
 140.311171,   35.214865,       33.45,
 140.315676,   35.214865,       33.46,
 140.320180,   35.214865,       33.47,
 140.324685,   35.214865,       33.48,
 140.329189,   35.214865,       33.50,
 140.333694,   35.214865,       33.53,
 140.338198,   35.214865,       33.56,
 140.342703,   35.214865,       33.60,
 140.347207,   35.214865,       33.65,
 140.351712,   35.214865,       33.71,
 140.356216,   35.214865,       33.77,
 140.360721,   35.214865,       33.81,
 140.365225,   35.214865,       33.82,
 140.369730,   35.214865,       33.78,
 140.374234,   35.214865,       33.72,
 140.378739,   35.214865,       33.66,
 140.383243,   35.214865,       33.59,
 140.387748,   35.214865,       33.53,
 139.140000,   35.219369,       76.49,
 139.144505,   35.219369,       75.37,
 139.149009,   35.219369,       74.18,
 139.153514,   35.219369,       72.95,
 139.158018,   35.219369,       71.68,
 139.162523,   35.219369,       70.35,
 139.167027,   35.219369,       70.78,
 139.171532,   35.219369,       73.85,
 139.176036,   35.219369,       76.79,
 139.180541,   35.219369,       79.48,
 139.185045,   35.219369,       80.07,
 139.189550,   35.219369,       79.06,
 139.194054,   35.219369,       77.64,
 139.198559,   35.219369,       76.38,
 139.203063,   35.219369,       75.31,
 139.207568,   35.219369,       74.45,
 139.212072,   35.219369,       72.15,
 139.216577,   35.219369,       67.21,
 139.221081,   35.219369,       62.44,
 139.225586,   35.219369,       57.79,
 139.230090,   35.219369,       53.19,
 139.234595,   35.219369,       48.57,
 139.239099,   35.219369,       44.08,
 139.243604,   35.219369,       39.85,
 139.248108,   35.219369,       35.91,
 139.252613,   35.219369,       32.01,
 139.257117,   35.219369,       28.11,
 139.261622,   35.219369,       24.20,
 139.266126,   35.219369,       20.80,
 139.270631,   35.219369,       18.61,
 139.275135,   35.219369,       16.45,
 139.279640,   35.219369,       14.39,
 139.284144,   35.219369,       12.53,
 139.288649,   35.219369,       10.83,
 139.293153,   35.219369,        9.11,
 139.297658,   35.219369,        7.08,
 139.302162,   35.219369,        4.98,
 139.306667,   35.219369,        2.86,
 139.311171,   35.219369,        1.61,
 139.315676,   35.219369,        1.26,
 139.320180,   35.219369,        1.14,
 139.324685,   35.219369,        1.02,
 139.329189,   35.219369,        0.90,
 139.333694,   35.219369,        0.82,
 139.338198,   35.219369,        0.93,
 139.342703,   35.219369,        1.47,
 139.347207,   35.219369,        2.52,
 139.351712,   35.219369,        3.65,
 139.356216,   35.219369,        4.83,
 139.360721,   35.219369,        6.07,
 139.365225,   35.219369,        7.34,
 139.369730,   35.219369,        8.60,
 139.374234,   35.219369,        9.85,
 139.378739,   35.219369,       11.15,
 139.383243,   35.219369,       12.86,
 139.387748,   35.219369,       15.05,
 139.392252,   35.219369,       17.72,
 139.396757,   35.219369,       20.93,
 139.401261,   35.219369,       24.37,
 139.405766,   35.219369,       28.15,
 139.410270,   35.219369,       32.70,
 139.414775,   35.219369,       34.15,
 139.419279,   35.219369,       33.65,
 139.423784,   35.219369,       32.58,
 139.428288,   35.219369,       30.97,
 139.432793,   35.219369,       28.93,
 139.437297,   35.219369,       27.00,
 139.441802,   35.219369,       28.12,
 139.446306,   35.219369,       31.24,
 139.450811,   35.219369,       34.26,
 139.455315,   35.219369,       37.28,
 139.459820,   35.219369,       40.31,
 139.464324,   35.219369,       43.36,
 139.468829,   35.219369,       46.35,
 139.473333,   35.219369,       47.49,
 139.477838,   35.219369,       48.21,
 139.482342,   35.219369,       49.09,
 139.486847,   35.219369,       50.23,
 139.491351,   35.219369,       51.24,
 139.495856,   35.219369,       51.51,
 139.500360,   35.219369,       50.95,
 139.504865,   35.219369,       50.09,
 139.509369,   35.219369,       49.24,
 139.513874,   35.219369,       48.27,
 139.518378,   35.219369,       48.74,
 139.522883,   35.219369,       49.81,
 139.527387,   35.219369,       51.40,
 139.531892,   35.219369,       53.36,
 139.536396,   35.219369,       55.14,
 139.540901,   35.219369,       56.08,
 139.545405,   35.219369,       56.30,
 139.549910,   35.219369,       55.26,
 139.554414,   35.219369,       52.60,
 139.558919,   35.219369,       50.36,
 139.563423,   35.219369,       49.05,
 139.567928,   35.219369,       48.77,
 139.572432,   35.219369,       48.67,
 139.576937,   35.219369,       49.47,
 139.581441,   35.219369,       51.49,
 139.585946,   35.219369,       53.62,
 139.590450,   35.219369,       56.42,
 139.594955,   35.219369,       60.39,
 139.599459,   35.219369,       65.55,
 139.603964,   35.219369,       70.18,
 139.608468,   35.219369,       72.82,
 139.612973,   35.219369,       66.00,
 139.617477,   35.219369,       54.99,
 139.621982,   35.219369,       54.34,
 139.626486,   35.219369,       52.61,
 139.630991,   35.219369,       51.02,
 139.635495,   35.219369,       49.55,
 139.640000,   35.219369,       48.14,
 139.644505,   35.219369,       46.82,
 139.649009,   35.219369,       45.58,
 139.653514,   35.219369,       44.41,
 139.658018,   35.219369,       43.30,
 139.662523,   35.219369,       42.26,
 139.667027,   35.219369,       41.30,
 139.671532,   35.219369,       40.40,
 139.676036,   35.219369,       39.51,
 139.680541,   35.219369,       38.70,
 139.685045,   35.219369,       38.08,
 139.689550,   35.219369,       38.19,
 139.694054,   35.219369,       39.10,
 139.698559,   35.219369,       40.42,
 139.703063,   35.219369,       41.87,
 139.707568,   35.219369,       43.30,
 139.712072,   35.219369,       44.61,
 139.716577,   35.219369,       45.56,
 139.721081,   35.219369,       46.25,
 139.725586,   35.219369,       46.52,
 139.730090,   35.219369,       46.76,
 139.734595,   35.219369,       46.98,
 139.739099,   35.219369,       47.52,
 139.743604,   35.219369,       47.97,
 139.748108,   35.219369,       48.12,
 139.752613,   35.219369,       48.22,
 139.757117,   35.219369,       48.27,
 139.761622,   35.219369,       48.01,
 139.766126,   35.219369,       47.44,
 139.770631,   35.219369,       46.76,
 139.775135,   35.219369,       45.96,
 139.779640,   35.219369,       45.22,
 139.784144,   35.219369,       44.79,
 139.788649,   35.219369,       44.76,
 139.793153,   35.219369,       45.34,
 139.797658,   35.219369,       46.92,
 139.802162,   35.219369,       48.58,
 139.806667,   35.219369,       50.34,
 139.811171,   35.219369,       54.61,
 139.815676,   35.219369,       60.73,
 139.820180,   35.219369,       66.82,
 139.824685,   35.219369,       70.79,
 139.829189,   35.219369,       69.29,
 139.833694,   35.219369,       69.39,
 139.838198,   35.219369,       71.10,
 139.842703,   35.219369,       66.66,
 139.847207,   35.219369,       63.08,
 139.851712,   35.219369,       64.40,
 139.856216,   35.219369,       67.73,
 139.860721,   35.219369,       63.54,
 139.865225,   35.219369,       62.19,
 139.869730,   35.219369,       60.53,
 139.874234,   35.219369,       59.31,
 139.878739,   35.219369,       58.13,
 139.883243,   35.219369,       57.19,
 139.887748,   35.219369,       56.39,
 139.892252,   35.219369,       55.65,
 139.896757,   35.219369,       54.97,
 139.901261,   35.219369,       54.32,
 139.905766,   35.219369,       53.71,
 139.910270,   35.219369,       53.13,
 139.914775,   35.219369,       52.57,
 139.919279,   35.219369,       52.03,
 139.923784,   35.219369,       51.51,
 139.928288,   35.219369,       51.01,
 139.932793,   35.219369,       50.53,
 139.937297,   35.219369,       50.07,
 139.941802,   35.219369,       49.62,
 139.946306,   35.219369,       49.18,
 139.950811,   35.219369,       48.75,
 139.955315,   35.219369,       48.32,
 139.959820,   35.219369,       47.91,
 139.964324,   35.219369,       47.51,
 139.968829,   35.219369,       47.11,
 139.973333,   35.219369,       46.73,
 139.977838,   35.219369,       46.35,
 139.982342,   35.219369,       45.98,
 139.986847,   35.219369,       45.61,
 139.991351,   35.219369,       45.26,
 139.995856,   35.219369,       44.91,
 140.000360,   35.219369,       44.56,
 140.004865,   35.219369,       44.23,
 140.009369,   35.219369,       43.90,
 140.013874,   35.219369,       43.57,
 140.018378,   35.219369,       43.25,
 140.022883,   35.219369,       42.93,
 140.027387,   35.219369,       42.61,
 140.031892,   35.219369,       42.30,
 140.036396,   35.219369,       41.99,
 140.040901,   35.219369,       41.69,
 140.045405,   35.219369,       41.39,
 140.049910,   35.219369,       41.10,
 140.054414,   35.219369,       40.82,
 140.058919,   35.219369,       40.54,
 140.063423,   35.219369,       40.28,
 140.067928,   35.219369,       40.02,
 140.072432,   35.219369,       39.77,
 140.076937,   35.219369,       39.52,
 140.081441,   35.219369,       39.28,
 140.085946,   35.219369,       39.05,
 140.090450,   35.219369,       38.82,
 140.094955,   35.219369,       38.59,
 140.099459,   35.219369,       38.37,
 140.103964,   35.219369,       38.16,
 140.108468,   35.219369,       37.95,
 140.112973,   35.219369,       37.75,
 140.117477,   35.219369,       37.55,
 140.121982,   35.219369,       37.35,
 140.126486,   35.219369,       37.17,
 140.130991,   35.219369,       36.98,
 140.135495,   35.219369,       36.81,
 140.140000,   35.219369,       36.64,
 140.144505,   35.219369,       36.47,
 140.149009,   35.219369,       36.31,
 140.153514,   35.219369,       36.16,
 140.158018,   35.219369,       36.01,
 140.162523,   35.219369,       35.87,
 140.167027,   35.219369,       35.74,
 140.171532,   35.219369,       35.61,
 140.176036,   35.219369,       35.49,
 140.180541,   35.219369,       35.37,
 140.185045,   35.219369,       35.26,
 140.189550,   35.219369,       35.15,
 140.194054,   35.219369,       35.05,
 140.198559,   35.219369,       34.96,
 140.203063,   35.219369,       34.87,
 140.207568,   35.219369,       34.78,
 140.212072,   35.219369,       34.70,
 140.216577,   35.219369,       34.62,
 140.221081,   35.219369,       34.54,
 140.225586,   35.219369,       34.47,
 140.230090,   35.219369,       34.40,
 140.234595,   35.219369,       34.33,
 140.239099,   35.219369,       34.27,
 140.243604,   35.219369,       34.21,
 140.248108,   35.219369,       34.15,
 140.252613,   35.219369,       34.10,
 140.257117,   35.219369,       34.05,
 140.261622,   35.219369,       34.01,
 140.266126,   35.219369,       33.96,
 140.270631,   35.219369,       33.93,
 140.275135,   35.219369,       33.89,
 140.279640,   35.219369,       33.86,
 140.284144,   35.219369,       33.83,
 140.288649,   35.219369,       33.81,
 140.293153,   35.219369,       33.79,
 140.297658,   35.219369,       33.77,
 140.302162,   35.219369,       33.76,
 140.306667,   35.219369,       33.75,
 140.311171,   35.219369,       33.75,
 140.315676,   35.219369,       33.76,
 140.320180,   35.219369,       33.76,
 140.324685,   35.219369,       33.78,
 140.329189,   35.219369,       33.80,
 140.333694,   35.219369,       33.82,
 140.338198,   35.219369,       33.85,
 140.342703,   35.219369,       33.89,
 140.347207,   35.219369,       33.94,
 140.351712,   35.219369,       33.99,
 140.356216,   35.219369,       34.04,
 140.360721,   35.219369,       34.06,
 140.365225,   35.219369,       34.03,
 140.369730,   35.219369,       33.97,
 140.374234,   35.219369,       33.91,
 140.378739,   35.219369,       33.85,
 140.383243,   35.219369,       33.79,
 140.387748,   35.219369,       33.73,
 139.140000,   35.223874,       76.26,
 139.144505,   35.223874,       75.25,
 139.149009,   35.223874,       74.11,
 139.153514,   35.223874,       72.93,
 139.158018,   35.223874,       71.73,
 139.162523,   35.223874,       70.70,
 139.167027,   35.223874,       71.87,
 139.171532,   35.223874,       75.11,
 139.176036,   35.223874,       78.38,
 139.180541,   35.223874,       81.78,
 139.185045,   35.223874,       82.61,
 139.189550,   35.223874,       80.71,
 139.194054,   35.223874,       79.06,
 139.198559,   35.223874,       77.65,
 139.203063,   35.223874,       76.38,
 139.207568,   35.223874,       74.90,
 139.212072,   35.223874,       72.20,
 139.216577,   35.223874,       67.95,
 139.221081,   35.223874,       63.35,
 139.225586,   35.223874,       58.71,
 139.230090,   35.223874,       54.15,
 139.234595,   35.223874,       49.64,
 139.239099,   35.223874,       45.23,
 139.243604,   35.223874,       41.02,
 139.248108,   35.223874,       37.16,
 139.252613,   35.223874,       33.31,
 139.257117,   35.223874,       29.45,
 139.261622,   35.223874,       25.58,
 139.266126,   35.223874,       21.67,
 139.270631,   35.223874,       18.45,
 139.275135,   35.223874,       15.52,
 139.279640,   35.223874,       12.72,
 139.284144,   35.223874,       10.55,
 139.288649,   35.223874,        8.88,
 139.293153,   35.223874,        7.44,
 139.297658,   35.223874,        6.00,
 139.302162,   35.223874,        4.36,
 139.306667,   35.223874,        2.61,
 139.311171,   35.223874,        1.65,
 139.315676,   35.223874,        1.51,
 139.320180,   35.223874,        1.37,
 139.324685,   35.223874,        1.24,
 139.329189,   35.223874,        1.12,
 139.333694,   35.223874,        1.13,
 139.338198,   35.223874,        1.35,
 139.342703,   35.223874,        1.85,
 139.347207,   35.223874,        2.72,
 139.351712,   35.223874,        3.73,
 139.356216,   35.223874,        4.81,
 139.360721,   35.223874,        5.96,
 139.365225,   35.223874,        7.20,
 139.369730,   35.223874,        8.45,
 139.374234,   35.223874,        9.69,
 139.378739,   35.223874,       10.94,
 139.383243,   35.223874,       12.46,
 139.387748,   35.223874,       14.37,
 139.392252,   35.223874,       16.73,
 139.396757,   35.223874,       19.82,
 139.401261,   35.223874,       24.16,
 139.405766,   35.223874,       29.41,
 139.410270,   35.223874,       36.63,
 139.414775,   35.223874,       40.50,
 139.419279,   35.223874,       39.99,
 139.423784,   35.223874,       38.46,
 139.428288,   35.223874,       36.23,
 139.432793,   35.223874,       33.57,
 139.437297,   35.223874,       30.70,
 139.441802,   35.223874,       28.02,
 139.446306,   35.223874,       29.73,
 139.450811,   35.223874,       32.23,
 139.455315,   35.223874,       35.06,
 139.459820,   35.223874,       38.10,
 139.464324,   35.223874,       41.18,
 139.468829,   35.223874,       44.49,
 139.473333,   35.223874,       47.60,
 139.477838,   35.223874,       49.08,
 139.482342,   35.223874,       50.32,
 139.486847,   35.223874,       51.74,
 139.491351,   35.223874,       53.27,
 139.495856,   35.223874,       53.81,
 139.500360,   35.223874,       53.12,
 139.504865,   35.223874,       52.34,
 139.509369,   35.223874,       51.56,
 139.513874,   35.223874,       50.52,
 139.518378,   35.223874,       49.13,
 139.522883,   35.223874,       48.63,
 139.527387,   35.223874,       49.22,
 139.531892,   35.223874,       51.45,
 139.536396,   35.223874,       54.12,
 139.540901,   35.223874,       55.96,
 139.545405,   35.223874,       56.35,
 139.549910,   35.223874,       54.22,
 139.554414,   35.223874,       50.94,
 139.558919,   35.223874,       48.57,
 139.563423,   35.223874,       47.23,
 139.567928,   35.223874,       47.80,
 139.572432,   35.223874,       48.46,
 139.576937,   35.223874,       50.35,
 139.581441,   35.223874,       52.61,
 139.585946,   35.223874,       55.01,
 139.590450,   35.223874,       58.44,
 139.594955,   35.223874,       62.82,
 139.599459,   35.223874,       67.83,
 139.603964,   35.223874,       71.64,
 139.608468,   35.223874,       73.31,
 139.612973,   35.223874,       73.80,
 139.617477,   35.223874,       68.56,
 139.621982,   35.223874,       62.42,
 139.626486,   35.223874,       58.17,
 139.630991,   35.223874,       55.15,
 139.635495,   35.223874,       52.73,
 139.640000,   35.223874,       50.67,
 139.644505,   35.223874,       48.84,
 139.649009,   35.223874,       47.18,
 139.653514,   35.223874,       45.65,
 139.658018,   35.223874,       44.25,
 139.662523,   35.223874,       42.97,
 139.667027,   35.223874,       41.79,
 139.671532,   35.223874,       40.69,
 139.676036,   35.223874,       39.72,
 139.680541,   35.223874,       38.92,
 139.685045,   35.223874,       38.31,
 139.689550,   35.223874,       38.26,
 139.694054,   35.223874,       39.16,
 139.698559,   35.223874,       40.54,
 139.703063,   35.223874,       42.30,
 139.707568,   35.223874,       44.15,
 139.712072,   35.223874,       46.00,
 139.716577,   35.223874,       47.51,
 139.721081,   35.223874,       48.27,
 139.725586,   35.223874,       48.62,
 139.730090,   35.223874,       48.75,
 139.734595,   35.223874,       48.83,
 139.739099,   35.223874,       49.10,
 139.743604,   35.223874,       49.23,
 139.748108,   35.223874,       49.18,
 139.752613,   35.223874,       49.20,
 139.757117,   35.223874,       49.00,
 139.761622,   35.223874,       48.53,
 139.766126,   35.223874,       48.00,
 139.770631,   35.223874,       47.31,
 139.775135,   35.223874,       46.47,
 139.779640,   35.223874,       45.55,
 139.784144,   35.223874,       45.13,
 139.788649,   35.223874,       45.37,
 139.793153,   35.223874,       45.70,
 139.797658,   35.223874,       46.44,
 139.802162,   35.223874,       48.01,
 139.806667,   35.223874,       49.56,
 139.811171,   35.223874,       51.93,
 139.815676,   35.223874,       57.99,
 139.820180,   35.223874,       64.04,
 139.824685,   35.223874,       68.77,
 139.829189,   35.223874,       70.41,
 139.833694,   35.223874,       70.79,
 139.838198,   35.223874,       70.07,
 139.842703,   35.223874,       66.42,
 139.847207,   35.223874,       62.90,
 139.851712,   35.223874,       62.65,
 139.856216,   35.223874,       63.00,
 139.860721,   35.223874,       62.83,
 139.865225,   35.223874,       62.26,
 139.869730,   35.223874,       61.01,
 139.874234,   35.223874,       59.38,
 139.878739,   35.223874,       58.16,
 139.883243,   35.223874,       57.24,
 139.887748,   35.223874,       56.44,
 139.892252,   35.223874,       55.70,
 139.896757,   35.223874,       55.02,
 139.901261,   35.223874,       54.37,
 139.905766,   35.223874,       53.77,
 139.910270,   35.223874,       53.19,
 139.914775,   35.223874,       52.63,
 139.919279,   35.223874,       52.09,
 139.923784,   35.223874,       51.58,
 139.928288,   35.223874,       51.08,
 139.932793,   35.223874,       50.61,
 139.937297,   35.223874,       50.15,
 139.941802,   35.223874,       49.70,
 139.946306,   35.223874,       49.26,
 139.950811,   35.223874,       48.84,
 139.955315,   35.223874,       48.42,
 139.959820,   35.223874,       48.01,
 139.964324,   35.223874,       47.61,
 139.968829,   35.223874,       47.22,
 139.973333,   35.223874,       46.84,
 139.977838,   35.223874,       46.46,
 139.982342,   35.223874,       46.09,
 139.986847,   35.223874,       45.73,
 139.991351,   35.223874,       45.38,
 139.995856,   35.223874,       45.03,
 140.000360,   35.223874,       44.69,
 140.004865,   35.223874,       44.35,
 140.009369,   35.223874,       44.02,
 140.013874,   35.223874,       43.70,
 140.018378,   35.223874,       43.37,
 140.022883,   35.223874,       43.06,
 140.027387,   35.223874,       42.74,
 140.031892,   35.223874,       42.43,
 140.036396,   35.223874,       42.13,
 140.040901,   35.223874,       41.83,
 140.045405,   35.223874,       41.53,
 140.049910,   35.223874,       41.25,
 140.054414,   35.223874,       40.97,
 140.058919,   35.223874,       40.70,
 140.063423,   35.223874,       40.44,
 140.067928,   35.223874,       40.19,
 140.072432,   35.223874,       39.94,
 140.076937,   35.223874,       39.70,
 140.081441,   35.223874,       39.46,
 140.085946,   35.223874,       39.23,
 140.090450,   35.223874,       39.00,
 140.094955,   35.223874,       38.78,
 140.099459,   35.223874,       38.57,
 140.103964,   35.223874,       38.36,
 140.108468,   35.223874,       38.15,
 140.112973,   35.223874,       37.95,
 140.117477,   35.223874,       37.76,
 140.121982,   35.223874,       37.57,
 140.126486,   35.223874,       37.39,
 140.130991,   35.223874,       37.21,
 140.135495,   35.223874,       37.04,
 140.140000,   35.223874,       36.87,
 140.144505,   35.223874,       36.71,
 140.149009,   35.223874,       36.55,
 140.153514,   35.223874,       36.40,
 140.158018,   35.223874,       36.26,
 140.162523,   35.223874,       36.12,
 140.167027,   35.223874,       35.99,
 140.171532,   35.223874,       35.86,
 140.176036,   35.223874,       35.74,
 140.180541,   35.223874,       35.62,
 140.185045,   35.223874,       35.52,
 140.189550,   35.223874,       35.41,
 140.194054,   35.223874,       35.32,
 140.198559,   35.223874,       35.23,
 140.203063,   35.223874,       35.14,
 140.207568,   35.223874,       35.05,
 140.212072,   35.223874,       34.97,
 140.216577,   35.223874,       34.89,
 140.221081,   35.223874,       34.82,
 140.225586,   35.223874,       34.75,
 140.230090,   35.223874,       34.68,
 140.234595,   35.223874,       34.62,
 140.239099,   35.223874,       34.56,
 140.243604,   35.223874,       34.50,
 140.248108,   35.223874,       34.45,
 140.252613,   35.223874,       34.40,
 140.257117,   35.223874,       34.35,
 140.261622,   35.223874,       34.30,
 140.266126,   35.223874,       34.26,
 140.270631,   35.223874,       34.23,
 140.275135,   35.223874,       34.19,
 140.279640,   35.223874,       34.16,
 140.284144,   35.223874,       34.13,
 140.288649,   35.223874,       34.11,
 140.293153,   35.223874,       34.09,
 140.297658,   35.223874,       34.07,
 140.302162,   35.223874,       34.06,
 140.306667,   35.223874,       34.05,
 140.311171,   35.223874,       34.05,
 140.315676,   35.223874,       34.05,
 140.320180,   35.223874,       34.06,
 140.324685,   35.223874,       34.07,
 140.329189,   35.223874,       34.08,
 140.333694,   35.223874,       34.11,
 140.338198,   35.223874,       34.14,
 140.342703,   35.223874,       34.19,
 140.347207,   35.223874,       34.23,
 140.351712,   35.223874,       34.27,
 140.356216,   35.223874,       34.29,
 140.360721,   35.223874,       34.28,
 140.365225,   35.223874,       34.22,
 140.369730,   35.223874,       34.17,
 140.374234,   35.223874,       34.10,
 140.378739,   35.223874,       34.04,
 140.383243,   35.223874,       33.98,
 140.387748,   35.223874,       33.92,
 139.140000,   35.228378,       75.99,
 139.144505,   35.228378,       75.12,
 139.149009,   35.228378,       74.03,
 139.153514,   35.228378,       72.91,
 139.158018,   35.228378,       71.79,
 139.162523,   35.228378,       70.80,
 139.167027,   35.228378,       72.63,
 139.171532,   35.228378,       75.39,
 139.176036,   35.228378,       78.42,
 139.180541,   35.228378,       81.52,
 139.185045,   35.228378,       82.57,
 139.189550,   35.228378,       81.31,
 139.194054,   35.228378,       79.76,
 139.198559,   35.228378,       78.14,
 139.203063,   35.228378,       76.35,
 139.207568,   35.228378,       74.30,
 139.212072,   35.228378,       71.56,
 139.216577,   35.228378,       67.94,
 139.221081,   35.228378,       63.77,
 139.225586,   35.228378,       59.33,
 139.230090,   35.228378,       54.89,
 139.234595,   35.228378,       50.55,
 139.239099,   35.228378,       46.28,
 139.243604,   35.228378,       42.26,
 139.248108,   35.228378,       38.48,
 139.252613,   35.228378,       34.67,
 139.257117,   35.228378,       30.87,
 139.261622,   35.228378,       27.01,
 139.266126,   35.228378,       22.92,
 139.270631,   35.228378,       18.92,
 139.275135,   35.228378,       15.19,
 139.279640,   35.228378,       11.51,
 139.284144,   35.228378,        8.54,
 139.288649,   35.228378,        7.22,
 139.293153,   35.228378,        6.24,
 139.297658,   35.228378,        5.09,
 139.302162,   35.228378,        3.79,
 139.306667,   35.228378,        2.60,
 139.311171,   35.228378,        2.06,
 139.315676,   35.228378,        1.82,
 139.320180,   35.228378,        1.63,
 139.324685,   35.228378,        1.45,
 139.329189,   35.228378,        1.33,
 139.333694,   35.228378,        1.42,
 139.338198,   35.228378,        1.73,
 139.342703,   35.228378,        2.26,
 139.347207,   35.228378,        3.00,
 139.351712,   35.228378,        3.87,
 139.356216,   35.228378,        4.83,
 139.360721,   35.228378,        5.87,
 139.365225,   35.228378,        7.06,
 139.369730,   35.228378,        8.31,
 139.374234,   35.228378,        9.56,
 139.378739,   35.228378,       10.82,
 139.383243,   35.228378,       12.10,
 139.387748,   35.228378,       13.64,
 139.392252,   35.228378,       15.65,
 139.396757,   35.228378,       19.12,
 139.401261,   35.228378,       24.78,
 139.405766,   35.228378,       31.81,
 139.410270,   35.228378,       40.56,
 139.414775,   35.228378,       46.80,
 139.419279,   35.228378,       48.05,
 139.423784,   35.228378,       45.45,
 139.428288,   35.228378,       42.03,
 139.432793,   35.228378,       38.25,
 139.437297,   35.228378,       34.37,
 139.441802,   35.228378,       30.73,
 139.446306,   35.228378,       29.83,
 139.450811,   35.228378,       31.10,
 139.455315,   35.228378,       33.00,
 139.459820,   35.228378,       35.87,
 139.464324,   35.228378,       39.25,
 139.468829,   35.228378,       43.13,
 139.473333,   35.228378,       46.66,
 139.477838,   35.228378,       49.18,
 139.482342,   35.228378,       50.96,
 139.486847,   35.228378,       52.74,
 139.491351,   35.228378,       54.64,
 139.495856,   35.228378,       56.14,
 139.500360,   35.228378,       55.45,
 139.504865,   35.228378,       54.76,
 139.509369,   35.228378,       54.06,
 139.513874,   35.228378,       52.96,
 139.518378,   35.228378,       51.14,
 139.522883,   35.228378,       49.02,
 139.527387,   35.228378,       46.97,
 139.531892,   35.228378,       50.70,
 139.536396,   35.228378,       53.65,
 139.540901,   35.228378,       55.94,
 139.545405,   35.228378,       55.98,
 139.549910,   35.228378,       50.89,
 139.554414,   35.228378,       45.34,
 139.558919,   35.228378,       40.10,
 139.563423,   35.228378,       39.94,
 139.567928,   35.228378,       42.73,
 139.572432,   35.228378,       47.96,
 139.576937,   35.228378,       50.98,
 139.581441,   35.228378,       53.29,
 139.585946,   35.228378,       55.86,
 139.590450,   35.228378,       59.54,
 139.594955,   35.228378,       64.34,
 139.599459,   35.228378,       70.04,
 139.603964,   35.228378,       74.51,
 139.608468,   35.228378,       75.94,
 139.612973,   35.228378,       75.73,
 139.617477,   35.228378,       71.46,
 139.621982,   35.228378,       65.49,
 139.626486,   35.228378,       61.09,
 139.630991,   35.228378,       57.68,
 139.635495,   35.228378,       54.87,
 139.640000,   35.228378,       52.48,
 139.644505,   35.228378,       50.36,
 139.649009,   35.228378,       48.44,
 139.653514,   35.228378,       46.68,
 139.658018,   35.228378,       45.05,
 139.662523,   35.228378,       43.55,
 139.667027,   35.228378,       42.18,
 139.671532,   35.228378,       40.92,
 139.676036,   35.228378,       39.88,
 139.680541,   35.228378,       39.03,
 139.685045,   35.228378,       38.41,
 139.689550,   35.228378,       38.31,
 139.694054,   35.228378,       39.09,
 139.698559,   35.228378,       40.55,
 139.703063,   35.228378,       42.45,
 139.707568,   35.228378,       44.61,
 139.712072,   35.228378,       46.89,
 139.716577,   35.228378,       49.15,
 139.721081,   35.228378,       50.30,
 139.725586,   35.228378,       50.66,
 139.730090,   35.228378,       50.62,
 139.734595,   35.228378,       50.64,
 139.739099,   35.228378,       50.45,
 139.743604,   35.228378,       50.13,
 139.748108,   35.228378,       50.03,
 139.752613,   35.228378,       49.93,
 139.757117,   35.228378,       49.63,
 139.761622,   35.228378,       49.16,
 139.766126,   35.228378,       48.62,
 139.770631,   35.228378,       47.96,
 139.775135,   35.228378,       47.14,
 139.779640,   35.228378,       46.35,
 139.784144,   35.228378,       45.78,
 139.788649,   35.228378,       45.81,
 139.793153,   35.228378,       46.13,
 139.797658,   35.228378,       46.53,
 139.802162,   35.228378,       47.53,
 139.806667,   35.228378,       49.58,
 139.811171,   35.228378,       52.36,
 139.815676,   35.228378,       56.36,
 139.820180,   35.228378,       61.28,
 139.824685,   35.228378,       64.56,
 139.829189,   35.228378,       66.87,
 139.833694,   35.228378,       67.03,
 139.838198,   35.228378,       64.32,
 139.842703,   35.228378,       60.65,
 139.847207,   35.228378,       58.09,
 139.851712,   35.228378,       57.95,
 139.856216,   35.228378,       58.41,
 139.860721,   35.228378,       58.61,
 139.865225,   35.228378,       59.35,
 139.869730,   35.228378,       60.52,
 139.874234,   35.228378,       59.14,
 139.878739,   35.228378,       58.07,
 139.883243,   35.228378,       57.20,
 139.887748,   35.228378,       56.41,
 139.892252,   35.228378,       55.69,
 139.896757,   35.228378,       55.02,
 139.901261,   35.228378,       54.39,
 139.905766,   35.228378,       53.79,
 139.910270,   35.228378,       53.22,
 139.914775,   35.228378,       52.66,
 139.919279,   35.228378,       52.14,
 139.923784,   35.228378,       51.63,
 139.928288,   35.228378,       51.14,
 139.932793,   35.228378,       50.67,
 139.937297,   35.228378,       50.22,
 139.941802,   35.228378,       49.77,
 139.946306,   35.228378,       49.34,
 139.950811,   35.228378,       48.92,
 139.955315,   35.228378,       48.50,
 139.959820,   35.228378,       48.10,
 139.964324,   35.228378,       47.70,
 139.968829,   35.228378,       47.32,
 139.973333,   35.228378,       46.94,
 139.977838,   35.228378,       46.57,
 139.982342,   35.228378,       46.20,
 139.986847,   35.228378,       45.84,
 139.991351,   35.228378,       45.49,
 139.995856,   35.228378,       45.15,
 140.000360,   35.228378,       44.81,
 140.004865,   35.228378,       44.47,
 140.009369,   35.228378,       44.15,
 140.013874,   35.228378,       43.82,
 140.018378,   35.228378,       43.50,
 140.022883,   35.228378,       43.18,
 140.027387,   35.228378,       42.87,
 140.031892,   35.228378,       42.56,
 140.036396,   35.228378,       42.26,
 140.040901,   35.228378,       41.96,
 140.045405,   35.228378,       41.67,
 140.049910,   35.228378,       41.40,
 140.054414,   35.228378,       41.12,
 140.058919,   35.228378,       40.86,
 140.063423,   35.228378,       40.60,
 140.067928,   35.228378,       40.35,
 140.072432,   35.228378,       40.11,
 140.076937,   35.228378,       39.87,
 140.081441,   35.228378,       39.64,
 140.085946,   35.228378,       39.41,
 140.090450,   35.228378,       39.19,
 140.094955,   35.228378,       38.98,
 140.099459,   35.228378,       38.77,
 140.103964,   35.228378,       38.56,
 140.108468,   35.228378,       38.36,
 140.112973,   35.228378,       38.16,
 140.117477,   35.228378,       37.97,
 140.121982,   35.228378,       37.79,
 140.126486,   35.228378,       37.61,
 140.130991,   35.228378,       37.43,
 140.135495,   35.228378,       37.26,
 140.140000,   35.228378,       37.10,
 140.144505,   35.228378,       36.94,
 140.149009,   35.228378,       36.79,
 140.153514,   35.228378,       36.64,
 140.158018,   35.228378,       36.50,
 140.162523,   35.228378,       36.36,
 140.167027,   35.228378,       36.23,
 140.171532,   35.228378,       36.11,
 140.176036,   35.228378,       35.99,
 140.180541,   35.228378,       35.88,
 140.185045,   35.228378,       35.77,
 140.189550,   35.228378,       35.67,
 140.194054,   35.228378,       35.58,
 140.198559,   35.228378,       35.49,
 140.203063,   35.228378,       35.40,
 140.207568,   35.228378,       35.32,
 140.212072,   35.228378,       35.24,
 140.216577,   35.228378,       35.17,
 140.221081,   35.228378,       35.09,
 140.225586,   35.228378,       35.03,
 140.230090,   35.228378,       34.96,
 140.234595,   35.228378,       34.90,
 140.239099,   35.228378,       34.84,
 140.243604,   35.228378,       34.78,
 140.248108,   35.228378,       34.73,
 140.252613,   35.228378,       34.68,
 140.257117,   35.228378,       34.64,
 140.261622,   35.228378,       34.60,
 140.266126,   35.228378,       34.56,
 140.270631,   35.228378,       34.52,
 140.275135,   35.228378,       34.49,
 140.279640,   35.228378,       34.45,
 140.284144,   35.228378,       34.43,
 140.288649,   35.228378,       34.40,
 140.293153,   35.228378,       34.38,
 140.297658,   35.228378,       34.37,
 140.302162,   35.228378,       34.35,
 140.306667,   35.228378,       34.35,
 140.311171,   35.228378,       34.34,
 140.315676,   35.228378,       34.34,
 140.320180,   35.228378,       34.34,
 140.324685,   35.228378,       34.35,
 140.329189,   35.228378,       34.37,
 140.333694,   35.228378,       34.40,
 140.338198,   35.228378,       34.43,
 140.342703,   35.228378,       34.47,
 140.347207,   35.228378,       34.51,
 140.351712,   35.228378,       34.53,
 140.356216,   35.228378,       34.52,
 140.360721,   35.228378,       34.48,
 140.365225,   35.228378,       34.42,
 140.369730,   35.228378,       34.36,
 140.374234,   35.228378,       34.30,
 140.378739,   35.228378,       34.24,
 140.383243,   35.228378,       34.18,
 140.387748,   35.228378,       34.12,
 139.140000,   35.232883,       75.70,
 139.144505,   35.232883,       74.94,
 139.149009,   35.232883,       73.93,
 139.153514,   35.232883,       72.89,
 139.158018,   35.232883,       71.89,
 139.162523,   35.232883,       71.05,
 139.167027,   35.232883,       72.63,
 139.171532,   35.232883,       74.88,
 139.176036,   35.232883,       77.48,
 139.180541,   35.232883,       79.59,
 139.185045,   35.232883,       80.66,
 139.189550,   35.232883,       80.36,
 139.194054,   35.232883,       79.43,
 139.198559,   35.232883,       77.92,
 139.203063,   35.232883,       75.90,
 139.207568,   35.232883,       73.69,
 139.212072,   35.232883,       71.00,
 139.216577,   35.232883,       67.69,
 139.221081,   35.232883,       63.92,
 139.225586,   35.232883,       59.71,
 139.230090,   35.232883,       55.46,
 139.234595,   35.232883,       51.39,
 139.239099,   35.232883,       47.54,
 139.243604,   35.232883,       44.00,
 139.248108,   35.232883,       40.17,
 139.252613,   35.232883,       36.30,
 139.257117,   35.232883,       32.40,
 139.261622,   35.232883,       28.50,
 139.266126,   35.232883,       24.39,
 139.270631,   35.232883,       19.98,
 139.275135,   35.232883,       15.60,
 139.279640,   35.232883,       11.23,
 139.284144,   35.232883,        7.12,
 139.288649,   35.232883,        6.54,
 139.293153,   35.232883,        5.76,
 139.297658,   35.232883,        4.80,
 139.302162,   35.232883,        3.86,
 139.306667,   35.232883,        3.14,
 139.311171,   35.232883,        2.59,
 139.315676,   35.232883,        2.23,
 139.320180,   35.232883,        1.94,
 139.324685,   35.232883,        1.69,
 139.329189,   35.232883,        1.52,
 139.333694,   35.232883,        1.67,
 139.338198,   35.232883,        2.07,
 139.342703,   35.232883,        2.76,
 139.347207,   35.232883,        3.58,
 139.351712,   35.232883,        4.32,
 139.356216,   35.232883,        5.02,
 139.360721,   35.232883,        5.81,
 139.365225,   35.232883,        6.92,
 139.369730,   35.232883,        8.31,
 139.374234,   35.232883,        9.79,
 139.378739,   35.232883,       11.17,
 139.383243,   35.232883,       12.37,
 139.387748,   35.232883,       13.39,
 139.392252,   35.232883,       14.48,
 139.396757,   35.232883,       18.77,
 139.401261,   35.232883,       25.73,
 139.405766,   35.232883,       33.89,
 139.410270,   35.232883,       43.07,
 139.414775,   35.232883,       52.51,
 139.419279,   35.232883,       56.06,
 139.423784,   35.232883,       52.05,
 139.428288,   35.232883,       47.18,
 139.432793,   35.232883,       42.09,
 139.437297,   35.232883,       37.23,
 139.441802,   35.232883,       33.38,
 139.446306,   35.232883,       31.25,
 139.450811,   35.232883,       31.02,
 139.455315,   35.232883,       31.48,
 139.459820,   35.232883,       33.72,
 139.464324,   35.232883,       37.71,
 139.468829,   35.232883,       42.02,
 139.473333,   35.232883,       45.81,
 139.477838,   35.232883,       48.76,
 139.482342,   35.232883,       51.07,
 139.486847,   35.232883,       53.31,
 139.491351,   35.232883,       55.76,
 139.495856,   35.232883,       58.12,
 139.500360,   35.232883,       57.91,
 139.504865,   35.232883,       57.26,
 139.509369,   35.232883,       56.61,
 139.513874,   35.232883,       55.61,
 139.518378,   35.232883,       53.82,
 139.522883,   35.232883,       52.00,
 139.527387,   35.232883,       50.61,
 139.531892,   35.232883,       51.72,
 139.536396,   35.232883,       53.99,
 139.540901,   35.232883,       55.42,
 139.545405,   35.232883,       53.81,
 139.549910,   35.232883,       47.52,
 139.554414,   35.232883,       39.74,
 139.558919,   35.232883,       31.15,
 139.563423,   35.232883,       31.60,
 139.567928,   35.232883,       38.85,
 139.572432,   35.232883,       46.15,
 139.576937,   35.232883,       51.22,
 139.581441,   35.232883,       53.90,
 139.585946,   35.232883,       56.62,
 139.590450,   35.232883,       59.54,
 139.594955,   35.232883,       65.48,
 139.599459,   35.232883,       72.57,
 139.603964,   35.232883,       78.90,
 139.608468,   35.232883,       77.74,
 139.612973,   35.232883,       74.99,
 139.617477,   35.232883,       71.84,
 139.621982,   35.232883,       67.00,
 139.626486,   35.232883,       62.85,
 139.630991,   35.232883,       59.36,
 139.635495,   35.232883,       56.38,
 139.640000,   35.232883,       53.78,
 139.644505,   35.232883,       51.47,
 139.649009,   35.232883,       49.37,
 139.653514,   35.232883,       47.45,
 139.658018,   35.232883,       45.66,
 139.662523,   35.232883,       43.99,
 139.667027,   35.232883,       42.43,
 139.671532,   35.232883,       41.05,
 139.676036,   35.232883,       39.91,
 139.680541,   35.232883,       38.99,
 139.685045,   35.232883,       38.34,
 139.689550,   35.232883,       38.22,
 139.694054,   35.232883,       38.92,
 139.698559,   35.232883,       40.44,
 139.703063,   35.232883,       42.43,
 139.707568,   35.232883,       44.82,
 139.712072,   35.232883,       47.47,
 139.716577,   35.232883,       50.34,
 139.721081,   35.232883,       52.36,
 139.725586,   35.232883,       52.51,
 139.730090,   35.232883,       52.31,
 139.734595,   35.232883,       52.06,
 139.739099,   35.232883,       51.36,
 139.743604,   35.232883,       50.86,
 139.748108,   35.232883,       50.62,
 139.752613,   35.232883,       50.31,
 139.757117,   35.232883,       50.20,
 139.761622,   35.232883,       49.85,
 139.766126,   35.232883,       49.21,
 139.770631,   35.232883,       48.60,
 139.775135,   35.232883,       47.95,
 139.779640,   35.232883,       47.28,
 139.784144,   35.232883,       46.66,
 139.788649,   35.232883,       46.14,
 139.793153,   35.232883,       46.47,
 139.797658,   35.232883,       46.85,
 139.802162,   35.232883,       47.30,
 139.806667,   35.232883,       49.52,
 139.811171,   35.232883,       52.42,
 139.815676,   35.232883,       55.53,
 139.820180,   35.232883,       57.94,
 139.824685,   35.232883,       60.62,
 139.829189,   35.232883,       62.80,
 139.833694,   35.232883,       62.03,
 139.838198,   35.232883,       58.58,
 139.842703,   35.232883,       55.07,
 139.847207,   35.232883,       53.23,
 139.851712,   35.232883,       53.85,
 139.856216,   35.232883,       54.38,
 139.860721,   35.232883,       55.23,
 139.865225,   35.232883,       57.15,
 139.869730,   35.232883,       59.00,
 139.874234,   35.232883,       58.39,
 139.878739,   35.232883,       57.77,
 139.883243,   35.232883,       57.03,
 139.887748,   35.232883,       56.31,
 139.892252,   35.232883,       55.63,
 139.896757,   35.232883,       54.98,
 139.901261,   35.232883,       54.37,
 139.905766,   35.232883,       53.79,
 139.910270,   35.232883,       53.22,
 139.914775,   35.232883,       52.68,
 139.919279,   35.232883,       52.16,
 139.923784,   35.232883,       51.66,
 139.928288,   35.232883,       51.18,
 139.932793,   35.232883,       50.72,
 139.937297,   35.232883,       50.27,
 139.941802,   35.232883,       49.84,
 139.946306,   35.232883,       49.41,
 139.950811,   35.232883,       48.99,
 139.955315,   35.232883,       48.58,
 139.959820,   35.232883,       48.18,
 139.964324,   35.232883,       47.79,
 139.968829,   35.232883,       47.41,
 139.973333,   35.232883,       47.03,
 139.977838,   35.232883,       46.66,
 139.982342,   35.232883,       46.30,
 139.986847,   35.232883,       45.95,
 139.991351,   35.232883,       45.60,
 139.995856,   35.232883,       45.26,
 140.000360,   35.232883,       44.92,
 140.004865,   35.232883,       44.59,
 140.009369,   35.232883,       44.26,
 140.013874,   35.232883,       43.94,
 140.018378,   35.232883,       43.62,
 140.022883,   35.232883,       43.30,
 140.027387,   35.232883,       42.99,
 140.031892,   35.232883,       42.69,
 140.036396,   35.232883,       42.39,
 140.040901,   35.232883,       42.10,
 140.045405,   35.232883,       41.82,
 140.049910,   35.232883,       41.54,
 140.054414,   35.232883,       41.28,
 140.058919,   35.232883,       41.02,
 140.063423,   35.232883,       40.77,
 140.067928,   35.232883,       40.52,
 140.072432,   35.232883,       40.28,
 140.076937,   35.232883,       40.05,
 140.081441,   35.232883,       39.82,
 140.085946,   35.232883,       39.60,
 140.090450,   35.232883,       39.38,
 140.094955,   35.232883,       39.17,
 140.099459,   35.232883,       38.96,
 140.103964,   35.232883,       38.76,
 140.108468,   35.232883,       38.56,
 140.112973,   35.232883,       38.37,
 140.117477,   35.232883,       38.18,
 140.121982,   35.232883,       38.00,
 140.126486,   35.232883,       37.82,
 140.130991,   35.232883,       37.65,
 140.135495,   35.232883,       37.49,
 140.140000,   35.232883,       37.33,
 140.144505,   35.232883,       37.17,
 140.149009,   35.232883,       37.02,
 140.153514,   35.232883,       36.88,
 140.158018,   35.232883,       36.74,
 140.162523,   35.232883,       36.61,
 140.167027,   35.232883,       36.48,
 140.171532,   35.232883,       36.36,
 140.176036,   35.232883,       36.24,
 140.180541,   35.232883,       36.13,
 140.185045,   35.232883,       36.03,
 140.189550,   35.232883,       35.93,
 140.194054,   35.232883,       35.84,
 140.198559,   35.232883,       35.75,
 140.203063,   35.232883,       35.67,
 140.207568,   35.232883,       35.59,
 140.212072,   35.232883,       35.51,
 140.216577,   35.232883,       35.44,
 140.221081,   35.232883,       35.37,
 140.225586,   35.232883,       35.30,
 140.230090,   35.232883,       35.24,
 140.234595,   35.232883,       35.18,
 140.239099,   35.232883,       35.12,
 140.243604,   35.232883,       35.07,
 140.248108,   35.232883,       35.02,
 140.252613,   35.232883,       34.97,
 140.257117,   35.232883,       34.93,
 140.261622,   35.232883,       34.88,
 140.266126,   35.232883,       34.84,
 140.270631,   35.232883,       34.81,
 140.275135,   35.232883,       34.77,
 140.279640,   35.232883,       34.74,
 140.284144,   35.232883,       34.72,
 140.288649,   35.232883,       34.69,
 140.293153,   35.232883,       34.67,
 140.297658,   35.232883,       34.66,
 140.302162,   35.232883,       34.64,
 140.306667,   35.232883,       34.63,
 140.311171,   35.232883,       34.63,
 140.315676,   35.232883,       34.62,
 140.320180,   35.232883,       34.63,
 140.324685,   35.232883,       34.64,
 140.329189,   35.232883,       34.66,
 140.333694,   35.232883,       34.69,
 140.338198,   35.232883,       34.72,
 140.342703,   35.232883,       34.75,
 140.347207,   35.232883,       34.77,
 140.351712,   35.232883,       34.76,
 140.356216,   35.232883,       34.73,
 140.360721,   35.232883,       34.67,
 140.365225,   35.232883,       34.61,
 140.369730,   35.232883,       34.55,
 140.374234,   35.232883,       34.49,
 140.378739,   35.232883,       34.43,
 140.383243,   35.232883,       34.37,
 140.387748,   35.232883,       34.31,
 139.140000,   35.237387,       75.38,
 139.144505,   35.237387,       74.75,
 139.149009,   35.237387,       73.84,
 139.153514,   35.237387,       72.99,
 139.158018,   35.237387,       72.27,
 139.162523,   35.237387,       72.07,
 139.167027,   35.237387,       72.65,
 139.171532,   35.237387,       74.12,
 139.176036,   35.237387,       75.95,
 139.180541,   35.237387,       77.66,
 139.185045,   35.237387,       78.71,
 139.189550,   35.237387,       79.17,
 139.194054,   35.237387,       78.82,
 139.198559,   35.237387,       77.64,
 139.203063,   35.237387,       75.48,
 139.207568,   35.237387,       73.17,
 139.212072,   35.237387,       70.56,
 139.216577,   35.237387,       67.47,
 139.221081,   35.237387,       63.93,
 139.225586,   35.237387,       59.98,
 139.230090,   35.237387,       56.20,
 139.234595,   35.237387,       52.66,
 139.239099,   35.237387,       49.46,
 139.243604,   35.237387,       46.06,
 139.248108,   35.237387,       42.25,
 139.252613,   35.237387,       38.23,
 139.257117,   35.237387,       34.16,
 139.261622,   35.237387,       30.06,
 139.266126,   35.237387,       25.82,
 139.270631,   35.237387,       21.28,
 139.275135,   35.237387,       16.77,
 139.279640,   35.237387,       12.29,
 139.284144,   35.237387,        8.82,
 139.288649,   35.237387,        7.31,
 139.293153,   35.237387,        6.17,
 139.297658,   35.237387,        5.13,
 139.302162,   35.237387,        4.31,
 139.306667,   35.237387,        3.68,
 139.311171,   35.237387,        3.15,
 139.315676,   35.237387,        2.73,
 139.320180,   35.237387,        2.35,
 139.324685,   35.237387,        1.99,
 139.329189,   35.237387,        1.71,
 139.333694,   35.237387,        1.87,
 139.338198,   35.237387,        2.67,
 139.342703,   35.237387,        3.81,
 139.347207,   35.237387,        4.83,
 139.351712,   35.237387,        5.64,
 139.356216,   35.237387,        6.21,
 139.360721,   35.237387,        6.55,
 139.365225,   35.237387,        7.27,
 139.369730,   35.237387,        9.03,
 139.374234,   35.237387,       10.67,
 139.378739,   35.237387,       12.12,
 139.383243,   35.237387,       13.39,
 139.387748,   35.237387,       14.46,
 139.392252,   35.237387,       15.48,
 139.396757,   35.237387,       18.57,
 139.401261,   35.237387,       25.61,
 139.405766,   35.237387,       34.13,
 139.410270,   35.237387,       43.75,
 139.414775,   35.237387,       54.51,
 139.419279,   35.237387,       63.37,
 139.423784,   35.237387,       55.69,
 139.428288,   35.237387,       49.56,
 139.432793,   35.237387,       44.06,
 139.437297,   35.237387,       39.34,
 139.441802,   35.237387,       35.46,
 139.446306,   35.237387,       33.46,
 139.450811,   35.237387,       32.88,
 139.455315,   35.237387,       32.27,
 139.459820,   35.237387,       33.47,
 139.464324,   35.237387,       38.05,
 139.468829,   35.237387,       42.03,
 139.473333,   35.237387,       45.50,
 139.477838,   35.237387,       48.53,
 139.482342,   35.237387,       51.25,
 139.486847,   35.237387,       54.09,
 139.491351,   35.237387,       57.28,
 139.495856,   35.237387,       60.26,
 139.500360,   35.237387,       60.24,
 139.504865,   35.237387,       59.39,
 139.509369,   35.237387,       58.75,
 139.513874,   35.237387,       58.00,
 139.518378,   35.237387,       55.95,
 139.522883,   35.237387,       54.39,
 139.527387,   35.237387,       53.50,
 139.531892,   35.237387,       53.74,
 139.536396,   35.237387,       54.42,
 139.540901,   35.237387,       54.40,
 139.545405,   35.237387,       52.54,
 139.549910,   35.237387,       46.08,
 139.554414,   35.237387,       38.29,
 139.558919,   35.237387,       28.93,
 139.563423,   35.237387,       31.46,
 139.567928,   35.237387,       40.34,
 139.572432,   35.237387,       47.88,
 139.576937,   35.237387,       53.09,
 139.581441,   35.237387,       56.13,
 139.585946,   35.237387,       58.93,
 139.590450,   35.237387,       62.01,
 139.594955,   35.237387,       68.90,
 139.599459,   35.237387,       76.69,
 139.603964,   35.237387,       79.57,
 139.608468,   35.237387,       76.69,
 139.612973,   35.237387,       74.04,
 139.617477,   35.237387,       71.38,
 139.621982,   35.237387,       67.63,
 139.626486,   35.237387,       63.83,
 139.630991,   35.237387,       60.42,
 139.635495,   35.237387,       57.40,
 139.640000,   35.237387,       54.70,
 139.644505,   35.237387,       52.26,
 139.649009,   35.237387,       50.03,
 139.653514,   35.237387,       47.97,
 139.658018,   35.237387,       46.05,
 139.662523,   35.237387,       44.24,
 139.667027,   35.237387,       42.53,
 139.671532,   35.237387,       41.03,
 139.676036,   35.237387,       39.78,
 139.680541,   35.237387,       38.78,
 139.685045,   35.237387,       38.10,
 139.689550,   35.237387,       37.98,
 139.694054,   35.237387,       38.64,
 139.698559,   35.237387,       40.19,
 139.703063,   35.237387,       42.26,
 139.707568,   35.237387,       44.81,
 139.712072,   35.237387,       47.80,
 139.716577,   35.237387,       51.27,
 139.721081,   35.237387,       54.48,
 139.725586,   35.237387,       54.37,
 139.730090,   35.237387,       53.67,
 139.734595,   35.237387,       52.55,
 139.739099,   35.237387,       51.67,
 139.743604,   35.237387,       51.09,
 139.748108,   35.237387,       50.53,
 139.752613,   35.237387,       50.17,
 139.757117,   35.237387,       50.08,
 139.761622,   35.237387,       50.13,
 139.766126,   35.237387,       49.66,
 139.770631,   35.237387,       49.08,
 139.775135,   35.237387,       48.69,
 139.779640,   35.237387,       48.20,
 139.784144,   35.237387,       47.57,
 139.788649,   35.237387,       46.95,
 139.793153,   35.237387,       46.74,
 139.797658,   35.237387,       47.12,
 139.802162,   35.237387,       47.73,
 139.806667,   35.237387,       49.04,
 139.811171,   35.237387,       51.56,
 139.815676,   35.237387,       53.49,
 139.820180,   35.237387,       54.92,
 139.824685,   35.237387,       56.96,
 139.829189,   35.237387,       57.40,
 139.833694,   35.237387,       56.09,
 139.838198,   35.237387,       53.40,
 139.842703,   35.237387,       51.35,
 139.847207,   35.237387,       50.77,
 139.851712,   35.237387,       50.91,
 139.856216,   35.237387,       51.83,
 139.860721,   35.237387,       53.49,
 139.865225,   35.237387,       55.34,
 139.869730,   35.237387,       57.21,
 139.874234,   35.237387,       57.50,
 139.878739,   35.237387,       57.16,
 139.883243,   35.237387,       56.68,
 139.887748,   35.237387,       56.10,
 139.892252,   35.237387,       55.49,
 139.896757,   35.237387,       54.89,
 139.901261,   35.237387,       54.31,
 139.905766,   35.237387,       53.74,
 139.910270,   35.237387,       53.20,
 139.914775,   35.237387,       52.67,
 139.919279,   35.237387,       52.16,
 139.923784,   35.237387,       51.68,
 139.928288,   35.237387,       51.21,
 139.932793,   35.237387,       50.76,
 139.937297,   35.237387,       50.32,
 139.941802,   35.237387,       49.89,
 139.946306,   35.237387,       49.47,
 139.950811,   35.237387,       49.05,
 139.955315,   35.237387,       48.65,
 139.959820,   35.237387,       48.25,
 139.964324,   35.237387,       47.87,
 139.968829,   35.237387,       47.49,
 139.973333,   35.237387,       47.12,
 139.977838,   35.237387,       46.75,
 139.982342,   35.237387,       46.40,
 139.986847,   35.237387,       46.05,
 139.991351,   35.237387,       45.70,
 139.995856,   35.237387,       45.36,
 140.000360,   35.237387,       45.03,
 140.004865,   35.237387,       44.70,
 140.009369,   35.237387,       44.37,
 140.013874,   35.237387,       44.05,
 140.018378,   35.237387,       43.73,
 140.022883,   35.237387,       43.42,
 140.027387,   35.237387,       43.11,
 140.031892,   35.237387,       42.81,
 140.036396,   35.237387,       42.52,
 140.040901,   35.237387,       42.23,
 140.045405,   35.237387,       41.96,
 140.049910,   35.237387,       41.69,
 140.054414,   35.237387,       41.43,
 140.058919,   35.237387,       41.18,
 140.063423,   35.237387,       40.93,
 140.067928,   35.237387,       40.69,
 140.072432,   35.237387,       40.45,
 140.076937,   35.237387,       40.22,
 140.081441,   35.237387,       40.00,
 140.085946,   35.237387,       39.78,
 140.090450,   35.237387,       39.57,
 140.094955,   35.237387,       39.36,
 140.099459,   35.237387,       39.16,
 140.103964,   35.237387,       38.96,
 140.108468,   35.237387,       38.76,
 140.112973,   35.237387,       38.58,
 140.117477,   35.237387,       38.39,
 140.121982,   35.237387,       38.21,
 140.126486,   35.237387,       38.04,
 140.130991,   35.237387,       37.87,
 140.135495,   35.237387,       37.71,
 140.140000,   35.237387,       37.55,
 140.144505,   35.237387,       37.40,
 140.149009,   35.237387,       37.26,
 140.153514,   35.237387,       37.11,
 140.158018,   35.237387,       36.98,
 140.162523,   35.237387,       36.85,
 140.167027,   35.237387,       36.72,
 140.171532,   35.237387,       36.61,
 140.176036,   35.237387,       36.49,
 140.180541,   35.237387,       36.39,
 140.185045,   35.237387,       36.28,
 140.189550,   35.237387,       36.19,
 140.194054,   35.237387,       36.10,
 140.198559,   35.237387,       36.01,
 140.203063,   35.237387,       35.93,
 140.207568,   35.237387,       35.86,
 140.212072,   35.237387,       35.78,
 140.216577,   35.237387,       35.71,
 140.221081,   35.237387,       35.64,
 140.225586,   35.237387,       35.58,
 140.230090,   35.237387,       35.51,
 140.234595,   35.237387,       35.45,
 140.239099,   35.237387,       35.40,
 140.243604,   35.237387,       35.35,
 140.248108,   35.237387,       35.30,
 140.252613,   35.237387,       35.25,
 140.257117,   35.237387,       35.21,
 140.261622,   35.237387,       35.17,
 140.266126,   35.237387,       35.13,
 140.270631,   35.237387,       35.09,
 140.275135,   35.237387,       35.06,
 140.279640,   35.237387,       35.03,
 140.284144,   35.237387,       35.00,
 140.288649,   35.237387,       34.98,
 140.293153,   35.237387,       34.96,
 140.297658,   35.237387,       34.94,
 140.302162,   35.237387,       34.92,
 140.306667,   35.237387,       34.91,
 140.311171,   35.237387,       34.91,
 140.315676,   35.237387,       34.90,
 140.320180,   35.237387,       34.91,
 140.324685,   35.237387,       34.93,
 140.329189,   35.237387,       34.95,
 140.333694,   35.237387,       34.97,
 140.338198,   35.237387,       34.99,
 140.342703,   35.237387,       35.01,
 140.347207,   35.237387,       35.01,
 140.351712,   35.237387,       34.98,
 140.356216,   35.237387,       34.92,
 140.360721,   35.237387,       34.87,
 140.365225,   35.237387,       34.81,
 140.369730,   35.237387,       34.75,
 140.374234,   35.237387,       34.69,
 140.378739,   35.237387,       34.63,
 140.383243,   35.237387,       34.57,
 140.387748,   35.237387,       34.51,
 139.140000,   35.241892,       75.03,
 139.144505,   35.241892,       74.52,
 139.149009,   35.241892,       73.89,
 139.153514,   35.241892,       73.43,
 139.158018,   35.241892,       73.07,
 139.162523,   35.241892,       72.99,
 139.167027,   35.241892,       73.30,
 139.171532,   35.241892,       73.95,
 139.176036,   35.241892,       74.69,
 139.180541,   35.241892,       76.33,
 139.185045,   35.241892,       77.81,
 139.189550,   35.241892,       78.53,
 139.194054,   35.241892,       78.54,
 139.198559,   35.241892,       77.76,
 139.203063,   35.241892,       75.75,
 139.207568,   35.241892,       73.34,
 139.212072,   35.241892,       70.59,
 139.216577,   35.241892,       67.51,
 139.221081,   35.241892,       64.08,
 139.225586,   35.241892,       60.60,
 139.230090,   35.241892,       57.41,
 139.234595,   35.241892,       54.46,
 139.239099,   35.241892,       51.54,
 139.243604,   35.241892,       48.24,
 139.248108,   35.241892,       44.52,
 139.252613,   35.241892,       40.33,
 139.257117,   35.241892,       36.04,
 139.261622,   35.241892,       31.72,
 139.266126,   35.241892,       27.00,
 139.270631,   35.241892,       22.41,
 139.275135,   35.241892,       17.82,
 139.279640,   35.241892,       13.40,
 139.284144,   35.241892,       10.42,
 139.288649,   35.241892,        8.55,
 139.293153,   35.241892,        7.05,
 139.297658,   35.241892,        5.75,
 139.302162,   35.241892,        4.80,
 139.306667,   35.241892,        4.24,
 139.311171,   35.241892,        3.93,
 139.315676,   35.241892,        3.65,
 139.320180,   35.241892,        3.24,
 139.324685,   35.241892,        2.69,
 139.329189,   35.241892,        2.01,
 139.333694,   35.241892,        2.37,
 139.338198,   35.241892,        4.05,
 139.342703,   35.241892,        5.52,
 139.347207,   35.241892,        6.74,
 139.351712,   35.241892,        7.74,
 139.356216,   35.241892,        8.57,
 139.360721,   35.241892,        9.37,
 139.365225,   35.241892,       10.28,
 139.369730,   35.241892,       11.29,
 139.374234,   35.241892,       12.49,
 139.378739,   35.241892,       13.81,
 139.383243,   35.241892,       15.16,
 139.387748,   35.241892,       16.41,
 139.392252,   35.241892,       17.48,
 139.396757,   35.241892,       18.87,
 139.401261,   35.241892,       23.75,
 139.405766,   35.241892,       32.17,
 139.410270,   35.241892,       41.20,
 139.414775,   35.241892,       49.33,
 139.419279,   35.241892,       53.48,
 139.423784,   35.241892,       51.81,
 139.428288,   35.241892,       47.47,
 139.432793,   35.241892,       43.61,
 139.437297,   35.241892,       40.22,
 139.441802,   35.241892,       36.96,
 139.446306,   35.241892,       36.07,
 139.450811,   35.241892,       35.99,
 139.455315,   35.241892,       36.29,
 139.459820,   35.241892,       37.48,
 139.464324,   35.241892,       40.35,
 139.468829,   35.241892,       43.31,
 139.473333,   35.241892,       45.98,
 139.477838,   35.241892,       48.59,
 139.482342,   35.241892,       51.91,
 139.486847,   35.241892,       55.34,
 139.491351,   35.241892,       58.83,
 139.495856,   35.241892,       62.48,
 139.500360,   35.241892,       61.88,
 139.504865,   35.241892,       60.60,
 139.509369,   35.241892,       59.40,
 139.513874,   35.241892,       58.08,
 139.518378,   35.241892,       56.82,
 139.522883,   35.241892,       55.67,
 139.527387,   35.241892,       55.06,
 139.531892,   35.241892,       54.69,
 139.536396,   35.241892,       54.02,
 139.540901,   35.241892,       53.24,
 139.545405,   35.241892,       52.17,
 139.549910,   35.241892,       47.98,
 139.554414,   35.241892,       42.93,
 139.558919,   35.241892,       39.13,
 139.563423,   35.241892,       41.23,
 139.567928,   35.241892,       46.94,
 139.572432,   35.241892,       53.46,
 139.576937,   35.241892,       57.36,
 139.581441,   35.241892,       60.07,
 139.585946,   35.241892,       63.50,
 139.590450,   35.241892,       68.37,
 139.594955,   35.241892,       74.42,
 139.599459,   35.241892,       80.42,
 139.603964,   35.241892,       78.15,
 139.608468,   35.241892,       75.55,
 139.612973,   35.241892,       73.01,
 139.617477,   35.241892,       70.45,
 139.621982,   35.241892,       67.57,
 139.626486,   35.241892,       64.22,
 139.630991,   35.241892,       60.98,
 139.635495,   35.241892,       57.98,
 139.640000,   35.241892,       55.25,
 139.644505,   35.241892,       52.73,
 139.649009,   35.241892,       50.40,
 139.653514,   35.241892,       48.24,
 139.658018,   35.241892,       46.21,
 139.662523,   35.241892,       44.29,
 139.667027,   35.241892,       42.47,
 139.671532,   35.241892,       40.84,
 139.676036,   35.241892,       39.47,
 139.680541,   35.241892,       38.37,
 139.685045,   35.241892,       37.67,
 139.689550,   35.241892,       37.55,
 139.694054,   35.241892,       38.22,
 139.698559,   35.241892,       39.78,
 139.703063,   35.241892,       41.87,
 139.707568,   35.241892,       44.50,
 139.712072,   35.241892,       47.70,
 139.716577,   35.241892,       51.75,
 139.721081,   35.241892,       56.66,
 139.725586,   35.241892,       55.04,
 139.730090,   35.241892,       53.40,
 139.734595,   35.241892,       52.09,
 139.739099,   35.241892,       51.34,
 139.743604,   35.241892,       50.55,
 139.748108,   35.241892,       49.94,
 139.752613,   35.241892,       49.55,
 139.757117,   35.241892,       49.38,
 139.761622,   35.241892,       49.60,
 139.766126,   35.241892,       49.98,
 139.770631,   35.241892,       49.33,
 139.775135,   35.241892,       48.91,
 139.779640,   35.241892,       48.98,
 139.784144,   35.241892,       48.25,
 139.788649,   35.241892,       47.46,
 139.793153,   35.241892,       47.07,
 139.797658,   35.241892,       47.16,
 139.802162,   35.241892,       47.66,
 139.806667,   35.241892,       48.63,
 139.811171,   35.241892,       49.97,
 139.815676,   35.241892,       51.18,
 139.820180,   35.241892,       52.38,
 139.824685,   35.241892,       53.12,
 139.829189,   35.241892,       52.39,
 139.833694,   35.241892,       50.82,
 139.838198,   35.241892,       48.79,
 139.842703,   35.241892,       48.64,
 139.847207,   35.241892,       48.44,
 139.851712,   35.241892,       48.20,
 139.856216,   35.241892,       49.93,
 139.860721,   35.241892,       51.78,
 139.865225,   35.241892,       53.61,
 139.869730,   35.241892,       55.64,
 139.874234,   35.241892,       56.62,
 139.878739,   35.241892,       56.48,
 139.883243,   35.241892,       56.16,
 139.887748,   35.241892,       55.74,
 139.892252,   35.241892,       55.26,
 139.896757,   35.241892,       54.73,
 139.901261,   35.241892,       54.19,
 139.905766,   35.241892,       53.66,
 139.910270,   35.241892,       53.14,
 139.914775,   35.241892,       52.63,
 139.919279,   35.241892,       52.14,
 139.923784,   35.241892,       51.67,
 139.928288,   35.241892,       51.22,
 139.932793,   35.241892,       50.78,
 139.937297,   35.241892,       50.34,
 139.941802,   35.241892,       49.92,
 139.946306,   35.241892,       49.51,
 139.950811,   35.241892,       49.10,
 139.955315,   35.241892,       48.71,
 139.959820,   35.241892,       48.32,
 139.964324,   35.241892,       47.94,
 139.968829,   35.241892,       47.56,
 139.973333,   35.241892,       47.20,
 139.977838,   35.241892,       46.84,
 139.982342,   35.241892,       46.48,
 139.986847,   35.241892,       46.14,
 139.991351,   35.241892,       45.80,
 139.995856,   35.241892,       45.46,
 140.000360,   35.241892,       45.13,
 140.004865,   35.241892,       44.80,
 140.009369,   35.241892,       44.48,
 140.013874,   35.241892,       44.16,
 140.018378,   35.241892,       43.84,
 140.022883,   35.241892,       43.53,
 140.027387,   35.241892,       43.23,
 140.031892,   35.241892,       42.93,
 140.036396,   35.241892,       42.65,
 140.040901,   35.241892,       42.37,
 140.045405,   35.241892,       42.10,
 140.049910,   35.241892,       41.84,
 140.054414,   35.241892,       41.58,
 140.058919,   35.241892,       41.33,
 140.063423,   35.241892,       41.09,
 140.067928,   35.241892,       40.85,
 140.072432,   35.241892,       40.62,
 140.076937,   35.241892,       40.40,
 140.081441,   35.241892,       40.18,
 140.085946,   35.241892,       39.97,
 140.090450,   35.241892,       39.76,
 140.094955,   35.241892,       39.55,
 140.099459,   35.241892,       39.35,
 140.103964,   35.241892,       39.16,
 140.108468,   35.241892,       38.97,
 140.112973,   35.241892,       38.78,
 140.117477,   35.241892,       38.60,
 140.121982,   35.241892,       38.43,
 140.126486,   35.241892,       38.26,
 140.130991,   35.241892,       38.09,
 140.135495,   35.241892,       37.94,
 140.140000,   35.241892,       37.78,
 140.144505,   35.241892,       37.63,
 140.149009,   35.241892,       37.49,
 140.153514,   35.241892,       37.35,
 140.158018,   35.241892,       37.22,
 140.162523,   35.241892,       37.09,
 140.167027,   35.241892,       36.97,
 140.171532,   35.241892,       36.85,
 140.176036,   35.241892,       36.74,
 140.180541,   35.241892,       36.64,
 140.185045,   35.241892,       36.54,
 140.189550,   35.241892,       36.44,
 140.194054,   35.241892,       36.36,
 140.198559,   35.241892,       36.28,
 140.203063,   35.241892,       36.20,
 140.207568,   35.241892,       36.12,
 140.212072,   35.241892,       36.05,
 140.216577,   35.241892,       35.98,
 140.221081,   35.241892,       35.91,
 140.225586,   35.241892,       35.85,
 140.230090,   35.241892,       35.79,
 140.234595,   35.241892,       35.73,
 140.239099,   35.241892,       35.67,
 140.243604,   35.241892,       35.62,
 140.248108,   35.241892,       35.57,
 140.252613,   35.241892,       35.53,
 140.257117,   35.241892,       35.48,
 140.261622,   35.241892,       35.44,
 140.266126,   35.241892,       35.41,
 140.270631,   35.241892,       35.37,
 140.275135,   35.241892,       35.34,
 140.279640,   35.241892,       35.31,
 140.284144,   35.241892,       35.28,
 140.288649,   35.241892,       35.26,
 140.293153,   35.241892,       35.24,
 140.297658,   35.241892,       35.22,
 140.302162,   35.241892,       35.20,
 140.306667,   35.241892,       35.19,
 140.311171,   35.241892,       35.18,
 140.315676,   35.241892,       35.19,
 140.320180,   35.241892,       35.19,
 140.324685,   35.241892,       35.21,
 140.329189,   35.241892,       35.22,
 140.333694,   35.241892,       35.24,
 140.338198,   35.241892,       35.26,
 140.342703,   35.241892,       35.25,
 140.347207,   35.241892,       35.23,
 140.351712,   35.241892,       35.18,
 140.356216,   35.241892,       35.12,
 140.360721,   35.241892,       35.06,
 140.365225,   35.241892,       35.00,
 140.369730,   35.241892,       34.95,
 140.374234,   35.241892,       34.89,
 140.378739,   35.241892,       34.83,
 140.383243,   35.241892,       34.77,
 140.387748,   35.241892,       34.71,
 139.140000,   35.246396,       75.10,
 139.144505,   35.246396,       74.69,
 139.149009,   35.246396,       74.01,
 139.153514,   35.246396,       74.87,
 139.158018,   35.246396,       73.90,
 139.162523,   35.246396,       73.82,
 139.167027,   35.246396,       74.67,
 139.171532,   35.246396,       75.55,
 139.176036,   35.246396,       76.39,
 139.180541,   35.246396,       77.47,
 139.185045,   35.246396,       78.64,
 139.189550,   35.246396,       79.67,
 139.194054,   35.246396,       80.20,
 139.198559,   35.246396,       79.54,
 139.203063,   35.246396,       77.24,
 139.207568,   35.246396,       74.54,
 139.212072,   35.246396,       71.54,
 139.216577,   35.246396,       68.24,
 139.221081,   35.246396,       64.92,
 139.225586,   35.246396,       62.07,
 139.230090,   35.246396,       59.28,
 139.234595,   35.246396,       56.51,
 139.239099,   35.246396,       53.68,
 139.243604,   35.246396,       50.53,
 139.248108,   35.246396,       46.84,
 139.252613,   35.246396,       42.45,
 139.257117,   35.246396,       37.86,
 139.261622,   35.246396,       33.07,
 139.266126,   35.246396,       28.08,
 139.270631,   35.246396,       23.42,
 139.275135,   35.246396,       18.79,
 139.279640,   35.246396,       14.41,
 139.284144,   35.246396,       12.06,
 139.288649,   35.246396,        9.98,
 139.293153,   35.246396,        8.09,
 139.297658,   35.246396,        6.41,
 139.302162,   35.246396,        5.26,
 139.306667,   35.246396,        5.09,
 139.311171,   35.246396,        5.14,
 139.315676,   35.246396,        5.06,
 139.320180,   35.246396,        4.80,
 139.324685,   35.246396,        4.37,
 139.329189,   35.246396,        4.04,
 139.333694,   35.246396,        5.00,
 139.338198,   35.246396,        6.49,
 139.342703,   35.246396,        8.00,
 139.347207,   35.246396,        9.35,
 139.351712,   35.246396,       10.57,
 139.356216,   35.246396,       11.66,
 139.360721,   35.246396,       12.66,
 139.365225,   35.246396,       13.44,
 139.369730,   35.246396,       14.23,
 139.374234,   35.246396,       15.17,
 139.378739,   35.246396,       16.25,
 139.383243,   35.246396,       17.46,
 139.387748,   35.246396,       18.61,
 139.392252,   35.246396,       19.54,
 139.396757,   35.246396,       20.10,
 139.401261,   35.246396,       21.82,
 139.405766,   35.246396,       27.70,
 139.410270,   35.246396,       34.65,
 139.414775,   35.246396,       39.73,
 139.419279,   35.246396,       42.75,
 139.423784,   35.246396,       43.18,
 139.428288,   35.246396,       42.42,
 139.432793,   35.246396,       40.96,
 139.437297,   35.246396,       39.42,
 139.441802,   35.246396,       38.41,
 139.446306,   35.246396,       38.14,
 139.450811,   35.246396,       38.64,
 139.455315,   35.246396,       39.95,
 139.459820,   35.246396,       41.74,
 139.464324,   35.246396,       43.64,
 139.468829,   35.246396,       45.14,
 139.473333,   35.246396,       46.67,
 139.477838,   35.246396,       48.52,
 139.482342,   35.246396,       52.06,
 139.486847,   35.246396,       56.21,
 139.491351,   35.246396,       59.97,
 139.495856,   35.246396,       62.11,
 139.500360,   35.246396,       61.71,
 139.504865,   35.246396,       60.74,
 139.509369,   35.246396,       59.42,
 139.513874,   35.246396,       58.12,
 139.518378,   35.246396,       56.84,
 139.522883,   35.246396,       55.84,
 139.527387,   35.246396,       55.16,
 139.531892,   35.246396,       54.57,
 139.536396,   35.246396,       53.82,
 139.540901,   35.246396,       52.90,
 139.545405,   35.246396,       52.13,
 139.549910,   35.246396,       51.63,
 139.554414,   35.246396,       50.18,
 139.558919,   35.246396,       49.32,
 139.563423,   35.246396,       51.39,
 139.567928,   35.246396,       55.26,
 139.572432,   35.246396,       58.62,
 139.576937,   35.246396,       61.10,
 139.581441,   35.246396,       64.12,
 139.585946,   35.246396,       69.03,
 139.590450,   35.246396,       74.45,
 139.594955,   35.246396,       80.15,
 139.599459,   35.246396,       78.94,
 139.603964,   35.246396,       76.51,
 139.608468,   35.246396,       74.12,
 139.612973,   35.246396,       71.75,
 139.617477,   35.246396,       69.34,
 139.621982,   35.246396,       66.84,
 139.626486,   35.246396,       64.03,
 139.630991,   35.246396,       61.06,
 139.635495,   35.246396,       58.18,
 139.640000,   35.246396,       55.46,
 139.644505,   35.246396,       52.91,
 139.649009,   35.246396,       50.52,
 139.653514,   35.246396,       48.27,
 139.658018,   35.246396,       46.15,
 139.662523,   35.246396,       44.14,
 139.667027,   35.246396,       42.23,
 139.671532,   35.246396,       40.47,
 139.676036,   35.246396,       38.97,
 139.680541,   35.246396,       37.79,
 139.685045,   35.246396,       37.06,
 139.689550,   35.246396,       36.94,
 139.694054,   35.246396,       37.63,
 139.698559,   35.246396,       39.16,
 139.703063,   35.246396,       41.21,
 139.707568,   35.246396,       43.82,
 139.712072,   35.246396,       47.01,
 139.716577,   35.246396,       50.91,
 139.721081,   35.246396,       53.61,
 139.725586,   35.246396,       53.39,
 139.730090,   35.246396,       52.54,
 139.734595,   35.246396,       51.21,
 139.739099,   35.246396,       50.16,
 139.743604,   35.246396,       49.24,
 139.748108,   35.246396,       48.62,
 139.752613,   35.246396,       47.88,
 139.757117,   35.246396,       47.39,
 139.761622,   35.246396,       47.55,
 139.766126,   35.246396,       48.22,
 139.770631,   35.246396,       48.45,
 139.775135,   35.246396,       48.05,
 139.779640,   35.246396,       47.98,
 139.784144,   35.246396,       47.88,
 139.788649,   35.246396,       47.24,
 139.793153,   35.246396,       46.64,
 139.797658,   35.246396,       46.27,
 139.802162,   35.246396,       46.69,
 139.806667,   35.246396,       47.33,
 139.811171,   35.246396,       47.88,
 139.815676,   35.246396,       48.88,
 139.820180,   35.246396,       49.70,
 139.824685,   35.246396,       49.85,
 139.829189,   35.246396,       49.01,
 139.833694,   35.246396,       47.78,
 139.838198,   35.246396,       46.92,
 139.842703,   35.246396,       46.49,
 139.847207,   35.246396,       46.48,
 139.851712,   35.246396,       46.91,
 139.856216,   35.246396,       48.29,
 139.860721,   35.246396,       50.26,
 139.865225,   35.246396,       52.30,
 139.869730,   35.246396,       54.73,
 139.874234,   35.246396,       55.81,
 139.878739,   35.246396,       55.81,
 139.883243,   35.246396,       55.62,
 139.887748,   35.246396,       55.30,
 139.892252,   35.246396,       54.92,
 139.896757,   35.246396,       54.49,
 139.901261,   35.246396,       54.02,
 139.905766,   35.246396,       53.53,
 139.910270,   35.246396,       53.04,
 139.914775,   35.246396,       52.56,
 139.919279,   35.246396,       52.10,
 139.923784,   35.246396,       51.65,
 139.928288,   35.246396,       51.21,
 139.932793,   35.246396,       50.78,
 139.937297,   35.246396,       50.36,
 139.941802,   35.246396,       49.95,
 139.946306,   35.246396,       49.54,
 139.950811,   35.246396,       49.14,
 139.955315,   35.246396,       48.75,
 139.959820,   35.246396,       48.37,
 139.964324,   35.246396,       48.00,
 139.968829,   35.246396,       47.63,
 139.973333,   35.246396,       47.27,
 139.977838,   35.246396,       46.91,
 139.982342,   35.246396,       46.57,
 139.986847,   35.246396,       46.22,
 139.991351,   35.246396,       45.89,
 139.995856,   35.246396,       45.55,
 140.000360,   35.246396,       45.23,
 140.004865,   35.246396,       44.90,
 140.009369,   35.246396,       44.58,
 140.013874,   35.246396,       44.26,
 140.018378,   35.246396,       43.95,
 140.022883,   35.246396,       43.64,
 140.027387,   35.246396,       43.35,
 140.031892,   35.246396,       43.06,
 140.036396,   35.246396,       42.78,
 140.040901,   35.246396,       42.50,
 140.045405,   35.246396,       42.24,
 140.049910,   35.246396,       41.98,
 140.054414,   35.246396,       41.73,
 140.058919,   35.246396,       41.49,
 140.063423,   35.246396,       41.25,
 140.067928,   35.246396,       41.02,
 140.072432,   35.246396,       40.79,
 140.076937,   35.246396,       40.57,
 140.081441,   35.246396,       40.36,
 140.085946,   35.246396,       40.15,
 140.090450,   35.246396,       39.94,
 140.094955,   35.246396,       39.74,
 140.099459,   35.246396,       39.55,
 140.103964,   35.246396,       39.36,
 140.108468,   35.246396,       39.17,
 140.112973,   35.246396,       38.99,
 140.117477,   35.246396,       38.81,
 140.121982,   35.246396,       38.64,
 140.126486,   35.246396,       38.47,
 140.130991,   35.246396,       38.31,
 140.135495,   35.246396,       38.16,
 140.140000,   35.246396,       38.01,
 140.144505,   35.246396,       37.86,
 140.149009,   35.246396,       37.72,
 140.153514,   35.246396,       37.59,
 140.158018,   35.246396,       37.46,
 140.162523,   35.246396,       37.33,
 140.167027,   35.246396,       37.21,
 140.171532,   35.246396,       37.10,
 140.176036,   35.246396,       36.99,
 140.180541,   35.246396,       36.89,
 140.185045,   35.246396,       36.79,
 140.189550,   35.246396,       36.70,
 140.194054,   35.246396,       36.61,
 140.198559,   35.246396,       36.53,
 140.203063,   35.246396,       36.46,
 140.207568,   35.246396,       36.38,
 140.212072,   35.246396,       36.31,
 140.216577,   35.246396,       36.24,
 140.221081,   35.246396,       36.18,
 140.225586,   35.246396,       36.12,
 140.230090,   35.246396,       36.06,
 140.234595,   35.246396,       36.00,
 140.239099,   35.246396,       35.95,
 140.243604,   35.246396,       35.89,
 140.248108,   35.246396,       35.85,
 140.252613,   35.246396,       35.80,
 140.257117,   35.246396,       35.76,
 140.261622,   35.246396,       35.72,
 140.266126,   35.246396,       35.68,
 140.270631,   35.246396,       35.65,
 140.275135,   35.246396,       35.61,
 140.279640,   35.246396,       35.58,
 140.284144,   35.246396,       35.56,
 140.288649,   35.246396,       35.53,
 140.293153,   35.246396,       35.51,
 140.297658,   35.246396,       35.49,
 140.302162,   35.246396,       35.47,
 140.306667,   35.246396,       35.46,
 140.311171,   35.246396,       35.46,
 140.315676,   35.246396,       35.46,
 140.320180,   35.246396,       35.47,
 140.324685,   35.246396,       35.48,
 140.329189,   35.246396,       35.50,
 140.333694,   35.246396,       35.51,
 140.338198,   35.246396,       35.50,
 140.342703,   35.246396,       35.47,
 140.347207,   35.246396,       35.43,
 140.351712,   35.246396,       35.37,
 140.356216,   35.246396,       35.31,
 140.360721,   35.246396,       35.26,
 140.365225,   35.246396,       35.20,
 140.369730,   35.246396,       35.14,
 140.374234,   35.246396,       35.08,
 140.378739,   35.246396,       35.02,
 140.383243,   35.246396,       34.96,
 140.387748,   35.246396,       34.90,
 139.140000,   35.250901,       75.50,
 139.144505,   35.250901,       74.86,
 139.149009,   35.250901,       74.17,
 139.153514,   35.250901,       73.51,
 139.158018,   35.250901,       73.19,
 139.162523,   35.250901,       76.01,
 139.167027,   35.250901,       76.87,
 139.171532,   35.250901,       78.22,
 139.176036,   35.250901,       79.46,
 139.180541,   35.250901,       80.49,
 139.185045,   35.250901,       81.47,
 139.189550,   35.250901,       82.36,
 139.194054,   35.250901,       82.24,
 139.198559,   35.250901,       81.51,
 139.203063,   35.250901,       79.68,
 139.207568,   35.250901,       76.99,
 139.212072,   35.250901,       73.75,
 139.216577,   35.250901,       70.43,
 139.221081,   35.250901,       67.07,
 139.225586,   35.250901,       64.06,
 139.230090,   35.250901,       61.27,
 139.234595,   35.250901,       58.52,
 139.239099,   35.250901,       55.78,
 139.243604,   35.250901,       52.90,
 139.248108,   35.250901,       49.20,
 139.252613,   35.250901,       44.41,
 139.257117,   35.250901,       39.44,
 139.261622,   35.250901,       34.25,
 139.266126,   35.250901,       29.17,
 139.270631,   35.250901,       24.50,
 139.275135,   35.250901,       19.98,
 139.279640,   35.250901,       15.95,
 139.284144,   35.250901,       13.68,
 139.288649,   35.250901,       11.64,
 139.293153,   35.250901,        9.68,
 139.297658,   35.250901,        7.63,
 139.302162,   35.250901,        6.17,
 139.306667,   35.250901,        6.70,
 139.311171,   35.250901,        6.94,
 139.315676,   35.250901,        6.97,
 139.320180,   35.250901,        6.87,
 139.324685,   35.250901,        6.79,
 139.329189,   35.250901,        7.26,
 139.333694,   35.250901,        8.39,
 139.338198,   35.250901,        9.86,
 139.342703,   35.250901,       11.28,
 139.347207,   35.250901,       12.68,
 139.351712,   35.250901,       14.00,
 139.356216,   35.250901,       15.10,
 139.360721,   35.250901,       15.98,
 139.365225,   35.250901,       16.65,
 139.369730,   35.250901,       17.26,
 139.374234,   35.250901,       17.99,
 139.378739,   35.250901,       18.84,
 139.383243,   35.250901,       19.82,
 139.387748,   35.250901,       20.87,
 139.392252,   35.250901,       21.68,
 139.396757,   35.250901,       22.24,
 139.401261,   35.250901,       22.70,
 139.405766,   35.250901,       23.19,
 139.410270,   35.250901,       27.49,
 139.414775,   35.250901,       30.41,
 139.419279,   35.250901,       32.52,
 139.423784,   35.250901,       34.08,
 139.428288,   35.250901,       35.25,
 139.432793,   35.250901,       35.88,
 139.437297,   35.250901,       36.34,
 139.441802,   35.250901,       37.56,
 139.446306,   35.250901,       38.45,
 139.450811,   35.250901,       39.76,
 139.455315,   35.250901,       42.00,
 139.459820,   35.250901,       45.36,
 139.464324,   35.250901,       46.04,
 139.468829,   35.250901,       46.13,
 139.473333,   35.250901,       46.40,
 139.477838,   35.250901,       47.73,
 139.482342,   35.250901,       51.60,
 139.486847,   35.250901,       56.37,
 139.491351,   35.250901,       60.80,
 139.495856,   35.250901,       62.77,
 139.500360,   35.250901,       63.14,
 139.504865,   35.250901,       61.37,
 139.509369,   35.250901,       59.88,
 139.513874,   35.250901,       58.83,
 139.518378,   35.250901,       57.34,
 139.522883,   35.250901,       55.66,
 139.527387,   35.250901,       55.11,
 139.531892,   35.250901,       54.53,
 139.536396,   35.250901,       53.86,
 139.540901,   35.250901,       53.11,
 139.545405,   35.250901,       52.63,
 139.549910,   35.250901,       52.32,
 139.554414,   35.250901,       52.10,
 139.558919,   35.250901,       52.76,
 139.563423,   35.250901,       54.72,
 139.567928,   35.250901,       57.63,
 139.572432,   35.250901,       61.05,
 139.576937,   35.250901,       64.17,
 139.581441,   35.250901,       68.49,
 139.585946,   35.250901,       74.34,
 139.590450,   35.250901,       79.41,
 139.594955,   35.250901,       78.78,
 139.599459,   35.250901,       76.89,
 139.603964,   35.250901,       74.77,
 139.608468,   35.250901,       72.59,
 139.612973,   35.250901,       70.37,
 139.617477,   35.250901,       68.11,
 139.621982,   35.250901,       65.76,
 139.626486,   35.250901,       63.32,
 139.630991,   35.250901,       60.69,
 139.635495,   35.250901,       57.98,
 139.640000,   35.250901,       55.35,
 139.644505,   35.250901,       52.81,
 139.649009,   35.250901,       50.38,
 139.653514,   35.250901,       48.08,
 139.658018,   35.250901,       45.89,
 139.662523,   35.250901,       43.80,
 139.667027,   35.250901,       41.79,
 139.671532,   35.250901,       39.91,
 139.676036,   35.250901,       38.28,
 139.680541,   35.250901,       37.04,
 139.685045,   35.250901,       36.29,
 139.689550,   35.250901,       36.16,
 139.694054,   35.250901,       36.89,
 139.698559,   35.250901,       38.30,
 139.703063,   35.250901,       40.21,
 139.707568,   35.250901,       42.60,
 139.712072,   35.250901,       45.38,
 139.716577,   35.250901,       48.30,
 139.721081,   35.250901,       49.41,
 139.725586,   35.250901,       49.97,
 139.730090,   35.250901,       50.13,
 139.734595,   35.250901,       49.77,
 139.739099,   35.250901,       48.32,
 139.743604,   35.250901,       47.29,
 139.748108,   35.250901,       46.35,
 139.752613,   35.250901,       45.15,
 139.757117,   35.250901,       44.14,
 139.761622,   35.250901,       44.33,
 139.766126,   35.250901,       45.14,
 139.770631,   35.250901,       46.13,
 139.775135,   35.250901,       46.30,
 139.779640,   35.250901,       46.24,
 139.784144,   35.250901,       46.48,
 139.788649,   35.250901,       46.44,
 139.793153,   35.250901,       45.72,
 139.797658,   35.250901,       45.20,
 139.802162,   35.250901,       45.09,
 139.806667,   35.250901,       45.63,
 139.811171,   35.250901,       46.07,
 139.815676,   35.250901,       46.56,
 139.820180,   35.250901,       46.89,
 139.824685,   35.250901,       46.83,
 139.829189,   35.250901,       46.45,
 139.833694,   35.250901,       45.78,
 139.838198,   35.250901,       45.24,
 139.842703,   35.250901,       44.52,
 139.847207,   35.250901,       44.92,
 139.851712,   35.250901,       45.76,
 139.856216,   35.250901,       46.81,
 139.860721,   35.250901,       49.25,
 139.865225,   35.250901,       51.65,
 139.869730,   35.250901,       53.91,
 139.874234,   35.250901,       55.07,
 139.878739,   35.250901,       55.20,
 139.883243,   35.250901,       55.09,
 139.887748,   35.250901,       54.86,
 139.892252,   35.250901,       54.54,
 139.896757,   35.250901,       54.18,
 139.901261,   35.250901,       53.77,
 139.905766,   35.250901,       53.35,
 139.910270,   35.250901,       52.91,
 139.914775,   35.250901,       52.46,
 139.919279,   35.250901,       52.03,
 139.923784,   35.250901,       51.60,
 139.928288,   35.250901,       51.18,
 139.932793,   35.250901,       50.76,
 139.937297,   35.250901,       50.36,
 139.941802,   35.250901,       49.95,
 139.946306,   35.250901,       49.56,
 139.950811,   35.250901,       49.17,
 139.955315,   35.250901,       48.79,
 139.959820,   35.250901,       48.42,
 139.964324,   35.250901,       48.05,
 139.968829,   35.250901,       47.69,
 139.973333,   35.250901,       47.33,
 139.977838,   35.250901,       46.98,
 139.982342,   35.250901,       46.64,
 139.986847,   35.250901,       46.30,
 139.991351,   35.250901,       45.97,
 139.995856,   35.250901,       45.64,
 140.000360,   35.250901,       45.32,
 140.004865,   35.250901,       44.99,
 140.009369,   35.250901,       44.67,
 140.013874,   35.250901,       44.36,
 140.018378,   35.250901,       44.05,
 140.022883,   35.250901,       43.75,
 140.027387,   35.250901,       43.46,
 140.031892,   35.250901,       43.18,
 140.036396,   35.250901,       42.91,
 140.040901,   35.250901,       42.64,
 140.045405,   35.250901,       42.38,
 140.049910,   35.250901,       42.13,
 140.054414,   35.250901,       41.88,
 140.058919,   35.250901,       41.64,
 140.063423,   35.250901,       41.41,
 140.067928,   35.250901,       41.18,
 140.072432,   35.250901,       40.96,
 140.076937,   35.250901,       40.75,
 140.081441,   35.250901,       40.54,
 140.085946,   35.250901,       40.33,
 140.090450,   35.250901,       40.13,
 140.094955,   35.250901,       39.93,
 140.099459,   35.250901,       39.74,
 140.103964,   35.250901,       39.55,
 140.108468,   35.250901,       39.37,
 140.112973,   35.250901,       39.19,
 140.117477,   35.250901,       39.02,
 140.121982,   35.250901,       38.85,
 140.126486,   35.250901,       38.69,
 140.130991,   35.250901,       38.53,
 140.135495,   35.250901,       38.38,
 140.140000,   35.250901,       38.23,
 140.144505,   35.250901,       38.09,
 140.149009,   35.250901,       37.95,
 140.153514,   35.250901,       37.82,
 140.158018,   35.250901,       37.69,
 140.162523,   35.250901,       37.57,
 140.167027,   35.250901,       37.45,
 140.171532,   35.250901,       37.34,
 140.176036,   35.250901,       37.24,
 140.180541,   35.250901,       37.14,
 140.185045,   35.250901,       37.04,
 140.189550,   35.250901,       36.95,
 140.194054,   35.250901,       36.87,
 140.198559,   35.250901,       36.79,
 140.203063,   35.250901,       36.72,
 140.207568,   35.250901,       36.65,
 140.212072,   35.250901,       36.58,
 140.216577,   35.250901,       36.51,
 140.221081,   35.250901,       36.44,
 140.225586,   35.250901,       36.38,
 140.230090,   35.250901,       36.32,
 140.234595,   35.250901,       36.27,
 140.239099,   35.250901,       36.21,
 140.243604,   35.250901,       36.16,
 140.248108,   35.250901,       36.12,
 140.252613,   35.250901,       36.07,
 140.257117,   35.250901,       36.03,
 140.261622,   35.250901,       35.99,
 140.266126,   35.250901,       35.95,
 140.270631,   35.250901,       35.92,
 140.275135,   35.250901,       35.88,
 140.279640,   35.250901,       35.85,
 140.284144,   35.250901,       35.83,
 140.288649,   35.250901,       35.80,
 140.293153,   35.250901,       35.78,
 140.297658,   35.250901,       35.76,
 140.302162,   35.250901,       35.75,
 140.306667,   35.250901,       35.74,
 140.311171,   35.250901,       35.74,
 140.315676,   35.250901,       35.74,
 140.320180,   35.250901,       35.74,
 140.324685,   35.250901,       35.75,
 140.329189,   35.250901,       35.76,
 140.333694,   35.250901,       35.75,
 140.338198,   35.250901,       35.73,
 140.342703,   35.250901,       35.68,
 140.347207,   35.250901,       35.62,
 140.351712,   35.250901,       35.57,
 140.356216,   35.250901,       35.51,
 140.360721,   35.250901,       35.45,
 140.365225,   35.250901,       35.40,
 140.369730,   35.250901,       35.34,
 140.374234,   35.250901,       35.28,
 140.378739,   35.250901,       35.22,
 140.383243,   35.250901,       35.16,
 140.387748,   35.250901,       35.10,
 139.140000,   35.255405,       75.74,
 139.144505,   35.255405,       74.99,
 139.149009,   35.255405,       74.29,
 139.153514,   35.255405,       73.62,
 139.158018,   35.255405,       72.99,
 139.162523,   35.255405,       72.39,
 139.167027,   35.255405,       76.77,
 139.171532,   35.255405,       81.41,
 139.176036,   35.255405,       82.50,
 139.180541,   35.255405,       82.96,
 139.185045,   35.255405,       83.62,
 139.189550,   35.255405,       84.01,
 139.194054,   35.255405,       83.54,
 139.198559,   35.255405,       83.22,
 139.203063,   35.255405,       82.34,
 139.207568,   35.255405,       79.58,
 139.212072,   35.255405,       76.13,
 139.216577,   35.255405,       72.60,
 139.221081,   35.255405,       69.14,
 139.225586,   35.255405,       66.04,
 139.230090,   35.255405,       63.22,
 139.234595,   35.255405,       60.58,
 139.239099,   35.255405,       57.97,
 139.243604,   35.255405,       55.27,
 139.248108,   35.255405,       51.28,
 139.252613,   35.255405,       45.96,
 139.257117,   35.255405,       40.69,
 139.261622,   35.255405,       35.45,
 139.266126,   35.255405,       30.20,
 139.270631,   35.255405,       25.94,
 139.275135,   35.255405,       21.69,
 139.279640,   35.255405,       17.82,
 139.284144,   35.255405,       15.36,
 139.288649,   35.255405,       13.72,
 139.293153,   35.255405,       12.14,
 139.297658,   35.255405,       10.62,
 139.302162,   35.255405,        9.66,
 139.306667,   35.255405,        9.48,
 139.311171,   35.255405,        9.48,
 139.315676,   35.255405,        9.46,
 139.320180,   35.255405,        9.43,
 139.324685,   35.255405,        9.72,
 139.329189,   35.255405,       10.51,
 139.333694,   35.255405,       11.79,
 139.338198,   35.255405,       13.32,
 139.342703,   35.255405,       14.79,
 139.347207,   35.255405,       16.22,
 139.351712,   35.255405,       17.56,
 139.356216,   35.255405,       18.57,
 139.360721,   35.255405,       19.33,
 139.365225,   35.255405,       19.90,
 139.369730,   35.255405,       20.38,
 139.374234,   35.255405,       20.93,
 139.378739,   35.255405,       21.55,
 139.383243,   35.255405,       22.28,
 139.387748,   35.255405,       23.21,
 139.392252,   35.255405,       24.00,
 139.396757,   35.255405,       24.73,
 139.401261,   35.255405,       25.45,
 139.405766,   35.255405,       26.18,
 139.410270,   35.255405,       26.36,
 139.414775,   35.255405,       26.85,
 139.419279,   35.255405,       26.37,
 139.423784,   35.255405,       27.27,
 139.428288,   35.255405,       30.55,
 139.432793,   35.255405,       33.24,
 139.437297,   35.255405,       35.40,
 139.441802,   35.255405,       35.97,
 139.446306,   35.255405,       37.05,
 139.450811,   35.255405,       38.95,
 139.455315,   35.255405,       41.57,
 139.459820,   35.255405,       44.22,
 139.464324,   35.255405,       45.36,
 139.468829,   35.255405,       45.25,
 139.473333,   35.255405,       45.13,
 139.477838,   35.255405,       46.18,
 139.482342,   35.255405,       50.20,
 139.486847,   35.255405,       54.75,
 139.491351,   35.255405,       60.96,
 139.495856,   35.255405,       66.81,
 139.500360,   35.255405,       68.97,
 139.504865,   35.255405,       67.49,
 139.509369,   35.255405,       63.18,
 139.513874,   35.255405,       60.64,
 139.518378,   35.255405,       59.09,
 139.522883,   35.255405,       56.93,
 139.527387,   35.255405,       55.36,
 139.531892,   35.255405,       54.61,
 139.536396,   35.255405,       53.62,
 139.540901,   35.255405,       52.71,
 139.545405,   35.255405,       52.42,
 139.549910,   35.255405,       52.19,
 139.554414,   35.255405,       52.11,
 139.558919,   35.255405,       53.50,
 139.563423,   35.255405,       56.03,
 139.567928,   35.255405,       59.37,
 139.572432,   35.255405,       63.32,
 139.576937,   35.255405,       67.18,
 139.581441,   35.255405,       73.07,
 139.585946,   35.255405,       78.35,
 139.590450,   35.255405,       77.88,
 139.594955,   35.255405,       76.86,
 139.599459,   35.255405,       75.14,
 139.603964,   35.255405,       73.19,
 139.608468,   35.255405,       71.13,
 139.612973,   35.255405,       69.01,
 139.617477,   35.255405,       66.85,
 139.621982,   35.255405,       64.60,
 139.626486,   35.255405,       62.28,
 139.630991,   35.255405,       59.89,
 139.635495,   35.255405,       57.42,
 139.640000,   35.255405,       54.90,
 139.644505,   35.255405,       52.42,
 139.649009,   35.255405,       49.99,
 139.653514,   35.255405,       47.66,
 139.658018,   35.255405,       45.41,
 139.662523,   35.255405,       43.25,
 139.667027,   35.255405,       41.17,
 139.671532,   35.255405,       39.20,
 139.676036,   35.255405,       37.47,
 139.680541,   35.255405,       36.15,
 139.685045,   35.255405,       35.37,
 139.689550,   35.255405,       35.25,
 139.694054,   35.255405,       35.99,
 139.698559,   35.255405,       37.22,
 139.703063,   35.255405,       38.86,
 139.707568,   35.255405,       40.81,
 139.712072,   35.255405,       42.91,
 139.716577,   35.255405,       44.50,
 139.721081,   35.255405,       45.45,
 139.725586,   35.255405,       46.28,
 139.730090,   35.255405,       46.73,
 139.734595,   35.255405,       46.55,
 139.739099,   35.255405,       45.61,
 139.743604,   35.255405,       45.03,
 139.748108,   35.255405,       43.55,
 139.752613,   35.255405,       42.14,
 139.757117,   35.255405,       41.03,
 139.761622,   35.255405,       41.01,
 139.766126,   35.255405,       41.89,
 139.770631,   35.255405,       42.90,
 139.775135,   35.255405,       43.80,
 139.779640,   35.255405,       44.01,
 139.784144,   35.255405,       44.21,
 139.788649,   35.255405,       44.55,
 139.793153,   35.255405,       44.36,
 139.797658,   35.255405,       43.88,
 139.802162,   35.255405,       43.77,
 139.806667,   35.255405,       44.07,
 139.811171,   35.255405,       44.47,
 139.815676,   35.255405,       44.70,
 139.820180,   35.255405,       44.72,
 139.824685,   35.255405,       44.66,
 139.829189,   35.255405,       44.59,
 139.833694,   35.255405,       44.43,
 139.838198,   35.255405,       43.96,
 139.842703,   35.255405,       43.73,
 139.847207,   35.255405,       44.18,
 139.851712,   35.255405,       45.01,
 139.856216,   35.255405,       46.55,
 139.860721,   35.255405,       48.71,
 139.865225,   35.255405,       50.99,
 139.869730,   35.255405,       53.17,
 139.874234,   35.255405,       54.39,
 139.878739,   35.255405,       54.65,
 139.883243,   35.255405,       54.59,
 139.887748,   35.255405,       54.43,
 139.892252,   35.255405,       54.18,
 139.896757,   35.255405,       53.86,
 139.901261,   35.255405,       53.50,
 139.905766,   35.255405,       53.12,
 139.910270,   35.255405,       52.72,
 139.914775,   35.255405,       52.32,
 139.919279,   35.255405,       51.92,
 139.923784,   35.255405,       51.52,
 139.928288,   35.255405,       51.12,
 139.932793,   35.255405,       50.73,
 139.937297,   35.255405,       50.33,
 139.941802,   35.255405,       49.95,
 139.946306,   35.255405,       49.56,
 139.950811,   35.255405,       49.19,
 139.955315,   35.255405,       48.82,
 139.959820,   35.255405,       48.45,
 139.964324,   35.255405,       48.09,
 139.968829,   35.255405,       47.74,
 139.973333,   35.255405,       47.39,
 139.977838,   35.255405,       47.04,
 139.982342,   35.255405,       46.71,
 139.986847,   35.255405,       46.37,
 139.991351,   35.255405,       46.04,
 139.995856,   35.255405,       45.72,
 140.000360,   35.255405,       45.40,
 140.004865,   35.255405,       45.08,
 140.009369,   35.255405,       44.77,
 140.013874,   35.255405,       44.46,
 140.018378,   35.255405,       44.16,
 140.022883,   35.255405,       43.86,
 140.027387,   35.255405,       43.58,
 140.031892,   35.255405,       43.30,
 140.036396,   35.255405,       43.04,
 140.040901,   35.255405,       42.78,
 140.045405,   35.255405,       42.52,
 140.049910,   35.255405,       42.27,
 140.054414,   35.255405,       42.03,
 140.058919,   35.255405,       41.80,
 140.063423,   35.255405,       41.57,
 140.067928,   35.255405,       41.35,
 140.072432,   35.255405,       41.13,
 140.076937,   35.255405,       40.92,
 140.081441,   35.255405,       40.71,
 140.085946,   35.255405,       40.51,
 140.090450,   35.255405,       40.31,
 140.094955,   35.255405,       40.12,
 140.099459,   35.255405,       39.93,
 140.103964,   35.255405,       39.75,
 140.108468,   35.255405,       39.57,
 140.112973,   35.255405,       39.40,
 140.117477,   35.255405,       39.23,
 140.121982,   35.255405,       39.06,
 140.126486,   35.255405,       38.91,
 140.130991,   35.255405,       38.75,
 140.135495,   35.255405,       38.60,
 140.140000,   35.255405,       38.46,
 140.144505,   35.255405,       38.32,
 140.149009,   35.255405,       38.18,
 140.153514,   35.255405,       38.05,
 140.158018,   35.255405,       37.93,
 140.162523,   35.255405,       37.81,
 140.167027,   35.255405,       37.70,
 140.171532,   35.255405,       37.59,
 140.176036,   35.255405,       37.48,
 140.180541,   35.255405,       37.39,
 140.185045,   35.255405,       37.29,
 140.189550,   35.255405,       37.21,
 140.194054,   35.255405,       37.13,
 140.198559,   35.255405,       37.05,
 140.203063,   35.255405,       36.98,
 140.207568,   35.255405,       36.90,
 140.212072,   35.255405,       36.84,
 140.216577,   35.255405,       36.77,
 140.221081,   35.255405,       36.71,
 140.225586,   35.255405,       36.65,
 140.230090,   35.255405,       36.59,
 140.234595,   35.255405,       36.53,
 140.239099,   35.255405,       36.48,
 140.243604,   35.255405,       36.43,
 140.248108,   35.255405,       36.38,
 140.252613,   35.255405,       36.34,
 140.257117,   35.255405,       36.30,
 140.261622,   35.255405,       36.26,
 140.266126,   35.255405,       36.22,
 140.270631,   35.255405,       36.19,
 140.275135,   35.255405,       36.15,
 140.279640,   35.255405,       36.12,
 140.284144,   35.255405,       36.09,
 140.288649,   35.255405,       36.07,
 140.293153,   35.255405,       36.05,
 140.297658,   35.255405,       36.03,
 140.302162,   35.255405,       36.02,
 140.306667,   35.255405,       36.01,
 140.311171,   35.255405,       36.01,
 140.315676,   35.255405,       36.01,
 140.320180,   35.255405,       36.01,
 140.324685,   35.255405,       36.01,
 140.329189,   35.255405,       36.01,
 140.333694,   35.255405,       35.98,
 140.338198,   35.255405,       35.93,
 140.342703,   35.255405,       35.87,
 140.347207,   35.255405,       35.82,
 140.351712,   35.255405,       35.76,
 140.356216,   35.255405,       35.71,
 140.360721,   35.255405,       35.65,
 140.365225,   35.255405,       35.60,
 140.369730,   35.255405,       35.54,
 140.374234,   35.255405,       35.48,
 140.378739,   35.255405,       35.42,
 140.383243,   35.255405,       35.36,
 140.387748,   35.255405,       35.30,
 139.140000,   35.259910,       75.85,
 139.144505,   35.259910,       75.09,
 139.149009,   35.259910,       74.37,
 139.153514,   35.259910,       73.69,
 139.158018,   35.259910,       73.04,
 139.162523,   35.259910,       72.43,
 139.167027,   35.259910,       71.86,
 139.171532,   35.259910,       71.84,
 139.176036,   35.259910,       83.85,
 139.180541,   35.259910,       83.97,
 139.185045,   35.259910,       84.01,
 139.189550,   35.259910,       84.02,
 139.194054,   35.259910,       84.02,
 139.198559,   35.259910,       83.81,
 139.203063,   35.259910,       83.62,
 139.207568,   35.259910,       80.95,
 139.212072,   35.259910,       77.43,
 139.216577,   35.259910,       74.24,
 139.221081,   35.259910,       71.12,
 139.225586,   35.259910,       67.95,
 139.230090,   35.259910,       65.32,
 139.234595,   35.259910,       63.05,
 139.239099,   35.259910,       60.81,
 139.243604,   35.259910,       58.26,
 139.248108,   35.259910,       54.09,
 139.252613,   35.259910,       48.11,
 139.257117,   35.259910,       42.19,
 139.261622,   35.259910,       36.70,
 139.266126,   35.259910,       31.84,
 139.270631,   35.259910,       27.66,
 139.275135,   35.259910,       23.47,
 139.279640,   35.259910,       19.45,
 139.284144,   35.259910,       17.28,
 139.288649,   35.259910,       16.18,
 139.293153,   35.259910,       15.08,
 139.297658,   35.259910,       14.05,
 139.302162,   35.259910,       13.35,
 139.306667,   35.259910,       12.93,
 139.311171,   35.259910,       12.68,
 139.315676,   35.259910,       12.50,
 139.320180,   35.259910,       12.37,
 139.324685,   35.259910,       12.71,
 139.329189,   35.259910,       13.74,
 139.333694,   35.259910,       15.21,
 139.338198,   35.259910,       16.80,
 139.342703,   35.259910,       18.31,
 139.347207,   35.259910,       19.77,
 139.351712,   35.259910,       21.15,
 139.356216,   35.259910,       22.06,
 139.360721,   35.259910,       22.67,
 139.365225,   35.259910,       23.15,
 139.369730,   35.259910,       23.62,
 139.374234,   35.259910,       24.09,
 139.378739,   35.259910,       24.55,
 139.383243,   35.259910,       24.95,
 139.387748,   35.259910,       25.46,
 139.392252,   35.259910,       26.31,
 139.396757,   35.259910,       27.27,
 139.401261,   35.259910,       28.38,
 139.405766,   35.259910,       29.38,
 139.410270,   35.259910,       29.54,
 139.414775,   35.259910,       29.33,
 139.419279,   35.259910,       29.11,
 139.423784,   35.259910,       29.54,
 139.428288,   35.259910,       31.35,
 139.432793,   35.259910,       33.45,
 139.437297,   35.259910,       34.66,
 139.441802,   35.259910,       34.75,
 139.446306,   35.259910,       34.73,
 139.450811,   35.259910,       36.58,
 139.455315,   35.259910,       39.45,
 139.459820,   35.259910,       42.24,
 139.464324,   35.259910,       43.78,
 139.468829,   35.259910,       43.57,
 139.473333,   35.259910,       42.72,
 139.477838,   35.259910,       42.49,
 139.482342,   35.259910,       46.72,
 139.486847,   35.259910,       51.03,
 139.491351,   35.259910,       59.12,
 139.495856,   35.259910,       70.82,
 139.500360,   35.259910,       77.97,
 139.504865,   35.259910,       73.26,
 139.509369,   35.259910,       67.24,
 139.513874,   35.259910,       63.24,
 139.518378,   35.259910,       60.85,
 139.522883,   35.259910,       58.26,
 139.527387,   35.259910,       55.92,
 139.531892,   35.259910,       54.69,
 139.536396,   35.259910,       53.39,
 139.540901,   35.259910,       51.86,
 139.545405,   35.259910,       51.15,
 139.549910,   35.259910,       50.19,
 139.554414,   35.259910,       49.90,
 139.558919,   35.259910,       52.96,
 139.563423,   35.259910,       57.28,
 139.567928,   35.259910,       62.23,
 139.572432,   35.259910,       66.83,
 139.576937,   35.259910,       71.53,
 139.581441,   35.259910,       76.93,
 139.585946,   35.259910,       77.19,
 139.590450,   35.259910,       76.51,
 139.594955,   35.259910,       75.31,
 139.599459,   35.259910,       73.63,
 139.603964,   35.259910,       71.75,
 139.608468,   35.259910,       69.75,
 139.612973,   35.259910,       67.70,
 139.617477,   35.259910,       65.59,
 139.621982,   35.259910,       63.43,
 139.626486,   35.259910,       61.19,
 139.630991,   35.259910,       58.89,
 139.635495,   35.259910,       56.54,
 139.640000,   35.259910,       54.15,
 139.644505,   35.259910,       51.75,
 139.649009,   35.259910,       49.36,
 139.653514,   35.259910,       46.99,
 139.658018,   35.259910,       44.70,
 139.662523,   35.259910,       42.50,
 139.667027,   35.259910,       40.38,
 139.671532,   35.259910,       38.38,
 139.676036,   35.259910,       36.58,
 139.680541,   35.259910,       35.17,
 139.685045,   35.259910,       34.36,
 139.689550,   35.259910,       34.31,
 139.694054,   35.259910,       34.91,
 139.698559,   35.259910,       35.85,
 139.703063,   35.259910,       37.06,
 139.707568,   35.259910,       38.22,
 139.712072,   35.259910,       39.25,
 139.716577,   35.259910,       40.44,
 139.721081,   35.259910,       41.83,
 139.725586,   35.259910,       42.86,
 139.730090,   35.259910,       43.46,
 139.734595,   35.259910,       43.25,
 139.739099,   35.259910,       42.06,
 139.743604,   35.259910,       41.07,
 139.748108,   35.259910,       40.06,
 139.752613,   35.259910,       38.88,
 139.757117,   35.259910,       38.32,
 139.761622,   35.259910,       38.13,
 139.766126,   35.259910,       38.43,
 139.770631,   35.259910,       39.56,
 139.775135,   35.259910,       40.60,
 139.779640,   35.259910,       41.25,
 139.784144,   35.259910,       41.64,
 139.788649,   35.259910,       42.12,
 139.793153,   35.259910,       42.47,
 139.797658,   35.259910,       42.39,
 139.802162,   35.259910,       42.48,
 139.806667,   35.259910,       42.67,
 139.811171,   35.259910,       42.85,
 139.815676,   35.259910,       43.01,
 139.820180,   35.259910,       43.09,
 139.824685,   35.259910,       43.09,
 139.829189,   35.259910,       43.15,
 139.833694,   35.259910,       43.16,
 139.838198,   35.259910,       42.97,
 139.842703,   35.259910,       43.22,
 139.847207,   35.259910,       43.75,
 139.851712,   35.259910,       44.69,
 139.856216,   35.259910,       46.48,
 139.860721,   35.259910,       48.30,
 139.865225,   35.259910,       50.47,
 139.869730,   35.259910,       52.50,
 139.874234,   35.259910,       53.76,
 139.878739,   35.259910,       54.12,
 139.883243,   35.259910,       54.14,
 139.887748,   35.259910,       54.02,
 139.892252,   35.259910,       53.82,
 139.896757,   35.259910,       53.55,
 139.901261,   35.259910,       53.24,
 139.905766,   35.259910,       52.89,
 139.910270,   35.259910,       52.53,
 139.914775,   35.259910,       52.16,
 139.919279,   35.259910,       51.79,
 139.923784,   35.259910,       51.41,
 139.928288,   35.259910,       51.04,
 139.932793,   35.259910,       50.67,
 139.937297,   35.259910,       50.30,
 139.941802,   35.259910,       49.92,
 139.946306,   35.259910,       49.55,
 139.950811,   35.259910,       49.19,
 139.955315,   35.259910,       48.83,
 139.959820,   35.259910,       48.47,
 139.964324,   35.259910,       48.12,
 139.968829,   35.259910,       47.77,
 139.973333,   35.259910,       47.43,
 139.977838,   35.259910,       47.10,
 139.982342,   35.259910,       46.76,
 139.986847,   35.259910,       46.44,
 139.991351,   35.259910,       46.11,
 139.995856,   35.259910,       45.79,
 140.000360,   35.259910,       45.48,
 140.004865,   35.259910,       45.16,
 140.009369,   35.259910,       44.86,
 140.013874,   35.259910,       44.56,
 140.018378,   35.259910,       44.26,
 140.022883,   35.259910,       43.97,
 140.027387,   35.259910,       43.70,
 140.031892,   35.259910,       43.43,
 140.036396,   35.259910,       43.16,
 140.040901,   35.259910,       42.91,
 140.045405,   35.259910,       42.66,
 140.049910,   35.259910,       42.42,
 140.054414,   35.259910,       42.18,
 140.058919,   35.259910,       41.96,
 140.063423,   35.259910,       41.73,
 140.067928,   35.259910,       41.51,
 140.072432,   35.259910,       41.30,
 140.076937,   35.259910,       41.09,
 140.081441,   35.259910,       40.89,
 140.085946,   35.259910,       40.69,
 140.090450,   35.259910,       40.50,
 140.094955,   35.259910,       40.31,
 140.099459,   35.259910,       40.13,
 140.103964,   35.259910,       39.95,
 140.108468,   35.259910,       39.77,
 140.112973,   35.259910,       39.60,
 140.117477,   35.259910,       39.44,
 140.121982,   35.259910,       39.28,
 140.126486,   35.259910,       39.12,
 140.130991,   35.259910,       38.97,
 140.135495,   35.259910,       38.82,
 140.140000,   35.259910,       38.68,
 140.144505,   35.259910,       38.54,
 140.149009,   35.259910,       38.41,
 140.153514,   35.259910,       38.29,
 140.158018,   35.259910,       38.17,
 140.162523,   35.259910,       38.05,
 140.167027,   35.259910,       37.94,
 140.171532,   35.259910,       37.83,
 140.176036,   35.259910,       37.73,
 140.180541,   35.259910,       37.64,
 140.185045,   35.259910,       37.55,
 140.189550,   35.259910,       37.46,
 140.194054,   35.259910,       37.38,
 140.198559,   35.259910,       37.31,
 140.203063,   35.259910,       37.23,
 140.207568,   35.259910,       37.16,
 140.212072,   35.259910,       37.10,
 140.216577,   35.259910,       37.03,
 140.221081,   35.259910,       36.97,
 140.225586,   35.259910,       36.91,
 140.230090,   35.259910,       36.85,
 140.234595,   35.259910,       36.80,
 140.239099,   35.259910,       36.74,
 140.243604,   35.259910,       36.69,
 140.248108,   35.259910,       36.65,
 140.252613,   35.259910,       36.60,
 140.257117,   35.259910,       36.56,
 140.261622,   35.259910,       36.52,
 140.266126,   35.259910,       36.48,
 140.270631,   35.259910,       36.45,
 140.275135,   35.259910,       36.42,
 140.279640,   35.259910,       36.39,
 140.284144,   35.259910,       36.36,
 140.288649,   35.259910,       36.33,
 140.293153,   35.259910,       36.31,
 140.297658,   35.259910,       36.30,
 140.302162,   35.259910,       36.28,
 140.306667,   35.259910,       36.28,
 140.311171,   35.259910,       36.27,
 140.315676,   35.259910,       36.27,
 140.320180,   35.259910,       36.27,
 140.324685,   35.259910,       36.26,
 140.329189,   35.259910,       36.23,
 140.333694,   35.259910,       36.19,
 140.338198,   35.259910,       36.12,
 140.342703,   35.259910,       36.07,
 140.347207,   35.259910,       36.02,
 140.351712,   35.259910,       35.96,
 140.356216,   35.259910,       35.91,
 140.360721,   35.259910,       35.85,
 140.365225,   35.259910,       35.79,
 140.369730,   35.259910,       35.74,
 140.374234,   35.259910,       35.68,
 140.378739,   35.259910,       35.62,
 140.383243,   35.259910,       35.56,
 140.387748,   35.259910,       35.50,
 139.140000,   35.264414,       75.92,
 139.144505,   35.264414,       75.15,
 139.149009,   35.264414,       74.42,
 139.153514,   35.264414,       73.72,
 139.158018,   35.264414,       73.06,
 139.162523,   35.264414,       72.44,
 139.167027,   35.264414,       71.85,
 139.171532,   35.264414,       71.30,
 139.176036,   35.264414,       70.79,
 139.180541,   35.264414,       72.99,
 139.185045,   35.264414,       83.99,
 139.189550,   35.264414,       84.00,
 139.194054,   35.264414,       83.33,
 139.198559,   35.264414,       82.36,
 139.203063,   35.264414,       81.19,
 139.207568,   35.264414,       79.46,
 139.212072,   35.264414,       77.00,
 139.216577,   35.264414,       74.58,
 139.221081,   35.264414,       72.40,
 139.225586,   35.264414,       69.80,
 139.230090,   35.264414,       67.76,
 139.234595,   35.264414,       65.98,
 139.239099,   35.264414,       64.20,
 139.243604,   35.264414,       61.63,
 139.248108,   35.264414,       57.23,
 139.252613,   35.264414,       50.93,
 139.257117,   35.264414,       44.26,
 139.261622,   35.264414,       38.01,
 139.266126,   35.264414,       33.50,
 139.270631,   35.264414,       29.42,
 139.275135,   35.264414,       25.27,
 139.279640,   35.264414,       21.07,
 139.284144,   35.264414,       19.47,
 139.288649,   35.264414,       18.86,
 139.293153,   35.264414,       18.22,
 139.297658,   35.264414,       17.63,
 139.302162,   35.264414,       17.07,
 139.306667,   35.264414,       16.43,
 139.311171,   35.264414,       15.90,
 139.315676,   35.264414,       15.56,
 139.320180,   35.264414,       15.35,
 139.324685,   35.264414,       15.66,
 139.329189,   35.264414,       17.03,
 139.333694,   35.264414,       18.70,
 139.338198,   35.264414,       20.31,
 139.342703,   35.264414,       21.86,
 139.347207,   35.264414,       23.35,
 139.351712,   35.264414,       24.78,
 139.356216,   35.264414,       25.45,
 139.360721,   35.264414,       25.94,
 139.365225,   35.264414,       26.42,
 139.369730,   35.264414,       26.89,
 139.374234,   35.264414,       27.35,
 139.378739,   35.264414,       27.65,
 139.383243,   35.264414,       27.67,
 139.387748,   35.264414,       27.80,
 139.392252,   35.264414,       28.45,
 139.396757,   35.264414,       29.54,
 139.401261,   35.264414,       30.87,
 139.405766,   35.264414,       32.44,
 139.410270,   35.264414,       32.62,
 139.414775,   35.264414,       32.16,
 139.419279,   35.264414,       31.95,
 139.423784,   35.264414,       32.17,
 139.428288,   35.264414,       33.52,
 139.432793,   35.264414,       34.65,
 139.437297,   35.264414,       34.94,
 139.441802,   35.264414,       34.78,
 139.446306,   35.264414,       34.50,
 139.450811,   35.264414,       35.33,
 139.455315,   35.264414,       38.02,
 139.459820,   35.264414,       40.59,
 139.464324,   35.264414,       42.37,
 139.468829,   35.264414,       40.06,
 139.473333,   35.264414,       37.23,
 139.477838,   35.264414,       36.02,
 139.482342,   35.264414,       39.74,
 139.486847,   35.264414,       45.88,
 139.491351,   35.264414,       56.09,
 139.495856,   35.264414,       68.24,
 139.500360,   35.264414,       76.97,
 139.504865,   35.264414,       73.26,
 139.509369,   35.264414,       67.01,
 139.513874,   35.264414,       63.20,
 139.518378,   35.264414,       61.77,
 139.522883,   35.264414,       59.33,
 139.527387,   35.264414,       57.08,
 139.531892,   35.264414,       55.50,
 139.536396,   35.264414,       54.06,
 139.540901,   35.264414,       52.48,
 139.545405,   35.264414,       51.30,
 139.549910,   35.264414,       50.06,
 139.554414,   35.264414,       49.52,
 139.558919,   35.264414,       54.33,
 139.563423,   35.264414,       59.73,
 139.567928,   35.264414,       65.14,
 139.572432,   35.264414,       70.36,
 139.576937,   35.264414,       75.64,
 139.581441,   35.264414,       77.08,
 139.585946,   35.264414,       76.42,
 139.590450,   35.264414,       75.34,
 139.594955,   35.264414,       74.01,
 139.599459,   35.264414,       72.35,
 139.603964,   35.264414,       70.50,
 139.608468,   35.264414,       68.52,
 139.612973,   35.264414,       66.46,
 139.617477,   35.264414,       64.36,
 139.621982,   35.264414,       62.25,
 139.626486,   35.264414,       60.08,
 139.630991,   35.264414,       57.85,
 139.635495,   35.264414,       55.58,
 139.640000,   35.264414,       53.25,
 139.644505,   35.264414,       50.90,
 139.649009,   35.264414,       48.53,
 139.653514,   35.264414,       46.18,
 139.658018,   35.264414,       43.88,
 139.662523,   35.264414,       41.64,
 139.667027,   35.264414,       39.50,
 139.671532,   35.264414,       37.46,
 139.676036,   35.264414,       35.60,
 139.680541,   35.264414,       34.17,
 139.685045,   35.264414,       33.44,
 139.689550,   35.264414,       33.49,
 139.694054,   35.264414,       33.76,
 139.698559,   35.264414,       34.17,
 139.703063,   35.264414,       34.33,
 139.707568,   35.264414,       34.92,
 139.712072,   35.264414,       35.52,
 139.716577,   35.264414,       37.04,
 139.721081,   35.264414,       38.74,
 139.725586,   35.264414,       39.84,
 139.730090,   35.264414,       40.50,
 139.734595,   35.264414,       40.13,
 139.739099,   35.264414,       39.08,
 139.743604,   35.264414,       38.02,
 139.748108,   35.264414,       36.74,
 139.752613,   35.264414,       35.98,
 139.757117,   35.264414,       35.95,
 139.761622,   35.264414,       35.80,
 139.766126,   35.264414,       35.87,
 139.770631,   35.264414,       36.86,
 139.775135,   35.264414,       37.92,
 139.779640,   35.264414,       38.72,
 139.784144,   35.264414,       39.32,
 139.788649,   35.264414,       39.82,
 139.793153,   35.264414,       40.30,
 139.797658,   35.264414,       40.74,
 139.802162,   35.264414,       40.96,
 139.806667,   35.264414,       41.08,
 139.811171,   35.264414,       41.29,
 139.815676,   35.264414,       41.46,
 139.820180,   35.264414,       41.54,
 139.824685,   35.264414,       41.75,
 139.829189,   35.264414,       41.90,
 139.833694,   35.264414,       41.96,
 139.838198,   35.264414,       42.19,
 139.842703,   35.264414,       42.94,
 139.847207,   35.264414,       43.64,
 139.851712,   35.264414,       44.61,
 139.856216,   35.264414,       46.34,
 139.860721,   35.264414,       48.05,
 139.865225,   35.264414,       49.99,
 139.869730,   35.264414,       51.87,
 139.874234,   35.264414,       53.17,
 139.878739,   35.264414,       53.62,
 139.883243,   35.264414,       53.72,
 139.887748,   35.264414,       53.65,
 139.892252,   35.264414,       53.48,
 139.896757,   35.264414,       53.26,
 139.901261,   35.264414,       52.98,
 139.905766,   35.264414,       52.67,
 139.910270,   35.264414,       52.34,
 139.914775,   35.264414,       52.00,
 139.919279,   35.264414,       51.65,
 139.923784,   35.264414,       51.30,
 139.928288,   35.264414,       50.95,
 139.932793,   35.264414,       50.59,
 139.937297,   35.264414,       50.24,
 139.941802,   35.264414,       49.88,
 139.946306,   35.264414,       49.53,
 139.950811,   35.264414,       49.18,
 139.955315,   35.264414,       48.83,
 139.959820,   35.264414,       48.48,
 139.964324,   35.264414,       48.14,
 139.968829,   35.264414,       47.80,
 139.973333,   35.264414,       47.47,
 139.977838,   35.264414,       47.14,
 139.982342,   35.264414,       46.82,
 139.986847,   35.264414,       46.50,
 139.991351,   35.264414,       46.18,
 139.995856,   35.264414,       45.87,
 140.000360,   35.264414,       45.56,
 140.004865,   35.264414,       45.25,
 140.009369,   35.264414,       44.95,
 140.013874,   35.264414,       44.65,
 140.018378,   35.264414,       44.37,
 140.022883,   35.264414,       44.09,
 140.027387,   35.264414,       43.81,
 140.031892,   35.264414,       43.55,
 140.036396,   35.264414,       43.29,
 140.040901,   35.264414,       43.04,
 140.045405,   35.264414,       42.80,
 140.049910,   35.264414,       42.56,
 140.054414,   35.264414,       42.33,
 140.058919,   35.264414,       42.11,
 140.063423,   35.264414,       41.89,
 140.067928,   35.264414,       41.68,
 140.072432,   35.264414,       41.47,
 140.076937,   35.264414,       41.27,
 140.081441,   35.264414,       41.07,
 140.085946,   35.264414,       40.87,
 140.090450,   35.264414,       40.68,
 140.094955,   35.264414,       40.50,
 140.099459,   35.264414,       40.32,
 140.103964,   35.264414,       40.14,
 140.108468,   35.264414,       39.97,
 140.112973,   35.264414,       39.80,
 140.117477,   35.264414,       39.64,
 140.121982,   35.264414,       39.49,
 140.126486,   35.264414,       39.33,
 140.130991,   35.264414,       39.19,
 140.135495,   35.264414,       39.04,
 140.140000,   35.264414,       38.90,
 140.144505,   35.264414,       38.77,
 140.149009,   35.264414,       38.64,
 140.153514,   35.264414,       38.52,
 140.158018,   35.264414,       38.40,
 140.162523,   35.264414,       38.29,
 140.167027,   35.264414,       38.18,
 140.171532,   35.264414,       38.07,
 140.176036,   35.264414,       37.98,
 140.180541,   35.264414,       37.88,
 140.185045,   35.264414,       37.79,
 140.189550,   35.264414,       37.71,
 140.194054,   35.264414,       37.63,
 140.198559,   35.264414,       37.56,
 140.203063,   35.264414,       37.49,
 140.207568,   35.264414,       37.42,
 140.212072,   35.264414,       37.35,
 140.216577,   35.264414,       37.29,
 140.221081,   35.264414,       37.23,
 140.225586,   35.264414,       37.17,
 140.230090,   35.264414,       37.11,
 140.234595,   35.264414,       37.06,
 140.239099,   35.264414,       37.00,
 140.243604,   35.264414,       36.96,
 140.248108,   35.264414,       36.91,
 140.252613,   35.264414,       36.86,
 140.257117,   35.264414,       36.82,
 140.261622,   35.264414,       36.78,
 140.266126,   35.264414,       36.75,
 140.270631,   35.264414,       36.71,
 140.275135,   35.264414,       36.68,
 140.279640,   35.264414,       36.65,
 140.284144,   35.264414,       36.62,
 140.288649,   35.264414,       36.59,
 140.293153,   35.264414,       36.58,
 140.297658,   35.264414,       36.56,
 140.302162,   35.264414,       36.55,
 140.306667,   35.264414,       36.54,
 140.311171,   35.264414,       36.53,
 140.315676,   35.264414,       36.53,
 140.320180,   35.264414,       36.52,
 140.324685,   35.264414,       36.49,
 140.329189,   35.264414,       36.44,
 140.333694,   35.264414,       36.38,
 140.338198,   35.264414,       36.32,
 140.342703,   35.264414,       36.27,
 140.347207,   35.264414,       36.21,
 140.351712,   35.264414,       36.16,
 140.356216,   35.264414,       36.10,
 140.360721,   35.264414,       36.05,
 140.365225,   35.264414,       35.99,
 140.369730,   35.264414,       35.94,
 140.374234,   35.264414,       35.88,
 140.378739,   35.264414,       35.82,
 140.383243,   35.264414,       35.76,
 140.387748,   35.264414,       35.70,
 139.140000,   35.268919,       75.96,
 139.144505,   35.268919,       75.18,
 139.149009,   35.268919,       74.43,
 139.153514,   35.268919,       73.71,
 139.158018,   35.268919,       73.04,
 139.162523,   35.268919,       72.40,
 139.167027,   35.268919,       71.80,
 139.171532,   35.268919,       71.24,
 139.176036,   35.268919,       70.71,
 139.180541,   35.268919,       70.22,
 139.185045,   35.268919,       70.50,
 139.189550,   35.268919,       77.20,
 139.194054,   35.268919,       81.49,
 139.198559,   35.268919,       80.10,
 139.203063,   35.268919,       78.64,
 139.207568,   35.268919,       77.00,
 139.212072,   35.268919,       75.29,
 139.216577,   35.268919,       73.74,
 139.221081,   35.268919,       72.29,
 139.225586,   35.268919,       71.23,
 139.230090,   35.268919,       70.29,
 139.234595,   35.268919,       69.08,
 139.239099,   35.268919,       67.97,
 139.243604,   35.268919,       65.62,
 139.248108,   35.268919,       61.00,
 139.252613,   35.268919,       53.97,
 139.257117,   35.268919,       46.59,
 139.261622,   35.268919,       39.32,
 139.266126,   35.268919,       35.28,
 139.270631,   35.268919,       31.26,
 139.275135,   35.268919,       27.23,
 139.279640,   35.268919,       23.62,
 139.284144,   35.268919,       22.20,
 139.288649,   35.268919,       21.73,
 139.293153,   35.268919,       21.46,
 139.297658,   35.268919,       21.26,
 139.302162,   35.268919,       20.69,
 139.306667,   35.268919,       19.60,
 139.311171,   35.268919,       18.76,
 139.315676,   35.268919,       18.26,
 139.320180,   35.268919,       18.08,
 139.324685,   35.268919,       18.81,
 139.329189,   35.268919,       20.59,
 139.333694,   35.268919,       22.28,
 139.338198,   35.268919,       23.91,
 139.342703,   35.268919,       25.49,
 139.347207,   35.268919,       26.99,
 139.351712,   35.268919,       28.32,
 139.356216,   35.268919,       28.90,
 139.360721,   35.268919,       29.32,
 139.365225,   35.268919,       29.74,
 139.369730,   35.268919,       30.17,
 139.374234,   35.268919,       30.53,
 139.378739,   35.268919,       30.59,
 139.383243,   35.268919,       30.29,
 139.387748,   35.268919,       30.10,
 139.392252,   35.268919,       30.47,
 139.396757,   35.268919,       31.40,
 139.401261,   35.268919,       32.70,
 139.405766,   35.268919,       33.82,
 139.410270,   35.268919,       34.09,
 139.414775,   35.268919,       33.94,
 139.419279,   35.268919,       33.98,
 139.423784,   35.268919,       34.43,
 139.428288,   35.268919,       35.07,
 139.432793,   35.268919,       35.50,
 139.437297,   35.268919,       35.71,
 139.441802,   35.268919,       35.47,
 139.446306,   35.268919,       35.00,
 139.450811,   35.268919,       35.24,
 139.455315,   35.268919,       37.24,
 139.459820,   35.268919,       39.48,
 139.464324,   35.268919,       40.01,
 139.468829,   35.268919,       36.10,
 139.473333,   35.268919,       31.51,
 139.477838,   35.268919,       28.04,
 139.482342,   35.268919,       32.66,
 139.486847,   35.268919,       41.60,
 139.491351,   35.268919,       51.09,
 139.495856,   35.268919,       60.97,
 139.500360,   35.268919,       65.71,
 139.504865,   35.268919,       66.34,
 139.509369,   35.268919,       63.06,
 139.513874,   35.268919,       61.99,
 139.518378,   35.268919,       61.75,
 139.522883,   35.268919,       60.22,
 139.527387,   35.268919,       58.61,
 139.531892,   35.268919,       57.15,
 139.536396,   35.268919,       55.63,
 139.540901,   35.268919,       53.75,
 139.545405,   35.268919,       52.88,
 139.549910,   35.268919,       52.31,
 139.554414,   35.268919,       54.32,
 139.558919,   35.268919,       57.93,
 139.563423,   35.268919,       62.34,
 139.567928,   35.268919,       68.07,
 139.572432,   35.268919,       73.88,
 139.576937,   35.268919,       77.60,
 139.581441,   35.268919,       76.89,
 139.585946,   35.268919,       75.82,
 139.590450,   35.268919,       74.60,
 139.594955,   35.268919,       73.20,
 139.599459,   35.268919,       71.54,
 139.603964,   35.268919,       69.68,
 139.608468,   35.268919,       67.67,
 139.612973,   35.268919,       65.56,
 139.617477,   35.268919,       63.38,
 139.621982,   35.268919,       61.16,
 139.626486,   35.268919,       58.96,
 139.630991,   35.268919,       56.79,
 139.635495,   35.268919,       54.57,
 139.640000,   35.268919,       52.31,
 139.644505,   35.268919,       50.01,
 139.649009,   35.268919,       47.66,
 139.653514,   35.268919,       45.32,
 139.658018,   35.268919,       42.99,
 139.662523,   35.268919,       40.73,
 139.667027,   35.268919,       38.52,
 139.671532,   35.268919,       36.41,
 139.676036,   35.268919,       34.45,
 139.680541,   35.268919,       33.12,
 139.685045,   35.268919,       32.91,
 139.689550,   35.268919,       33.14,
 139.694054,   35.268919,       33.65,
 139.698559,   35.268919,       34.06,
 139.703063,   35.268919,       34.62,
 139.707568,   35.268919,       35.38,
 139.712072,   35.268919,       36.31,
 139.716577,   35.268919,       37.15,
 139.721081,   35.268919,       37.67,
 139.725586,   35.268919,       38.57,
 139.730090,   35.268919,       39.01,
 139.734595,   35.268919,       38.30,
 139.739099,   35.268919,       37.22,
 139.743604,   35.268919,       35.89,
 139.748108,   35.268919,       34.81,
 139.752613,   35.268919,       34.36,
 139.757117,   35.268919,       33.90,
 139.761622,   35.268919,       33.91,
 139.766126,   35.268919,       34.50,
 139.770631,   35.268919,       35.00,
 139.775135,   35.268919,       35.81,
 139.779640,   35.268919,       36.64,
 139.784144,   35.268919,       37.20,
 139.788649,   35.268919,       37.69,
 139.793153,   35.268919,       38.42,
 139.797658,   35.268919,       38.95,
 139.802162,   35.268919,       39.28,
 139.806667,   35.268919,       39.55,
 139.811171,   35.268919,       39.88,
 139.815676,   35.268919,       40.14,
 139.820180,   35.268919,       40.38,
 139.824685,   35.268919,       40.62,
 139.829189,   35.268919,       40.81,
 139.833694,   35.268919,       40.97,
 139.838198,   35.268919,       41.62,
 139.842703,   35.268919,       42.52,
 139.847207,   35.268919,       43.42,
 139.851712,   35.268919,       44.42,
 139.856216,   35.268919,       46.13,
 139.860721,   35.268919,       47.71,
 139.865225,   35.268919,       49.52,
 139.869730,   35.268919,       51.26,
 139.874234,   35.268919,       52.61,
 139.878739,   35.268919,       53.15,
 139.883243,   35.268919,       53.33,
 139.887748,   35.268919,       53.31,
 139.892252,   35.268919,       53.17,
 139.896757,   35.268919,       52.98,
 139.901261,   35.268919,       52.73,
 139.905766,   35.268919,       52.45,
 139.910270,   35.268919,       52.16,
 139.914775,   35.268919,       51.84,
 139.919279,   35.268919,       51.52,
 139.923784,   35.268919,       51.19,
 139.928288,   35.268919,       50.86,
 139.932793,   35.268919,       50.52,
 139.937297,   35.268919,       50.18,
 139.941802,   35.268919,       49.84,
 139.946306,   35.268919,       49.50,
 139.950811,   35.268919,       49.16,
 139.955315,   35.268919,       48.82,
 139.959820,   35.268919,       48.49,
 139.964324,   35.268919,       48.16,
 139.968829,   35.268919,       47.83,
 139.973333,   35.268919,       47.51,
 139.977838,   35.268919,       47.19,
 139.982342,   35.268919,       46.87,
 139.986847,   35.268919,       46.56,
 139.991351,   35.268919,       46.25,
 139.995856,   35.268919,       45.94,
 140.000360,   35.268919,       45.63,
 140.004865,   35.268919,       45.33,
 140.009369,   35.268919,       45.04,
 140.013874,   35.268919,       44.75,
 140.018378,   35.268919,       44.47,
 140.022883,   35.268919,       44.20,
 140.027387,   35.268919,       43.93,
 140.031892,   35.268919,       43.67,
 140.036396,   35.268919,       43.42,
 140.040901,   35.268919,       43.18,
 140.045405,   35.268919,       42.94,
 140.049910,   35.268919,       42.71,
 140.054414,   35.268919,       42.48,
 140.058919,   35.268919,       42.26,
 140.063423,   35.268919,       42.05,
 140.067928,   35.268919,       41.84,
 140.072432,   35.268919,       41.64,
 140.076937,   35.268919,       41.44,
 140.081441,   35.268919,       41.24,
 140.085946,   35.268919,       41.05,
 140.090450,   35.268919,       40.87,
 140.094955,   35.268919,       40.69,
 140.099459,   35.268919,       40.51,
 140.103964,   35.268919,       40.34,
 140.108468,   35.268919,       40.17,
 140.112973,   35.268919,       40.01,
 140.117477,   35.268919,       39.85,
 140.121982,   35.268919,       39.70,
 140.126486,   35.268919,       39.55,
 140.130991,   35.268919,       39.40,
 140.135495,   35.268919,       39.26,
 140.140000,   35.268919,       39.13,
 140.144505,   35.268919,       39.00,
 140.149009,   35.268919,       38.87,
 140.153514,   35.268919,       38.75,
 140.158018,   35.268919,       38.63,
 140.162523,   35.268919,       38.52,
 140.167027,   35.268919,       38.42,
 140.171532,   35.268919,       38.32,
 140.176036,   35.268919,       38.22,
 140.180541,   35.268919,       38.13,
 140.185045,   35.268919,       38.04,
 140.189550,   35.268919,       37.96,
 140.194054,   35.268919,       37.88,
 140.198559,   35.268919,       37.81,
 140.203063,   35.268919,       37.74,
 140.207568,   35.268919,       37.67,
 140.212072,   35.268919,       37.61,
 140.216577,   35.268919,       37.54,
 140.221081,   35.268919,       37.48,
 140.225586,   35.268919,       37.42,
 140.230090,   35.268919,       37.37,
 140.234595,   35.268919,       37.31,
 140.239099,   35.268919,       37.26,
 140.243604,   35.268919,       37.21,
 140.248108,   35.268919,       37.17,
 140.252613,   35.268919,       37.12,
 140.257117,   35.268919,       37.08,
 140.261622,   35.268919,       37.04,
 140.266126,   35.268919,       37.01,
 140.270631,   35.268919,       36.97,
 140.275135,   35.268919,       36.94,
 140.279640,   35.268919,       36.91,
 140.284144,   35.268919,       36.88,
 140.288649,   35.268919,       36.86,
 140.293153,   35.268919,       36.84,
 140.297658,   35.268919,       36.82,
 140.302162,   35.268919,       36.81,
 140.306667,   35.268919,       36.80,
 140.311171,   35.268919,       36.79,
 140.315676,   35.268919,       36.78,
 140.320180,   35.268919,       36.75,
 140.324685,   35.268919,       36.70,
 140.329189,   35.268919,       36.64,
 140.333694,   35.268919,       36.57,
 140.338198,   35.268919,       36.52,
 140.342703,   35.268919,       36.47,
 140.347207,   35.268919,       36.41,
 140.351712,   35.268919,       36.36,
 140.356216,   35.268919,       36.30,
 140.360721,   35.268919,       36.25,
 140.365225,   35.268919,       36.19,
 140.369730,   35.268919,       36.14,
 140.374234,   35.268919,       36.08,
 140.378739,   35.268919,       36.02,
 140.383243,   35.268919,       35.96,
 140.387748,   35.268919,       35.90,
 139.140000,   35.273423,       75.96,
 139.144505,   35.273423,       75.16,
 139.149009,   35.273423,       74.40,
 139.153514,   35.273423,       73.67,
 139.158018,   35.273423,       72.98,
 139.162523,   35.273423,       72.33,
 139.167027,   35.273423,       71.71,
 139.171532,   35.273423,       71.13,
 139.176036,   35.273423,       70.59,
 139.180541,   35.273423,       70.09,
 139.185045,   35.273423,       69.62,
 139.189550,   35.273423,       69.19,
 139.194054,   35.273423,       71.61,
 139.198559,   35.273423,       77.57,
 139.203063,   35.273423,       76.14,
 139.207568,   35.273423,       74.58,
 139.212072,   35.273423,       73.61,
 139.216577,   35.273423,       72.79,
 139.221081,   35.273423,       72.02,
 139.225586,   35.273423,       71.70,
 139.230090,   35.273423,       71.67,
 139.234595,   35.273423,       71.32,
 139.239099,   35.273423,       70.96,
 139.243604,   35.273423,       70.19,
 139.248108,   35.273423,       64.82,
 139.252613,   35.273423,       56.69,
 139.257117,   35.273423,       48.63,
 139.261622,   35.273423,       41.39,
 139.266126,   35.273423,       37.02,
 139.270631,   35.273423,       33.22,
 139.275135,   35.273423,       29.52,
 139.279640,   35.273423,       26.57,
 139.284144,   35.273423,       24.84,
 139.288649,   35.273423,       24.27,
 139.293153,   35.273423,       24.09,
 139.297658,   35.273423,       24.02,
 139.302162,   35.273423,       23.32,
 139.306667,   35.273423,       21.92,
 139.311171,   35.273423,       20.84,
 139.315676,   35.273423,       20.45,
 139.320180,   35.273423,       20.90,
 139.324685,   35.273423,       22.85,
 139.329189,   35.273423,       24.57,
 139.333694,   35.273423,       26.09,
 139.338198,   35.273423,       27.65,
 139.342703,   35.273423,       29.23,
 139.347207,   35.273423,       30.74,
 139.351712,   35.273423,       31.87,
 139.356216,   35.273423,       32.46,
 139.360721,   35.273423,       32.82,
 139.365225,   35.273423,       33.14,
 139.369730,   35.273423,       33.50,
 139.374234,   35.273423,       33.70,
 139.378739,   35.273423,       33.48,
 139.383243,   35.273423,       32.82,
 139.387748,   35.273423,       32.29,
 139.392252,   35.273423,       32.26,
 139.396757,   35.273423,       32.86,
 139.401261,   35.273423,       33.82,
 139.405766,   35.273423,       34.40,
 139.410270,   35.273423,       34.58,
 139.414775,   35.273423,       34.72,
 139.419279,   35.273423,       35.10,
 139.423784,   35.273423,       35.90,
 139.428288,   35.273423,       36.64,
 139.432793,   35.273423,       36.80,
 139.437297,   35.273423,       36.29,
 139.441802,   35.273423,       35.33,
 139.446306,   35.273423,       34.98,
 139.450811,   35.273423,       34.93,
 139.455315,   35.273423,       36.72,
 139.459820,   35.273423,       38.51,
 139.464324,   35.273423,       38.54,
 139.468829,   35.273423,       34.04,
 139.473333,   35.273423,       28.18,
 139.477838,   35.273423,       22.20,
 139.482342,   35.273423,       30.37,
 139.486847,   35.273423,       40.78,
 139.491351,   35.273423,       49.39,
 139.495856,   35.273423,       55.06,
 139.500360,   35.273423,       59.08,
 139.504865,   35.273423,       60.55,
 139.509369,   35.273423,       61.74,
 139.513874,   35.273423,       62.28,
 139.518378,   35.273423,       62.21,
 139.522883,   35.273423,       62.11,
 139.527387,   35.273423,       61.14,
 139.531892,   35.273423,       59.52,
 139.536396,   35.273423,       54.40,
 139.540901,   35.273423,       50.06,
 139.545405,   35.273423,       49.18,
 139.549910,   35.273423,       52.97,
 139.554414,   35.273423,       57.73,
 139.558919,   35.273423,       61.19,
 139.563423,   35.273423,       65.97,
 139.567928,   35.273423,       72.00,
 139.572432,   35.273423,       77.99,
 139.576937,   35.273423,       78.06,
 139.581441,   35.273423,       76.83,
 139.585946,   35.273423,       75.46,
 139.590450,   35.273423,       74.09,
 139.594955,   35.273423,       72.62,
 139.599459,   35.273423,       70.97,
 139.603964,   35.273423,       69.14,
 139.608468,   35.273423,       67.15,
 139.612973,   35.273423,       65.01,
 139.617477,   35.273423,       62.74,
 139.621982,   35.273423,       60.39,
 139.626486,   35.273423,       58.02,
 139.630991,   35.273423,       55.71,
 139.635495,   35.273423,       53.53,
 139.640000,   35.273423,       51.32,
 139.644505,   35.273423,       49.08,
 139.649009,   35.273423,       46.78,
 139.653514,   35.273423,       44.44,
 139.658018,   35.273423,       42.09,
 139.662523,   35.273423,       39.78,
 139.667027,   35.273423,       37.51,
 139.671532,   35.273423,       35.26,
 139.676036,   35.273423,       33.02,
 139.680541,   35.273423,       32.69,
 139.685045,   35.273423,       33.04,
 139.689550,   35.273423,       33.64,
 139.694054,   35.273423,       34.29,
 139.698559,   35.273423,       34.75,
 139.703063,   35.273423,       35.45,
 139.707568,   35.273423,       36.32,
 139.712072,   35.273423,       37.11,
 139.716577,   35.273423,       37.65,
 139.721081,   35.273423,       37.96,
 139.725586,   35.273423,       38.34,
 139.730090,   35.273423,       37.82,
 139.734595,   35.273423,       36.89,
 139.739099,   35.273423,       35.76,
 139.743604,   35.273423,       34.52,
 139.748108,   35.273423,       33.67,
 139.752613,   35.273423,       33.12,
 139.757117,   35.273423,       32.65,
 139.761622,   35.273423,       32.86,
 139.766126,   35.273423,       33.44,
 139.770631,   35.273423,       33.91,
 139.775135,   35.273423,       34.31,
 139.779640,   35.273423,       34.99,
 139.784144,   35.273423,       35.59,
 139.788649,   35.273423,       36.24,
 139.793153,   35.273423,       36.94,
 139.797658,   35.273423,       37.49,
 139.802162,   35.273423,       37.93,
 139.806667,   35.273423,       38.35,
 139.811171,   35.273423,       38.68,
 139.815676,   35.273423,       38.95,
 139.820180,   35.273423,       39.24,
 139.824685,   35.273423,       39.57,
 139.829189,   35.273423,       39.83,
 139.833694,   35.273423,       40.11,
 139.838198,   35.273423,       41.04,
 139.842703,   35.273423,       41.99,
 139.847207,   35.273423,       43.01,
 139.851712,   35.273423,       44.18,
 139.856216,   35.273423,       45.88,
 139.860721,   35.273423,       47.36,
 139.865225,   35.273423,       49.05,
 139.869730,   35.273423,       50.69,
 139.874234,   35.273423,       52.08,
 139.878739,   35.273423,       52.70,
 139.883243,   35.273423,       52.95,
 139.887748,   35.273423,       52.98,
 139.892252,   35.273423,       52.90,
 139.896757,   35.273423,       52.72,
 139.901261,   35.273423,       52.50,
 139.905766,   35.273423,       52.25,
 139.910270,   35.273423,       51.98,
 139.914775,   35.273423,       51.69,
 139.919279,   35.273423,       51.40,
 139.923784,   35.273423,       51.09,
 139.928288,   35.273423,       50.77,
 139.932793,   35.273423,       50.45,
 139.937297,   35.273423,       50.13,
 139.941802,   35.273423,       49.80,
 139.946306,   35.273423,       49.47,
 139.950811,   35.273423,       49.15,
 139.955315,   35.273423,       48.82,
 139.959820,   35.273423,       48.50,
 139.964324,   35.273423,       48.18,
 139.968829,   35.273423,       47.86,
 139.973333,   35.273423,       47.54,
 139.977838,   35.273423,       47.23,
 139.982342,   35.273423,       46.92,
 139.986847,   35.273423,       46.62,
 139.991351,   35.273423,       46.31,
 139.995856,   35.273423,       46.01,
 140.000360,   35.273423,       45.71,
 140.004865,   35.273423,       45.42,
 140.009369,   35.273423,       45.13,
 140.013874,   35.273423,       44.85,
 140.018378,   35.273423,       44.57,
 140.022883,   35.273423,       44.31,
 140.027387,   35.273423,       44.05,
 140.031892,   35.273423,       43.80,
 140.036396,   35.273423,       43.55,
 140.040901,   35.273423,       43.31,
 140.045405,   35.273423,       43.08,
 140.049910,   35.273423,       42.85,
 140.054414,   35.273423,       42.63,
 140.058919,   35.273423,       42.42,
 140.063423,   35.273423,       42.21,
 140.067928,   35.273423,       42.00,
 140.072432,   35.273423,       41.80,
 140.076937,   35.273423,       41.61,
 140.081441,   35.273423,       41.42,
 140.085946,   35.273423,       41.23,
 140.090450,   35.273423,       41.05,
 140.094955,   35.273423,       40.87,
 140.099459,   35.273423,       40.70,
 140.103964,   35.273423,       40.53,
 140.108468,   35.273423,       40.37,
 140.112973,   35.273423,       40.21,
 140.117477,   35.273423,       40.05,
 140.121982,   35.273423,       39.90,
 140.126486,   35.273423,       39.76,
 140.130991,   35.273423,       39.62,
 140.135495,   35.273423,       39.48,
 140.140000,   35.273423,       39.35,
 140.144505,   35.273423,       39.22,
 140.149009,   35.273423,       39.10,
 140.153514,   35.273423,       38.98,
 140.158018,   35.273423,       38.87,
 140.162523,   35.273423,       38.76,
 140.167027,   35.273423,       38.66,
 140.171532,   35.273423,       38.56,
 140.176036,   35.273423,       38.46,
 140.180541,   35.273423,       38.37,
 140.185045,   35.273423,       38.29,
 140.189550,   35.273423,       38.21,
 140.194054,   35.273423,       38.13,
 140.198559,   35.273423,       38.06,
 140.203063,   35.273423,       37.99,
 140.207568,   35.273423,       37.93,
 140.212072,   35.273423,       37.86,
 140.216577,   35.273423,       37.80,
 140.221081,   35.273423,       37.74,
 140.225586,   35.273423,       37.68,
 140.230090,   35.273423,       37.62,
 140.234595,   35.273423,       37.57,
 140.239099,   35.273423,       37.52,
 140.243604,   35.273423,       37.47,
 140.248108,   35.273423,       37.42,
 140.252613,   35.273423,       37.38,
 140.257117,   35.273423,       37.34,
 140.261622,   35.273423,       37.30,
 140.266126,   35.273423,       37.26,
 140.270631,   35.273423,       37.23,
 140.275135,   35.273423,       37.19,
 140.279640,   35.273423,       37.16,
 140.284144,   35.273423,       37.14,
 140.288649,   35.273423,       37.11,
 140.293153,   35.273423,       37.09,
 140.297658,   35.273423,       37.08,
 140.302162,   35.273423,       37.06,
 140.306667,   35.273423,       37.05,
 140.311171,   35.273423,       37.04,
 140.315676,   35.273423,       37.01,
 140.320180,   35.273423,       36.96,
 140.324685,   35.273423,       36.90,
 140.329189,   35.273423,       36.82,
 140.333694,   35.273423,       36.77,
 140.338198,   35.273423,       36.72,
 140.342703,   35.273423,       36.66,
 140.347207,   35.273423,       36.61,
 140.351712,   35.273423,       36.56,
 140.356216,   35.273423,       36.50,
 140.360721,   35.273423,       36.45,
 140.365225,   35.273423,       36.39,
 140.369730,   35.273423,       36.34,
 140.374234,   35.273423,       36.28,
 140.378739,   35.273423,       36.22,
 140.383243,   35.273423,       36.16,
 140.387748,   35.273423,       36.11,
 139.140000,   35.277928,       75.93,
 139.144505,   35.277928,       75.11,
 139.149009,   35.277928,       74.33,
 139.153514,   35.277928,       73.59,
 139.158018,   35.277928,       72.89,
 139.162523,   35.277928,       72.22,
 139.167027,   35.277928,       71.59,
 139.171532,   35.277928,       71.00,
 139.176036,   35.277928,       70.44,
 139.180541,   35.277928,       69.92,
 139.185045,   35.277928,       69.44,
 139.189550,   35.277928,       68.99,
 139.194054,   35.277928,       68.58,
 139.198559,   35.277928,       69.11,
 139.203063,   35.277928,       72.55,
 139.207568,   35.277928,       73.00,
 139.212072,   35.277928,       72.82,
 139.216577,   35.277928,       72.53,
 139.221081,   35.277928,       72.25,
 139.225586,   35.277928,       72.14,
 139.230090,   35.277928,       72.14,
 139.234595,   35.277928,       72.30,
 139.239099,   35.277928,       72.33,
 139.243604,   35.277928,       72.08,
 139.248108,   35.277928,       66.09,
 139.252613,   35.277928,       57.88,
 139.257117,   35.277928,       49.64,
 139.261622,   35.277928,       42.69,
 139.266126,   35.277928,       38.45,
 139.270631,   35.277928,       34.90,
 139.275135,   35.277928,       31.76,
 139.279640,   35.277928,       29.24,
 139.284144,   35.277928,       27.22,
 139.288649,   35.277928,       26.15,
 139.293153,   35.277928,       25.32,
 139.297658,   35.277928,       24.30,
 139.302162,   35.277928,       23.41,
 139.306667,   35.277928,       22.58,
 139.311171,   35.277928,       21.72,
 139.315676,   35.277928,       22.22,
 139.320180,   35.277928,       24.17,
 139.324685,   35.277928,       27.07,
 139.329189,   35.277928,       29.06,
 139.333694,   35.277928,       30.27,
 139.338198,   35.277928,       31.58,
 139.342703,   35.277928,       33.06,
 139.347207,   35.277928,       34.45,
 139.351712,   35.277928,       35.55,
 139.356216,   35.277928,       36.16,
 139.360721,   35.277928,       36.40,
 139.365225,   35.277928,       36.58,
 139.369730,   35.277928,       36.86,
 139.374234,   35.277928,       36.90,
 139.378739,   35.277928,       36.26,
 139.383243,   35.277928,       35.41,
 139.387748,   35.277928,       34.56,
 139.392252,   35.277928,       33.97,
 139.396757,   35.277928,       34.15,
 139.401261,   35.277928,       34.54,
 139.405766,   35.277928,       34.66,
 139.410270,   35.277928,       34.93,
 139.414775,   35.277928,       35.27,
 139.419279,   35.277928,       35.79,
 139.423784,   35.277928,       37.00,
 139.428288,   35.277928,       38.51,
 139.432793,   35.277928,       37.80,
 139.437297,   35.277928,       35.90,
 139.441802,   35.277928,       34.31,
 139.446306,   35.277928,       34.73,
 139.450811,   35.277928,       36.18,
 139.455315,   35.277928,       37.38,
 139.459820,   35.277928,       38.20,
 139.464324,   35.277928,       38.31,
 139.468829,   35.277928,       33.26,
 139.473333,   35.277928,       27.00,
 139.477838,   35.277928,       23.34,
 139.482342,   35.277928,       32.20,
 139.486847,   35.277928,       42.72,
 139.491351,   35.277928,       50.69,
 139.495856,   35.277928,       55.22,
 139.500360,   35.277928,       58.60,
 139.504865,   35.277928,       61.00,
 139.509369,   35.277928,       62.96,
 139.513874,   35.277928,       64.02,
 139.518378,   35.277928,       64.31,
 139.522883,   35.277928,       64.73,
 139.527387,   35.277928,       64.51,
 139.531892,   35.277928,       60.55,
 139.536396,   35.277928,       51.31,
 139.540901,   35.277928,       42.38,
 139.545405,   35.277928,       42.48,
 139.549910,   35.277928,       50.60,
 139.554414,   35.277928,       58.66,
 139.558919,   35.277928,       63.84,
 139.563423,   35.277928,       69.42,
 139.567928,   35.277928,       75.85,
 139.572432,   35.277928,       80.27,
 139.576937,   35.277928,       77.75,
 139.581441,   35.277928,       76.17,
 139.585946,   35.277928,       74.84,
 139.590450,   35.277928,       73.52,
 139.594955,   35.277928,       72.11,
 139.599459,   35.277928,       70.54,
 139.603964,   35.277928,       68.77,
 139.608468,   35.277928,       66.82,
 139.612973,   35.277928,       64.69,
 139.617477,   35.277928,       62.40,
 139.621982,   35.277928,       59.96,
 139.626486,   35.277928,       57.41,
 139.630991,   35.277928,       54.86,
 139.635495,   35.277928,       52.46,
 139.640000,   35.277928,       50.28,
 139.644505,   35.277928,       48.09,
 139.649009,   35.277928,       45.84,
 139.653514,   35.277928,       43.54,
 139.658018,   35.277928,       41.22,
 139.662523,   35.277928,       38.90,
 139.667027,   35.277928,       36.61,
 139.671532,   35.277928,       34.27,
 139.676036,   35.277928,       32.79,
 139.680541,   35.277928,       33.10,
 139.685045,   35.277928,       33.62,
 139.689550,   35.277928,       34.40,
 139.694054,   35.277928,       35.10,
 139.698559,   35.277928,       35.79,
 139.703063,   35.277928,       36.47,
 139.707568,   35.277928,       37.02,
 139.712072,   35.277928,       37.54,
 139.716577,   35.277928,       37.96,
 139.721081,   35.277928,       37.95,
 139.725586,   35.277928,       37.49,
 139.730090,   35.277928,       36.61,
 139.734595,   35.277928,       35.66,
 139.739099,   35.277928,       34.60,
 139.743604,   35.277928,       33.71,
 139.748108,   35.277928,       32.87,
 139.752613,   35.277928,       32.06,
 139.757117,   35.277928,       32.04,
 139.761622,   35.277928,       32.38,
 139.766126,   35.277928,       32.70,
 139.770631,   35.277928,       33.16,
 139.775135,   35.277928,       33.48,
 139.779640,   35.277928,       33.77,
 139.784144,   35.277928,       34.58,
 139.788649,   35.277928,       35.26,
 139.793153,   35.277928,       35.83,
 139.797658,   35.277928,       36.42,
 139.802162,   35.277928,       37.02,
 139.806667,   35.277928,       37.48,
 139.811171,   35.277928,       37.73,
 139.815676,   35.277928,       37.95,
 139.820180,   35.277928,       38.26,
 139.824685,   35.277928,       38.66,
 139.829189,   35.277928,       39.02,
 139.833694,   35.277928,       39.60,
 139.838198,   35.277928,       40.44,
 139.842703,   35.277928,       41.42,
 139.847207,   35.277928,       42.58,
 139.851712,   35.277928,       43.96,
 139.856216,   35.277928,       45.57,
 139.860721,   35.277928,       46.99,
 139.865225,   35.277928,       48.59,
 139.869730,   35.277928,       50.15,
 139.874234,   35.277928,       51.58,
 139.878739,   35.277928,       52.28,
 139.883243,   35.277928,       52.59,
 139.887748,   35.277928,       52.68,
 139.892252,   35.277928,       52.63,
 139.896757,   35.277928,       52.50,
 139.901261,   35.277928,       52.30,
 139.905766,   35.277928,       52.07,
 139.910270,   35.277928,       51.82,
 139.914775,   35.277928,       51.55,
 139.919279,   35.277928,       51.28,
 139.923784,   35.277928,       50.99,
 139.928288,   35.277928,       50.69,
 139.932793,   35.277928,       50.39,
 139.937297,   35.277928,       50.08,
 139.941802,   35.277928,       49.76,
 139.946306,   35.277928,       49.45,
 139.950811,   35.277928,       49.14,
 139.955315,   35.277928,       48.82,
 139.959820,   35.277928,       48.51,
 139.964324,   35.277928,       48.20,
 139.968829,   35.277928,       47.89,
 139.973333,   35.277928,       47.58,
 139.977838,   35.277928,       47.28,
 139.982342,   35.277928,       46.98,
 139.986847,   35.277928,       46.68,
 139.991351,   35.277928,       46.38,
 139.995856,   35.277928,       46.08,
 140.000360,   35.277928,       45.79,
 140.004865,   35.277928,       45.50,
 140.009369,   35.277928,       45.22,
 140.013874,   35.277928,       44.94,
 140.018378,   35.277928,       44.68,
 140.022883,   35.277928,       44.42,
 140.027387,   35.277928,       44.16,
 140.031892,   35.277928,       43.92,
 140.036396,   35.277928,       43.68,
 140.040901,   35.277928,       43.45,
 140.045405,   35.277928,       43.22,
 140.049910,   35.277928,       43.00,
 140.054414,   35.277928,       42.78,
 140.058919,   35.277928,       42.57,
 140.063423,   35.277928,       42.37,
 140.067928,   35.277928,       42.16,
 140.072432,   35.277928,       41.97,
 140.076937,   35.277928,       41.78,
 140.081441,   35.277928,       41.59,
 140.085946,   35.277928,       41.41,
 140.090450,   35.277928,       41.23,
 140.094955,   35.277928,       41.06,
 140.099459,   35.277928,       40.89,
 140.103964,   35.277928,       40.73,
 140.108468,   35.277928,       40.57,
 140.112973,   35.277928,       40.41,
 140.117477,   35.277928,       40.26,
 140.121982,   35.277928,       40.11,
 140.126486,   35.277928,       39.97,
 140.130991,   35.277928,       39.83,
 140.135495,   35.277928,       39.70,
 140.140000,   35.277928,       39.57,
 140.144505,   35.277928,       39.45,
 140.149009,   35.277928,       39.33,
 140.153514,   35.277928,       39.21,
 140.158018,   35.277928,       39.10,
 140.162523,   35.277928,       38.99,
 140.167027,   35.277928,       38.89,
 140.171532,   35.277928,       38.80,
 140.176036,   35.277928,       38.71,
 140.180541,   35.277928,       38.62,
 140.185045,   35.277928,       38.54,
 140.189550,   35.277928,       38.46,
 140.194054,   35.277928,       38.38,
 140.198559,   35.277928,       38.31,
 140.203063,   35.277928,       38.24,
 140.207568,   35.277928,       38.18,
 140.212072,   35.277928,       38.11,
 140.216577,   35.277928,       38.05,
 140.221081,   35.277928,       37.99,
 140.225586,   35.277928,       37.93,
 140.230090,   35.277928,       37.88,
 140.234595,   35.277928,       37.82,
 140.239099,   35.277928,       37.77,
 140.243604,   35.277928,       37.72,
 140.248108,   35.277928,       37.68,
 140.252613,   35.277928,       37.63,
 140.257117,   35.277928,       37.59,
 140.261622,   35.277928,       37.55,
 140.266126,   35.277928,       37.52,
 140.270631,   35.277928,       37.48,
 140.275135,   35.277928,       37.45,
 140.279640,   35.277928,       37.42,
 140.284144,   35.277928,       37.39,
 140.288649,   35.277928,       37.37,
 140.293153,   35.277928,       37.35,
 140.297658,   35.277928,       37.33,
 140.302162,   35.277928,       37.31,
 140.306667,   35.277928,       37.30,
 140.311171,   35.277928,       37.27,
 140.315676,   35.277928,       37.22,
 140.320180,   35.277928,       37.16,
 140.324685,   35.277928,       37.09,
 140.329189,   35.277928,       37.02,
 140.333694,   35.277928,       36.97,
 140.338198,   35.277928,       36.92,
 140.342703,   35.277928,       36.86,
 140.347207,   35.277928,       36.81,
 140.351712,   35.277928,       36.76,
 140.356216,   35.277928,       36.70,
 140.360721,   35.277928,       36.65,
 140.365225,   35.277928,       36.59,
 140.369730,   35.277928,       36.54,
 140.374234,   35.277928,       36.48,
 140.378739,   35.277928,       36.42,
 140.383243,   35.277928,       36.37,
 140.387748,   35.277928,       36.31,
 139.140000,   35.282432,       75.86,
 139.144505,   35.282432,       75.03,
 139.149009,   35.282432,       74.23,
 139.153514,   35.282432,       73.48,
 139.158018,   35.282432,       72.76,
 139.162523,   35.282432,       72.07,
 139.167027,   35.282432,       71.43,
 139.171532,   35.282432,       70.82,
 139.176036,   35.282432,       70.25,
 139.180541,   35.282432,       69.71,
 139.185045,   35.282432,       69.22,
 139.189550,   35.282432,       68.76,
 139.194054,   35.282432,       68.34,
 139.198559,   35.282432,       67.95,
 139.203063,   35.282432,       67.60,
 139.207568,   35.282432,       69.86,
 139.212072,   35.282432,       72.01,
 139.216577,   35.282432,       72.87,
 139.221081,   35.282432,       72.69,
 139.225586,   35.282432,       72.54,
 139.230090,   35.282432,       72.49,
 139.234595,   35.282432,       72.27,
 139.239099,   35.282432,       71.28,
 139.243604,   35.282432,       68.73,
 139.248108,   35.282432,       63.48,
 139.252613,   35.282432,       56.67,
 139.257117,   35.282432,       49.71,
 139.261622,   35.282432,       43.32,
 139.266126,   35.282432,       39.15,
 139.270631,   35.282432,       34.95,
 139.275135,   35.282432,       31.62,
 139.279640,   35.282432,       29.94,
 139.284144,   35.282432,       28.58,
 139.288649,   35.282432,       27.27,
 139.293153,   35.282432,       25.65,
 139.297658,   35.282432,       24.09,
 139.302162,   35.282432,       23.43,
 139.306667,   35.282432,       22.88,
 139.311171,   35.282432,       22.04,
 139.315676,   35.282432,       24.40,
 139.320180,   35.282432,       28.16,
 139.324685,   35.282432,       31.63,
 139.329189,   35.282432,       33.76,
 139.333694,   35.282432,       34.76,
 139.338198,   35.282432,       35.68,
 139.342703,   35.282432,       36.85,
 139.347207,   35.282432,       38.17,
 139.351712,   35.282432,       39.39,
 139.356216,   35.282432,       39.85,
 139.360721,   35.282432,       39.64,
 139.365225,   35.282432,       39.56,
 139.369730,   35.282432,       39.65,
 139.374234,   35.282432,       39.57,
 139.378739,   35.282432,       38.91,
 139.383243,   35.282432,       38.06,
 139.387748,   35.282432,       37.09,
 139.392252,   35.282432,       36.02,
 139.396757,   35.282432,       34.76,
 139.401261,   35.282432,       34.63,
 139.405766,   35.282432,       34.61,
 139.410270,   35.282432,       34.76,
 139.414775,   35.282432,       34.26,
 139.419279,   35.282432,       34.59,
 139.423784,   35.282432,       36.01,
 139.428288,   35.282432,       37.37,
 139.432793,   35.282432,       35.95,
 139.437297,   35.282432,       33.96,
 139.441802,   35.282432,       32.95,
 139.446306,   35.282432,       35.39,
 139.450811,   35.282432,       38.29,
 139.455315,   35.282432,       39.60,
 139.459820,   35.282432,       39.55,
 139.464324,   35.282432,       38.69,
 139.468829,   35.282432,       33.13,
 139.473333,   35.282432,       26.26,
 139.477838,   35.282432,       22.77,
 139.482342,   35.282432,       34.72,
 139.486847,   35.282432,       46.15,
 139.491351,   35.282432,       51.50,
 139.495856,   35.282432,       55.69,
 139.500360,   35.282432,       59.82,
 139.504865,   35.282432,       62.29,
 139.509369,   35.282432,       64.27,
 139.513874,   35.282432,       65.95,
 139.518378,   35.282432,       65.86,
 139.522883,   35.282432,       66.20,
 139.527387,   35.282432,       67.04,
 139.531892,   35.282432,       60.87,
 139.536396,   35.282432,       50.71,
 139.540901,   35.282432,       40.09,
 139.545405,   35.282432,       41.21,
 139.549910,   35.282432,       50.77,
 139.554414,   35.282432,       59.17,
 139.558919,   35.282432,       65.84,
 139.563423,   35.282432,       71.72,
 139.567928,   35.282432,       77.92,
 139.572432,   35.282432,       78.17,
 139.576937,   35.282432,       76.58,
 139.581441,   35.282432,       75.35,
 139.585946,   35.282432,       74.21,
 139.590450,   35.282432,       73.03,
 139.594955,   35.282432,       71.73,
 139.599459,   35.282432,       70.25,
 139.603964,   35.282432,       68.57,
 139.608468,   35.282432,       66.68,
 139.612973,   35.282432,       64.58,
 139.617477,   35.282432,       62.28,
 139.621982,   35.282432,       59.78,
 139.626486,   35.282432,       57.11,
 139.630991,   35.282432,       54.33,
 139.635495,   35.282432,       51.60,
 139.640000,   35.282432,       49.21,
 139.644505,   35.282432,       47.04,
 139.649009,   35.282432,       44.83,
 139.653514,   35.282432,       42.54,
 139.658018,   35.282432,       40.23,
 139.662523,   35.282432,       37.92,
 139.667027,   35.282432,       35.64,
 139.671532,   35.282432,       33.31,
 139.676036,   35.282432,       33.19,
 139.680541,   35.282432,       33.63,
 139.685045,   35.282432,       34.50,
 139.689550,   35.282432,       35.34,
 139.694054,   35.282432,       36.03,
 139.698559,   35.282432,       36.72,
 139.703063,   35.282432,       37.06,
 139.707568,   35.282432,       37.41,
 139.712072,   35.282432,       37.76,
 139.716577,   35.282432,       37.72,
 139.721081,   35.282432,       37.24,
 139.725586,   35.282432,       36.63,
 139.730090,   35.282432,       35.62,
 139.734595,   35.282432,       34.58,
 139.739099,   35.282432,       33.72,
 139.743604,   35.282432,       33.02,
 139.748108,   35.282432,       32.26,
 139.752613,   35.282432,       31.57,
 139.757117,   35.282432,       31.78,
 139.761622,   35.282432,       32.11,
 139.766126,   35.282432,       32.41,
 139.770631,   35.282432,       32.70,
 139.775135,   35.282432,       33.02,
 139.779640,   35.282432,       33.41,
 139.784144,   35.282432,       34.02,
 139.788649,   35.282432,       34.64,
 139.793153,   35.282432,       35.21,
 139.797658,   35.282432,       35.78,
 139.802162,   35.282432,       36.29,
 139.806667,   35.282432,       36.70,
 139.811171,   35.282432,       37.03,
 139.815676,   35.282432,       37.34,
 139.820180,   35.282432,       37.67,
 139.824685,   35.282432,       38.00,
 139.829189,   35.282432,       38.42,
 139.833694,   35.282432,       39.19,
 139.838198,   35.282432,       39.92,
 139.842703,   35.282432,       40.81,
 139.847207,   35.282432,       42.24,
 139.851712,   35.282432,       43.75,
 139.856216,   35.282432,       45.25,
 139.860721,   35.282432,       46.62,
 139.865225,   35.282432,       48.15,
 139.869730,   35.282432,       49.66,
 139.874234,   35.282432,       51.10,
 139.878739,   35.282432,       51.88,
 139.883243,   35.282432,       52.25,
 139.887748,   35.282432,       52.39,
 139.892252,   35.282432,       52.39,
 139.896757,   35.282432,       52.29,
 139.901261,   35.282432,       52.12,
 139.905766,   35.282432,       51.90,
 139.910270,   35.282432,       51.67,
 139.914775,   35.282432,       51.43,
 139.919279,   35.282432,       51.17,
 139.923784,   35.282432,       50.90,
 139.928288,   35.282432,       50.62,
 139.932793,   35.282432,       50.33,
 139.937297,   35.282432,       50.03,
 139.941802,   35.282432,       49.73,
 139.946306,   35.282432,       49.43,
 139.950811,   35.282432,       49.13,
 139.955315,   35.282432,       48.82,
 139.959820,   35.282432,       48.52,
 139.964324,   35.282432,       48.22,
 139.968829,   35.282432,       47.92,
 139.973333,   35.282432,       47.62,
 139.977838,   35.282432,       47.32,
 139.982342,   35.282432,       47.03,
 139.986847,   35.282432,       46.73,
 139.991351,   35.282432,       46.44,
 139.995856,   35.282432,       46.15,
 140.000360,   35.282432,       45.86,
 140.004865,   35.282432,       45.58,
 140.009369,   35.282432,       45.31,
 140.013874,   35.282432,       45.04,
 140.018378,   35.282432,       44.78,
 140.022883,   35.282432,       44.53,
 140.027387,   35.282432,       44.28,
 140.031892,   35.282432,       44.04,
 140.036396,   35.282432,       43.81,
 140.040901,   35.282432,       43.58,
 140.045405,   35.282432,       43.36,
 140.049910,   35.282432,       43.14,
 140.054414,   35.282432,       42.93,
 140.058919,   35.282432,       42.72,
 140.063423,   35.282432,       42.52,
 140.067928,   35.282432,       42.33,
 140.072432,   35.282432,       42.14,
 140.076937,   35.282432,       41.95,
 140.081441,   35.282432,       41.77,
 140.085946,   35.282432,       41.59,
 140.090450,   35.282432,       41.42,
 140.094955,   35.282432,       41.25,
 140.099459,   35.282432,       41.08,
 140.103964,   35.282432,       40.92,
 140.108468,   35.282432,       40.76,
 140.112973,   35.282432,       40.61,
 140.117477,   35.282432,       40.46,
 140.121982,   35.282432,       40.32,
 140.126486,   35.282432,       40.18,
 140.130991,   35.282432,       40.05,
 140.135495,   35.282432,       39.92,
 140.140000,   35.282432,       39.79,
 140.144505,   35.282432,       39.67,
 140.149009,   35.282432,       39.55,
 140.153514,   35.282432,       39.44,
 140.158018,   35.282432,       39.33,
 140.162523,   35.282432,       39.23,
 140.167027,   35.282432,       39.13,
 140.171532,   35.282432,       39.04,
 140.176036,   35.282432,       38.95,
 140.180541,   35.282432,       38.86,
 140.185045,   35.282432,       38.78,
 140.189550,   35.282432,       38.70,
 140.194054,   35.282432,       38.63,
 140.198559,   35.282432,       38.56,
 140.203063,   35.282432,       38.49,
 140.207568,   35.282432,       38.43,
 140.212072,   35.282432,       38.36,
 140.216577,   35.282432,       38.30,
 140.221081,   35.282432,       38.24,
 140.225586,   35.282432,       38.18,
 140.230090,   35.282432,       38.13,
 140.234595,   35.282432,       38.08,
 140.239099,   35.282432,       38.02,
 140.243604,   35.282432,       37.98,
 140.248108,   35.282432,       37.93,
 140.252613,   35.282432,       37.89,
 140.257117,   35.282432,       37.84,
 140.261622,   35.282432,       37.80,
 140.266126,   35.282432,       37.77,
 140.270631,   35.282432,       37.73,
 140.275135,   35.282432,       37.70,
 140.279640,   35.282432,       37.67,
 140.284144,   35.282432,       37.64,
 140.288649,   35.282432,       37.62,
 140.293153,   35.282432,       37.60,
 140.297658,   35.282432,       37.58,
 140.302162,   35.282432,       37.56,
 140.306667,   35.282432,       37.53,
 140.311171,   35.282432,       37.49,
 140.315676,   35.282432,       37.43,
 140.320180,   35.282432,       37.35,
 140.324685,   35.282432,       37.27,
 140.329189,   35.282432,       37.22,
 140.333694,   35.282432,       37.17,
 140.338198,   35.282432,       37.12,
 140.342703,   35.282432,       37.06,
 140.347207,   35.282432,       37.01,
 140.351712,   35.282432,       36.96,
 140.356216,   35.282432,       36.91,
 140.360721,   35.282432,       36.85,
 140.365225,   35.282432,       36.80,
 140.369730,   35.282432,       36.74,
 140.374234,   35.282432,       36.68,
 140.378739,   35.282432,       36.63,
 140.383243,   35.282432,       36.57,
 140.387748,   35.282432,       36.51,
 139.140000,   35.286937,       75.75,
 139.144505,   35.286937,       74.90,
 139.149009,   35.286937,       74.09,
 139.153514,   35.286937,       73.32,
 139.158018,   35.286937,       72.59,
 139.162523,   35.286937,       71.89,
 139.167027,   35.286937,       71.23,
 139.171532,   35.286937,       70.61,
 139.176036,   35.286937,       70.02,
 139.180541,   35.286937,       69.47,
 139.185045,   35.286937,       68.96,
 139.189550,   35.286937,       68.49,
 139.194054,   35.286937,       68.05,
 139.198559,   35.286937,       67.65,
 139.203063,   35.286937,       67.29,
 139.207568,   35.286937,       66.96,
 139.212072,   35.286937,       67.53,
 139.216577,   35.286937,       70.10,
 139.221081,   35.286937,       69.96,
 139.225586,   35.286937,       71.11,
 139.230090,   35.286937,       72.81,
 139.234595,   35.286937,       71.71,
 139.239099,   35.286937,       69.09,
 139.243604,   35.286937,       65.34,
 139.248108,   35.286937,       60.18,
 139.252613,   35.286937,       54.10,
 139.257117,   35.286937,       47.91,
 139.261622,   35.286937,       42.68,
 139.266126,   35.286937,       38.48,
 139.270631,   35.286937,       34.42,
 139.275135,   35.286937,       30.89,
 139.279640,   35.286937,       30.00,
 139.284144,   35.286937,       29.44,
 139.288649,   35.286937,       28.57,
 139.293153,   35.286937,       26.76,
 139.297658,   35.286937,       25.55,
 139.302162,   35.286937,       25.54,
 139.306667,   35.286937,       25.39,
 139.311171,   35.286937,       26.06,
 139.315676,   35.286937,       29.05,
 139.320180,   35.286937,       32.80,
 139.324685,   35.286937,       36.48,
 139.329189,   35.286937,       38.63,
 139.333694,   35.286937,       39.23,
 139.338198,   35.286937,       39.69,
 139.342703,   35.286937,       40.77,
 139.347207,   35.286937,       41.73,
 139.351712,   35.286937,       42.87,
 139.356216,   35.286937,       42.63,
 139.360721,   35.286937,       41.98,
 139.365225,   35.286937,       41.45,
 139.369730,   35.286937,       41.19,
 139.374234,   35.286937,       41.45,
 139.378739,   35.286937,       41.39,
 139.383243,   35.286937,       40.71,
 139.387748,   35.286937,       39.35,
 139.392252,   35.286937,       37.55,
 139.396757,   35.286937,       35.40,
 139.401261,   35.286937,       34.62,
 139.405766,   35.286937,       34.28,
 139.410270,   35.286937,       33.89,
 139.414775,   35.286937,       32.63,
 139.419279,   35.286937,       31.75,
 139.423784,   35.286937,       32.34,
 139.428288,   35.286937,       32.18,
 139.432793,   35.286937,       31.35,
 139.437297,   35.286937,       30.68,
 139.441802,   35.286937,       32.66,
 139.446306,   35.286937,       36.12,
 139.450811,   35.286937,       39.12,
 139.455315,   35.286937,       41.42,
 139.459820,   35.286937,       41.51,
 139.464324,   35.286937,       39.07,
 139.468829,   35.286937,       34.33,
 139.473333,   35.286937,       28.74,
 139.477838,   35.286937,       29.57,
 139.482342,   35.286937,       38.44,
 139.486847,   35.286937,       46.86,
 139.491351,   35.286937,       51.92,
 139.495856,   35.286937,       56.24,
 139.500360,   35.286937,       60.46,
 139.504865,   35.286937,       63.95,
 139.509369,   35.286937,       65.80,
 139.513874,   35.286937,       66.08,
 139.518378,   35.286937,       65.83,
 139.522883,   35.286937,       65.91,
 139.527387,   35.286937,       64.70,
 139.531892,   35.286937,       60.84,
 139.536396,   35.286937,       52.73,
 139.540901,   35.286937,       47.71,
 139.545405,   35.286937,       48.35,
 139.549910,   35.286937,       53.53,
 139.554414,   35.286937,       60.98,
 139.558919,   35.286937,       66.94,
 139.563423,   35.286937,       72.80,
 139.567928,   35.286937,       76.29,
 139.572432,   35.286937,       76.42,
 139.576937,   35.286937,       75.50,
 139.581441,   35.286937,       74.58,
 139.585946,   35.286937,       73.64,
 139.590450,   35.286937,       72.63,
 139.594955,   35.286937,       71.48,
 139.599459,   35.286937,       70.15,
 139.603964,   35.286937,       68.57,
 139.608468,   35.286937,       66.75,
 139.612973,   35.286937,       64.68,
 139.617477,   35.286937,       62.38,
 139.621982,   35.286937,       59.84,
 139.626486,   35.286937,       57.06,
 139.630991,   35.286937,       54.10,
 139.635495,   35.286937,       51.05,
 139.640000,   35.286937,       48.21,
 139.644505,   35.286937,       45.99,
 139.649009,   35.286937,       43.79,
 139.653514,   35.286937,       41.51,
 139.658018,   35.286937,       39.21,
 139.662523,   35.286937,       36.93,
 139.667027,   35.286937,       34.72,
 139.671532,   35.286937,       33.61,
 139.676036,   35.286937,       33.53,
 139.680541,   35.286937,       34.48,
 139.685045,   35.286937,       35.37,
 139.689550,   35.286937,       36.08,
 139.694054,   35.286937,       36.70,
 139.698559,   35.286937,       37.08,
 139.703063,   35.286937,       37.39,
 139.707568,   35.286937,       37.52,
 139.712072,   35.286937,       37.35,
 139.716577,   35.286937,       37.04,
 139.721081,   35.286937,       36.43,
 139.725586,   35.286937,       35.74,
 139.730090,   35.286937,       34.64,
 139.734595,   35.286937,       33.55,
 139.739099,   35.286937,       32.80,
 139.743604,   35.286937,       32.30,
 139.748108,   35.286937,       31.70,
 139.752613,   35.286937,       31.42,
 139.757117,   35.286937,       31.72,
 139.761622,   35.286937,       31.97,
 139.766126,   35.286937,       32.29,
 139.770631,   35.286937,       32.54,
 139.775135,   35.286937,       32.88,
 139.779640,   35.286937,       33.39,
 139.784144,   35.286937,       33.83,
 139.788649,   35.286937,       34.48,
 139.793153,   35.286937,       35.11,
 139.797658,   35.286937,       35.61,
 139.802162,   35.286937,       36.03,
 139.806667,   35.286937,       36.41,
 139.811171,   35.286937,       36.67,
 139.815676,   35.286937,       36.89,
 139.820180,   35.286937,       37.28,
 139.824685,   35.286937,       37.66,
 139.829189,   35.286937,       38.18,
 139.833694,   35.286937,       38.94,
 139.838198,   35.286937,       39.72,
 139.842703,   35.286937,       40.64,
 139.847207,   35.286937,       41.94,
 139.851712,   35.286937,       43.43,
 139.856216,   35.286937,       44.90,
 139.860721,   35.286937,       46.27,
 139.865225,   35.286937,       47.75,
 139.869730,   35.286937,       49.22,
 139.874234,   35.286937,       50.65,
 139.878739,   35.286937,       51.51,
 139.883243,   35.286937,       51.94,
 139.887748,   35.286937,       52.13,
 139.892252,   35.286937,       52.16,
 139.896757,   35.286937,       52.09,
 139.901261,   35.286937,       51.95,
 139.905766,   35.286937,       51.76,
 139.910270,   35.286937,       51.55,
 139.914775,   35.286937,       51.31,
 139.919279,   35.286937,       51.07,
 139.923784,   35.286937,       50.81,
 139.928288,   35.286937,       50.55,
 139.932793,   35.286937,       50.27,
 139.937297,   35.286937,       49.99,
 139.941802,   35.286937,       49.70,
 139.946306,   35.286937,       49.41,
 139.950811,   35.286937,       49.12,
 139.955315,   35.286937,       48.82,
 139.959820,   35.286937,       48.53,
 139.964324,   35.286937,       48.24,
 139.968829,   35.286937,       47.95,
 139.973333,   35.286937,       47.66,
 139.977838,   35.286937,       47.37,
 139.982342,   35.286937,       47.08,
 139.986847,   35.286937,       46.79,
 139.991351,   35.286937,       46.51,
 139.995856,   35.286937,       46.22,
 140.000360,   35.286937,       45.94,
 140.004865,   35.286937,       45.67,
 140.009369,   35.286937,       45.40,
 140.013874,   35.286937,       45.14,
 140.018378,   35.286937,       44.88,
 140.022883,   35.286937,       44.64,
 140.027387,   35.286937,       44.40,
 140.031892,   35.286937,       44.16,
 140.036396,   35.286937,       43.93,
 140.040901,   35.286937,       43.71,
 140.045405,   35.286937,       43.49,
 140.049910,   35.286937,       43.28,
 140.054414,   35.286937,       43.08,
 140.058919,   35.286937,       42.88,
 140.063423,   35.286937,       42.68,
 140.067928,   35.286937,       42.49,
 140.072432,   35.286937,       42.30,
 140.076937,   35.286937,       42.12,
 140.081441,   35.286937,       41.94,
 140.085946,   35.286937,       41.77,
 140.090450,   35.286937,       41.60,
 140.094955,   35.286937,       41.43,
 140.099459,   35.286937,       41.27,
 140.103964,   35.286937,       41.11,
 140.108468,   35.286937,       40.96,
 140.112973,   35.286937,       40.81,
 140.117477,   35.286937,       40.67,
 140.121982,   35.286937,       40.53,
 140.126486,   35.286937,       40.39,
 140.130991,   35.286937,       40.26,
 140.135495,   35.286937,       40.13,
 140.140000,   35.286937,       40.01,
 140.144505,   35.286937,       39.89,
 140.149009,   35.286937,       39.78,
 140.153514,   35.286937,       39.67,
 140.158018,   35.286937,       39.56,
 140.162523,   35.286937,       39.46,
 140.167027,   35.286937,       39.37,
 140.171532,   35.286937,       39.28,
 140.176036,   35.286937,       39.19,
 140.180541,   35.286937,       39.10,
 140.185045,   35.286937,       39.02,
 140.189550,   35.286937,       38.95,
 140.194054,   35.286937,       38.88,
 140.198559,   35.286937,       38.81,
 140.203063,   35.286937,       38.74,
 140.207568,   35.286937,       38.68,
 140.212072,   35.286937,       38.61,
 140.216577,   35.286937,       38.55,
 140.221081,   35.286937,       38.49,
 140.225586,   35.286937,       38.43,
 140.230090,   35.286937,       38.38,
 140.234595,   35.286937,       38.33,
 140.239099,   35.286937,       38.27,
 140.243604,   35.286937,       38.23,
 140.248108,   35.286937,       38.18,
 140.252613,   35.286937,       38.14,
 140.257117,   35.286937,       38.09,
 140.261622,   35.286937,       38.05,
 140.266126,   35.286937,       38.02,
 140.270631,   35.286937,       37.98,
 140.275135,   35.286937,       37.95,
 140.279640,   35.286937,       37.92,
 140.284144,   35.286937,       37.89,
 140.288649,   35.286937,       37.87,
 140.293153,   35.286937,       37.84,
 140.297658,   35.286937,       37.82,
 140.302162,   35.286937,       37.79,
 140.306667,   35.286937,       37.75,
 140.311171,   35.286937,       37.69,
 140.315676,   35.286937,       37.61,
 140.320180,   35.286937,       37.53,
 140.324685,   35.286937,       37.47,
 140.329189,   35.286937,       37.42,
 140.333694,   35.286937,       37.37,
 140.338198,   35.286937,       37.32,
 140.342703,   35.286937,       37.27,
 140.347207,   35.286937,       37.21,
 140.351712,   35.286937,       37.16,
 140.356216,   35.286937,       37.11,
 140.360721,   35.286937,       37.05,
 140.365225,   35.286937,       37.00,
 140.369730,   35.286937,       36.94,
 140.374234,   35.286937,       36.89,
 140.378739,   35.286937,       36.83,
 140.383243,   35.286937,       36.77,
 140.387748,   35.286937,       36.72,
 139.140000,   35.291441,       75.60,
 139.144505,   35.291441,       74.74,
 139.149009,   35.291441,       73.92,
 139.153514,   35.291441,       73.13,
 139.158018,   35.291441,       72.38,
 139.162523,   35.291441,       71.67,
 139.167027,   35.291441,       70.99,
 139.171532,   35.291441,       70.36,
 139.176036,   35.291441,       69.76,
 139.180541,   35.291441,       69.19,
 139.185045,   35.291441,       68.67,
 139.189550,   35.291441,       68.18,
 139.194054,   35.291441,       67.73,
 139.198559,   35.291441,       67.31,
 139.203063,   35.291441,       66.93,
 139.207568,   35.291441,       66.59,
 139.212072,   35.291441,       66.29,
 139.216577,   35.291441,       66.02,
 139.221081,   35.291441,       67.75,
 139.225586,   35.291441,       69.42,
 139.230090,   35.291441,       66.79,
 139.234595,   35.291441,       65.63,
 139.239099,   35.291441,       65.81,
 139.243604,   35.291441,       62.43,
 139.248108,   35.291441,       57.29,
 139.252613,   35.291441,       51.55,
 139.257117,   35.291441,       45.86,
 139.261622,   35.291441,       40.93,
 139.266126,   35.291441,       36.95,
 139.270631,   35.291441,       33.26,
 139.275135,   35.291441,       30.13,
 139.279640,   35.291441,       29.75,
 139.284144,   35.291441,       29.91,
 139.288649,   35.291441,       30.13,
 139.293153,   35.291441,       29.32,
 139.297658,   35.291441,       29.53,
 139.302162,   35.291441,       29.98,
 139.306667,   35.291441,       30.54,
 139.311171,   35.291441,       32.13,
 139.315676,   35.291441,       34.69,
 139.320180,   35.291441,       38.30,
 139.324685,   35.291441,       42.64,
 139.329189,   35.291441,       45.31,
 139.333694,   35.291441,       44.75,
 139.338198,   35.291441,       43.82,
 139.342703,   35.291441,       43.79,
 139.347207,   35.291441,       43.76,
 139.351712,   35.291441,       43.71,
 139.356216,   35.291441,       43.44,
 139.360721,   35.291441,       43.02,
 139.365225,   35.291441,       42.56,
 139.369730,   35.291441,       42.57,
 139.374234,   35.291441,       43.12,
 139.378739,   35.291441,       43.69,
 139.383243,   35.291441,       43.41,
 139.387748,   35.291441,       41.43,
 139.392252,   35.291441,       38.69,
 139.396757,   35.291441,       36.01,
 139.401261,   35.291441,       34.61,
 139.405766,   35.291441,       33.65,
 139.410270,   35.291441,       33.29,
 139.414775,   35.291441,       32.19,
 139.419279,   35.291441,       30.17,
 139.423784,   35.291441,       26.46,
 139.428288,   35.291441,       25.55,
 139.432793,   35.291441,       25.69,
 139.437297,   35.291441,       29.31,
 139.441802,   35.291441,       33.06,
 139.446306,   35.291441,       36.50,
 139.450811,   35.291441,       35.10,
 139.455315,   35.291441,       37.15,
 139.459820,   35.291441,       43.15,
 139.464324,   35.291441,       38.59,
 139.468829,   35.291441,       34.70,
 139.473333,   35.291441,       32.83,
 139.477838,   35.291441,       35.31,
 139.482342,   35.291441,       41.92,
 139.486847,   35.291441,       46.69,
 139.491351,   35.291441,       51.89,
 139.495856,   35.291441,       55.91,
 139.500360,   35.291441,       59.34,
 139.504865,   35.291441,       64.63,
 139.509369,   35.291441,       66.75,
 139.513874,   35.291441,       66.11,
 139.518378,   35.291441,       65.46,
 139.522883,   35.291441,       64.86,
 139.527387,   35.291441,       63.08,
 139.531892,   35.291441,       60.04,
 139.536396,   35.291441,       56.07,
 139.540901,   35.291441,       54.93,
 139.545405,   35.291441,       55.49,
 139.549910,   35.291441,       57.42,
 139.554414,   35.291441,       62.47,
 139.558919,   35.291441,       68.39,
 139.563423,   35.291441,       72.84,
 139.567928,   35.291441,       74.56,
 139.572432,   35.291441,       74.84,
 139.576937,   35.291441,       74.32,
 139.581441,   35.291441,       73.62,
 139.585946,   35.291441,       72.85,
 139.590450,   35.291441,       72.00,
 139.594955,   35.291441,       71.02,
 139.599459,   35.291441,       69.89,
 139.603964,   35.291441,       68.55,
 139.608468,   35.291441,       66.97,
 139.612973,   35.291441,       65.06,
 139.617477,   35.291441,       62.76,
 139.621982,   35.291441,       60.17,
 139.626486,   35.291441,       57.29,
 139.630991,   35.291441,       54.13,
 139.635495,   35.291441,       50.78,
 139.640000,   35.291441,       47.47,
 139.644505,   35.291441,       44.95,
 139.649009,   35.291441,       42.75,
 139.653514,   35.291441,       40.46,
 139.658018,   35.291441,       38.17,
 139.662523,   35.291441,       35.96,
 139.667027,   35.291441,       34.00,
 139.671532,   35.291441,       34.22,
 139.676036,   35.291441,       34.54,
 139.680541,   35.291441,       35.23,
 139.685045,   35.291441,       36.09,
 139.689550,   35.291441,       36.64,
 139.694054,   35.291441,       36.94,
 139.698559,   35.291441,       37.21,
 139.703063,   35.291441,       37.10,
 139.707568,   35.291441,       36.98,
 139.712072,   35.291441,       36.70,
 139.716577,   35.291441,       36.10,
 139.721081,   35.291441,       35.35,
 139.725586,   35.291441,       34.47,
 139.730090,   35.291441,       33.48,
 139.734595,   35.291441,       32.44,
 139.739099,   35.291441,       31.93,
 139.743604,   35.291441,       31.63,
 139.748108,   35.291441,       31.22,
 139.752613,   35.291441,       31.47,
 139.757117,   35.291441,       31.80,
 139.761622,   35.291441,       32.09,
 139.766126,   35.291441,       32.32,
 139.770631,   35.291441,       32.62,
 139.775135,   35.291441,       33.05,
 139.779640,   35.291441,       33.52,
 139.784144,   35.291441,       34.02,
 139.788649,   35.291441,       34.55,
 139.793153,   35.291441,       35.07,
 139.797658,   35.291441,       35.55,
 139.802162,   35.291441,       35.97,
 139.806667,   35.291441,       36.31,
 139.811171,   35.291441,       36.58,
 139.815676,   35.291441,       36.94,
 139.820180,   35.291441,       37.27,
 139.824685,   35.291441,       37.70,
 139.829189,   35.291441,       38.28,
 139.833694,   35.291441,       38.91,
 139.838198,   35.291441,       39.73,
 139.842703,   35.291441,       40.61,
 139.847207,   35.291441,       41.67,
 139.851712,   35.291441,       43.07,
 139.856216,   35.291441,       44.64,
 139.860721,   35.291441,       46.04,
 139.865225,   35.291441,       47.46,
 139.869730,   35.291441,       48.85,
 139.874234,   35.291441,       50.23,
 139.878739,   35.291441,       51.17,
 139.883243,   35.291441,       51.66,
 139.887748,   35.291441,       51.89,
 139.892252,   35.291441,       51.96,
 139.896757,   35.291441,       51.91,
 139.901261,   35.291441,       51.79,
 139.905766,   35.291441,       51.63,
 139.910270,   35.291441,       51.43,
 139.914775,   35.291441,       51.22,
 139.919279,   35.291441,       50.99,
 139.923784,   35.291441,       50.74,
 139.928288,   35.291441,       50.49,
 139.932793,   35.291441,       50.22,
 139.937297,   35.291441,       49.95,
 139.941802,   35.291441,       49.68,
 139.946306,   35.291441,       49.40,
 139.950811,   35.291441,       49.11,
 139.955315,   35.291441,       48.83,
 139.959820,   35.291441,       48.54,
 139.964324,   35.291441,       48.26,
 139.968829,   35.291441,       47.98,
 139.973333,   35.291441,       47.70,
 139.977838,   35.291441,       47.41,
 139.982342,   35.291441,       47.13,
 139.986847,   35.291441,       46.85,
 139.991351,   35.291441,       46.57,
 139.995856,   35.291441,       46.29,
 140.000360,   35.291441,       46.02,
 140.004865,   35.291441,       45.75,
 140.009369,   35.291441,       45.49,
 140.013874,   35.291441,       45.24,
 140.018378,   35.291441,       44.99,
 140.022883,   35.291441,       44.75,
 140.027387,   35.291441,       44.51,
 140.031892,   35.291441,       44.28,
 140.036396,   35.291441,       44.06,
 140.040901,   35.291441,       43.84,
 140.045405,   35.291441,       43.63,
 140.049910,   35.291441,       43.43,
 140.054414,   35.291441,       43.23,
 140.058919,   35.291441,       43.03,
 140.063423,   35.291441,       42.84,
 140.067928,   35.291441,       42.65,
 140.072432,   35.291441,       42.47,
 140.076937,   35.291441,       42.29,
 140.081441,   35.291441,       42.12,
 140.085946,   35.291441,       41.95,
 140.090450,   35.291441,       41.78,
 140.094955,   35.291441,       41.62,
 140.099459,   35.291441,       41.46,
 140.103964,   35.291441,       41.31,
 140.108468,   35.291441,       41.16,
 140.112973,   35.291441,       41.01,
 140.117477,   35.291441,       40.87,
 140.121982,   35.291441,       40.73,
 140.126486,   35.291441,       40.60,
 140.130991,   35.291441,       40.47,
 140.135495,   35.291441,       40.35,
 140.140000,   35.291441,       40.23,
 140.144505,   35.291441,       40.11,
 140.149009,   35.291441,       40.00,
 140.153514,   35.291441,       39.90,
 140.158018,   35.291441,       39.80,
 140.162523,   35.291441,       39.70,
 140.167027,   35.291441,       39.60,
 140.171532,   35.291441,       39.51,
 140.176036,   35.291441,       39.43,
 140.180541,   35.291441,       39.34,
 140.185045,   35.291441,       39.27,
 140.189550,   35.291441,       39.19,
 140.194054,   35.291441,       39.12,
 140.198559,   35.291441,       39.05,
 140.203063,   35.291441,       38.99,
 140.207568,   35.291441,       38.92,
 140.212072,   35.291441,       38.86,
 140.216577,   35.291441,       38.80,
 140.221081,   35.291441,       38.74,
 140.225586,   35.291441,       38.68,
 140.230090,   35.291441,       38.63,
 140.234595,   35.291441,       38.57,
 140.239099,   35.291441,       38.52,
 140.243604,   35.291441,       38.47,
 140.248108,   35.291441,       38.43,
 140.252613,   35.291441,       38.38,
 140.257117,   35.291441,       38.34,
 140.261622,   35.291441,       38.30,
 140.266126,   35.291441,       38.26,
 140.270631,   35.291441,       38.23,
 140.275135,   35.291441,       38.20,
 140.279640,   35.291441,       38.17,
 140.284144,   35.291441,       38.14,
 140.288649,   35.291441,       38.11,
 140.293153,   35.291441,       38.09,
 140.297658,   35.291441,       38.06,
 140.302162,   35.291441,       38.02,
 140.306667,   35.291441,       37.96,
 140.311171,   35.291441,       37.88,
 140.315676,   35.291441,       37.79,
 140.320180,   35.291441,       37.72,
 140.324685,   35.291441,       37.67,
 140.329189,   35.291441,       37.62,
 140.333694,   35.291441,       37.57,
 140.338198,   35.291441,       37.52,
 140.342703,   35.291441,       37.47,
 140.347207,   35.291441,       37.42,
 140.351712,   35.291441,       37.36,
 140.356216,   35.291441,       37.31,
 140.360721,   35.291441,       37.26,
 140.365225,   35.291441,       37.20,
 140.369730,   35.291441,       37.15,
 140.374234,   35.291441,       37.09,
 140.378739,   35.291441,       37.03,
 140.383243,   35.291441,       36.98,
 140.387748,   35.291441,       36.92,
 139.140000,   35.295946,       75.42,
 139.144505,   35.295946,       74.54,
 139.149009,   35.295946,       73.70,
 139.153514,   35.295946,       72.90,
 139.158018,   35.295946,       72.14,
 139.162523,   35.295946,       71.41,
 139.167027,   35.295946,       70.72,
 139.171532,   35.295946,       70.07,
 139.176036,   35.295946,       69.46,
 139.180541,   35.295946,       68.88,
 139.185045,   35.295946,       68.34,
 139.189550,   35.295946,       67.83,
 139.194054,   35.295946,       67.37,
 139.198559,   35.295946,       66.94,
 139.203063,   35.295946,       66.54,
 139.207568,   35.295946,       66.19,
 139.212072,   35.295946,       65.87,
 139.216577,   35.295946,       65.59,
 139.221081,   35.295946,       65.34,
 139.225586,   35.295946,       65.86,
 139.230090,   35.295946,       67.48,
 139.234595,   35.295946,       66.53,
 139.239099,   35.295946,       62.96,
 139.243604,   35.295946,       59.71,
 139.248108,   35.295946,       57.15,
 139.252613,   35.295946,       49.54,
 139.257117,   35.295946,       44.06,
 139.261622,   35.295946,       38.96,
 139.266126,   35.295946,       35.31,
 139.270631,   35.295946,       31.95,
 139.275135,   35.295946,       29.03,
 139.279640,   35.295946,       28.26,
 139.284144,   35.295946,       28.78,
 139.288649,   35.295946,       29.28,
 139.293153,   35.295946,       29.86,
 139.297658,   35.295946,       30.84,
 139.302162,   35.295946,       33.08,
 139.306667,   35.295946,       34.31,
 139.311171,   35.295946,       35.99,
 139.315676,   35.295946,       39.47,
 139.320180,   35.295946,       43.30,
 139.324685,   35.295946,       47.92,
 139.329189,   35.295946,       53.34,
 139.333694,   35.295946,       49.70,
 139.338198,   35.295946,       46.14,
 139.342703,   35.295946,       44.95,
 139.347207,   35.295946,       44.55,
 139.351712,   35.295946,       44.24,
 139.356216,   35.295946,       44.02,
 139.360721,   35.295946,       43.82,
 139.365225,   35.295946,       43.55,
 139.369730,   35.295946,       43.70,
 139.374234,   35.295946,       44.16,
 139.378739,   35.295946,       44.93,
 139.383243,   35.295946,       45.39,
 139.387748,   35.295946,       42.34,
 139.392252,   35.295946,       39.13,
 139.396757,   35.295946,       35.78,
 139.401261,   35.295946,       32.31,
 139.405766,   35.295946,       30.50,
 139.410270,   35.295946,       32.73,
 139.414775,   35.295946,       33.36,
 139.419279,   35.295946,       28.32,
 139.423784,   35.295946,       20.03,
 139.428288,   35.295946,       17.26,
 139.432793,   35.295946,       21.79,
 139.437297,   35.295946,       29.49,
 139.441802,   35.295946,       33.44,
 139.446306,   35.295946,       28.55,
 139.450811,   35.295946,       20.34,
 139.455315,   35.295946,       21.25,
 139.459820,   35.295946,       29.19,
 139.464324,   35.295946,       34.44,
 139.468829,   35.295946,       31.88,
 139.473333,   35.295946,       29.54,
 139.477838,   35.295946,       32.48,
 139.482342,   35.295946,       39.03,
 139.486847,   35.295946,       45.15,
 139.491351,   35.295946,       48.94,
 139.495856,   35.295946,       50.68,
 139.500360,   35.295946,       54.29,
 139.504865,   35.295946,       60.33,
 139.509369,   35.295946,       66.40,
 139.513874,   35.295946,       66.22,
 139.518378,   35.295946,       65.50,
 139.522883,   35.295946,       64.67,
 139.527387,   35.295946,       63.10,
 139.531892,   35.295946,       60.77,
 139.536396,   35.295946,       59.31,
 139.540901,   35.295946,       58.93,
 139.545405,   35.295946,       59.50,
 139.549910,   35.295946,       61.64,
 139.554414,   35.295946,       64.97,
 139.558919,   35.295946,       70.02,
 139.563423,   35.295946,       71.74,
 139.567928,   35.295946,       73.04,
 139.572432,   35.295946,       73.41,
 139.576937,   35.295946,       73.09,
 139.581441,   35.295946,       72.55,
 139.585946,   35.295946,       71.90,
 139.590450,   35.295946,       71.18,
 139.594955,   35.295946,       70.37,
 139.599459,   35.295946,       69.42,
 139.603964,   35.295946,       68.32,
 139.608468,   35.295946,       67.00,
 139.612973,   35.295946,       65.42,
 139.617477,   35.295946,       63.44,
 139.621982,   35.295946,       60.84,
 139.626486,   35.295946,       57.84,
 139.630991,   35.295946,       54.46,
 139.635495,   35.295946,       50.76,
 139.640000,   35.295946,       46.96,
 139.644505,   35.295946,       43.91,
 139.649009,   35.295946,       41.70,
 139.653514,   35.295946,       39.39,
 139.658018,   35.295946,       37.09,
 139.662523,   35.295946,       34.85,
 139.667027,   35.295946,       33.90,
 139.671532,   35.295946,       34.64,
 139.676036,   35.295946,       35.58,
 139.680541,   35.295946,       36.02,
 139.685045,   35.295946,       36.50,
 139.689550,   35.295946,       36.73,
 139.694054,   35.295946,       36.97,
 139.698559,   35.295946,       36.91,
 139.703063,   35.295946,       36.69,
 139.707568,   35.295946,       36.41,
 139.712072,   35.295946,       35.77,
 139.716577,   35.295946,       34.99,
 139.721081,   35.295946,       34.15,
 139.725586,   35.295946,       33.36,
 139.730090,   35.295946,       32.58,
 139.734595,   35.295946,       31.76,
 139.739099,   35.295946,       31.45,
 139.743604,   35.295946,       31.27,
 139.748108,   35.295946,       31.30,
 139.752613,   35.295946,       31.65,
 139.757117,   35.295946,       32.00,
 139.761622,   35.295946,       32.30,
 139.766126,   35.295946,       32.51,
 139.770631,   35.295946,       32.84,
 139.775135,   35.295946,       33.27,
 139.779640,   35.295946,       33.70,
 139.784144,   35.295946,       34.23,
 139.788649,   35.295946,       34.76,
 139.793153,   35.295946,       35.25,
 139.797658,   35.295946,       35.66,
 139.802162,   35.295946,       36.03,
 139.806667,   35.295946,       36.38,
 139.811171,   35.295946,       36.85,
 139.815676,   35.295946,       37.25,
 139.820180,   35.295946,       37.54,
 139.824685,   35.295946,       37.90,
 139.829189,   35.295946,       38.47,
 139.833694,   35.295946,       39.11,
 139.838198,   35.295946,       39.90,
 139.842703,   35.295946,       40.73,
 139.847207,   35.295946,       41.53,
 139.851712,   35.295946,       43.06,
 139.856216,   35.295946,       44.64,
 139.860721,   35.295946,       45.95,
 139.865225,   35.295946,       47.24,
 139.869730,   35.295946,       48.54,
 139.874234,   35.295946,       49.83,
 139.878739,   35.295946,       50.86,
 139.883243,   35.295946,       51.40,
 139.887748,   35.295946,       51.67,
 139.892252,   35.295946,       51.77,
 139.896757,   35.295946,       51.76,
 139.901261,   35.295946,       51.66,
 139.905766,   35.295946,       51.51,
 139.910270,   35.295946,       51.33,
 139.914775,   35.295946,       51.13,
 139.919279,   35.295946,       50.92,
 139.923784,   35.295946,       50.68,
 139.928288,   35.295946,       50.44,
 139.932793,   35.295946,       50.19,
 139.937297,   35.295946,       49.92,
 139.941802,   35.295946,       49.66,
 139.946306,   35.295946,       49.39,
 139.950811,   35.295946,       49.11,
 139.955315,   35.295946,       48.84,
 139.959820,   35.295946,       48.56,
 139.964324,   35.295946,       48.29,
 139.968829,   35.295946,       48.01,
 139.973333,   35.295946,       47.74,
 139.977838,   35.295946,       47.46,
 139.982342,   35.295946,       47.19,
 139.986847,   35.295946,       46.91,
 139.991351,   35.295946,       46.64,
 139.995856,   35.295946,       46.36,
 140.000360,   35.295946,       46.10,
 140.004865,   35.295946,       45.84,
 140.009369,   35.295946,       45.58,
 140.013874,   35.295946,       45.33,
 140.018378,   35.295946,       45.09,
 140.022883,   35.295946,       44.86,
 140.027387,   35.295946,       44.63,
 140.031892,   35.295946,       44.41,
 140.036396,   35.295946,       44.19,
 140.040901,   35.295946,       43.98,
 140.045405,   35.295946,       43.77,
 140.049910,   35.295946,       43.57,
 140.054414,   35.295946,       43.37,
 140.058919,   35.295946,       43.18,
 140.063423,   35.295946,       42.99,
 140.067928,   35.295946,       42.81,
 140.072432,   35.295946,       42.63,
 140.076937,   35.295946,       42.46,
 140.081441,   35.295946,       42.29,
 140.085946,   35.295946,       42.12,
 140.090450,   35.295946,       41.96,
 140.094955,   35.295946,       41.80,
 140.099459,   35.295946,       41.65,
 140.103964,   35.295946,       41.50,
 140.108468,   35.295946,       41.35,
 140.112973,   35.295946,       41.21,
 140.117477,   35.295946,       41.08,
 140.121982,   35.295946,       40.94,
 140.126486,   35.295946,       40.81,
 140.130991,   35.295946,       40.69,
 140.135495,   35.295946,       40.57,
 140.140000,   35.295946,       40.45,
 140.144505,   35.295946,       40.34,
 140.149009,   35.295946,       40.23,
 140.153514,   35.295946,       40.13,
 140.158018,   35.295946,       40.03,
 140.162523,   35.295946,       39.93,
 140.167027,   35.295946,       39.84,
 140.171532,   35.295946,       39.75,
 140.176036,   35.295946,       39.67,
 140.180541,   35.295946,       39.58,
 140.185045,   35.295946,       39.51,
 140.189550,   35.295946,       39.44,
 140.194054,   35.295946,       39.37,
 140.198559,   35.295946,       39.30,
 140.203063,   35.295946,       39.23,
 140.207568,   35.295946,       39.17,
 140.212072,   35.295946,       39.10,
 140.216577,   35.295946,       39.04,
 140.221081,   35.295946,       38.98,
 140.225586,   35.295946,       38.93,
 140.230090,   35.295946,       38.87,
 140.234595,   35.295946,       38.82,
 140.239099,   35.295946,       38.77,
 140.243604,   35.295946,       38.72,
 140.248108,   35.295946,       38.67,
 140.252613,   35.295946,       38.63,
 140.257117,   35.295946,       38.59,
 140.261622,   35.295946,       38.55,
 140.266126,   35.295946,       38.51,
 140.270631,   35.295946,       38.48,
 140.275135,   35.295946,       38.44,
 140.279640,   35.295946,       38.41,
 140.284144,   35.295946,       38.38,
 140.288649,   35.295946,       38.35,
 140.293153,   35.295946,       38.32,
 140.297658,   35.295946,       38.28,
 140.302162,   35.295946,       38.22,
 140.306667,   35.295946,       38.15,
 140.311171,   35.295946,       38.06,
 140.315676,   35.295946,       37.96,
 140.320180,   35.295946,       37.92,
 140.324685,   35.295946,       37.87,
 140.329189,   35.295946,       37.82,
 140.333694,   35.295946,       37.77,
 140.338198,   35.295946,       37.72,
 140.342703,   35.295946,       37.67,
 140.347207,   35.295946,       37.62,
 140.351712,   35.295946,       37.57,
 140.356216,   35.295946,       37.51,
 140.360721,   35.295946,       37.46,
 140.365225,   35.295946,       37.41,
 140.369730,   35.295946,       37.35,
 140.374234,   35.295946,       37.30,
 140.378739,   35.295946,       37.24,
 140.383243,   35.295946,       37.18,
 140.387748,   35.295946,       37.13,
 139.140000,   35.300450,       75.19,
 139.144505,   35.300450,       74.30,
 139.149009,   35.300450,       73.45,
 139.153514,   35.300450,       72.64,
 139.158018,   35.300450,       71.86,
 139.162523,   35.300450,       71.12,
 139.167027,   35.300450,       70.41,
 139.171532,   35.300450,       69.75,
 139.176036,   35.300450,       69.12,
 139.180541,   35.300450,       68.52,
 139.185045,   35.300450,       67.97,
 139.189550,   35.300450,       67.45,
 139.194054,   35.300450,       66.97,
 139.198559,   35.300450,       66.52,
 139.203063,   35.300450,       66.12,
 139.207568,   35.300450,       65.75,
 139.212072,   35.300450,       65.41,
 139.216577,   35.300450,       65.12,
 139.221081,   35.300450,       64.86,
 139.225586,   35.300450,       64.64,
 139.230090,   35.300450,       64.45,
 139.234595,   35.300450,       65.83,
 139.239099,   35.300450,       66.90,
 139.243604,   35.300450,       64.09,
 139.248108,   35.300450,       60.52,
 139.252613,   35.300450,       56.77,
 139.257117,   35.300450,       52.52,
 139.261622,   35.300450,       44.28,
 139.266126,   35.300450,       35.23,
 139.270631,   35.300450,       30.86,
 139.275135,   35.300450,       27.71,
 139.279640,   35.300450,       26.17,
 139.284144,   35.300450,       26.62,
 139.288649,   35.300450,       27.05,
 139.293153,   35.300450,       27.81,
 139.297658,   35.300450,       29.15,
 139.302162,   35.300450,       30.37,
 139.306667,   35.300450,       31.91,
 139.311171,   35.300450,       34.16,
 139.315676,   35.300450,       37.28,
 139.320180,   35.300450,       41.50,
 139.324685,   35.300450,       46.80,
 139.329189,   35.300450,       50.36,
 139.333694,   35.300450,       49.35,
 139.338198,   35.300450,       46.59,
 139.342703,   35.300450,       45.61,
 139.347207,   35.300450,       45.13,
 139.351712,   35.300450,       44.75,
 139.356216,   35.300450,       44.53,
 139.360721,   35.300450,       44.33,
 139.365225,   35.300450,       44.03,
 139.369730,   35.300450,       43.97,
 139.374234,   35.300450,       44.29,
 139.378739,   35.300450,       44.45,
 139.383243,   35.300450,       43.61,
 139.387748,   35.300450,       41.40,
 139.392252,   35.300450,       38.63,
 139.396757,   35.300450,       34.56,
 139.401261,   35.300450,       29.17,
 139.405766,   35.300450,       26.31,
 139.410270,   35.300450,       29.41,
 139.414775,   35.300450,       34.34,
 139.419279,   35.300450,       27.59,
 139.423784,   35.300450,       17.37,
 139.428288,   35.300450,       11.84,
 139.432793,   35.300450,       22.14,
 139.437297,   35.300450,       30.16,
 139.441802,   35.300450,       31.53,
 139.446306,   35.300450,       21.24,
 139.450811,   35.300450,        7.32,
 139.455315,   35.300450,       19.22,
 139.459820,   35.300450,       19.22,
 139.464324,   35.300450,       28.45,
 139.468829,   35.300450,       30.31,
 139.473333,   35.300450,       28.70,
 139.477838,   35.300450,       31.13,
 139.482342,   35.300450,       37.72,
 139.486847,   35.300450,       43.25,
 139.491351,   35.300450,       46.09,
 139.495856,   35.300450,       46.53,
 139.500360,   35.300450,       47.11,
 139.504865,   35.300450,       53.10,
 139.509369,   35.300450,       62.77,
 139.513874,   35.300450,       66.21,
 139.518378,   35.300450,       65.65,
 139.522883,   35.300450,       64.91,
 139.527387,   35.300450,       64.18,
 139.531892,   35.300450,       63.21,
 139.536396,   35.300450,       61.94,
 139.540901,   35.300450,       61.45,
 139.545405,   35.300450,       62.73,
 139.549910,   35.300450,       65.38,
 139.554414,   35.300450,       68.36,
 139.558919,   35.300450,       69.86,
 139.563423,   35.300450,       70.90,
 139.567928,   35.300450,       71.65,
 139.572432,   35.300450,       71.89,
 139.576937,   35.300450,       71.69,
 139.581441,   35.300450,       71.27,
 139.585946,   35.300450,       70.75,
 139.590450,   35.300450,       70.16,
 139.594955,   35.300450,       69.50,
 139.599459,   35.300450,       68.75,
 139.603964,   35.300450,       67.88,
 139.608468,   35.300450,       66.85,
 139.612973,   35.300450,       65.59,
 139.617477,   35.300450,       64.02,
 139.621982,   35.300450,       61.91,
 139.626486,   35.300450,       58.83,
 139.630991,   35.300450,       55.19,
 139.635495,   35.300450,       51.04,
 139.640000,   35.300450,       46.62,
 139.644505,   35.300450,       42.89,
 139.649009,   35.300450,       40.62,
 139.653514,   35.300450,       38.24,
 139.658018,   35.300450,       35.77,
 139.662523,   35.300450,       33.51,
 139.667027,   35.300450,       33.79,
 139.671532,   35.300450,       34.44,
 139.676036,   35.300450,       35.63,
 139.680541,   35.300450,       36.21,
 139.685045,   35.300450,       36.45,
 139.689550,   35.300450,       36.68,
 139.694054,   35.300450,       36.80,
 139.698559,   35.300450,       36.59,
 139.703063,   35.300450,       36.30,
 139.707568,   35.300450,       35.70,
 139.712072,   35.300450,       34.95,
 139.716577,   35.300450,       34.13,
 139.721081,   35.300450,       33.26,
 139.725586,   35.300450,       32.59,
 139.730090,   35.300450,       31.96,
 139.734595,   35.300450,       31.38,
 139.739099,   35.300450,       31.09,
 139.743604,   35.300450,       31.15,
 139.748108,   35.300450,       31.47,
 139.752613,   35.300450,       31.84,
 139.757117,   35.300450,       32.23,
 139.761622,   35.300450,       32.57,
 139.766126,   35.300450,       32.84,
 139.770631,   35.300450,       33.08,
 139.775135,   35.300450,       33.56,
 139.779640,   35.300450,       34.03,
 139.784144,   35.300450,       34.50,
 139.788649,   35.300450,       34.99,
 139.793153,   35.300450,       35.47,
 139.797658,   35.300450,       35.87,
 139.802162,   35.300450,       36.22,
 139.806667,   35.300450,       36.74,
 139.811171,   35.300450,       37.29,
 139.815676,   35.300450,       37.75,
 139.820180,   35.300450,       38.01,
 139.824685,   35.300450,       38.31,
 139.829189,   35.300450,       38.74,
 139.833694,   35.300450,       39.38,
 139.838198,   35.300450,       40.44,
 139.842703,   35.300450,       41.63,
 139.847207,   35.300450,       42.62,
 139.851712,   35.300450,       43.67,
 139.856216,   35.300450,       44.87,
 139.860721,   35.300450,       45.98,
 139.865225,   35.300450,       47.12,
 139.869730,   35.300450,       48.30,
 139.874234,   35.300450,       49.47,
 139.878739,   35.300450,       50.56,
 139.883243,   35.300450,       51.16,
 139.887748,   35.300450,       51.48,
 139.892252,   35.300450,       51.61,
 139.896757,   35.300450,       51.62,
 139.901261,   35.300450,       51.54,
 139.905766,   35.300450,       51.41,
 139.910270,   35.300450,       51.25,
 139.914775,   35.300450,       51.06,
 139.919279,   35.300450,       50.86,
 139.923784,   35.300450,       50.64,
 139.928288,   35.300450,       50.40,
 139.932793,   35.300450,       50.16,
 139.937297,   35.300450,       49.90,
 139.941802,   35.300450,       49.64,
 139.946306,   35.300450,       49.38,
 139.950811,   35.300450,       49.12,
 139.955315,   35.300450,       48.85,
 139.959820,   35.300450,       48.58,
 139.964324,   35.300450,       48.31,
 139.968829,   35.300450,       48.05,
 139.973333,   35.300450,       47.78,
 139.977838,   35.300450,       47.51,
 139.982342,   35.300450,       47.24,
 139.986847,   35.300450,       46.97,
 139.991351,   35.300450,       46.70,
 139.995856,   35.300450,       46.44,
 140.000360,   35.300450,       46.18,
 140.004865,   35.300450,       45.92,
 140.009369,   35.300450,       45.67,
 140.013874,   35.300450,       45.43,
 140.018378,   35.300450,       45.20,
 140.022883,   35.300450,       44.97,
 140.027387,   35.300450,       44.75,
 140.031892,   35.300450,       44.53,
 140.036396,   35.300450,       44.32,
 140.040901,   35.300450,       44.11,
 140.045405,   35.300450,       43.91,
 140.049910,   35.300450,       43.71,
 140.054414,   35.300450,       43.52,
 140.058919,   35.300450,       43.33,
 140.063423,   35.300450,       43.15,
 140.067928,   35.300450,       42.97,
 140.072432,   35.300450,       42.80,
 140.076937,   35.300450,       42.63,
 140.081441,   35.300450,       42.46,
 140.085946,   35.300450,       42.30,
 140.090450,   35.300450,       42.14,
 140.094955,   35.300450,       41.99,
 140.099459,   35.300450,       41.84,
 140.103964,   35.300450,       41.69,
 140.108468,   35.300450,       41.55,
 140.112973,   35.300450,       41.41,
 140.117477,   35.300450,       41.28,
 140.121982,   35.300450,       41.15,
 140.126486,   35.300450,       41.02,
 140.130991,   35.300450,       40.90,
 140.135495,   35.300450,       40.78,
 140.140000,   35.300450,       40.67,
 140.144505,   35.300450,       40.56,
 140.149009,   35.300450,       40.45,
 140.153514,   35.300450,       40.35,
 140.158018,   35.300450,       40.26,
 140.162523,   35.300450,       40.16,
 140.167027,   35.300450,       40.07,
 140.171532,   35.300450,       39.99,
 140.176036,   35.300450,       39.90,
 140.180541,   35.300450,       39.82,
 140.185045,   35.300450,       39.75,
 140.189550,   35.300450,       39.68,
 140.194054,   35.300450,       39.61,
 140.198559,   35.300450,       39.54,
 140.203063,   35.300450,       39.47,
 140.207568,   35.300450,       39.41,
 140.212072,   35.300450,       39.35,
 140.216577,   35.300450,       39.29,
 140.221081,   35.300450,       39.23,
 140.225586,   35.300450,       39.17,
 140.230090,   35.300450,       39.12,
 140.234595,   35.300450,       39.06,
 140.239099,   35.300450,       39.01,
 140.243604,   35.300450,       38.96,
 140.248108,   35.300450,       38.92,
 140.252613,   35.300450,       38.87,
 140.257117,   35.300450,       38.83,
 140.261622,   35.300450,       38.79,
 140.266126,   35.300450,       38.75,
 140.270631,   35.300450,       38.72,
 140.275135,   35.300450,       38.68,
 140.279640,   35.300450,       38.65,
 140.284144,   35.300450,       38.62,
 140.288649,   35.300450,       38.59,
 140.293153,   35.300450,       38.55,
 140.297658,   35.300450,       38.49,
 140.302162,   35.300450,       38.42,
 140.306667,   35.300450,       38.33,
 140.311171,   35.300450,       38.23,
 140.315676,   35.300450,       38.17,
 140.320180,   35.300450,       38.12,
 140.324685,   35.300450,       38.07,
 140.329189,   35.300450,       38.02,
 140.333694,   35.300450,       37.97,
 140.338198,   35.300450,       37.92,
 140.342703,   35.300450,       37.87,
 140.347207,   35.300450,       37.82,
 140.351712,   35.300450,       37.77,
 140.356216,   35.300450,       37.72,
 140.360721,   35.300450,       37.66,
 140.365225,   35.300450,       37.61,
 140.369730,   35.300450,       37.56,
 140.374234,   35.300450,       37.50,
 140.378739,   35.300450,       37.44,
 140.383243,   35.300450,       37.39,
 140.387748,   35.300450,       37.33,
 139.140000,   35.304955,       74.94,
 139.144505,   35.304955,       74.03,
 139.149009,   35.304955,       73.16,
 139.153514,   35.304955,       72.33,
 139.158018,   35.304955,       71.54,
 139.162523,   35.304955,       70.79,
 139.167027,   35.304955,       70.07,
 139.171532,   35.304955,       69.39,
 139.176036,   35.304955,       68.74,
 139.180541,   35.304955,       68.13,
 139.185045,   35.304955,       67.56,
 139.189550,   35.304955,       67.03,
 139.194054,   35.304955,       66.53,
 139.198559,   35.304955,       66.07,
 139.203063,   35.304955,       65.65,
 139.207568,   35.304955,       65.27,
 139.212072,   35.304955,       64.92,
 139.216577,   35.304955,       64.61,
 139.221081,   35.304955,       64.33,
 139.225586,   35.304955,       64.10,
 139.230090,   35.304955,       63.90,
 139.234595,   35.304955,       63.74,
 139.239099,   35.304955,       64.29,
 139.243604,   35.304955,       65.56,
 139.248108,   35.304955,       65.24,
 139.252613,   35.304955,       62.03,
 139.257117,   35.304955,       58.74,
 139.261622,   35.304955,       55.32,
 139.266126,   35.304955,       51.59,
 139.270631,   35.304955,       46.18,
 139.275135,   35.304955,       40.09,
 139.279640,   35.304955,       35.90,
 139.284144,   35.304955,       33.96,
 139.288649,   35.304955,       27.45,
 139.293153,   35.304955,       25.26,
 139.297658,   35.304955,       26.24,
 139.302162,   35.304955,       27.25,
 139.306667,   35.304955,       28.42,
 139.311171,   35.304955,       30.34,
 139.315676,   35.304955,       34.01,
 139.320180,   35.304955,       38.62,
 139.324685,   35.304955,       43.19,
 139.329189,   35.304955,       45.78,
 139.333694,   35.304955,       46.85,
 139.338198,   35.304955,       47.33,
 139.342703,   35.304955,       47.91,
 139.347207,   35.304955,       47.88,
 139.351712,   35.304955,       46.69,
 139.356216,   35.304955,       45.19,
 139.360721,   35.304955,       44.73,
 139.365225,   35.304955,       44.31,
 139.369730,   35.304955,       43.86,
 139.374234,   35.304955,       43.79,
 139.378739,   35.304955,       43.50,
 139.383243,   35.304955,       42.70,
 139.387748,   35.304955,       40.73,
 139.392252,   35.304955,       37.98,
 139.396757,   35.304955,       32.90,
 139.401261,   35.304955,       25.99,
 139.405766,   35.304955,       19.18,
 139.410270,   35.304955,       20.86,
 139.414775,   35.304955,       27.99,
 139.419279,   35.304955,       31.43,
 139.423784,   35.304955,       24.63,
 139.428288,   35.304955,       22.76,
 139.432793,   35.304955,       28.25,
 139.437297,   35.304955,       32.72,
 139.441802,   35.304955,       30.72,
 139.446306,   35.304955,       21.21,
 139.450811,   35.304955,       12.01,
 139.455315,   35.304955,       13.19,
 139.459820,   35.304955,       21.48,
 139.464324,   35.304955,       31.47,
 139.468829,   35.304955,       32.59,
 139.473333,   35.304955,       32.61,
 139.477838,   35.304955,       34.48,
 139.482342,   35.304955,       40.32,
 139.486847,   35.304955,       46.23,
 139.491351,   35.304955,       49.16,
 139.495856,   35.304955,       46.64,
 139.500360,   35.304955,       39.50,
 139.504865,   35.304955,       37.45,
 139.509369,   35.304955,       45.90,
 139.513874,   35.304955,       56.03,
 139.518378,   35.304955,       64.04,
 139.522883,   35.304955,       65.00,
 139.527387,   35.304955,       64.09,
 139.531892,   35.304955,       63.14,
 139.536396,   35.304955,       62.52,
 139.540901,   35.304955,       63.29,
 139.545405,   35.304955,       65.63,
 139.549910,   35.304955,       68.50,
 139.554414,   35.304955,       69.42,
 139.558919,   35.304955,       69.37,
 139.563423,   35.304955,       69.73,
 139.567928,   35.304955,       70.12,
 139.572432,   35.304955,       70.26,
 139.576937,   35.304955,       70.17,
 139.581441,   35.304955,       69.86,
 139.585946,   35.304955,       69.45,
 139.590450,   35.304955,       68.96,
 139.594955,   35.304955,       68.42,
 139.599459,   35.304955,       67.83,
 139.603964,   35.304955,       67.19,
 139.608468,   35.304955,       66.46,
 139.612973,   35.304955,       65.59,
 139.617477,   35.304955,       64.49,
 139.621982,   35.304955,       62.97,
 139.626486,   35.304955,       60.54,
 139.630991,   35.304955,       56.59,
 139.635495,   35.304955,       51.85,
 139.640000,   35.304955,       46.47,
 139.644505,   35.304955,       41.86,
 139.649009,   35.304955,       39.32,
 139.653514,   35.304955,       36.73,
 139.658018,   35.304955,       34.21,
 139.662523,   35.304955,       33.51,
 139.667027,   35.304955,       33.55,
 139.671532,   35.304955,       33.96,
 139.676036,   35.304955,       35.22,
 139.680541,   35.304955,       36.06,
 139.685045,   35.304955,       36.24,
 139.689550,   35.304955,       36.56,
 139.694054,   35.304955,       36.59,
 139.698559,   35.304955,       36.34,
 139.703063,   35.304955,       35.78,
 139.707568,   35.304955,       35.05,
 139.712072,   35.304955,       34.28,
 139.716577,   35.304955,       33.45,
 139.721081,   35.304955,       32.63,
 139.725586,   35.304955,       31.99,
 139.730090,   35.304955,       31.48,
 139.734595,   35.304955,       30.95,
 139.739099,   35.304955,       30.98,
 139.743604,   35.304955,       31.30,
 139.748108,   35.304955,       31.61,
 139.752613,   35.304955,       32.05,
 139.757117,   35.304955,       32.49,
 139.761622,   35.304955,       32.88,
 139.766126,   35.304955,       33.26,
 139.770631,   35.304955,       33.55,
 139.775135,   35.304955,       33.90,
 139.779640,   35.304955,       34.37,
 139.784144,   35.304955,       34.83,
 139.788649,   35.304955,       35.29,
 139.793153,   35.304955,       35.78,
 139.797658,   35.304955,       36.27,
 139.802162,   35.304955,       36.75,
 139.806667,   35.304955,       37.26,
 139.811171,   35.304955,       37.82,
 139.815676,   35.304955,       38.19,
 139.820180,   35.304955,       38.33,
 139.824685,   35.304955,       38.63,
 139.829189,   35.304955,       39.02,
 139.833694,   35.304955,       40.25,
 139.838198,   35.304955,       41.82,
 139.842703,   35.304955,       42.93,
 139.847207,   35.304955,       43.68,
 139.851712,   35.304955,       44.37,
 139.856216,   35.304955,       45.24,
 139.860721,   35.304955,       46.15,
 139.865225,   35.304955,       47.09,
 139.869730,   35.304955,       48.13,
 139.874234,   35.304955,       49.19,
 139.878739,   35.304955,       50.27,
 139.883243,   35.304955,       50.94,
 139.887748,   35.304955,       51.30,
 139.892252,   35.304955,       51.46,
 139.896757,   35.304955,       51.50,
 139.901261,   35.304955,       51.44,
 139.905766,   35.304955,       51.32,
 139.910270,   35.304955,       51.18,
 139.914775,   35.304955,       51.00,
 139.919279,   35.304955,       50.81,
 139.923784,   35.304955,       50.60,
 139.928288,   35.304955,       50.37,
 139.932793,   35.304955,       50.14,
 139.937297,   35.304955,       49.89,
 139.941802,   35.304955,       49.64,
 139.946306,   35.304955,       49.38,
 139.950811,   35.304955,       49.13,
 139.955315,   35.304955,       48.87,
 139.959820,   35.304955,       48.61,
 139.964324,   35.304955,       48.34,
 139.968829,   35.304955,       48.08,
 139.973333,   35.304955,       47.82,
 139.977838,   35.304955,       47.56,
 139.982342,   35.304955,       47.30,
 139.986847,   35.304955,       47.03,
 139.991351,   35.304955,       46.77,
 139.995856,   35.304955,       46.51,
 140.000360,   35.304955,       46.26,
 140.004865,   35.304955,       46.01,
 140.009369,   35.304955,       45.77,
 140.013874,   35.304955,       45.53,
 140.018378,   35.304955,       45.30,
 140.022883,   35.304955,       45.08,
 140.027387,   35.304955,       44.86,
 140.031892,   35.304955,       44.65,
 140.036396,   35.304955,       44.45,
 140.040901,   35.304955,       44.24,
 140.045405,   35.304955,       44.05,
 140.049910,   35.304955,       43.86,
 140.054414,   35.304955,       43.67,
 140.058919,   35.304955,       43.49,
 140.063423,   35.304955,       43.31,
 140.067928,   35.304955,       43.13,
 140.072432,   35.304955,       42.96,
 140.076937,   35.304955,       42.80,
 140.081441,   35.304955,       42.64,
 140.085946,   35.304955,       42.48,
 140.090450,   35.304955,       42.32,
 140.094955,   35.304955,       42.17,
 140.099459,   35.304955,       42.03,
 140.103964,   35.304955,       41.89,
 140.108468,   35.304955,       41.75,
 140.112973,   35.304955,       41.61,
 140.117477,   35.304955,       41.48,
 140.121982,   35.304955,       41.35,
 140.126486,   35.304955,       41.23,
 140.130991,   35.304955,       41.11,
 140.135495,   35.304955,       41.00,
 140.140000,   35.304955,       40.89,
 140.144505,   35.304955,       40.78,
 140.149009,   35.304955,       40.68,
 140.153514,   35.304955,       40.58,
 140.158018,   35.304955,       40.49,
 140.162523,   35.304955,       40.39,
 140.167027,   35.304955,       40.31,
 140.171532,   35.304955,       40.22,
 140.176036,   35.304955,       40.14,
 140.180541,   35.304955,       40.06,
 140.185045,   35.304955,       39.99,
 140.189550,   35.304955,       39.92,
 140.194054,   35.304955,       39.85,
 140.198559,   35.304955,       39.78,
 140.203063,   35.304955,       39.71,
 140.207568,   35.304955,       39.65,
 140.212072,   35.304955,       39.59,
 140.216577,   35.304955,       39.53,
 140.221081,   35.304955,       39.47,
 140.225586,   35.304955,       39.41,
 140.230090,   35.304955,       39.36,
 140.234595,   35.304955,       39.31,
 140.239099,   35.304955,       39.26,
 140.243604,   35.304955,       39.21,
 140.248108,   35.304955,       39.16,
 140.252613,   35.304955,       39.12,
 140.257117,   35.304955,       39.07,
 140.261622,   35.304955,       39.03,
 140.266126,   35.304955,       38.99,
 140.270631,   35.304955,       38.96,
 140.275135,   35.304955,       38.92,
 140.279640,   35.304955,       38.89,
 140.284144,   35.304955,       38.85,
 140.288649,   35.304955,       38.82,
 140.293153,   35.304955,       38.76,
 140.297658,   35.304955,       38.69,
 140.302162,   35.304955,       38.60,
 140.306667,   35.304955,       38.50,
 140.311171,   35.304955,       38.41,
 140.315676,   35.304955,       38.37,
 140.320180,   35.304955,       38.32,
 140.324685,   35.304955,       38.27,
 140.329189,   35.304955,       38.22,
 140.333694,   35.304955,       38.18,
 140.338198,   35.304955,       38.13,
 140.342703,   35.304955,       38.08,
 140.347207,   35.304955,       38.03,
 140.351712,   35.304955,       37.97,
 140.356216,   35.304955,       37.92,
 140.360721,   35.304955,       37.87,
 140.365225,   35.304955,       37.82,
 140.369730,   35.304955,       37.76,
 140.374234,   35.304955,       37.71,
 140.378739,   35.304955,       37.65,
 140.383243,   35.304955,       37.59,
 140.387748,   35.304955,       37.54,
 139.140000,   35.309459,       74.64,
 139.144505,   35.309459,       73.72,
 139.149009,   35.309459,       72.84,
 139.153514,   35.309459,       72.00,
 139.158018,   35.309459,       71.19,
 139.162523,   35.309459,       70.42,
 139.167027,   35.309459,       69.68,
 139.171532,   35.309459,       68.99,
 139.176036,   35.309459,       68.33,
 139.180541,   35.309459,       67.71,
 139.185045,   35.309459,       67.12,
 139.189550,   35.309459,       66.57,
 139.194054,   35.309459,       66.06,
 139.198559,   35.309459,       65.59,
 139.203063,   35.309459,       65.15,
 139.207568,   35.309459,       64.75,
 139.212072,   35.309459,       64.39,
 139.216577,   35.309459,       64.06,
 139.221081,   35.309459,       63.77,
 139.225586,   35.309459,       63.52,
 139.230090,   35.309459,       63.31,
 139.234595,   35.309459,       63.13,
 139.239099,   35.309459,       62.99,
 139.243604,   35.309459,       62.89,
 139.248108,   35.309459,       64.16,
 139.252613,   35.309459,       65.03,
 139.257117,   35.309459,       63.16,
 139.261622,   35.309459,       60.18,
 139.266126,   35.309459,       57.15,
 139.270631,   35.309459,       54.05,
 139.275135,   35.309459,       50.75,
 139.279640,   35.309459,       46.72,
 139.284144,   35.309459,       42.26,
 139.288649,   35.309459,       38.19,
 139.293153,   35.309459,       36.69,
 139.297658,   35.309459,       36.43,
 139.302162,   35.309459,       36.00,
 139.306667,   35.309459,       34.11,
 139.311171,   35.309459,       27.08,
 139.315676,   35.309459,       31.69,
 139.320180,   35.309459,       36.82,
 139.324685,   35.309459,       41.88,
 139.329189,   35.309459,       44.96,
 139.333694,   35.309459,       46.90,
 139.338198,   35.309459,       49.71,
 139.342703,   35.309459,       51.61,
 139.347207,   35.309459,       52.01,
 139.351712,   35.309459,       50.32,
 139.356216,   35.309459,       47.17,
 139.360721,   35.309459,       45.13,
 139.365225,   35.309459,       44.51,
 139.369730,   35.309459,       43.87,
 139.374234,   35.309459,       43.38,
 139.378739,   35.309459,       44.17,
 139.383243,   35.309459,       44.00,
 139.387748,   35.309459,       42.39,
 139.392252,   35.309459,       39.10,
 139.396757,   35.309459,       32.56,
 139.401261,   35.309459,       24.83,
 139.405766,   35.309459,       15.53,
 139.410270,   35.309459,       12.47,
 139.414775,   35.309459,       23.10,
 139.419279,   35.309459,       32.59,
 139.423784,   35.309459,       33.76,
 139.428288,   35.309459,       33.74,
 139.432793,   35.309459,       35.27,
 139.437297,   35.309459,       33.56,
 139.441802,   35.309459,       30.34,
 139.446306,   35.309459,       25.36,
 139.450811,   35.309459,       22.05,
 139.455315,   35.309459,       24.24,
 139.459820,   35.309459,       30.38,
 139.464324,   35.309459,       33.14,
 139.468829,   35.309459,       31.84,
 139.473333,   35.309459,       33.14,
 139.477838,   35.309459,       37.56,
 139.482342,   35.309459,       43.09,
 139.486847,   35.309459,       49.67,
 139.491351,   35.309459,       54.26,
 139.495856,   35.309459,       45.90,
 139.500360,   35.309459,       35.25,
 139.504865,   35.309459,       27.84,
 139.509369,   35.309459,       31.94,
 139.513874,   35.309459,       38.02,
 139.518378,   35.309459,       44.84,
 139.522883,   35.309459,       53.17,
 139.527387,   35.309459,       60.34,
 139.531892,   35.309459,       62.78,
 139.536396,   35.309459,       62.62,
 139.540901,   35.309459,       64.95,
 139.545405,   35.309459,       68.16,
 139.549910,   35.309459,       69.87,
 139.554414,   35.309459,       68.83,
 139.558919,   35.309459,       68.42,
 139.563423,   35.309459,       68.40,
 139.567928,   35.309459,       68.56,
 139.572432,   35.309459,       68.62,
 139.576937,   35.309459,       68.57,
 139.581441,   35.309459,       68.36,
 139.585946,   35.309459,       68.05,
 139.590450,   35.309459,       67.67,
 139.594955,   35.309459,       67.23,
 139.599459,   35.309459,       66.76,
 139.603964,   35.309459,       66.27,
 139.608468,   35.309459,       65.77,
 139.612973,   35.309459,       65.28,
 139.617477,   35.309459,       64.72,
 139.621982,   35.309459,       63.97,
 139.626486,   35.309459,       62.72,
 139.630991,   35.309459,       59.51,
 139.635495,   35.309459,       54.50,
 139.640000,   35.309459,       48.44,
 139.644505,   35.309459,       40.81,
 139.649009,   35.309459,       37.57,
 139.653514,   35.309459,       35.21,
 139.658018,   35.309459,       33.67,
 139.662523,   35.309459,       33.28,
 139.667027,   35.309459,       33.43,
 139.671532,   35.309459,       34.04,
 139.676036,   35.309459,       34.90,
 139.680541,   35.309459,       35.70,
 139.685045,   35.309459,       36.24,
 139.689550,   35.309459,       36.70,
 139.694054,   35.309459,       36.44,
 139.698559,   35.309459,       36.11,
 139.703063,   35.309459,       35.39,
 139.707568,   35.309459,       34.54,
 139.712072,   35.309459,       33.67,
 139.716577,   35.309459,       32.83,
 139.721081,   35.309459,       31.99,
 139.725586,   35.309459,       31.42,
 139.730090,   35.309459,       31.13,
 139.734595,   35.309459,       30.90,
 139.739099,   35.309459,       31.11,
 139.743604,   35.309459,       31.45,
 139.748108,   35.309459,       31.83,
 139.752613,   35.309459,       32.28,
 139.757117,   35.309459,       32.73,
 139.761622,   35.309459,       33.17,
 139.766126,   35.309459,       33.55,
 139.770631,   35.309459,       33.90,
 139.775135,   35.309459,       34.25,
 139.779640,   35.309459,       34.71,
 139.784144,   35.309459,       35.18,
 139.788649,   35.309459,       35.65,
 139.793153,   35.309459,       36.20,
 139.797658,   35.309459,       36.74,
 139.802162,   35.309459,       37.29,
 139.806667,   35.309459,       37.96,
 139.811171,   35.309459,       38.51,
 139.815676,   35.309459,       38.71,
 139.820180,   35.309459,       38.62,
 139.824685,   35.309459,       38.92,
 139.829189,   35.309459,       40.38,
 139.833694,   35.309459,       42.21,
 139.838198,   35.309459,       43.41,
 139.842703,   35.309459,       44.31,
 139.847207,   35.309459,       44.80,
 139.851712,   35.309459,       45.15,
 139.856216,   35.309459,       45.72,
 139.860721,   35.309459,       46.40,
 139.865225,   35.309459,       47.15,
 139.869730,   35.309459,       48.03,
 139.874234,   35.309459,       48.97,
 139.878739,   35.309459,       49.97,
 139.883243,   35.309459,       50.73,
 139.887748,   35.309459,       51.14,
 139.892252,   35.309459,       51.33,
 139.896757,   35.309459,       51.39,
 139.901261,   35.309459,       51.35,
 139.905766,   35.309459,       51.25,
 139.910270,   35.309459,       51.11,
 139.914775,   35.309459,       50.95,
 139.919279,   35.309459,       50.77,
 139.923784,   35.309459,       50.57,
 139.928288,   35.309459,       50.35,
 139.932793,   35.309459,       50.12,
 139.937297,   35.309459,       49.89,
 139.941802,   35.309459,       49.64,
 139.946306,   35.309459,       49.39,
 139.950811,   35.309459,       49.14,
 139.955315,   35.309459,       48.89,
 139.959820,   35.309459,       48.63,
 139.964324,   35.309459,       48.38,
 139.968829,   35.309459,       48.12,
 139.973333,   35.309459,       47.87,
 139.977838,   35.309459,       47.61,
 139.982342,   35.309459,       47.36,
 139.986847,   35.309459,       47.10,
 139.991351,   35.309459,       46.84,
 139.995856,   35.309459,       46.59,
 140.000360,   35.309459,       46.34,
 140.004865,   35.309459,       46.10,
 140.009369,   35.309459,       45.86,
 140.013874,   35.309459,       45.63,
 140.018378,   35.309459,       45.41,
 140.022883,   35.309459,       45.19,
 140.027387,   35.309459,       44.98,
 140.031892,   35.309459,       44.78,
 140.036396,   35.309459,       44.57,
 140.040901,   35.309459,       44.38,
 140.045405,   35.309459,       44.19,
 140.049910,   35.309459,       44.00,
 140.054414,   35.309459,       43.82,
 140.058919,   35.309459,       43.64,
 140.063423,   35.309459,       43.47,
 140.067928,   35.309459,       43.30,
 140.072432,   35.309459,       43.13,
 140.076937,   35.309459,       42.97,
 140.081441,   35.309459,       42.81,
 140.085946,   35.309459,       42.66,
 140.090450,   35.309459,       42.51,
 140.094955,   35.309459,       42.36,
 140.099459,   35.309459,       42.22,
 140.103964,   35.309459,       42.08,
 140.108468,   35.309459,       41.94,
 140.112973,   35.309459,       41.81,
 140.117477,   35.309459,       41.68,
 140.121982,   35.309459,       41.56,
 140.126486,   35.309459,       41.44,
 140.130991,   35.309459,       41.33,
 140.135495,   35.309459,       41.21,
 140.140000,   35.309459,       41.11,
 140.144505,   35.309459,       41.00,
 140.149009,   35.309459,       40.90,
 140.153514,   35.309459,       40.81,
 140.158018,   35.309459,       40.71,
 140.162523,   35.309459,       40.62,
 140.167027,   35.309459,       40.54,
 140.171532,   35.309459,       40.45,
 140.176036,   35.309459,       40.37,
 140.180541,   35.309459,       40.30,
 140.185045,   35.309459,       40.23,
 140.189550,   35.309459,       40.16,
 140.194054,   35.309459,       40.09,
 140.198559,   35.309459,       40.02,
 140.203063,   35.309459,       39.95,
 140.207568,   35.309459,       39.89,
 140.212072,   35.309459,       39.83,
 140.216577,   35.309459,       39.77,
 140.221081,   35.309459,       39.71,
 140.225586,   35.309459,       39.65,
 140.230090,   35.309459,       39.60,
 140.234595,   35.309459,       39.55,
 140.239099,   35.309459,       39.50,
 140.243604,   35.309459,       39.45,
 140.248108,   35.309459,       39.40,
 140.252613,   35.309459,       39.36,
 140.257117,   35.309459,       39.31,
 140.261622,   35.309459,       39.27,
 140.266126,   35.309459,       39.23,
 140.270631,   35.309459,       39.19,
 140.275135,   35.309459,       39.16,
 140.279640,   35.309459,       39.12,
 140.284144,   35.309459,       39.08,
 140.288649,   35.309459,       39.03,
 140.293153,   35.309459,       38.96,
 140.297658,   35.309459,       38.87,
 140.302162,   35.309459,       38.77,
 140.306667,   35.309459,       38.66,
 140.311171,   35.309459,       38.62,
 140.315676,   35.309459,       38.57,
 140.320180,   35.309459,       38.52,
 140.324685,   35.309459,       38.48,
 140.329189,   35.309459,       38.43,
 140.333694,   35.309459,       38.38,
 140.338198,   35.309459,       38.33,
 140.342703,   35.309459,       38.28,
 140.347207,   35.309459,       38.23,
 140.351712,   35.309459,       38.18,
 140.356216,   35.309459,       38.13,
 140.360721,   35.309459,       38.07,
 140.365225,   35.309459,       38.02,
 140.369730,   35.309459,       37.97,
 140.374234,   35.309459,       37.91,
 140.378739,   35.309459,       37.86,
 140.383243,   35.309459,       37.80,
 140.387748,   35.309459,       37.75,
 139.140000,   35.313964,       74.31,
 139.144505,   35.313964,       73.37,
 139.149009,   35.313964,       72.48,
 139.153514,   35.313964,       71.62,
 139.158018,   35.313964,       70.80,
 139.162523,   35.313964,       70.01,
 139.167027,   35.313964,       69.26,
 139.171532,   35.313964,       68.55,
 139.176036,   35.313964,       67.88,
 139.180541,   35.313964,       67.24,
 139.185045,   35.313964,       66.64,
 139.189550,   35.313964,       66.08,
 139.194054,   35.313964,       65.55,
 139.198559,   35.313964,       65.06,
 139.203063,   35.313964,       64.61,
 139.207568,   35.313964,       64.20,
 139.212072,   35.313964,       63.82,
 139.216577,   35.313964,       63.48,
 139.221081,   35.313964,       63.18,
 139.225586,   35.313964,       62.91,
 139.230090,   35.313964,       62.68,
 139.234595,   35.313964,       62.49,
 139.239099,   35.313964,       62.34,
 139.243604,   35.313964,       62.22,
 139.248108,   35.313964,       62.14,
 139.252613,   35.313964,       62.75,
 139.257117,   35.313964,       63.84,
 139.261622,   35.313964,       63.98,
 139.266126,   35.313964,       61.24,
 139.270631,   35.313964,       58.47,
 139.275135,   35.313964,       55.67,
 139.279640,   35.313964,       52.83,
 139.284144,   35.313964,       49.88,
 139.288649,   35.313964,       46.58,
 139.293153,   35.313964,       42.96,
 139.297658,   35.313964,       39.93,
 139.302162,   35.313964,       37.55,
 139.306667,   35.313964,       37.50,
 139.311171,   35.313964,       37.82,
 139.315676,   35.313964,       38.40,
 139.320180,   35.313964,       39.77,
 139.324685,   35.313964,       41.30,
 139.329189,   35.313964,       45.22,
 139.333694,   35.313964,       48.38,
 139.338198,   35.313964,       51.96,
 139.342703,   35.313964,       55.03,
 139.347207,   35.313964,       56.62,
 139.351712,   35.313964,       54.36,
 139.356216,   35.313964,       50.06,
 139.360721,   35.313964,       45.70,
 139.365225,   35.313964,       44.06,
 139.369730,   35.313964,       44.07,
 139.374234,   35.313964,       45.28,
 139.378739,   35.313964,       47.75,
 139.383243,   35.313964,       48.16,
 139.387748,   35.313964,       46.03,
 139.392252,   35.313964,       41.44,
 139.396757,   35.313964,       34.45,
 139.401261,   35.313964,       26.47,
 139.405766,   35.313964,       19.16,
 139.410270,   35.313964,       18.52,
 139.414775,   35.313964,       23.72,
 139.419279,   35.313964,       31.44,
 139.423784,   35.313964,       34.24,
 139.428288,   35.313964,       35.25,
 139.432793,   35.313964,       35.81,
 139.437297,   35.313964,       33.50,
 139.441802,   35.313964,       30.31,
 139.446306,   35.313964,       27.47,
 139.450811,   35.313964,       26.73,
 139.455315,   35.313964,       28.34,
 139.459820,   35.313964,       30.53,
 139.464324,   35.313964,       28.27,
 139.468829,   35.313964,       26.39,
 139.473333,   35.313964,       26.84,
 139.477838,   35.313964,       32.94,
 139.482342,   35.313964,       37.54,
 139.486847,   35.313964,       36.68,
 139.491351,   35.313964,       36.23,
 139.495856,   35.313964,       36.12,
 139.500360,   35.313964,       36.70,
 139.504865,   35.313964,       38.30,
 139.509369,   35.313964,       40.56,
 139.513874,   35.313964,       43.21,
 139.518378,   35.313964,       46.17,
 139.522883,   35.313964,       49.41,
 139.527387,   35.313964,       52.92,
 139.531892,   35.313964,       56.67,
 139.536396,   35.313964,       60.21,
 139.540901,   35.313964,       63.33,
 139.545405,   35.313964,       65.22,
 139.549910,   35.313964,       65.82,
 139.554414,   35.313964,       65.91,
 139.558919,   35.313964,       66.06,
 139.563423,   35.313964,       66.31,
 139.567928,   35.313964,       66.63,
 139.572432,   35.313964,       66.85,
 139.576937,   35.313964,       66.90,
 139.581441,   35.313964,       66.78,
 139.585946,   35.313964,       66.56,
 139.590450,   35.313964,       66.28,
 139.594955,   35.313964,       65.95,
 139.599459,   35.313964,       65.59,
 139.603964,   35.313964,       65.22,
 139.608468,   35.313964,       64.89,
 139.612973,   35.313964,       64.64,
 139.617477,   35.313964,       64.56,
 139.621982,   35.313964,       64.59,
 139.626486,   35.313964,       64.62,
 139.630991,   35.313964,       63.67,
 139.635495,   35.313964,       58.78,
 139.640000,   35.313964,       51.31,
 139.644505,   35.313964,       40.12,
 139.649009,   35.313964,       37.03,
 139.653514,   35.313964,       34.70,
 139.658018,   35.313964,       33.31,
 139.662523,   35.313964,       33.14,
 139.667027,   35.313964,       33.52,
 139.671532,   35.313964,       34.32,
 139.676036,   35.313964,       35.16,
 139.680541,   35.313964,       36.01,
 139.685045,   35.313964,       36.53,
 139.689550,   35.313964,       36.81,
 139.694054,   35.313964,       36.38,
 139.698559,   35.313964,       35.90,
 139.703063,   35.313964,       34.96,
 139.707568,   35.313964,       34.01,
 139.712072,   35.313964,       33.09,
 139.716577,   35.313964,       32.31,
 139.721081,   35.313964,       31.59,
 139.725586,   35.313964,       31.16,
 139.730090,   35.313964,       31.02,
 139.734595,   35.313964,       30.90,
 139.739099,   35.313964,       31.22,
 139.743604,   35.313964,       31.61,
 139.748108,   35.313964,       32.05,
 139.752613,   35.313964,       32.50,
 139.757117,   35.313964,       32.97,
 139.761622,   35.313964,       33.45,
 139.766126,   35.313964,       33.85,
 139.770631,   35.313964,       34.20,
 139.775135,   35.313964,       34.57,
 139.779640,   35.313964,       35.04,
 139.784144,   35.313964,       35.52,
 139.788649,   35.313964,       36.02,
 139.793153,   35.313964,       36.61,
 139.797658,   35.313964,       37.18,
 139.802162,   35.313964,       37.87,
 139.806667,   35.313964,       38.88,
 139.811171,   35.313964,       39.47,
 139.815676,   35.313964,       39.51,
 139.820180,   35.313964,       39.34,
 139.824685,   35.313964,       40.48,
 139.829189,   35.313964,       42.57,
 139.833694,   35.313964,       44.20,
 139.838198,   35.313964,       45.08,
 139.842703,   35.313964,       45.73,
 139.847207,   35.313964,       45.99,
 139.851712,   35.313964,       46.02,
 139.856216,   35.313964,       46.34,
 139.860721,   35.313964,       46.76,
 139.865225,   35.313964,       47.31,
 139.869730,   35.313964,       48.00,
 139.874234,   35.313964,       48.81,
 139.878739,   35.313964,       49.69,
 139.883243,   35.313964,       50.53,
 139.887748,   35.313964,       50.99,
 139.892252,   35.313964,       51.22,
 139.896757,   35.313964,       51.30,
 139.901261,   35.313964,       51.28,
 139.905766,   35.313964,       51.19,
 139.910270,   35.313964,       51.07,
 139.914775,   35.313964,       50.91,
 139.919279,   35.313964,       50.74,
 139.923784,   35.313964,       50.54,
 139.928288,   35.313964,       50.34,
 139.932793,   35.313964,       50.12,
 139.937297,   35.313964,       49.89,
 139.941802,   35.313964,       49.65,
 139.946306,   35.313964,       49.41,
 139.950811,   35.313964,       49.16,
 139.955315,   35.313964,       48.91,
 139.959820,   35.313964,       48.67,
 139.964324,   35.313964,       48.42,
 139.968829,   35.313964,       48.17,
 139.973333,   35.313964,       47.92,
 139.977838,   35.313964,       47.67,
 139.982342,   35.313964,       47.42,
 139.986847,   35.313964,       47.16,
 139.991351,   35.313964,       46.91,
 139.995856,   35.313964,       46.66,
 140.000360,   35.313964,       46.42,
 140.004865,   35.313964,       46.19,
 140.009369,   35.313964,       45.96,
 140.013874,   35.313964,       45.73,
 140.018378,   35.313964,       45.52,
 140.022883,   35.313964,       45.31,
 140.027387,   35.313964,       45.10,
 140.031892,   35.313964,       44.90,
 140.036396,   35.313964,       44.70,
 140.040901,   35.313964,       44.51,
 140.045405,   35.313964,       44.33,
 140.049910,   35.313964,       44.14,
 140.054414,   35.313964,       43.97,
 140.058919,   35.313964,       43.79,
 140.063423,   35.313964,       43.62,
 140.067928,   35.313964,       43.46,
 140.072432,   35.313964,       43.30,
 140.076937,   35.313964,       43.14,
 140.081441,   35.313964,       42.98,
 140.085946,   35.313964,       42.83,
 140.090450,   35.313964,       42.69,
 140.094955,   35.313964,       42.54,
 140.099459,   35.313964,       42.41,
 140.103964,   35.313964,       42.27,
 140.108468,   35.313964,       42.14,
 140.112973,   35.313964,       42.01,
 140.117477,   35.313964,       41.89,
 140.121982,   35.313964,       41.77,
 140.126486,   35.313964,       41.65,
 140.130991,   35.313964,       41.54,
 140.135495,   35.313964,       41.43,
 140.140000,   35.313964,       41.32,
 140.144505,   35.313964,       41.22,
 140.149009,   35.313964,       41.13,
 140.153514,   35.313964,       41.03,
 140.158018,   35.313964,       40.94,
 140.162523,   35.313964,       40.85,
 140.167027,   35.313964,       40.77,
 140.171532,   35.313964,       40.69,
 140.176036,   35.313964,       40.61,
 140.180541,   35.313964,       40.53,
 140.185045,   35.313964,       40.46,
 140.189550,   35.313964,       40.39,
 140.194054,   35.313964,       40.32,
 140.198559,   35.313964,       40.26,
 140.203063,   35.313964,       40.19,
 140.207568,   35.313964,       40.13,
 140.212072,   35.313964,       40.07,
 140.216577,   35.313964,       40.01,
 140.221081,   35.313964,       39.95,
 140.225586,   35.313964,       39.89,
 140.230090,   35.313964,       39.84,
 140.234595,   35.313964,       39.79,
 140.239099,   35.313964,       39.74,
 140.243604,   35.313964,       39.69,
 140.248108,   35.313964,       39.64,
 140.252613,   35.313964,       39.59,
 140.257117,   35.313964,       39.55,
 140.261622,   35.313964,       39.51,
 140.266126,   35.313964,       39.47,
 140.270631,   35.313964,       39.43,
 140.275135,   35.313964,       39.39,
 140.279640,   35.313964,       39.35,
 140.284144,   35.313964,       39.30,
 140.288649,   35.313964,       39.23,
 140.293153,   35.313964,       39.14,
 140.297658,   35.313964,       39.04,
 140.302162,   35.313964,       38.93,
 140.306667,   35.313964,       38.86,
 140.311171,   35.313964,       38.82,
 140.315676,   35.313964,       38.77,
 140.320180,   35.313964,       38.73,
 140.324685,   35.313964,       38.68,
 140.329189,   35.313964,       38.63,
 140.333694,   35.313964,       38.58,
 140.338198,   35.313964,       38.54,
 140.342703,   35.313964,       38.49,
 140.347207,   35.313964,       38.44,
 140.351712,   35.313964,       38.38,
 140.356216,   35.313964,       38.33,
 140.360721,   35.313964,       38.28,
 140.365225,   35.313964,       38.23,
 140.369730,   35.313964,       38.17,
 140.374234,   35.313964,       38.12,
 140.378739,   35.313964,       38.07,
 140.383243,   35.313964,       38.01,
 140.387748,   35.313964,       37.95,
 139.140000,   35.318468,       73.94,
 139.144505,   35.318468,       72.99,
 139.149009,   35.318468,       72.08,
 139.153514,   35.318468,       71.21,
 139.158018,   35.318468,       70.37,
 139.162523,   35.318468,       69.57,
 139.167027,   35.318468,       68.81,
 139.171532,   35.318468,       68.08,
 139.176036,   35.318468,       67.39,
 139.180541,   35.318468,       66.74,
 139.185045,   35.318468,       66.12,
 139.189550,   35.318468,       65.55,
 139.194054,   35.318468,       65.01,
 139.198559,   35.318468,       64.50,
 139.203063,   35.318468,       64.04,
 139.207568,   35.318468,       63.61,
 139.212072,   35.318468,       63.22,
 139.216577,   35.318468,       62.86,
 139.221081,   35.318468,       62.54,
 139.225586,   35.318468,       62.26,
 139.230090,   35.318468,       62.02,
 139.234595,   35.318468,       61.81,
 139.239099,   35.318468,       61.64,
 139.243604,   35.318468,       61.51,
 139.248108,   35.318468,       61.42,
 139.252613,   35.318468,       61.36,
 139.257117,   35.318468,       61.34,
 139.261622,   35.318468,       62.55,
 139.266126,   35.318468,       63.31,
 139.270631,   35.318468,       62.04,
 139.275135,   35.318468,       59.45,
 139.279640,   35.318468,       56.86,
 139.284144,   35.318468,       54.27,
 139.288649,   35.318468,       51.65,
 139.293153,   35.318468,       48.98,
 139.297658,   35.318468,       46.13,
 139.302162,   35.318468,       43.07,
 139.306667,   35.318468,       40.68,
 139.311171,   35.318468,       38.66,
 139.315676,   35.318468,       37.89,
 139.320180,   35.318468,       38.34,
 139.324685,   35.318468,       38.95,
 139.329189,   35.318468,       39.86,
 139.333694,   35.318468,       41.44,
 139.338198,   35.318468,       44.32,
 139.342703,   35.318468,       49.91,
 139.347207,   35.318468,       57.39,
 139.351712,   35.318468,       56.51,
 139.356216,   35.318468,       51.26,
 139.360721,   35.318468,       46.31,
 139.365225,   35.318468,       43.61,
 139.369730,   35.318468,       44.41,
 139.374234,   35.318468,       46.78,
 139.378739,   35.318468,       50.41,
 139.383243,   35.318468,       54.21,
 139.387748,   35.318468,       49.77,
 139.392252,   35.318468,       43.45,
 139.396757,   35.318468,       37.00,
 139.401261,   35.318468,       29.81,
 139.405766,   35.318468,       26.65,
 139.410270,   35.318468,       26.69,
 139.414775,   35.318468,       27.89,
 139.419279,   35.318468,       31.66,
 139.423784,   35.318468,       33.19,
 139.428288,   35.318468,       34.16,
 139.432793,   35.318468,       35.08,
 139.437297,   35.318468,       34.23,
 139.441802,   35.318468,       31.49,
 139.446306,   35.318468,       29.18,
 139.450811,   35.318468,       27.20,
 139.455315,   35.318468,       26.63,
 139.459820,   35.318468,       25.76,
 139.464324,   35.318468,       22.43,
 139.468829,   35.318468,       19.65,
 139.473333,   35.318468,       22.87,
 139.477838,   35.318468,       25.94,
 139.482342,   35.318468,       28.07,
 139.486847,   35.318468,       29.80,
 139.491351,   35.318468,       31.38,
 139.495856,   35.318468,       32.95,
 139.500360,   35.318468,       34.74,
 139.504865,   35.318468,       36.78,
 139.509369,   35.318468,       39.05,
 139.513874,   35.318468,       41.54,
 139.518378,   35.318468,       44.20,
 139.522883,   35.318468,       46.98,
 139.527387,   35.318468,       49.76,
 139.531892,   35.318468,       52.58,
 139.536396,   35.318468,       55.46,
 139.540901,   35.318468,       58.40,
 139.545405,   35.318468,       60.99,
 139.549910,   35.318468,       62.51,
 139.554414,   35.318468,       63.16,
 139.558919,   35.318468,       63.53,
 139.563423,   35.318468,       63.90,
 139.567928,   35.318468,       64.30,
 139.572432,   35.318468,       64.68,
 139.576937,   35.318468,       64.91,
 139.581441,   35.318468,       65.01,
 139.585946,   35.318468,       64.96,
 139.590450,   35.318468,       64.78,
 139.594955,   35.318468,       64.55,
 139.599459,   35.318468,       64.29,
 139.603964,   35.318468,       64.05,
 139.608468,   35.318468,       63.85,
 139.612973,   35.318468,       63.76,
 139.617477,   35.318468,       63.93,
 139.621982,   35.318468,       64.64,
 139.626486,   35.318468,       65.97,
 139.630991,   35.318468,       67.74,
 139.635495,   35.318468,       64.07,
 139.640000,   35.318468,       50.45,
 139.644505,   35.318468,       41.52,
 139.649009,   35.318468,       36.54,
 139.653514,   35.318468,       34.14,
 139.658018,   35.318468,       33.37,
 139.662523,   35.318468,       33.25,
 139.667027,   35.318468,       33.89,
 139.671532,   35.318468,       34.72,
 139.676036,   35.318468,       35.59,
 139.680541,   35.318468,       36.32,
 139.685045,   35.318468,       36.67,
 139.689550,   35.318468,       36.78,
 139.694054,   35.318468,       36.18,
 139.698559,   35.318468,       35.51,
 139.703063,   35.318468,       34.56,
 139.707568,   35.318468,       33.55,
 139.712072,   35.318468,       32.52,
 139.716577,   35.318468,       31.95,
 139.721081,   35.318468,       31.39,
 139.725586,   35.318468,       30.95,
 139.730090,   35.318468,       30.93,
 139.734595,   35.318468,       31.03,
 139.739099,   35.318468,       31.40,
 139.743604,   35.318468,       31.81,
 139.748108,   35.318468,       32.27,
 139.752613,   35.318468,       32.73,
 139.757117,   35.318468,       33.25,
 139.761622,   35.318468,       33.76,
 139.766126,   35.318468,       34.16,
 139.770631,   35.318468,       34.51,
 139.775135,   35.318468,       34.88,
 139.779640,   35.318468,       35.35,
 139.784144,   35.318468,       35.84,
 139.788649,   35.318468,       36.41,
 139.793153,   35.318468,       37.03,
 139.797658,   35.318468,       37.65,
 139.802162,   35.318468,       38.54,
 139.806667,   35.318468,       39.66,
 139.811171,   35.318468,       40.79,
 139.815676,   35.318468,       40.58,
 139.820180,   35.318468,       41.13,
 139.824685,   35.318468,       42.57,
 139.829189,   35.318468,       44.70,
 139.833694,   35.318468,       46.25,
 139.838198,   35.318468,       46.76,
 139.842703,   35.318468,       47.15,
 139.847207,   35.318468,       47.24,
 139.851712,   35.318468,       47.01,
 139.856216,   35.318468,       47.05,
 139.860721,   35.318468,       47.22,
 139.865225,   35.318468,       47.58,
 139.869730,   35.318468,       48.07,
 139.874234,   35.318468,       48.72,
 139.878739,   35.318468,       49.48,
 139.883243,   35.318468,       50.30,
 139.887748,   35.318468,       50.84,
 139.892252,   35.318468,       51.11,
 139.896757,   35.318468,       51.23,
 139.901261,   35.318468,       51.22,
 139.905766,   35.318468,       51.15,
 139.910270,   35.318468,       51.03,
 139.914775,   35.318468,       50.89,
 139.919279,   35.318468,       50.72,
 139.923784,   35.318468,       50.53,
 139.928288,   35.318468,       50.33,
 139.932793,   35.318468,       50.11,
 139.937297,   35.318468,       49.89,
 139.941802,   35.318468,       49.66,
 139.946306,   35.318468,       49.42,
 139.950811,   35.318468,       49.18,
 139.955315,   35.318468,       48.94,
 139.959820,   35.318468,       48.70,
 139.964324,   35.318468,       48.46,
 139.968829,   35.318468,       48.21,
 139.973333,   35.318468,       47.97,
 139.977838,   35.318468,       47.72,
 139.982342,   35.318468,       47.48,
 139.986847,   35.318468,       47.23,
 139.991351,   35.318468,       46.98,
 139.995856,   35.318468,       46.74,
 140.000360,   35.318468,       46.51,
 140.004865,   35.318468,       46.28,
 140.009369,   35.318468,       46.05,
 140.013874,   35.318468,       45.84,
 140.018378,   35.318468,       45.62,
 140.022883,   35.318468,       45.42,
 140.027387,   35.318468,       45.22,
 140.031892,   35.318468,       45.02,
 140.036396,   35.318468,       44.83,
 140.040901,   35.318468,       44.65,
 140.045405,   35.318468,       44.47,
 140.049910,   35.318468,       44.29,
 140.054414,   35.318468,       44.12,
 140.058919,   35.318468,       43.95,
 140.063423,   35.318468,       43.78,
 140.067928,   35.318468,       43.62,
 140.072432,   35.318468,       43.46,
 140.076937,   35.318468,       43.31,
 140.081441,   35.318468,       43.16,
 140.085946,   35.318468,       43.01,
 140.090450,   35.318468,       42.87,
 140.094955,   35.318468,       42.73,
 140.099459,   35.318468,       42.59,
 140.103964,   35.318468,       42.46,
 140.108468,   35.318468,       42.33,
 140.112973,   35.318468,       42.21,
 140.117477,   35.318468,       42.09,
 140.121982,   35.318468,       41.97,
 140.126486,   35.318468,       41.86,
 140.130991,   35.318468,       41.75,
 140.135495,   35.318468,       41.64,
 140.140000,   35.318468,       41.54,
 140.144505,   35.318468,       41.45,
 140.149009,   35.318468,       41.35,
 140.153514,   35.318468,       41.26,
 140.158018,   35.318468,       41.17,
 140.162523,   35.318468,       41.08,
 140.167027,   35.318468,       41.00,
 140.171532,   35.318468,       40.92,
 140.176036,   35.318468,       40.84,
 140.180541,   35.318468,       40.77,
 140.185045,   35.318468,       40.70,
 140.189550,   35.318468,       40.63,
 140.194054,   35.318468,       40.56,
 140.198559,   35.318468,       40.49,
 140.203063,   35.318468,       40.43,
 140.207568,   35.318468,       40.37,
 140.212072,   35.318468,       40.31,
 140.216577,   35.318468,       40.25,
 140.221081,   35.318468,       40.19,
 140.225586,   35.318468,       40.13,
 140.230090,   35.318468,       40.08,
 140.234595,   35.318468,       40.02,
 140.239099,   35.318468,       39.97,
 140.243604,   35.318468,       39.92,
 140.248108,   35.318468,       39.88,
 140.252613,   35.318468,       39.83,
 140.257117,   35.318468,       39.79,
 140.261622,   35.318468,       39.74,
 140.266126,   35.318468,       39.70,
 140.270631,   35.318468,       39.66,
 140.275135,   35.318468,       39.62,
 140.279640,   35.318468,       39.57,
 140.284144,   35.318468,       39.50,
 140.288649,   35.318468,       39.42,
 140.293153,   35.318468,       39.32,
 140.297658,   35.318468,       39.21,
 140.302162,   35.318468,       39.11,
 140.306667,   35.318468,       39.07,
 140.311171,   35.318468,       39.02,
 140.315676,   35.318468,       38.98,
 140.320180,   35.318468,       38.93,
 140.324685,   35.318468,       38.88,
 140.329189,   35.318468,       38.84,
 140.333694,   35.318468,       38.79,
 140.338198,   35.318468,       38.74,
 140.342703,   35.318468,       38.69,
 140.347207,   35.318468,       38.64,
 140.351712,   35.318468,       38.59,
 140.356216,   35.318468,       38.54,
 140.360721,   35.318468,       38.49,
 140.365225,   35.318468,       38.44,
 140.369730,   35.318468,       38.38,
 140.374234,   35.318468,       38.33,
 140.378739,   35.318468,       38.27,
 140.383243,   35.318468,       38.22,
 140.387748,   35.318468,       38.16,
 139.140000,   35.322973,       73.53,
 139.144505,   35.322973,       72.57,
 139.149009,   35.322973,       71.64,
 139.153514,   35.322973,       70.75,
 139.158018,   35.322973,       69.90,
 139.162523,   35.322973,       69.09,
 139.167027,   35.322973,       68.31,
 139.171532,   35.322973,       67.57,
 139.176036,   35.322973,       66.87,
 139.180541,   35.322973,       66.20,
 139.185045,   35.322973,       65.57,
 139.189550,   35.322973,       64.98,
 139.194054,   35.322973,       64.42,
 139.198559,   35.322973,       63.91,
 139.203063,   35.322973,       63.42,
 139.207568,   35.322973,       62.98,
 139.212072,   35.322973,       62.57,
 139.216577,   35.322973,       62.20,
 139.221081,   35.322973,       61.87,
 139.225586,   35.322973,       61.58,
 139.230090,   35.322973,       61.32,
 139.234595,   35.322973,       61.10,
 139.239099,   35.322973,       60.91,
 139.243604,   35.322973,       60.77,
 139.248108,   35.322973,       60.66,
 139.252613,   35.322973,       60.58,
 139.257117,   35.322973,       60.55,
 139.261622,   35.322973,       60.55,
 139.266126,   35.322973,       61.22,
 139.270631,   35.322973,       62.20,
 139.275135,   35.322973,       62.43,
 139.279640,   35.322973,       60.21,
 139.284144,   35.322973,       57.77,
 139.288649,   35.322973,       55.34,
 139.293153,   35.322973,       52.92,
 139.297658,   35.322973,       50.50,
 139.302162,   35.322973,       48.06,
 139.306667,   35.322973,       45.54,
 139.311171,   35.322973,       42.89,
 139.315676,   35.322973,       40.93,
 139.320180,   35.322973,       39.28,
 139.324685,   35.322973,       38.26,
 139.329189,   35.322973,       38.54,
 139.333694,   35.322973,       39.14,
 139.338198,   35.322973,       39.89,
 139.342703,   35.322973,       40.82,
 139.347207,   35.322973,       41.93,
 139.351712,   35.322973,       43.12,
 139.356216,   35.322973,       46.19,
 139.360721,   35.322973,       46.80,
 139.365225,   35.322973,       42.92,
 139.369730,   35.322973,       44.48,
 139.374234,   35.322973,       46.77,
 139.378739,   35.322973,       44.77,
 139.383243,   35.322973,       41.21,
 139.387748,   35.322973,       38.22,
 139.392252,   35.322973,       36.78,
 139.396757,   35.322973,       35.75,
 139.401261,   35.322973,       34.93,
 139.405766,   35.322973,       34.44,
 139.410270,   35.322973,       34.26,
 139.414775,   35.322973,       34.17,
 139.419279,   35.322973,       34.14,
 139.423784,   35.322973,       34.22,
 139.428288,   35.322973,       34.38,
 139.432793,   35.322973,       34.64,
 139.437297,   35.322973,       34.51,
 139.441802,   35.322973,       33.17,
 139.446306,   35.322973,       31.07,
 139.450811,   35.322973,       29.02,
 139.455315,   35.322973,       27.19,
 139.459820,   35.322973,       25.49,
 139.464324,   35.322973,       24.69,
 139.468829,   35.322973,       25.29,
 139.473333,   35.322973,       26.19,
 139.477838,   35.322973,       27.20,
 139.482342,   35.322973,       28.31,
 139.486847,   35.322973,       29.55,
 139.491351,   35.322973,       30.89,
 139.495856,   35.322973,       32.34,
 139.500360,   35.322973,       33.96,
 139.504865,   35.322973,       35.72,
 139.509369,   35.322973,       37.61,
 139.513874,   35.322973,       39.64,
 139.518378,   35.322973,       41.80,
 139.522883,   35.322973,       44.07,
 139.527387,   35.322973,       46.47,
 139.531892,   35.322973,       49.02,
 139.536396,   35.322973,       51.68,
 139.540901,   35.322973,       54.24,
 139.545405,   35.322973,       56.58,
 139.549910,   35.322973,       58.44,
 139.554414,   35.322973,       59.96,
 139.558919,   35.322973,       61.04,
 139.563423,   35.322973,       61.58,
 139.567928,   35.322973,       61.99,
 139.572432,   35.322973,       62.40,
 139.576937,   35.322973,       62.74,
 139.581441,   35.322973,       62.98,
 139.585946,   35.322973,       63.10,
 139.590450,   35.322973,       63.11,
 139.594955,   35.322973,       63.01,
 139.599459,   35.322973,       62.86,
 139.603964,   35.322973,       62.71,
 139.608468,   35.322973,       62.61,
 139.612973,   35.322973,       62.64,
 139.617477,   35.322973,       62.95,
 139.621982,   35.322973,       63.89,
 139.626486,   35.322973,       66.30,
 139.630991,   35.322973,       70.76,
 139.635495,   35.322973,       69.92,
 139.640000,   35.322973,       49.06,
 139.644505,   35.322973,       41.04,
 139.649009,   35.322973,       35.23,
 139.653514,   35.322973,       33.97,
 139.658018,   35.322973,       33.44,
 139.662523,   35.322973,       33.79,
 139.667027,   35.322973,       34.42,
 139.671532,   35.322973,       35.23,
 139.676036,   35.322973,       36.09,
 139.680541,   35.322973,       36.53,
 139.685045,   35.322973,       36.82,
 139.689550,   35.322973,       36.52,
 139.694054,   35.322973,       35.88,
 139.698559,   35.322973,       35.19,
 139.703063,   35.322973,       34.25,
 139.707568,   35.322973,       33.27,
 139.712072,   35.322973,       32.35,
 139.716577,   35.322973,       31.70,
 139.721081,   35.322973,       31.19,
 139.725586,   35.322973,       30.82,
 139.730090,   35.322973,       30.99,
 139.734595,   35.322973,       31.22,
 139.739099,   35.322973,       31.59,
 139.743604,   35.322973,       32.06,
 139.748108,   35.322973,       32.54,
 139.752613,   35.322973,       33.05,
 139.757117,   35.322973,       33.58,
 139.761622,   35.322973,       34.09,
 139.766126,   35.322973,       34.49,
 139.770631,   35.322973,       34.84,
 139.775135,   35.322973,       35.23,
 139.779640,   35.322973,       35.67,
 139.784144,   35.322973,       36.15,
 139.788649,   35.322973,       36.76,
 139.793153,   35.322973,       37.41,
 139.797658,   35.322973,       38.09,
 139.802162,   35.322973,       38.92,
 139.806667,   35.322973,       39.89,
 139.811171,   35.322973,       40.79,
 139.815676,   35.322973,       41.31,
 139.820180,   35.322973,       42.29,
 139.824685,   35.322973,       43.99,
 139.829189,   35.322973,       46.46,
 139.833694,   35.322973,       48.46,
 139.838198,   35.322973,       48.39,
 139.842703,   35.322973,       48.54,
 139.847207,   35.322973,       48.54,
 139.851712,   35.322973,       48.13,
 139.856216,   35.322973,       47.87,
 139.860721,   35.322973,       47.82,
 139.865225,   35.322973,       47.94,
 139.869730,   35.322973,       48.23,
 139.874234,   35.322973,       48.71,
 139.878739,   35.322973,       49.33,
 139.883243,   35.322973,       50.04,
 139.887748,   35.322973,       50.69,
 139.892252,   35.322973,       51.02,
 139.896757,   35.322973,       51.16,
 139.901261,   35.322973,       51.18,
 139.905766,   35.322973,       51.12,
 139.910270,   35.322973,       51.01,
 139.914775,   35.322973,       50.87,
 139.919279,   35.322973,       50.71,
 139.923784,   35.322973,       50.53,
 139.928288,   35.322973,       50.33,
 139.932793,   35.322973,       50.12,
 139.937297,   35.322973,       49.90,
 139.941802,   35.322973,       49.68,
 139.946306,   35.322973,       49.45,
 139.950811,   35.322973,       49.21,
 139.955315,   35.322973,       48.98,
 139.959820,   35.322973,       48.74,
 139.964324,   35.322973,       48.50,
 139.968829,   35.322973,       48.26,
 139.973333,   35.322973,       48.02,
 139.977838,   35.322973,       47.78,
 139.982342,   35.322973,       47.54,
 139.986847,   35.322973,       47.30,
 139.991351,   35.322973,       47.06,
 139.995856,   35.322973,       46.82,
 140.000360,   35.322973,       46.59,
 140.004865,   35.322973,       46.37,
 140.009369,   35.322973,       46.15,
 140.013874,   35.322973,       45.94,
 140.018378,   35.322973,       45.73,
 140.022883,   35.322973,       45.53,
 140.027387,   35.322973,       45.34,
 140.031892,   35.322973,       45.15,
 140.036396,   35.322973,       44.96,
 140.040901,   35.322973,       44.78,
 140.045405,   35.322973,       44.61,
 140.049910,   35.322973,       44.43,
 140.054414,   35.322973,       44.26,
 140.058919,   35.322973,       44.10,
 140.063423,   35.322973,       43.94,
 140.067928,   35.322973,       43.78,
 140.072432,   35.322973,       43.63,
 140.076937,   35.322973,       43.48,
 140.081441,   35.322973,       43.33,
 140.085946,   35.322973,       43.19,
 140.090450,   35.322973,       43.05,
 140.094955,   35.322973,       42.91,
 140.099459,   35.322973,       42.78,
 140.103964,   35.322973,       42.65,
 140.108468,   35.322973,       42.53,
 140.112973,   35.322973,       42.41,
 140.117477,   35.322973,       42.29,
 140.121982,   35.322973,       42.18,
 140.126486,   35.322973,       42.07,
 140.130991,   35.322973,       41.96,
 140.135495,   35.322973,       41.86,
 140.140000,   35.322973,       41.76,
 140.144505,   35.322973,       41.67,
 140.149009,   35.322973,       41.57,
 140.153514,   35.322973,       41.48,
 140.158018,   35.322973,       41.40,
 140.162523,   35.322973,       41.31,
 140.167027,   35.322973,       41.23,
 140.171532,   35.322973,       41.15,
 140.176036,   35.322973,       41.08,
 140.180541,   35.322973,       41.00,
 140.185045,   35.322973,       40.93,
 140.189550,   35.322973,       40.86,
 140.194054,   35.322973,       40.80,
 140.198559,   35.322973,       40.73,
 140.203063,   35.322973,       40.67,
 140.207568,   35.322973,       40.60,
 140.212072,   35.322973,       40.54,
 140.216577,   35.322973,       40.48,
 140.221081,   35.322973,       40.42,
 140.225586,   35.322973,       40.37,
 140.230090,   35.322973,       40.31,
 140.234595,   35.322973,       40.26,
 140.239099,   35.322973,       40.21,
 140.243604,   35.322973,       40.16,
 140.248108,   35.322973,       40.11,
 140.252613,   35.322973,       40.06,
 140.257117,   35.322973,       40.02,
 140.261622,   35.322973,       39.97,
 140.266126,   35.322973,       39.93,
 140.270631,   35.322973,       39.89,
 140.275135,   35.322973,       39.84,
 140.279640,   35.322973,       39.77,
 140.284144,   35.322973,       39.69,
 140.288649,   35.322973,       39.59,
 140.293153,   35.322973,       39.48,
 140.297658,   35.322973,       39.36,
 140.302162,   35.322973,       39.31,
 140.306667,   35.322973,       39.27,
 140.311171,   35.322973,       39.23,
 140.315676,   35.322973,       39.18,
 140.320180,   35.322973,       39.14,
 140.324685,   35.322973,       39.09,
 140.329189,   35.322973,       39.04,
 140.333694,   35.322973,       39.00,
 140.338198,   35.322973,       38.95,
 140.342703,   35.322973,       38.90,
 140.347207,   35.322973,       38.85,
 140.351712,   35.322973,       38.80,
 140.356216,   35.322973,       38.75,
 140.360721,   35.322973,       38.70,
 140.365225,   35.322973,       38.64,
 140.369730,   35.322973,       38.59,
 140.374234,   35.322973,       38.54,
 140.378739,   35.322973,       38.48,
 140.383243,   35.322973,       38.43,
 140.387748,   35.322973,       38.37,
 139.140000,   35.327477,       73.09,
 139.144505,   35.327477,       72.11,
 139.149009,   35.327477,       71.17,
 139.153514,   35.327477,       70.27,
 139.158018,   35.327477,       69.40,
 139.162523,   35.327477,       68.57,
 139.167027,   35.327477,       67.78,
 139.171532,   35.327477,       67.02,
 139.176036,   35.327477,       66.31,
 139.180541,   35.327477,       65.62,
 139.185045,   35.327477,       64.98,
 139.189550,   35.327477,       64.37,
 139.194054,   35.327477,       63.80,
 139.198559,   35.327477,       63.27,
 139.203063,   35.327477,       62.78,
 139.207568,   35.327477,       62.32,
 139.212072,   35.327477,       61.90,
 139.216577,   35.327477,       61.51,
 139.221081,   35.327477,       61.16,
 139.225586,   35.327477,       60.85,
 139.230090,   35.327477,       60.58,
 139.234595,   35.327477,       60.35,
 139.239099,   35.327477,       60.15,
 139.243604,   35.327477,       59.98,
 139.248108,   35.327477,       59.86,
 139.252613,   35.327477,       59.77,
 139.257117,   35.327477,       59.72,
 139.261622,   35.327477,       59.71,
 139.266126,   35.327477,       59.73,
 139.270631,   35.327477,       59.84,
 139.275135,   35.327477,       60.98,
 139.279640,   35.327477,       61.66,
 139.284144,   35.327477,       60.81,
 139.288649,   35.327477,       58.48,
 139.293153,   35.327477,       56.17,
 139.297658,   35.327477,       53.89,
 139.302162,   35.327477,       51.63,
 139.306667,   35.327477,       49.38,
 139.311171,   35.327477,       47.14,
 139.315676,   35.327477,       44.88,
 139.320180,   35.327477,       42.58,
 139.324685,   35.327477,       40.90,
 139.329189,   35.327477,       39.52,
 139.333694,   35.327477,       38.58,
 139.338198,   35.327477,       38.54,
 139.342703,   35.327477,       39.10,
 139.347207,   35.327477,       39.72,
 139.351712,   35.327477,       40.39,
 139.356216,   35.327477,       41.04,
 139.360721,   35.327477,       41.58,
 139.365225,   35.327477,       41.68,
 139.369730,   35.327477,       41.13,
 139.374234,   35.327477,       40.55,
 139.378739,   35.327477,       39.96,
 139.383243,   35.327477,       39.36,
 139.387748,   35.327477,       38.74,
 139.392252,   35.327477,       38.12,
 139.396757,   35.327477,       37.52,
 139.401261,   35.327477,       36.94,
 139.405766,   35.327477,       36.41,
 139.410270,   35.327477,       35.96,
 139.414775,   35.327477,       35.63,
 139.419279,   35.327477,       35.23,
 139.423784,   35.327477,       34.73,
 139.428288,   35.327477,       34.15,
 139.432793,   35.327477,       33.50,
 139.437297,   35.327477,       32.79,
 139.441802,   35.327477,       32.00,
 139.446306,   35.327477,       31.13,
 139.450811,   35.327477,       30.17,
 139.455315,   35.327477,       29.16,
 139.459820,   35.327477,       28.61,
 139.464324,   35.327477,       28.37,
 139.468829,   35.327477,       28.35,
 139.473333,   35.327477,       28.55,
 139.477838,   35.327477,       28.92,
 139.482342,   35.327477,       29.45,
 139.486847,   35.327477,       30.12,
 139.491351,   35.327477,       30.95,
 139.495856,   35.327477,       31.98,
 139.500360,   35.327477,       33.21,
 139.504865,   35.327477,       34.66,
 139.509369,   35.327477,       36.31,
 139.513874,   35.327477,       38.06,
 139.518378,   35.327477,       39.90,
 139.522883,   35.327477,       41.84,
 139.527387,   35.327477,       43.87,
 139.531892,   35.327477,       46.02,
 139.536396,   35.327477,       48.25,
 139.540901,   35.327477,       50.49,
 139.545405,   35.327477,       52.67,
 139.549910,   35.327477,       54.60,
 139.554414,   35.327477,       56.33,
 139.558919,   35.327477,       57.83,
 139.563423,   35.327477,       59.01,
 139.567928,   35.327477,       59.76,
 139.572432,   35.327477,       60.17,
 139.576937,   35.327477,       60.54,
 139.581441,   35.327477,       60.84,
 139.585946,   35.327477,       61.06,
 139.590450,   35.327477,       61.21,
 139.594955,   35.327477,       61.26,
 139.599459,   35.327477,       61.24,
 139.603964,   35.327477,       61.17,
 139.608468,   35.327477,       61.16,
 139.612973,   35.327477,       61.26,
 139.617477,   35.327477,       61.62,
 139.621982,   35.327477,       62.57,
 139.626486,   35.327477,       65.24,
 139.630991,   35.327477,       71.98,
 139.635495,   35.327477,       71.79,
 139.640000,   35.327477,       49.19,
 139.644505,   35.327477,       38.42,
 139.649009,   35.327477,       35.46,
 139.653514,   35.327477,       33.97,
 139.658018,   35.327477,       33.92,
 139.662523,   35.327477,       34.40,
 139.667027,   35.327477,       35.05,
 139.671532,   35.327477,       35.80,
 139.676036,   35.327477,       36.43,
 139.680541,   35.327477,       36.69,
 139.685045,   35.327477,       36.87,
 139.689550,   35.327477,       36.27,
 139.694054,   35.327477,       35.62,
 139.698559,   35.327477,       34.91,
 139.703063,   35.327477,       33.96,
 139.707568,   35.327477,       33.02,
 139.712072,   35.327477,       32.12,
 139.716577,   35.327477,       31.43,
 139.721081,   35.327477,       31.12,
 139.725586,   35.327477,       30.95,
 139.730090,   35.327477,       31.03,
 139.734595,   35.327477,       31.35,
 139.739099,   35.327477,       31.79,
 139.743604,   35.327477,       32.29,
 139.748108,   35.327477,       32.87,
 139.752613,   35.327477,       33.41,
 139.757117,   35.327477,       34.01,
 139.761622,   35.327477,       34.53,
 139.766126,   35.327477,       34.92,
 139.770631,   35.327477,       35.23,
 139.775135,   35.327477,       35.60,
 139.779640,   35.327477,       36.03,
 139.784144,   35.327477,       36.48,
 139.788649,   35.327477,       37.08,
 139.793153,   35.327477,       37.70,
 139.797658,   35.327477,       38.25,
 139.802162,   35.327477,       38.95,
 139.806667,   35.327477,       39.82,
 139.811171,   35.327477,       40.75,
 139.815676,   35.327477,       41.57,
 139.820180,   35.327477,       42.78,
 139.824685,   35.327477,       44.62,
 139.829189,   35.327477,       46.91,
 139.833694,   35.327477,       48.84,
 139.838198,   35.327477,       49.47,
 139.842703,   35.327477,       49.72,
 139.847207,   35.327477,       49.86,
 139.851712,   35.327477,       49.35,
 139.856216,   35.327477,       48.80,
 139.860721,   35.327477,       48.51,
 139.865225,   35.327477,       48.40,
 139.869730,   35.327477,       48.51,
 139.874234,   35.327477,       48.79,
 139.878739,   35.327477,       49.25,
 139.883243,   35.327477,       49.84,
 139.887748,   35.327477,       50.51,
 139.892252,   35.327477,       50.92,
 139.896757,   35.327477,       51.10,
 139.901261,   35.327477,       51.15,
 139.905766,   35.327477,       51.10,
 139.910270,   35.327477,       51.00,
 139.914775,   35.327477,       50.87,
 139.919279,   35.327477,       50.71,
 139.923784,   35.327477,       50.53,
 139.928288,   35.327477,       50.34,
 139.932793,   35.327477,       50.13,
 139.937297,   35.327477,       49.92,
 139.941802,   35.327477,       49.70,
 139.946306,   35.327477,       49.47,
 139.950811,   35.327477,       49.24,
 139.955315,   35.327477,       49.01,
 139.959820,   35.327477,       48.78,
 139.964324,   35.327477,       48.55,
 139.968829,   35.327477,       48.31,
 139.973333,   35.327477,       48.08,
 139.977838,   35.327477,       47.84,
 139.982342,   35.327477,       47.60,
 139.986847,   35.327477,       47.37,
 139.991351,   35.327477,       47.13,
 139.995856,   35.327477,       46.90,
 140.000360,   35.327477,       46.68,
 140.004865,   35.327477,       46.46,
 140.009369,   35.327477,       46.25,
 140.013874,   35.327477,       46.04,
 140.018378,   35.327477,       45.84,
 140.022883,   35.327477,       45.65,
 140.027387,   35.327477,       45.46,
 140.031892,   35.327477,       45.27,
 140.036396,   35.327477,       45.09,
 140.040901,   35.327477,       44.92,
 140.045405,   35.327477,       44.75,
 140.049910,   35.327477,       44.58,
 140.054414,   35.327477,       44.41,
 140.058919,   35.327477,       44.25,
 140.063423,   35.327477,       44.10,
 140.067928,   35.327477,       43.94,
 140.072432,   35.327477,       43.79,
 140.076937,   35.327477,       43.65,
 140.081441,   35.327477,       43.51,
 140.085946,   35.327477,       43.37,
 140.090450,   35.327477,       43.23,
 140.094955,   35.327477,       43.10,
 140.099459,   35.327477,       42.97,
 140.103964,   35.327477,       42.85,
 140.108468,   35.327477,       42.73,
 140.112973,   35.327477,       42.61,
 140.117477,   35.327477,       42.49,
 140.121982,   35.327477,       42.38,
 140.126486,   35.327477,       42.28,
 140.130991,   35.327477,       42.17,
 140.135495,   35.327477,       42.08,
 140.140000,   35.327477,       41.98,
 140.144505,   35.327477,       41.89,
 140.149009,   35.327477,       41.80,
 140.153514,   35.327477,       41.71,
 140.158018,   35.327477,       41.62,
 140.162523,   35.327477,       41.54,
 140.167027,   35.327477,       41.46,
 140.171532,   35.327477,       41.38,
 140.176036,   35.327477,       41.31,
 140.180541,   35.327477,       41.24,
 140.185045,   35.327477,       41.17,
 140.189550,   35.327477,       41.10,
 140.194054,   35.327477,       41.03,
 140.198559,   35.327477,       40.97,
 140.203063,   35.327477,       40.90,
 140.207568,   35.327477,       40.84,
 140.212072,   35.327477,       40.78,
 140.216577,   35.327477,       40.72,
 140.221081,   35.327477,       40.66,
 140.225586,   35.327477,       40.60,
 140.230090,   35.327477,       40.55,
 140.234595,   35.327477,       40.50,
 140.239099,   35.327477,       40.44,
 140.243604,   35.327477,       40.39,
 140.248108,   35.327477,       40.34,
 140.252613,   35.327477,       40.30,
 140.257117,   35.327477,       40.25,
 140.261622,   35.327477,       40.20,
 140.266126,   35.327477,       40.16,
 140.270631,   35.327477,       40.11,
 140.275135,   35.327477,       40.05,
 140.279640,   35.327477,       39.97,
 140.284144,   35.327477,       39.87,
 140.288649,   35.327477,       39.76,
 140.293153,   35.327477,       39.64,
 140.297658,   35.327477,       39.56,
 140.302162,   35.327477,       39.52,
 140.306667,   35.327477,       39.48,
 140.311171,   35.327477,       39.43,
 140.315676,   35.327477,       39.39,
 140.320180,   35.327477,       39.34,
 140.324685,   35.327477,       39.30,
 140.329189,   35.327477,       39.25,
 140.333694,   35.327477,       39.20,
 140.338198,   35.327477,       39.15,
 140.342703,   35.327477,       39.10,
 140.347207,   35.327477,       39.06,
 140.351712,   35.327477,       39.01,
 140.356216,   35.327477,       38.95,
 140.360721,   35.327477,       38.90,
 140.365225,   35.327477,       38.85,
 140.369730,   35.327477,       38.80,
 140.374234,   35.327477,       38.75,
 140.378739,   35.327477,       38.69,
 140.383243,   35.327477,       38.64,
 140.387748,   35.327477,       38.58,
 139.140000,   35.331982,       72.61,
 139.144505,   35.331982,       71.62,
 139.149009,   35.331982,       70.66,
 139.153514,   35.331982,       69.74,
 139.158018,   35.331982,       68.86,
 139.162523,   35.331982,       68.02,
 139.167027,   35.331982,       67.21,
 139.171532,   35.331982,       66.44,
 139.176036,   35.331982,       65.71,
 139.180541,   35.331982,       65.01,
 139.185045,   35.331982,       64.35,
 139.189550,   35.331982,       63.73,
 139.194054,   35.331982,       63.15,
 139.198559,   35.331982,       62.60,
 139.203063,   35.331982,       62.09,
 139.207568,   35.331982,       61.62,
 139.212072,   35.331982,       61.18,
 139.216577,   35.331982,       60.78,
 139.221081,   35.331982,       60.42,
 139.225586,   35.331982,       60.09,
 139.230090,   35.331982,       59.81,
 139.234595,   35.331982,       59.56,
 139.239099,   35.331982,       59.34,
 139.243604,   35.331982,       59.17,
 139.248108,   35.331982,       59.03,
 139.252613,   35.331982,       58.92,
 139.257117,   35.331982,       58.86,
 139.261622,   35.331982,       58.83,
 139.266126,   35.331982,       58.84,
 139.270631,   35.331982,       58.89,
 139.275135,   35.331982,       58.97,
 139.279640,   35.331982,       59.69,
 139.284144,   35.331982,       60.60,
 139.288649,   35.331982,       60.85,
 139.293153,   35.331982,       59.05,
 139.297658,   35.331982,       56.84,
 139.302162,   35.331982,       54.65,
 139.306667,   35.331982,       52.50,
 139.311171,   35.331982,       50.38,
 139.315676,   35.331982,       48.29,
 139.320180,   35.331982,       46.22,
 139.324685,   35.331982,       44.17,
 139.329189,   35.331982,       42.15,
 139.333694,   35.331982,       40.69,
 139.338198,   35.331982,       39.51,
 139.342703,   35.331982,       38.68,
 139.347207,   35.331982,       38.45,
 139.351712,   35.331982,       38.88,
 139.356216,   35.331982,       39.33,
 139.360721,   35.331982,       39.75,
 139.365225,   35.331982,       40.13,
 139.369730,   35.331982,       40.43,
 139.374234,   35.331982,       40.60,
 139.378739,   35.331982,       40.39,
 139.383243,   35.331982,       39.87,
 139.387748,   35.331982,       39.32,
 139.392252,   35.331982,       38.77,
 139.396757,   35.331982,       38.23,
 139.401261,   35.331982,       37.70,
 139.405766,   35.331982,       37.15,
 139.410270,   35.331982,       36.57,
 139.414775,   35.331982,       35.96,
 139.419279,   35.331982,       35.36,
 139.423784,   35.331982,       34.73,
 139.428288,   35.331982,       34.09,
 139.432793,   35.331982,       33.41,
 139.437297,   35.331982,       32.68,
 139.441802,   35.331982,       31.93,
 139.446306,   35.331982,       31.15,
 139.450811,   35.331982,       30.44,
 139.455315,   35.331982,       30.07,
 139.459820,   35.331982,       29.91,
 139.464324,   35.331982,       29.88,
 139.468829,   35.331982,       29.93,
 139.473333,   35.331982,       30.04,
 139.477838,   35.331982,       30.20,
 139.482342,   35.331982,       30.48,
 139.486847,   35.331982,       30.89,
 139.491351,   35.331982,       31.44,
 139.495856,   35.331982,       32.16,
 139.500360,   35.331982,       33.03,
 139.504865,   35.331982,       34.07,
 139.509369,   35.331982,       35.27,
 139.513874,   35.331982,       36.64,
 139.518378,   35.331982,       38.19,
 139.522883,   35.331982,       39.90,
 139.527387,   35.331982,       41.71,
 139.531892,   35.331982,       43.58,
 139.536396,   35.331982,       45.48,
 139.540901,   35.331982,       47.38,
 139.545405,   35.331982,       49.24,
 139.549910,   35.331982,       51.04,
 139.554414,   35.331982,       52.83,
 139.558919,   35.331982,       54.49,
 139.563423,   35.331982,       55.94,
 139.567928,   35.331982,       57.12,
 139.572432,   35.331982,       57.93,
 139.576937,   35.331982,       58.37,
 139.581441,   35.331982,       58.68,
 139.585946,   35.331982,       58.93,
 139.590450,   35.331982,       59.13,
 139.594955,   35.331982,       59.29,
 139.599459,   35.331982,       59.37,
 139.603964,   35.331982,       59.39,
 139.608468,   35.331982,       59.41,
 139.612973,   35.331982,       59.52,
 139.617477,   35.331982,       59.82,
 139.621982,   35.331982,       60.52,
 139.626486,   35.331982,       62.30,
 139.630991,   35.331982,       66.02,
 139.635495,   35.331982,       51.41,
 139.640000,   35.331982,       41.28,
 139.644505,   35.331982,       37.43,
 139.649009,   35.331982,       35.44,
 139.653514,   35.331982,       34.14,
 139.658018,   35.331982,       34.47,
 139.662523,   35.331982,       34.96,
 139.667027,   35.331982,       35.64,
 139.671532,   35.331982,       36.30,
 139.676036,   35.331982,       36.63,
 139.680541,   35.331982,       36.83,
 139.685045,   35.331982,       36.61,
 139.689550,   35.331982,       36.08,
 139.694054,   35.331982,       35.35,
 139.698559,   35.331982,       34.51,
 139.703063,   35.331982,       33.61,
 139.707568,   35.331982,       32.72,
 139.712072,   35.331982,       31.87,
 139.716577,   35.331982,       31.26,
 139.721081,   35.331982,       31.12,
 139.725586,   35.331982,       31.03,
 139.730090,   35.331982,       31.09,
 139.734595,   35.331982,       31.51,
 139.739099,   35.331982,       31.97,
 139.743604,   35.331982,       32.56,
 139.748108,   35.331982,       33.21,
 139.752613,   35.331982,       33.88,
 139.757117,   35.331982,       34.53,
 139.761622,   35.331982,       35.01,
 139.766126,   35.331982,       35.41,
 139.770631,   35.331982,       35.71,
 139.775135,   35.331982,       36.03,
 139.779640,   35.331982,       36.46,
 139.784144,   35.331982,       36.91,
 139.788649,   35.331982,       37.40,
 139.793153,   35.331982,       37.94,
 139.797658,   35.331982,       38.44,
 139.802162,   35.331982,       38.95,
 139.806667,   35.331982,       39.71,
 139.811171,   35.331982,       40.63,
 139.815676,   35.331982,       41.56,
 139.820180,   35.331982,       42.69,
 139.824685,   35.331982,       44.45,
 139.829189,   35.331982,       46.19,
 139.833694,   35.331982,       47.76,
 139.838198,   35.331982,       49.26,
 139.842703,   35.331982,       50.38,
 139.847207,   35.331982,       51.05,
 139.851712,   35.331982,       50.62,
 139.856216,   35.331982,       49.84,
 139.860721,   35.331982,       49.27,
 139.865225,   35.331982,       48.98,
 139.869730,   35.331982,       48.88,
 139.874234,   35.331982,       48.99,
 139.878739,   35.331982,       49.27,
 139.883243,   35.331982,       49.71,
 139.887748,   35.331982,       50.29,
 139.892252,   35.331982,       50.81,
 139.896757,   35.331982,       51.05,
 139.901261,   35.331982,       51.13,
 139.905766,   35.331982,       51.10,
 139.910270,   35.331982,       51.01,
 139.914775,   35.331982,       50.87,
 139.919279,   35.331982,       50.71,
 139.923784,   35.331982,       50.54,
 139.928288,   35.331982,       50.35,
 139.932793,   35.331982,       50.15,
 139.937297,   35.331982,       49.94,
 139.941802,   35.331982,       49.72,
 139.946306,   35.331982,       49.50,
 139.950811,   35.331982,       49.28,
 139.955315,   35.331982,       49.05,
 139.959820,   35.331982,       48.82,
 139.964324,   35.331982,       48.59,
 139.968829,   35.331982,       48.36,
 139.973333,   35.331982,       48.13,
 139.977838,   35.331982,       47.90,
 139.982342,   35.331982,       47.67,
 139.986847,   35.331982,       47.44,
 139.991351,   35.331982,       47.21,
 139.995856,   35.331982,       46.98,
 140.000360,   35.331982,       46.76,
 140.004865,   35.331982,       46.55,
 140.009369,   35.331982,       46.34,
 140.013874,   35.331982,       46.15,
 140.018378,   35.331982,       45.95,
 140.022883,   35.331982,       45.76,
 140.027387,   35.331982,       45.58,
 140.031892,   35.331982,       45.40,
 140.036396,   35.331982,       45.22,
 140.040901,   35.331982,       45.05,
 140.045405,   35.331982,       44.89,
 140.049910,   35.331982,       44.72,
 140.054414,   35.331982,       44.56,
 140.058919,   35.331982,       44.41,
 140.063423,   35.331982,       44.25,
 140.067928,   35.331982,       44.11,
 140.072432,   35.331982,       43.96,
 140.076937,   35.331982,       43.82,
 140.081441,   35.331982,       43.68,
 140.085946,   35.331982,       43.54,
 140.090450,   35.331982,       43.41,
 140.094955,   35.331982,       43.29,
 140.099459,   35.331982,       43.16,
 140.103964,   35.331982,       43.04,
 140.108468,   35.331982,       42.92,
 140.112973,   35.331982,       42.81,
 140.117477,   35.331982,       42.70,
 140.121982,   35.331982,       42.59,
 140.126486,   35.331982,       42.49,
 140.130991,   35.331982,       42.39,
 140.135495,   35.331982,       42.29,
 140.140000,   35.331982,       42.20,
 140.144505,   35.331982,       42.11,
 140.149009,   35.331982,       42.02,
 140.153514,   35.331982,       41.93,
 140.158018,   35.331982,       41.85,
 140.162523,   35.331982,       41.77,
 140.167027,   35.331982,       41.69,
 140.171532,   35.331982,       41.61,
 140.176036,   35.331982,       41.54,
 140.180541,   35.331982,       41.47,
 140.185045,   35.331982,       41.40,
 140.189550,   35.331982,       41.33,
 140.194054,   35.331982,       41.26,
 140.198559,   35.331982,       41.20,
 140.203063,   35.331982,       41.13,
 140.207568,   35.331982,       41.07,
 140.212072,   35.331982,       41.01,
 140.216577,   35.331982,       40.95,
 140.221081,   35.331982,       40.89,
 140.225586,   35.331982,       40.84,
 140.230090,   35.331982,       40.78,
 140.234595,   35.331982,       40.73,
 140.239099,   35.331982,       40.68,
 140.243604,   35.331982,       40.62,
 140.248108,   35.331982,       40.57,
 140.252613,   35.331982,       40.52,
 140.257117,   35.331982,       40.48,
 140.261622,   35.331982,       40.43,
 140.266126,   35.331982,       40.38,
 140.270631,   35.331982,       40.32,
 140.275135,   35.331982,       40.24,
 140.279640,   35.331982,       40.14,
 140.284144,   35.331982,       40.03,
 140.288649,   35.331982,       39.91,
 140.293153,   35.331982,       39.81,
 140.297658,   35.331982,       39.77,
 140.302162,   35.331982,       39.72,
 140.306667,   35.331982,       39.68,
 140.311171,   35.331982,       39.64,
 140.315676,   35.331982,       39.59,
 140.320180,   35.331982,       39.55,
 140.324685,   35.331982,       39.50,
 140.329189,   35.331982,       39.46,
 140.333694,   35.331982,       39.41,
 140.338198,   35.331982,       39.36,
 140.342703,   35.331982,       39.31,
 140.347207,   35.331982,       39.26,
 140.351712,   35.331982,       39.21,
 140.356216,   35.331982,       39.16,
 140.360721,   35.331982,       39.11,
 140.365225,   35.331982,       39.06,
 140.369730,   35.331982,       39.01,
 140.374234,   35.331982,       38.96,
 140.378739,   35.331982,       38.90,
 140.383243,   35.331982,       38.85,
 140.387748,   35.331982,       38.79,
 139.140000,   35.336486,       72.09,
 139.144505,   35.336486,       71.08,
 139.149009,   35.336486,       70.11,
 139.153514,   35.336486,       69.18,
 139.158018,   35.336486,       68.28,
 139.162523,   35.336486,       67.43,
 139.167027,   35.336486,       66.60,
 139.171532,   35.336486,       65.82,
 139.176036,   35.336486,       65.07,
 139.180541,   35.336486,       64.36,
 139.185045,   35.336486,       63.69,
 139.189550,   35.336486,       63.05,
 139.194054,   35.336486,       62.45,
 139.198559,   35.336486,       61.89,
 139.203063,   35.336486,       61.37,
 139.207568,   35.336486,       60.88,
 139.212072,   35.336486,       60.43,
 139.216577,   35.336486,       60.01,
 139.221081,   35.336486,       59.64,
 139.225586,   35.336486,       59.30,
 139.230090,   35.336486,       58.99,
 139.234595,   35.336486,       58.73,
 139.239099,   35.336486,       58.50,
 139.243604,   35.336486,       58.31,
 139.248108,   35.336486,       58.16,
 139.252613,   35.336486,       58.04,
 139.257117,   35.336486,       57.96,
 139.261622,   35.336486,       57.92,
 139.266126,   35.336486,       57.91,
 139.270631,   35.336486,       57.94,
 139.275135,   35.336486,       58.01,
 139.279640,   35.336486,       58.12,
 139.284144,   35.336486,       58.36,
 139.288649,   35.336486,       59.42,
 139.293153,   35.336486,       60.05,
 139.297658,   35.336486,       59.50,
 139.302162,   35.336486,       57.37,
 139.306667,   35.336486,       55.27,
 139.311171,   35.336486,       53.20,
 139.315676,   35.336486,       51.16,
 139.320180,   35.336486,       49.17,
 139.324685,   35.336486,       47.21,
 139.329189,   35.336486,       45.30,
 139.333694,   35.336486,       43.43,
 139.338198,   35.336486,       41.63,
 139.342703,   35.336486,       40.33,
 139.347207,   35.336486,       39.27,
 139.351712,   35.336486,       38.47,
 139.356216,   35.336486,       38.09,
 139.360721,   35.336486,       38.32,
 139.365225,   35.336486,       38.66,
 139.369730,   35.336486,       38.97,
 139.374234,   35.336486,       39.26,
 139.378739,   35.336486,       39.50,
 139.383243,   35.336486,       39.65,
 139.387748,   35.336486,       39.59,
 139.392252,   35.336486,       39.17,
 139.396757,   35.336486,       38.66,
 139.401261,   35.336486,       38.11,
 139.405766,   35.336486,       37.51,
 139.410270,   35.336486,       36.90,
 139.414775,   35.336486,       36.27,
 139.419279,   35.336486,       35.63,
 139.423784,   35.336486,       35.00,
 139.428288,   35.336486,       34.33,
 139.432793,   35.336486,       33.65,
 139.437297,   35.336486,       32.95,
 139.441802,   35.336486,       32.23,
 139.446306,   35.336486,       31.59,
 139.450811,   35.336486,       31.17,
 139.455315,   35.336486,       30.91,
 139.459820,   35.336486,       30.76,
 139.464324,   35.336486,       30.70,
 139.468829,   35.336486,       30.72,
 139.473333,   35.336486,       30.80,
 139.477838,   35.336486,       30.95,
 139.482342,   35.336486,       31.16,
 139.486847,   35.336486,       31.43,
 139.491351,   35.336486,       31.80,
 139.495856,   35.336486,       32.31,
 139.500360,   35.336486,       32.96,
 139.504865,   35.336486,       33.74,
 139.509369,   35.336486,       34.67,
 139.513874,   35.336486,       35.73,
 139.518378,   35.336486,       36.93,
 139.522883,   35.336486,       38.28,
 139.527387,   35.336486,       39.78,
 139.531892,   35.336486,       41.43,
 139.536396,   35.336486,       43.11,
 139.540901,   35.336486,       44.78,
 139.545405,   35.336486,       46.43,
 139.549910,   35.336486,       48.03,
 139.554414,   35.336486,       49.62,
 139.558919,   35.336486,       51.23,
 139.563423,   35.336486,       52.81,
 139.567928,   35.336486,       54.20,
 139.572432,   35.336486,       55.33,
 139.576937,   35.336486,       56.13,
 139.581441,   35.336486,       56.54,
 139.585946,   35.336486,       56.76,
 139.590450,   35.336486,       56.95,
 139.594955,   35.336486,       57.11,
 139.599459,   35.336486,       57.24,
 139.603964,   35.336486,       57.29,
 139.608468,   35.336486,       57.26,
 139.612973,   35.336486,       57.23,
 139.617477,   35.336486,       57.20,
 139.621982,   35.336486,       56.92,
 139.626486,   35.336486,       55.76,
 139.630991,   35.336486,       54.73,
 139.635495,   35.336486,       41.30,
 139.640000,   35.336486,       38.49,
 139.644505,   35.336486,       36.54,
 139.649009,   35.336486,       34.73,
 139.653514,   35.336486,       34.55,
 139.658018,   35.336486,       34.87,
 139.662523,   35.336486,       35.44,
 139.667027,   35.336486,       36.13,
 139.671532,   35.336486,       36.57,
 139.676036,   35.336486,       36.84,
 139.680541,   35.336486,       36.78,
 139.685045,   35.336486,       36.39,
 139.689550,   35.336486,       35.92,
 139.694054,   35.336486,       35.01,
 139.698559,   35.336486,       34.10,
 139.703063,   35.336486,       33.21,
 139.707568,   35.336486,       32.44,
 139.712072,   35.336486,       31.69,
 139.716577,   35.336486,       31.23,
 139.721081,   35.336486,       31.10,
 139.725586,   35.336486,       31.01,
 139.730090,   35.336486,       31.26,
 139.734595,   35.336486,       31.64,
 139.739099,   35.336486,       32.18,
 139.743604,   35.336486,       32.80,
 139.748108,   35.336486,       33.55,
 139.752613,   35.336486,       34.36,
 139.757117,   35.336486,       34.99,
 139.761622,   35.336486,       35.56,
 139.766126,   35.336486,       35.86,
 139.770631,   35.336486,       36.15,
 139.775135,   35.336486,       36.47,
 139.779640,   35.336486,       36.88,
 139.784144,   35.336486,       37.30,
 139.788649,   35.336486,       37.74,
 139.793153,   35.336486,       38.14,
 139.797658,   35.336486,       38.60,
 139.802162,   35.336486,       39.09,
 139.806667,   35.336486,       39.63,
 139.811171,   35.336486,       40.46,
 139.815676,   35.336486,       41.37,
 139.820180,   35.336486,       42.29,
 139.824685,   35.336486,       43.68,
 139.829189,   35.336486,       45.22,
 139.833694,   35.336486,       46.71,
 139.838198,   35.336486,       48.21,
 139.842703,   35.336486,       49.70,
 139.847207,   35.336486,       51.18,
 139.851712,   35.336486,       51.84,
 139.856216,   35.336486,       50.79,
 139.860721,   35.336486,       50.06,
 139.865225,   35.336486,       49.59,
 139.869730,   35.336486,       49.36,
 139.874234,   35.336486,       49.31,
 139.878739,   35.336486,       49.41,
 139.883243,   35.336486,       49.68,
 139.887748,   35.336486,       50.11,
 139.892252,   35.336486,       50.67,
 139.896757,   35.336486,       50.99,
 139.901261,   35.336486,       51.12,
 139.905766,   35.336486,       51.11,
 139.910270,   35.336486,       51.02,
 139.914775,   35.336486,       50.89,
 139.919279,   35.336486,       50.73,
 139.923784,   35.336486,       50.56,
 139.928288,   35.336486,       50.37,
 139.932793,   35.336486,       50.17,
 139.937297,   35.336486,       49.96,
 139.941802,   35.336486,       49.75,
 139.946306,   35.336486,       49.53,
 139.950811,   35.336486,       49.31,
 139.955315,   35.336486,       49.09,
 139.959820,   35.336486,       48.86,
 139.964324,   35.336486,       48.64,
 139.968829,   35.336486,       48.41,
 139.973333,   35.336486,       48.19,
 139.977838,   35.336486,       47.96,
 139.982342,   35.336486,       47.74,
 139.986847,   35.336486,       47.51,
 139.991351,   35.336486,       47.28,
 139.995856,   35.336486,       47.06,
 140.000360,   35.336486,       46.85,
 140.004865,   35.336486,       46.64,
 140.009369,   35.336486,       46.44,
 140.013874,   35.336486,       46.25,
 140.018378,   35.336486,       46.06,
 140.022883,   35.336486,       45.88,
 140.027387,   35.336486,       45.70,
 140.031892,   35.336486,       45.53,
 140.036396,   35.336486,       45.36,
 140.040901,   35.336486,       45.19,
 140.045405,   35.336486,       45.03,
 140.049910,   35.336486,       44.87,
 140.054414,   35.336486,       44.71,
 140.058919,   35.336486,       44.56,
 140.063423,   35.336486,       44.41,
 140.067928,   35.336486,       44.27,
 140.072432,   35.336486,       44.13,
 140.076937,   35.336486,       43.99,
 140.081441,   35.336486,       43.85,
 140.085946,   35.336486,       43.72,
 140.090450,   35.336486,       43.60,
 140.094955,   35.336486,       43.47,
 140.099459,   35.336486,       43.35,
 140.103964,   35.336486,       43.23,
 140.108468,   35.336486,       43.12,
 140.112973,   35.336486,       43.01,
 140.117477,   35.336486,       42.90,
 140.121982,   35.336486,       42.80,
 140.126486,   35.336486,       42.70,
 140.130991,   35.336486,       42.60,
 140.135495,   35.336486,       42.51,
 140.140000,   35.336486,       42.42,
 140.144505,   35.336486,       42.33,
 140.149009,   35.336486,       42.24,
 140.153514,   35.336486,       42.16,
 140.158018,   35.336486,       42.07,
 140.162523,   35.336486,       41.99,
 140.167027,   35.336486,       41.92,
 140.171532,   35.336486,       41.84,
 140.176036,   35.336486,       41.77,
 140.180541,   35.336486,       41.70,
 140.185045,   35.336486,       41.63,
 140.189550,   35.336486,       41.56,
 140.194054,   35.336486,       41.50,
 140.198559,   35.336486,       41.43,
 140.203063,   35.336486,       41.37,
 140.207568,   35.336486,       41.30,
 140.212072,   35.336486,       41.24,
 140.216577,   35.336486,       41.18,
 140.221081,   35.336486,       41.13,
 140.225586,   35.336486,       41.07,
 140.230090,   35.336486,       41.01,
 140.234595,   35.336486,       40.96,
 140.239099,   35.336486,       40.91,
 140.243604,   35.336486,       40.85,
 140.248108,   35.336486,       40.80,
 140.252613,   35.336486,       40.75,
 140.257117,   35.336486,       40.70,
 140.261622,   35.336486,       40.65,
 140.266126,   35.336486,       40.60,
 140.270631,   35.336486,       40.52,
 140.275135,   35.336486,       40.42,
 140.279640,   35.336486,       40.31,
 140.284144,   35.336486,       40.19,
 140.288649,   35.336486,       40.06,
 140.293153,   35.336486,       40.01,
 140.297658,   35.336486,       39.97,
 140.302162,   35.336486,       39.93,
 140.306667,   35.336486,       39.89,
 140.311171,   35.336486,       39.84,
 140.315676,   35.336486,       39.80,
 140.320180,   35.336486,       39.75,
 140.324685,   35.336486,       39.71,
 140.329189,   35.336486,       39.66,
 140.333694,   35.336486,       39.62,
 140.338198,   35.336486,       39.57,
 140.342703,   35.336486,       39.52,
 140.347207,   35.336486,       39.47,
 140.351712,   35.336486,       39.42,
 140.356216,   35.336486,       39.37,
 140.360721,   35.336486,       39.32,
 140.365225,   35.336486,       39.27,
 140.369730,   35.336486,       39.22,
 140.374234,   35.336486,       39.17,
 140.378739,   35.336486,       39.11,
 140.383243,   35.336486,       39.06,
 140.387748,   35.336486,       39.00,
 139.140000,   35.340991,       70.51,
 139.144505,   35.340991,       70.51,
 139.149009,   35.340991,       69.53,
 139.153514,   35.340991,       68.58,
 139.158018,   35.340991,       67.67,
 139.162523,   35.340991,       66.80,
 139.167027,   35.340991,       65.96,
 139.171532,   35.340991,       65.16,
 139.176036,   35.340991,       64.40,
 139.180541,   35.340991,       63.67,
 139.185045,   35.340991,       62.99,
 139.189550,   35.340991,       62.33,
 139.194054,   35.340991,       61.72,
 139.198559,   35.340991,       61.14,
 139.203063,   35.340991,       60.60,
 139.207568,   35.340991,       60.10,
 139.212072,   35.340991,       59.64,
 139.216577,   35.340991,       59.21,
 139.221081,   35.340991,       58.82,
 139.225586,   35.340991,       58.46,
 139.230090,   35.340991,       58.15,
 139.234595,   35.340991,       57.87,
 139.239099,   35.340991,       57.62,
 139.243604,   35.340991,       57.42,
 139.248108,   35.340991,       57.25,
 139.252613,   35.340991,       57.12,
 139.257117,   35.340991,       57.02,
 139.261622,   35.340991,       56.96,
 139.266126,   35.340991,       56.94,
 139.270631,   35.340991,       56.96,
 139.275135,   35.340991,       57.01,
 139.279640,   35.340991,       57.11,
 139.284144,   35.340991,       57.23,
 139.288649,   35.340991,       57.40,
 139.293153,   35.340991,       58.18,
 139.297658,   35.340991,       59.03,
 139.302162,   35.340991,       59.28,
 139.306667,   35.340991,       57.80,
 139.311171,   35.340991,       55.76,
 139.315676,   35.340991,       53.76,
 139.320180,   35.340991,       51.79,
 139.324685,   35.340991,       49.87,
 139.329189,   35.340991,       47.99,
 139.333694,   35.340991,       46.15,
 139.338198,   35.340991,       44.37,
 139.342703,   35.340991,       42.63,
 139.347207,   35.340991,       41.00,
 139.351712,   35.340991,       39.80,
 139.356216,   35.340991,       38.82,
 139.360721,   35.340991,       38.07,
 139.365225,   35.340991,       37.67,
 139.369730,   35.340991,       37.77,
 139.374234,   35.340991,       38.04,
 139.378739,   35.340991,       38.29,
 139.383243,   35.340991,       38.52,
 139.387748,   35.340991,       38.69,
 139.392252,   35.340991,       38.78,
 139.396757,   35.340991,       38.71,
 139.401261,   35.340991,       38.37,
 139.405766,   35.340991,       37.83,
 139.410270,   35.340991,       37.26,
 139.414775,   35.340991,       36.65,
 139.419279,   35.340991,       36.02,
 139.423784,   35.340991,       35.37,
 139.428288,   35.340991,       34.71,
 139.432793,   35.340991,       34.04,
 139.437297,   35.340991,       33.37,
 139.441802,   35.340991,       32.74,
 139.446306,   35.340991,       32.26,
 139.450811,   35.340991,       31.90,
 139.455315,   35.340991,       31.64,
 139.459820,   35.340991,       31.46,
 139.464324,   35.340991,       31.35,
 139.468829,   35.340991,       31.31,
 139.473333,   35.340991,       31.33,
 139.477838,   35.340991,       31.42,
 139.482342,   35.340991,       31.56,
 139.486847,   35.340991,       31.77,
 139.491351,   35.340991,       32.05,
 139.495856,   35.340991,       32.40,
 139.500360,   35.340991,       32.86,
 139.504865,   35.340991,       33.45,
 139.509369,   35.340991,       34.18,
 139.513874,   35.340991,       35.03,
 139.518378,   35.340991,       36.00,
 139.522883,   35.340991,       37.08,
 139.527387,   35.340991,       38.29,
 139.531892,   35.340991,       39.61,
 139.536396,   35.340991,       41.01,
 139.540901,   35.340991,       42.51,
 139.545405,   35.340991,       44.01,
 139.549910,   35.340991,       45.47,
 139.554414,   35.340991,       46.91,
 139.558919,   35.340991,       48.34,
 139.563423,   35.340991,       49.79,
 139.567928,   35.340991,       51.25,
 139.572432,   35.340991,       52.56,
 139.576937,   35.340991,       53.62,
 139.581441,   35.340991,       54.33,
 139.585946,   35.340991,       54.65,
 139.590450,   35.340991,       54.73,
 139.594955,   35.340991,       54.79,
 139.599459,   35.340991,       54.83,
 139.603964,   35.340991,       54.81,
 139.608468,   35.340991,       54.63,
 139.612973,   35.340991,       54.23,
 139.617477,   35.340991,       53.57,
 139.621982,   35.340991,       52.41,
 139.626486,   35.340991,       50.15,
 139.630991,   35.340991,       45.40,
 139.635495,   35.340991,       40.43,
 139.640000,   35.340991,       37.71,
 139.644505,   35.340991,       36.06,
 139.649009,   35.340991,       34.94,
 139.653514,   35.340991,       34.80,
 139.658018,   35.340991,       35.10,
 139.662523,   35.340991,       35.74,
 139.667027,   35.340991,       36.30,
 139.671532,   35.340991,       36.76,
 139.676036,   35.340991,       36.85,
 139.680541,   35.340991,       36.67,
 139.685045,   35.340991,       36.19,
 139.689550,   35.340991,       35.45,
 139.694054,   35.340991,       34.59,
 139.698559,   35.340991,       33.69,
 139.703063,   35.340991,       32.85,
 139.707568,   35.340991,       32.20,
 139.712072,   35.340991,       31.57,
 139.716577,   35.340991,       31.17,
 139.721081,   35.340991,       31.07,
 139.725586,   35.340991,       31.06,
 139.730090,   35.340991,       31.39,
 139.734595,   35.340991,       31.79,
 139.739099,   35.340991,       32.34,
 139.743604,   35.340991,       33.03,
 139.748108,   35.340991,       33.87,
 139.752613,   35.340991,       34.72,
 139.757117,   35.340991,       35.50,
 139.761622,   35.340991,       36.00,
 139.766126,   35.340991,       36.32,
 139.770631,   35.340991,       36.57,
 139.775135,   35.340991,       36.89,
 139.779640,   35.340991,       37.23,
 139.784144,   35.340991,       37.62,
 139.788649,   35.340991,       38.01,
 139.793153,   35.340991,       38.36,
 139.797658,   35.340991,       38.73,
 139.802162,   35.340991,       39.18,
 139.806667,   35.340991,       39.69,
 139.811171,   35.340991,       40.29,
 139.815676,   35.340991,       41.08,
 139.820180,   35.340991,       41.96,
 139.824685,   35.340991,       43.04,
 139.829189,   35.340991,       44.45,
 139.833694,   35.340991,       45.85,
 139.838198,   35.340991,       47.27,
 139.842703,   35.340991,       48.72,
 139.847207,   35.340991,       50.19,
 139.851712,   35.340991,       51.03,
 139.856216,   35.340991,       51.16,
 139.860721,   35.340991,       50.64,
 139.865225,   35.340991,       50.19,
 139.869730,   35.340991,       49.86,
 139.874234,   35.340991,       49.72,
 139.878739,   35.340991,       49.70,
 139.883243,   35.340991,       49.79,
 139.887748,   35.340991,       50.05,
 139.892252,   35.340991,       50.47,
 139.896757,   35.340991,       50.92,
 139.901261,   35.340991,       51.11,
 139.905766,   35.340991,       51.13,
 139.910270,   35.340991,       51.05,
 139.914775,   35.340991,       50.91,
 139.919279,   35.340991,       50.75,
 139.923784,   35.340991,       50.58,
 139.928288,   35.340991,       50.39,
 139.932793,   35.340991,       50.20,
 139.937297,   35.340991,       49.99,
 139.941802,   35.340991,       49.78,
 139.946306,   35.340991,       49.57,
 139.950811,   35.340991,       49.35,
 139.955315,   35.340991,       49.13,
 139.959820,   35.340991,       48.91,
 139.964324,   35.340991,       48.69,
 139.968829,   35.340991,       48.47,
 139.973333,   35.340991,       48.25,
 139.977838,   35.340991,       48.03,
 139.982342,   35.340991,       47.80,
 139.986847,   35.340991,       47.58,
 139.991351,   35.340991,       47.36,
 139.995856,   35.340991,       47.15,
 140.000360,   35.340991,       46.94,
 140.004865,   35.340991,       46.74,
 140.009369,   35.340991,       46.54,
 140.013874,   35.340991,       46.36,
 140.018378,   35.340991,       46.17,
 140.022883,   35.340991,       46.00,
 140.027387,   35.340991,       45.82,
 140.031892,   35.340991,       45.65,
 140.036396,   35.340991,       45.49,
 140.040901,   35.340991,       45.33,
 140.045405,   35.340991,       45.17,
 140.049910,   35.340991,       45.01,
 140.054414,   35.340991,       44.86,
 140.058919,   35.340991,       44.72,
 140.063423,   35.340991,       44.57,
 140.067928,   35.340991,       44.43,
 140.072432,   35.340991,       44.29,
 140.076937,   35.340991,       44.16,
 140.081441,   35.340991,       44.03,
 140.085946,   35.340991,       43.90,
 140.090450,   35.340991,       43.78,
 140.094955,   35.340991,       43.66,
 140.099459,   35.340991,       43.54,
 140.103964,   35.340991,       43.43,
 140.108468,   35.340991,       43.32,
 140.112973,   35.340991,       43.21,
 140.117477,   35.340991,       43.10,
 140.121982,   35.340991,       43.00,
 140.126486,   35.340991,       42.91,
 140.130991,   35.340991,       42.81,
 140.135495,   35.340991,       42.72,
 140.140000,   35.340991,       42.63,
 140.144505,   35.340991,       42.55,
 140.149009,   35.340991,       42.46,
 140.153514,   35.340991,       42.38,
 140.158018,   35.340991,       42.30,
 140.162523,   35.340991,       42.22,
 140.167027,   35.340991,       42.15,
 140.171532,   35.340991,       42.07,
 140.176036,   35.340991,       42.00,
 140.180541,   35.340991,       41.93,
 140.185045,   35.340991,       41.86,
 140.189550,   35.340991,       41.79,
 140.194054,   35.340991,       41.73,
 140.198559,   35.340991,       41.66,
 140.203063,   35.340991,       41.60,
 140.207568,   35.340991,       41.54,
 140.212072,   35.340991,       41.47,
 140.216577,   35.340991,       41.42,
 140.221081,   35.340991,       41.36,
 140.225586,   35.340991,       41.30,
 140.230090,   35.340991,       41.24,
 140.234595,   35.340991,       41.19,
 140.239099,   35.340991,       41.13,
 140.243604,   35.340991,       41.08,
 140.248108,   35.340991,       41.03,
 140.252613,   35.340991,       40.97,
 140.257117,   35.340991,       40.92,
 140.261622,   35.340991,       40.87,
 140.266126,   35.340991,       40.80,
 140.270631,   35.340991,       40.70,
 140.275135,   35.340991,       40.59,
 140.279640,   35.340991,       40.47,
 140.284144,   35.340991,       40.34,
 140.288649,   35.340991,       40.26,
 140.293153,   35.340991,       40.22,
 140.297658,   35.340991,       40.18,
 140.302162,   35.340991,       40.14,
 140.306667,   35.340991,       40.09,
 140.311171,   35.340991,       40.05,
 140.315676,   35.340991,       40.01,
 140.320180,   35.340991,       39.96,
 140.324685,   35.340991,       39.92,
 140.329189,   35.340991,       39.87,
 140.333694,   35.340991,       39.82,
 140.338198,   35.340991,       39.78,
 140.342703,   35.340991,       39.73,
 140.347207,   35.340991,       39.68,
 140.351712,   35.340991,       39.63,
 140.356216,   35.340991,       39.58,
 140.360721,   35.340991,       39.53,
 140.365225,   35.340991,       39.48,
 140.369730,   35.340991,       39.43,
 140.374234,   35.340991,       39.38,
 140.378739,   35.340991,       39.32,
 140.383243,   35.340991,       39.27,
 140.387748,   35.340991,       39.22,
 139.140000,   35.345495,       69.91,
 139.144505,   35.345495,       69.91,
 139.149009,   35.345495,       68.91,
 139.153514,   35.345495,       67.94,
 139.158018,   35.345495,       67.02,
 139.162523,   35.345495,       66.13,
 139.167027,   35.345495,       65.28,
 139.171532,   35.345495,       64.47,
 139.176036,   35.345495,       63.69,
 139.180541,   35.345495,       62.95,
 139.185045,   35.345495,       62.25,
 139.189550,   35.345495,       61.58,
 139.194054,   35.345495,       60.95,
 139.198559,   35.345495,       60.36,
 139.203063,   35.345495,       59.81,
 139.207568,   35.345495,       59.29,
 139.212072,   35.345495,       58.81,
 139.216577,   35.345495,       58.37,
 139.221081,   35.345495,       57.96,
 139.225586,   35.345495,       57.59,
 139.230090,   35.345495,       57.26,
 139.234595,   35.345495,       56.96,
 139.239099,   35.345495,       56.71,
 139.243604,   35.345495,       56.49,
 139.248108,   35.345495,       56.30,
 139.252613,   35.345495,       56.16,
 139.257117,   35.345495,       56.05,
 139.261622,   35.345495,       55.98,
 139.266126,   35.345495,       55.94,
 139.270631,   35.345495,       55.94,
 139.275135,   35.345495,       55.98,
 139.279640,   35.345495,       56.06,
 139.284144,   35.345495,       56.17,
 139.288649,   35.345495,       56.32,
 139.293153,   35.345495,       56.51,
 139.297658,   35.345495,       56.88,
 139.302162,   35.345495,       57.88,
 139.306667,   35.345495,       58.48,
 139.311171,   35.345495,       58.12,
 139.315676,   35.345495,       56.17,
 139.320180,   35.345495,       54.22,
 139.324685,   35.345495,       52.31,
 139.329189,   35.345495,       50.44,
 139.333694,   35.345495,       48.61,
 139.338198,   35.345495,       46.83,
 139.342703,   35.345495,       45.10,
 139.347207,   35.345495,       43.42,
 139.351712,   35.345495,       41.80,
 139.356216,   35.345495,       40.31,
 139.360721,   35.345495,       39.22,
 139.365225,   35.345495,       38.32,
 139.369730,   35.345495,       37.63,
 139.374234,   35.345495,       37.22,
 139.378739,   35.345495,       37.23,
 139.383243,   35.345495,       37.45,
 139.387748,   35.345495,       37.64,
 139.392252,   35.345495,       37.79,
 139.396757,   35.345495,       37.89,
 139.401261,   35.345495,       37.91,
 139.405766,   35.345495,       37.81,
 139.410270,   35.345495,       37.51,
 139.414775,   35.345495,       36.98,
 139.419279,   35.345495,       36.40,
 139.423784,   35.345495,       35.80,
 139.428288,   35.345495,       35.17,
 139.432793,   35.345495,       34.52,
 139.437297,   35.345495,       33.89,
 139.441802,   35.345495,       33.35,
 139.446306,   35.345495,       32.91,
 139.450811,   35.345495,       32.55,
 139.455315,   35.345495,       32.26,
 139.459820,   35.345495,       32.04,
 139.464324,   35.345495,       31.89,
 139.468829,   35.345495,       31.79,
 139.473333,   35.345495,       31.76,
 139.477838,   35.345495,       31.78,
 139.482342,   35.345495,       31.86,
 139.486847,   35.345495,       31.99,
 139.491351,   35.345495,       32.19,
 139.495856,   35.345495,       32.45,
 139.500360,   35.345495,       32.79,
 139.504865,   35.345495,       33.22,
 139.509369,   35.345495,       33.75,
 139.513874,   35.345495,       34.41,
 139.518378,   35.345495,       35.20,
 139.522883,   35.345495,       36.10,
 139.527387,   35.345495,       37.10,
 139.531892,   35.345495,       38.18,
 139.536396,   35.345495,       39.33,
 139.540901,   35.345495,       40.56,
 139.545405,   35.345495,       41.86,
 139.549910,   35.345495,       43.20,
 139.554414,   35.345495,       44.53,
 139.558919,   35.345495,       45.85,
 139.563423,   35.345495,       47.15,
 139.567928,   35.345495,       48.46,
 139.572432,   35.345495,       49.77,
 139.576937,   35.345495,       50.99,
 139.581441,   35.345495,       51.93,
 139.585946,   35.345495,       52.51,
 139.590450,   35.345495,       52.66,
 139.594955,   35.345495,       52.57,
 139.599459,   35.345495,       52.42,
 139.603964,   35.345495,       52.22,
 139.608468,   35.345495,       51.85,
 139.612973,   35.345495,       51.18,
 139.617477,   35.345495,       50.14,
 139.621982,   35.345495,       48.52,
 139.626486,   35.345495,       45.85,
 139.630991,   35.345495,       41.96,
 139.635495,   35.345495,       39.88,
 139.640000,   35.345495,       37.72,
 139.644505,   35.345495,       35.99,
 139.649009,   35.345495,       35.16,
 139.653514,   35.345495,       34.89,
 139.658018,   35.345495,       35.14,
 139.662523,   35.345495,       35.71,
 139.667027,   35.345495,       36.35,
 139.671532,   35.345495,       36.72,
 139.676036,   35.345495,       36.83,
 139.680541,   35.345495,       36.55,
 139.685045,   35.345495,       35.91,
 139.689550,   35.345495,       35.05,
 139.694054,   35.345495,       34.17,
 139.698559,   35.345495,       33.28,
 139.703063,   35.345495,       32.43,
 139.707568,   35.345495,       31.88,
 139.712072,   35.345495,       31.37,
 139.716577,   35.345495,       31.13,
 139.721081,   35.345495,       31.09,
 139.725586,   35.345495,       31.17,
 139.730090,   35.345495,       31.49,
 139.734595,   35.345495,       31.92,
 139.739099,   35.345495,       32.46,
 139.743604,   35.345495,       33.22,
 139.748108,   35.345495,       34.11,
 139.752613,   35.345495,       35.02,
 139.757117,   35.345495,       35.87,
 139.761622,   35.345495,       36.41,
 139.766126,   35.345495,       36.76,
 139.770631,   35.345495,       36.97,
 139.775135,   35.345495,       37.25,
 139.779640,   35.345495,       37.55,
 139.784144,   35.345495,       37.90,
 139.788649,   35.345495,       38.24,
 139.793153,   35.345495,       38.57,
 139.797658,   35.345495,       38.93,
 139.802162,   35.345495,       39.31,
 139.806667,   35.345495,       39.78,
 139.811171,   35.345495,       40.33,
 139.815676,   35.345495,       41.00,
 139.820180,   35.345495,       41.81,
 139.824685,   35.345495,       42.75,
 139.829189,   35.345495,       44.03,
 139.833694,   35.345495,       45.36,
 139.838198,   35.345495,       46.59,
 139.842703,   35.345495,       47.89,
 139.847207,   35.345495,       49.20,
 139.851712,   35.345495,       49.90,
 139.856216,   35.345495,       50.20,
 139.860721,   35.345495,       50.46,
 139.865225,   35.345495,       50.43,
 139.869730,   35.345495,       50.26,
 139.874234,   35.345495,       50.11,
 139.878739,   35.345495,       50.08,
 139.883243,   35.345495,       50.11,
 139.887748,   35.345495,       50.18,
 139.892252,   35.345495,       50.39,
 139.896757,   35.345495,       50.79,
 139.901261,   35.345495,       51.08,
 139.905766,   35.345495,       51.15,
 139.910270,   35.345495,       51.08,
 139.914775,   35.345495,       50.95,
 139.919279,   35.345495,       50.78,
 139.923784,   35.345495,       50.61,
 139.928288,   35.345495,       50.42,
 139.932793,   35.345495,       50.23,
 139.937297,   35.345495,       50.03,
 139.941802,   35.345495,       49.82,
 139.946306,   35.345495,       49.60,
 139.950811,   35.345495,       49.39,
 139.955315,   35.345495,       49.17,
 139.959820,   35.345495,       48.95,
 139.964324,   35.345495,       48.74,
 139.968829,   35.345495,       48.52,
 139.973333,   35.345495,       48.30,
 139.977838,   35.345495,       48.09,
 139.982342,   35.345495,       47.87,
 139.986847,   35.345495,       47.65,
 139.991351,   35.345495,       47.44,
 139.995856,   35.345495,       47.23,
 140.000360,   35.345495,       47.03,
 140.004865,   35.345495,       46.83,
 140.009369,   35.345495,       46.64,
 140.013874,   35.345495,       46.46,
 140.018378,   35.345495,       46.29,
 140.022883,   35.345495,       46.11,
 140.027387,   35.345495,       45.94,
 140.031892,   35.345495,       45.78,
 140.036396,   35.345495,       45.62,
 140.040901,   35.345495,       45.46,
 140.045405,   35.345495,       45.31,
 140.049910,   35.345495,       45.16,
 140.054414,   35.345495,       45.01,
 140.058919,   35.345495,       44.87,
 140.063423,   35.345495,       44.73,
 140.067928,   35.345495,       44.59,
 140.072432,   35.345495,       44.46,
 140.076937,   35.345495,       44.33,
 140.081441,   35.345495,       44.20,
 140.085946,   35.345495,       44.08,
 140.090450,   35.345495,       43.96,
 140.094955,   35.345495,       43.84,
 140.099459,   35.345495,       43.73,
 140.103964,   35.345495,       43.62,
 140.108468,   35.345495,       43.51,
 140.112973,   35.345495,       43.41,
 140.117477,   35.345495,       43.31,
 140.121982,   35.345495,       43.21,
 140.126486,   35.345495,       43.12,
 140.130991,   35.345495,       43.03,
 140.135495,   35.345495,       42.94,
 140.140000,   35.345495,       42.85,
 140.144505,   35.345495,       42.77,
 140.149009,   35.345495,       42.68,
 140.153514,   35.345495,       42.60,
 140.158018,   35.345495,       42.52,
 140.162523,   35.345495,       42.45,
 140.167027,   35.345495,       42.37,
 140.171532,   35.345495,       42.30,
 140.176036,   35.345495,       42.23,
 140.180541,   35.345495,       42.16,
 140.185045,   35.345495,       42.09,
 140.189550,   35.345495,       42.02,
 140.194054,   35.345495,       41.96,
 140.198559,   35.345495,       41.89,
 140.203063,   35.345495,       41.83,
 140.207568,   35.345495,       41.77,
 140.212072,   35.345495,       41.71,
 140.216577,   35.345495,       41.65,
 140.221081,   35.345495,       41.59,
 140.225586,   35.345495,       41.53,
 140.230090,   35.345495,       41.47,
 140.234595,   35.345495,       41.41,
 140.239099,   35.345495,       41.36,
 140.243604,   35.345495,       41.30,
 140.248108,   35.345495,       41.25,
 140.252613,   35.345495,       41.20,
 140.257117,   35.345495,       41.14,
 140.261622,   35.345495,       41.07,
 140.266126,   35.345495,       40.98,
 140.270631,   35.345495,       40.87,
 140.275135,   35.345495,       40.75,
 140.279640,   35.345495,       40.62,
 140.284144,   35.345495,       40.50,
 140.288649,   35.345495,       40.46,
 140.293153,   35.345495,       40.42,
 140.297658,   35.345495,       40.38,
 140.302162,   35.345495,       40.34,
 140.306667,   35.345495,       40.30,
 140.311171,   35.345495,       40.26,
 140.315676,   35.345495,       40.21,
 140.320180,   35.345495,       40.17,
 140.324685,   35.345495,       40.13,
 140.329189,   35.345495,       40.08,
 140.333694,   35.345495,       40.03,
 140.338198,   35.345495,       39.99,
 140.342703,   35.345495,       39.94,
 140.347207,   35.345495,       39.89,
 140.351712,   35.345495,       39.84,
 140.356216,   35.345495,       39.79,
 140.360721,   35.345495,       39.74,
 140.365225,   35.345495,       39.69,
 140.369730,   35.345495,       39.64,
 140.374234,   35.345495,       39.59,
 140.378739,   35.345495,       39.54,
 140.383243,   35.345495,       39.48,
 140.387748,   35.345495,       39.43,
 139.140000,   35.350000,       68.25,
 139.144505,   35.350000,       68.25,
 139.149009,   35.350000,       68.25,
 139.153514,   35.350000,       67.27,
 139.158018,   35.350000,       66.33,
 139.162523,   35.350000,       65.43,
 139.167027,   35.350000,       64.56,
 139.171532,   35.350000,       63.73,
 139.176036,   35.350000,       62.94,
 139.180541,   35.350000,       62.19,
 139.185045,   35.350000,       61.47,
 139.189550,   35.350000,       60.79,
 139.194054,   35.350000,       60.15,
 139.198559,   35.350000,       59.54,
 139.203063,   35.350000,       58.97,
 139.207568,   35.350000,       58.44,
 139.212072,   35.350000,       57.94,
 139.216577,   35.350000,       57.49,
 139.221081,   35.350000,       57.07,
 139.225586,   35.350000,       56.68,
 139.230090,   35.350000,       56.34,
 139.234595,   35.350000,       56.03,
 139.239099,   35.350000,       55.75,
 139.243604,   35.350000,       55.52,
 139.248108,   35.350000,       55.32,
 139.252613,   35.350000,       55.16,
 139.257117,   35.350000,       55.04,
 139.261622,   35.350000,       54.95,
 139.266126,   35.350000,       54.90,
 139.270631,   35.350000,       54.89,
 139.275135,   35.350000,       54.91,
 139.279640,   35.350000,       54.97,
 139.284144,   35.350000,       55.07,
 139.288649,   35.350000,       55.21,
 139.293153,   35.350000,       55.38,
 139.297658,   35.350000,       55.59,
 139.302162,   35.350000,       55.84,
 139.306667,   35.350000,       56.66,
 139.311171,   35.350000,       57.48,
 139.315676,   35.350000,       57.74,
 139.320180,   35.350000,       56.50,
 139.324685,   35.350000,       54.60,
 139.329189,   35.350000,       52.74,
 139.333694,   35.350000,       50.92,
 139.338198,   35.350000,       49.13,
 139.342703,   35.350000,       47.39,
 139.347207,   35.350000,       45.70,
 139.351712,   35.350000,       44.05,
 139.356216,   35.350000,       42.47,
 139.360721,   35.350000,       40.97,
 139.365225,   35.350000,       39.61,
 139.369730,   35.350000,       38.61,
 139.374234,   35.350000,       37.78,
 139.378739,   35.350000,       37.13,
 139.383243,   35.350000,       36.73,
 139.387748,   35.350000,       36.68,
 139.392252,   35.350000,       36.84,
 139.396757,   35.350000,       36.97,
 139.401261,   35.350000,       37.06,
 139.405766,   35.350000,       37.10,
 139.410270,   35.350000,       37.08,
 139.414775,   35.350000,       36.94,
 139.419279,   35.350000,       36.65,
 139.423784,   35.350000,       36.15,
 139.428288,   35.350000,       35.58,
 139.432793,   35.350000,       35.00,
 139.437297,   35.350000,       34.45,
 139.441802,   35.350000,       33.95,
 139.446306,   35.350000,       33.50,
 139.450811,   35.350000,       33.13,
 139.455315,   35.350000,       32.81,
 139.459820,   35.350000,       32.55,
 139.464324,   35.350000,       32.35,
 139.468829,   35.350000,       32.20,
 139.473333,   35.350000,       32.11,
 139.477838,   35.350000,       32.07,
 139.482342,   35.350000,       32.08,
 139.486847,   35.350000,       32.15,
 139.491351,   35.350000,       32.27,
 139.495856,   35.350000,       32.46,
 139.500360,   35.350000,       32.71,
 139.504865,   35.350000,       33.03,
 139.509369,   35.350000,       33.43,
 139.513874,   35.350000,       33.92,
 139.518378,   35.350000,       34.51,
 139.522883,   35.350000,       35.23,
 139.527387,   35.350000,       36.06,
 139.531892,   35.350000,       36.97,
 139.536396,   35.350000,       37.94,
 139.540901,   35.350000,       38.97,
 139.545405,   35.350000,       40.06,
 139.549910,   35.350000,       41.20,
 139.554414,   35.350000,       42.40,
 139.558919,   35.350000,       43.62,
 139.563423,   35.350000,       44.83,
 139.567928,   35.350000,       46.02,
 139.572432,   35.350000,       47.19,
 139.576937,   35.350000,       48.36,
 139.581441,   35.350000,       49.45,
 139.585946,   35.350000,       50.24,
 139.590450,   35.350000,       50.63,
 139.594955,   35.350000,       50.55,
 139.599459,   35.350000,       50.23,
 139.603964,   35.350000,       49.82,
 139.608468,   35.350000,       49.28,
 139.612973,   35.350000,       48.42,
 139.617477,   35.350000,       47.10,
 139.621982,   35.350000,       45.21,
 139.626486,   35.350000,       42.50,
 139.630991,   35.350000,       40.76,
 139.635495,   35.350000,       39.10,
 139.640000,   35.350000,       37.54,
 139.644505,   35.350000,       36.04,
 139.649009,   35.350000,       35.29,
 139.653514,   35.350000,       34.69,
 139.658018,   35.350000,       35.05,
 139.662523,   35.350000,       35.53,
 139.667027,   35.350000,       36.20,
 139.671532,   35.350000,       36.62,
 139.676036,   35.350000,       36.73,
 139.680541,   35.350000,       36.38,
 139.685045,   35.350000,       35.70,
 139.689550,   35.350000,       34.76,
 139.694054,   35.350000,       33.78,
 139.698559,   35.350000,       32.86,
 139.703063,   35.350000,       32.11,
 139.707568,   35.350000,       31.61,
 139.712072,   35.350000,       31.22,
 139.716577,   35.350000,       31.04,
 139.721081,   35.350000,       31.05,
 139.725586,   35.350000,       31.25,
 139.730090,   35.350000,       31.56,
 139.734595,   35.350000,       31.98,
 139.739099,   35.350000,       32.56,
 139.743604,   35.350000,       33.29,
 139.748108,   35.350000,       34.27,
 139.752613,   35.350000,       35.29,
 139.757117,   35.350000,       36.03,
 139.761622,   35.350000,       36.71,
 139.766126,   35.350000,       37.17,
 139.770631,   35.350000,       37.40,
 139.775135,   35.350000,       37.63,
 139.779640,   35.350000,       37.87,
 139.784144,   35.350000,       38.16,
 139.788649,   35.350000,       38.46,
 139.793153,   35.350000,       38.76,
 139.797658,   35.350000,       39.09,
 139.802162,   35.350000,       39.46,
 139.806667,   35.350000,       39.90,
 139.811171,   35.350000,       40.40,
 139.815676,   35.350000,       41.06,
 139.820180,   35.350000,       41.79,
 139.824685,   35.350000,       42.72,
 139.829189,   35.350000,       43.77,
 139.833694,   35.350000,       44.90,
 139.838198,   35.350000,       46.02,
 139.842703,   35.350000,       47.16,
 139.847207,   35.350000,       48.31,
 139.851712,   35.350000,       48.86,
 139.856216,   35.350000,       49.23,
 139.860721,   35.350000,       49.51,
 139.865225,   35.350000,       49.73,
 139.869730,   35.350000,       49.96,
 139.874234,   35.350000,       50.10,
 139.878739,   35.350000,       50.24,
 139.883243,   35.350000,       50.39,
 139.887748,   35.350000,       50.57,
 139.892252,   35.350000,       50.54,
 139.896757,   35.350000,       50.66,
 139.901261,   35.350000,       51.00,
 139.905766,   35.350000,       51.15,
 139.910270,   35.350000,       51.12,
 139.914775,   35.350000,       50.99,
 139.919279,   35.350000,       50.82,
 139.923784,   35.350000,       50.64,
 139.928288,   35.350000,       50.46,
 139.932793,   35.350000,       50.26,
 139.937297,   35.350000,       50.06,
 139.941802,   35.350000,       49.85,
 139.946306,   35.350000,       49.64,
 139.950811,   35.350000,       49.43,
 139.955315,   35.350000,       49.21,
 139.959820,   35.350000,       49.00,
 139.964324,   35.350000,       48.78,
 139.968829,   35.350000,       48.57,
 139.973333,   35.350000,       48.36,
 139.977838,   35.350000,       48.15,
 139.982342,   35.350000,       47.94,
 139.986847,   35.350000,       47.72,
 139.991351,   35.350000,       47.52,
 139.995856,   35.350000,       47.31,
 140.000360,   35.350000,       47.12,
 140.004865,   35.350000,       46.93,
 140.009369,   35.350000,       46.75,
 140.013874,   35.350000,       46.57,
 140.018378,   35.350000,       46.40,
 140.022883,   35.350000,       46.23,
 140.027387,   35.350000,       46.07,
 140.031892,   35.350000,       45.91,
 140.036396,   35.350000,       45.75,
 140.040901,   35.350000,       45.60,
 140.045405,   35.350000,       45.45,
 140.049910,   35.350000,       45.31,
 140.054414,   35.350000,       45.17,
 140.058919,   35.350000,       45.03,
 140.063423,   35.350000,       44.89,
 140.067928,   35.350000,       44.76,
 140.072432,   35.350000,       44.63,
 140.076937,   35.350000,       44.50,
 140.081441,   35.350000,       44.38,
 140.085946,   35.350000,       44.26,
 140.090450,   35.350000,       44.15,
 140.094955,   35.350000,       44.03,
 140.099459,   35.350000,       43.92,
 140.103964,   35.350000,       43.81,
 140.108468,   35.350000,       43.71,
 140.112973,   35.350000,       43.61,
 140.117477,   35.350000,       43.51,
 140.121982,   35.350000,       43.42,
 140.126486,   35.350000,       43.33,
 140.130991,   35.350000,       43.24,
 140.135495,   35.350000,       43.15,
 140.140000,   35.350000,       43.07,
 140.144505,   35.350000,       42.99,
 140.149009,   35.350000,       42.90,
 140.153514,   35.350000,       42.83,
 140.158018,   35.350000,       42.75,
 140.162523,   35.350000,       42.67,
 140.167027,   35.350000,       42.60,
 140.171532,   35.350000,       42.53,
 140.176036,   35.350000,       42.46,
 140.180541,   35.350000,       42.39,
 140.185045,   35.350000,       42.32,
 140.189550,   35.350000,       42.25,
 140.194054,   35.350000,       42.19,
 140.198559,   35.350000,       42.12,
 140.203063,   35.350000,       42.06,
 140.207568,   35.350000,       42.00,
 140.212072,   35.350000,       41.93,
 140.216577,   35.350000,       41.87,
 140.221081,   35.350000,       41.81,
 140.225586,   35.350000,       41.76,
 140.230090,   35.350000,       41.70,
 140.234595,   35.350000,       41.64,
 140.239099,   35.350000,       41.58,
 140.243604,   35.350000,       41.52,
 140.248108,   35.350000,       41.47,
 140.252613,   35.350000,       41.41,
 140.257117,   35.350000,       41.35,
 140.261622,   35.350000,       41.26,
 140.266126,   35.350000,       41.16,
 140.270631,   35.350000,       41.04,
 140.275135,   35.350000,       40.91,
 140.279640,   35.350000,       40.76,
 140.284144,   35.350000,       40.71,
 140.288649,   35.350000,       40.67,
 140.293153,   35.350000,       40.63,
 140.297658,   35.350000,       40.59,
 140.302162,   35.350000,       40.55,
 140.306667,   35.350000,       40.51,
 140.311171,   35.350000,       40.47,
 140.315676,   35.350000,       40.42,
 140.320180,   35.350000,       40.38,
 140.324685,   35.350000,       40.33,
 140.329189,   35.350000,       40.29,
 140.333694,   35.350000,       40.24,
 140.338198,   35.350000,       40.20,
 140.342703,   35.350000,       40.15,
 140.347207,   35.350000,       40.10,
 140.351712,   35.350000,       40.05,
 140.356216,   35.350000,       40.00,
 140.360721,   35.350000,       39.95,
 140.365225,   35.350000,       39.90,
 140.369730,   35.350000,       39.85,
 140.374234,   35.350000,       39.80,
 140.378739,   35.350000,       39.75,
 140.383243,   35.350000,       39.70,
 140.387748,   35.350000,       39.64,
 139.140000,   35.354505,       67.55,
 139.144505,   35.354505,       67.55,
 139.149009,   35.354505,       67.55,
 139.153514,   35.354505,       66.56,
 139.158018,   35.354505,       65.61,
 139.162523,   35.354505,       64.69,
 139.167027,   35.354505,       63.81,
 139.171532,   35.354505,       62.96,
 139.176036,   35.354505,       62.16,
 139.180541,   35.354505,       61.39,
 139.185045,   35.354505,       60.66,
 139.189550,   35.354505,       59.96,
 139.194054,   35.354505,       59.30,
 139.198559,   35.354505,       58.68,
 139.203063,   35.354505,       58.10,
 139.207568,   35.354505,       57.55,
 139.212072,   35.354505,       57.04,
 139.216577,   35.354505,       56.57,
 139.221081,   35.354505,       56.14,
 139.225586,   35.354505,       55.74,
 139.230090,   35.354505,       55.38,
 139.234595,   35.354505,       55.05,
 139.239099,   35.354505,       54.76,
 139.243604,   35.354505,       54.51,
 139.248108,   35.354505,       54.30,
 139.252613,   35.354505,       54.13,
 139.257117,   35.354505,       53.99,
 139.261622,   35.354505,       53.89,
 139.266126,   35.354505,       53.82,
 139.270631,   35.354505,       53.79,
 139.275135,   35.354505,       53.80,
 139.279640,   35.354505,       53.85,
 139.284144,   35.354505,       53.93,
 139.288649,   35.354505,       54.06,
 139.293153,   35.354505,       54.21,
 139.297658,   35.354505,       54.41,
 139.302162,   35.354505,       54.64,
 139.306667,   35.354505,       54.91,
 139.311171,   35.354505,       55.39,
 139.315676,   35.354505,       56.36,
 139.320180,   35.354505,       56.94,
 139.324685,   35.354505,       56.68,
 139.329189,   35.354505,       54.91,
 139.333694,   35.354505,       53.09,
 139.338198,   35.354505,       51.31,
 139.342703,   35.354505,       49.56,
 139.347207,   35.354505,       47.86,
 139.351712,   35.354505,       46.20,
 139.356216,   35.354505,       44.58,
 139.360721,   35.354505,       43.03,
 139.365225,   35.354505,       41.54,
 139.369730,   35.354505,       40.13,
 139.374234,   35.354505,       38.89,
 139.378739,   35.354505,       37.97,
 139.383243,   35.354505,       37.19,
 139.387748,   35.354505,       36.58,
 139.392252,   35.354505,       36.19,
 139.396757,   35.354505,       36.12,
 139.401261,   35.354505,       36.23,
 139.405766,   35.354505,       36.31,
 139.410270,   35.354505,       36.35,
 139.414775,   35.354505,       36.35,
 139.419279,   35.354505,       36.28,
 139.423784,   35.354505,       36.12,
 139.428288,   35.354505,       35.83,
 139.432793,   35.354505,       35.38,
 139.437297,   35.354505,       34.90,
 139.441802,   35.354505,       34.45,
 139.446306,   35.354505,       34.02,
 139.450811,   35.354505,       33.63,
 139.455315,   35.354505,       33.28,
 139.459820,   35.354505,       32.98,
 139.464324,   35.354505,       32.74,
 139.468829,   35.354505,       32.54,
 139.473333,   35.354505,       32.40,
 139.477838,   35.354505,       32.31,
 139.482342,   35.354505,       32.26,
 139.486847,   35.354505,       32.27,
 139.491351,   35.354505,       32.33,
 139.495856,   35.354505,       32.44,
 139.500360,   35.354505,       32.61,
 139.504865,   35.354505,       32.84,
 139.509369,   35.354505,       33.15,
 139.513874,   35.354505,       33.52,
 139.518378,   35.354505,       33.97,
 139.522883,   35.354505,       34.51,
 139.527387,   35.354505,       35.16,
 139.531892,   35.354505,       35.90,
 139.536396,   35.354505,       36.73,
 139.540901,   35.354505,       37.61,
 139.545405,   35.354505,       38.54,
 139.549910,   35.354505,       39.52,
 139.554414,   35.354505,       40.54,
 139.558919,   35.354505,       41.61,
 139.563423,   35.354505,       42.73,
 139.567928,   35.354505,       43.84,
 139.572432,   35.354505,       44.92,
 139.576937,   35.354505,       45.96,
 139.581441,   35.354505,       46.98,
 139.585946,   35.354505,       47.92,
 139.590450,   35.354505,       48.52,
 139.594955,   35.354505,       48.66,
 139.599459,   35.354505,       48.28,
 139.603964,   35.354505,       47.69,
 139.608468,   35.354505,       46.96,
 139.612973,   35.354505,       45.96,
 139.617477,   35.354505,       44.50,
 139.621982,   35.354505,       42.57,
 139.626486,   35.354505,       40.83,
 139.630991,   35.354505,       39.60,
 139.635495,   35.354505,       38.08,
 139.640000,   35.354505,       36.83,
 139.644505,   35.354505,       35.96,
 139.649009,   35.354505,       35.22,
 139.653514,   35.354505,       34.65,
 139.658018,   35.354505,       34.83,
 139.662523,   35.354505,       35.38,
 139.667027,   35.354505,       36.01,
 139.671532,   35.354505,       36.51,
 139.676036,   35.354505,       36.53,
 139.680541,   35.354505,       36.19,
 139.685045,   35.354505,       35.38,
 139.689550,   35.354505,       34.44,
 139.694054,   35.354505,       33.43,
 139.698559,   35.354505,       32.48,
 139.703063,   35.354505,       31.92,
 139.707568,   35.354505,       31.40,
 139.712072,   35.354505,       31.10,
 139.716577,   35.354505,       31.02,
 139.721081,   35.354505,       31.06,
 139.725586,   35.354505,       31.28,
 139.730090,   35.354505,       31.62,
 139.734595,   35.354505,       32.03,
 139.739099,   35.354505,       32.53,
 139.743604,   35.354505,       33.37,
 139.748108,   35.354505,       34.33,
 139.752613,   35.354505,       35.33,
 139.757117,   35.354505,       36.24,
 139.761622,   35.354505,       36.90,
 139.766126,   35.354505,       37.44,
 139.770631,   35.354505,       37.80,
 139.775135,   35.354505,       38.00,
 139.779640,   35.354505,       38.19,
 139.784144,   35.354505,       38.42,
 139.788649,   35.354505,       38.65,
 139.793153,   35.354505,       38.90,
 139.797658,   35.354505,       39.20,
 139.802162,   35.354505,       39.53,
 139.806667,   35.354505,       39.95,
 139.811171,   35.354505,       40.41,
 139.815676,   35.354505,       41.04,
 139.820180,   35.354505,       41.70,
 139.824685,   35.354505,       42.55,
 139.829189,   35.354505,       43.50,
 139.833694,   35.354505,       44.49,
 139.838198,   35.354505,       45.55,
 139.842703,   35.354505,       46.59,
 139.847207,   35.354505,       47.50,
 139.851712,   35.354505,       48.01,
 139.856216,   35.354505,       48.42,
 139.860721,   35.354505,       48.75,
 139.865225,   35.354505,       49.06,
 139.869730,   35.354505,       49.31,
 139.874234,   35.354505,       49.50,
 139.878739,   35.354505,       49.67,
 139.883243,   35.354505,       49.88,
 139.887748,   35.354505,       50.13,
 139.892252,   35.354505,       50.39,
 139.896757,   35.354505,       50.64,
 139.901261,   35.354505,       50.80,
 139.905766,   35.354505,       51.10,
 139.910270,   35.354505,       51.15,
 139.914775,   35.354505,       51.03,
 139.919279,   35.354505,       50.86,
 139.923784,   35.354505,       50.68,
 139.928288,   35.354505,       50.49,
 139.932793,   35.354505,       50.29,
 139.937297,   35.354505,       50.09,
 139.941802,   35.354505,       49.89,
 139.946306,   35.354505,       49.68,
 139.950811,   35.354505,       49.47,
 139.955315,   35.354505,       49.25,
 139.959820,   35.354505,       49.04,
 139.964324,   35.354505,       48.83,
 139.968829,   35.354505,       48.63,
 139.973333,   35.354505,       48.42,
 139.977838,   35.354505,       48.22,
 139.982342,   35.354505,       48.01,
 139.986847,   35.354505,       47.80,
 139.991351,   35.354505,       47.60,
 139.995856,   35.354505,       47.40,
 140.000360,   35.354505,       47.21,
 140.004865,   35.354505,       47.03,
 140.009369,   35.354505,       46.85,
 140.013874,   35.354505,       46.68,
 140.018378,   35.354505,       46.51,
 140.022883,   35.354505,       46.35,
 140.027387,   35.354505,       46.19,
 140.031892,   35.354505,       46.04,
 140.036396,   35.354505,       45.89,
 140.040901,   35.354505,       45.74,
 140.045405,   35.354505,       45.60,
 140.049910,   35.354505,       45.46,
 140.054414,   35.354505,       45.32,
 140.058919,   35.354505,       45.18,
 140.063423,   35.354505,       45.05,
 140.067928,   35.354505,       44.92,
 140.072432,   35.354505,       44.80,
 140.076937,   35.354505,       44.68,
 140.081441,   35.354505,       44.56,
 140.085946,   35.354505,       44.44,
 140.090450,   35.354505,       44.33,
 140.094955,   35.354505,       44.22,
 140.099459,   35.354505,       44.11,
 140.103964,   35.354505,       44.01,
 140.108468,   35.354505,       43.91,
 140.112973,   35.354505,       43.81,
 140.117477,   35.354505,       43.72,
 140.121982,   35.354505,       43.63,
 140.126486,   35.354505,       43.54,
 140.130991,   35.354505,       43.45,
 140.135495,   35.354505,       43.37,
 140.140000,   35.354505,       43.29,
 140.144505,   35.354505,       43.21,
 140.149009,   35.354505,       43.13,
 140.153514,   35.354505,       43.05,
 140.158018,   35.354505,       42.97,
 140.162523,   35.354505,       42.90,
 140.167027,   35.354505,       42.83,
 140.171532,   35.354505,       42.76,
 140.176036,   35.354505,       42.69,
 140.180541,   35.354505,       42.62,
 140.185045,   35.354505,       42.55,
 140.189550,   35.354505,       42.48,
 140.194054,   35.354505,       42.41,
 140.198559,   35.354505,       42.35,
 140.203063,   35.354505,       42.29,
 140.207568,   35.354505,       42.22,
 140.212072,   35.354505,       42.16,
 140.216577,   35.354505,       42.10,
 140.221081,   35.354505,       42.04,
 140.225586,   35.354505,       41.98,
 140.230090,   35.354505,       41.92,
 140.234595,   35.354505,       41.86,
 140.239099,   35.354505,       41.80,
 140.243604,   35.354505,       41.74,
 140.248108,   35.354505,       41.69,
 140.252613,   35.354505,       41.63,
 140.257117,   35.354505,       41.54,
 140.261622,   35.354505,       41.44,
 140.266126,   35.354505,       41.32,
 140.270631,   35.354505,       41.19,
 140.275135,   35.354505,       41.05,
 140.279640,   35.354505,       40.96,
 140.284144,   35.354505,       40.92,
 140.288649,   35.354505,       40.88,
 140.293153,   35.354505,       40.84,
 140.297658,   35.354505,       40.80,
 140.302162,   35.354505,       40.76,
 140.306667,   35.354505,       40.72,
 140.311171,   35.354505,       40.67,
 140.315676,   35.354505,       40.63,
 140.320180,   35.354505,       40.59,
 140.324685,   35.354505,       40.54,
 140.329189,   35.354505,       40.50,
 140.333694,   35.354505,       40.45,
 140.338198,   35.354505,       40.41,
 140.342703,   35.354505,       40.36,
 140.347207,   35.354505,       40.31,
 140.351712,   35.354505,       40.27,
 140.356216,   35.354505,       40.22,
 140.360721,   35.354505,       40.17,
 140.365225,   35.354505,       40.12,
 140.369730,   35.354505,       40.07,
 140.374234,   35.354505,       40.01,
 140.378739,   35.354505,       39.96,
 140.383243,   35.354505,       39.91,
 140.387748,   35.354505,       39.86,
 139.140000,   35.359009,       66.82,
 139.144505,   35.359009,       66.82,
 139.149009,   35.359009,       66.82,
 139.153514,   35.359009,       65.81,
 139.158018,   35.359009,       64.84,
 139.162523,   35.359009,       63.91,
 139.167027,   35.359009,       63.02,
 139.171532,   35.359009,       62.16,
 139.176036,   35.359009,       61.34,
 139.180541,   35.359009,       60.55,
 139.185045,   35.359009,       59.81,
 139.189550,   35.359009,       59.10,
 139.194054,   35.359009,       58.42,
 139.198559,   35.359009,       57.79,
 139.203063,   35.359009,       57.19,
 139.207568,   35.359009,       56.63,
 139.212072,   35.359009,       56.10,
 139.216577,   35.359009,       55.62,
 139.221081,   35.359009,       55.17,
 139.225586,   35.359009,       54.75,
 139.230090,   35.359009,       54.38,
 139.234595,   35.359009,       54.04,
 139.239099,   35.359009,       53.74,
 139.243604,   35.359009,       53.47,
 139.248108,   35.359009,       53.25,
 139.252613,   35.359009,       53.06,
 139.257117,   35.359009,       52.90,
 139.261622,   35.359009,       52.79,
 139.266126,   35.359009,       52.71,
 139.270631,   35.359009,       52.66,
 139.275135,   35.359009,       52.66,
 139.279640,   35.359009,       52.69,
 139.284144,   35.359009,       52.76,
 139.288649,   35.359009,       52.87,
 139.293153,   35.359009,       53.01,
 139.297658,   35.359009,       53.19,
 139.302162,   35.359009,       53.41,
 139.306667,   35.359009,       53.66,
 139.311171,   35.359009,       53.96,
 139.315676,   35.359009,       54.28,
 139.320180,   35.359009,       55.16,
 139.324685,   35.359009,       55.95,
 139.329189,   35.359009,       56.22,
 139.333694,   35.359009,       55.16,
 139.338198,   35.359009,       53.38,
 139.342703,   35.359009,       51.63,
 139.347207,   35.359009,       49.92,
 139.351712,   35.359009,       48.25,
 139.356216,   35.359009,       46.61,
 139.360721,   35.359009,       45.03,
 139.365225,   35.359009,       43.49,
 139.369730,   35.359009,       42.01,
 139.374234,   35.359009,       40.60,
 139.378739,   35.359009,       39.28,
 139.383243,   35.359009,       38.15,
 139.387748,   35.359009,       37.29,
 139.392252,   35.359009,       36.57,
 139.396757,   35.359009,       36.00,
 139.401261,   35.359009,       35.64,
 139.405766,   35.359009,       35.55,
 139.410270,   35.359009,       35.62,
 139.414775,   35.359009,       35.66,
 139.419279,   35.359009,       35.67,
 139.423784,   35.359009,       35.63,
 139.428288,   35.359009,       35.55,
 139.432793,   35.359009,       35.41,
 139.437297,   35.359009,       35.17,
 139.441802,   35.359009,       34.80,
 139.446306,   35.359009,       34.40,
 139.450811,   35.359009,       34.03,
 139.455315,   35.359009,       33.68,
 139.459820,   35.359009,       33.36,
 139.464324,   35.359009,       33.08,
 139.468829,   35.359009,       32.84,
 139.473333,   35.359009,       32.65,
 139.477838,   35.359009,       32.51,
 139.482342,   35.359009,       32.41,
 139.486847,   35.359009,       32.36,
 139.491351,   35.359009,       32.35,
 139.495856,   35.359009,       32.40,
 139.500360,   35.359009,       32.51,
 139.504865,   35.359009,       32.66,
 139.509369,   35.359009,       32.88,
 139.513874,   35.359009,       33.16,
 139.518378,   35.359009,       33.51,
 139.522883,   35.359009,       33.93,
 139.527387,   35.359009,       34.42,
 139.531892,   35.359009,       34.99,
 139.536396,   35.359009,       35.66,
 139.540901,   35.359009,       36.41,
 139.545405,   35.359009,       37.22,
 139.549910,   35.359009,       38.06,
 139.554414,   35.359009,       38.95,
 139.558919,   35.359009,       39.87,
 139.563423,   35.359009,       40.84,
 139.567928,   35.359009,       41.86,
 139.572432,   35.359009,       42.87,
 139.576937,   35.359009,       43.84,
 139.581441,   35.359009,       44.76,
 139.585946,   35.359009,       45.64,
 139.590450,   35.359009,       46.40,
 139.594955,   35.359009,       46.75,
 139.599459,   35.359009,       46.56,
 139.603964,   35.359009,       45.86,
 139.608468,   35.359009,       44.98,
 139.612973,   35.359009,       43.91,
 139.617477,   35.359009,       42.48,
 139.621982,   35.359009,       40.97,
 139.626486,   35.359009,       39.73,
 139.630991,   35.359009,       38.45,
 139.635495,   35.359009,       36.96,
 139.640000,   35.359009,       35.96,
 139.644505,   35.359009,       35.34,
 139.649009,   35.359009,       34.73,
 139.653514,   35.359009,       34.33,
 139.658018,   35.359009,       34.62,
 139.662523,   35.359009,       35.23,
 139.667027,   35.359009,       35.84,
 139.671532,   35.359009,       36.31,
 139.676036,   35.359009,       36.36,
 139.680541,   35.359009,       36.01,
 139.685045,   35.359009,       35.16,
 139.689550,   35.359009,       34.14,
 139.694054,   35.359009,       33.17,
 139.698559,   35.359009,       32.31,
 139.703063,   35.359009,       31.65,
 139.707568,   35.359009,       31.25,
 139.712072,   35.359009,       31.04,
 139.716577,   35.359009,       30.99,
 139.721081,   35.359009,       31.08,
 139.725586,   35.359009,       31.31,
 139.730090,   35.359009,       31.63,
 139.734595,   35.359009,       32.02,
 139.739099,   35.359009,       32.62,
 139.743604,   35.359009,       33.42,
 139.748108,   35.359009,       34.33,
 139.752613,   35.359009,       35.33,
 139.757117,   35.359009,       36.33,
 139.761622,   35.359009,       37.06,
 139.766126,   35.359009,       37.60,
 139.770631,   35.359009,       38.08,
 139.775135,   35.359009,       38.34,
 139.779640,   35.359009,       38.53,
 139.784144,   35.359009,       38.68,
 139.788649,   35.359009,       38.84,
 139.793153,   35.359009,       39.00,
 139.797658,   35.359009,       39.24,
 139.802162,   35.359009,       39.51,
 139.806667,   35.359009,       39.89,
 139.811171,   35.359009,       40.31,
 139.815676,   35.359009,       40.88,
 139.820180,   35.359009,       41.54,
 139.824685,   35.359009,       42.31,
 139.829189,   35.359009,       43.18,
 139.833694,   35.359009,       44.10,
 139.838198,   35.359009,       45.00,
 139.842703,   35.359009,       45.93,
 139.847207,   35.359009,       46.70,
 139.851712,   35.359009,       47.27,
 139.856216,   35.359009,       47.76,
 139.860721,   35.359009,       48.12,
 139.865225,   35.359009,       48.41,
 139.869730,   35.359009,       48.67,
 139.874234,   35.359009,       48.89,
 139.878739,   35.359009,       49.12,
 139.883243,   35.359009,       49.38,
 139.887748,   35.359009,       49.67,
 139.892252,   35.359009,       49.93,
 139.896757,   35.359009,       50.21,
 139.901261,   35.359009,       50.50,
 139.905766,   35.359009,       50.89,
 139.910270,   35.359009,       51.15,
 139.914775,   35.359009,       51.08,
 139.919279,   35.359009,       50.91,
 139.923784,   35.359009,       50.72,
 139.928288,   35.359009,       50.52,
 139.932793,   35.359009,       50.33,
 139.937297,   35.359009,       50.12,
 139.941802,   35.359009,       49.92,
 139.946306,   35.359009,       49.71,
 139.950811,   35.359009,       49.50,
 139.955315,   35.359009,       49.30,
 139.959820,   35.359009,       49.09,
 139.964324,   35.359009,       48.88,
 139.968829,   35.359009,       48.68,
 139.973333,   35.359009,       48.48,
 139.977838,   35.359009,       48.28,
 139.982342,   35.359009,       48.08,
 139.986847,   35.359009,       47.87,
 139.991351,   35.359009,       47.68,
 139.995856,   35.359009,       47.49,
 140.000360,   35.359009,       47.30,
 140.004865,   35.359009,       47.12,
 140.009369,   35.359009,       46.95,
 140.013874,   35.359009,       46.79,
 140.018378,   35.359009,       46.63,
 140.022883,   35.359009,       46.47,
 140.027387,   35.359009,       46.32,
 140.031892,   35.359009,       46.17,
 140.036396,   35.359009,       46.02,
 140.040901,   35.359009,       45.88,
 140.045405,   35.359009,       45.74,
 140.049910,   35.359009,       45.60,
 140.054414,   35.359009,       45.47,
 140.058919,   35.359009,       45.34,
 140.063423,   35.359009,       45.21,
 140.067928,   35.359009,       45.09,
 140.072432,   35.359009,       44.97,
 140.076937,   35.359009,       44.85,
 140.081441,   35.359009,       44.74,
 140.085946,   35.359009,       44.62,
 140.090450,   35.359009,       44.51,
 140.094955,   35.359009,       44.41,
 140.099459,   35.359009,       44.31,
 140.103964,   35.359009,       44.21,
 140.108468,   35.359009,       44.11,
 140.112973,   35.359009,       44.01,
 140.117477,   35.359009,       43.92,
 140.121982,   35.359009,       43.84,
 140.126486,   35.359009,       43.75,
 140.130991,   35.359009,       43.67,
 140.135495,   35.359009,       43.59,
 140.140000,   35.359009,       43.50,
 140.144505,   35.359009,       43.43,
 140.149009,   35.359009,       43.35,
 140.153514,   35.359009,       43.27,
 140.158018,   35.359009,       43.20,
 140.162523,   35.359009,       43.13,
 140.167027,   35.359009,       43.05,
 140.171532,   35.359009,       42.98,
 140.176036,   35.359009,       42.91,
 140.180541,   35.359009,       42.84,
 140.185045,   35.359009,       42.77,
 140.189550,   35.359009,       42.71,
 140.194054,   35.359009,       42.64,
 140.198559,   35.359009,       42.58,
 140.203063,   35.359009,       42.51,
 140.207568,   35.359009,       42.45,
 140.212072,   35.359009,       42.39,
 140.216577,   35.359009,       42.33,
 140.221081,   35.359009,       42.26,
 140.225586,   35.359009,       42.20,
 140.230090,   35.359009,       42.14,
 140.234595,   35.359009,       42.08,
 140.239099,   35.359009,       42.02,
 140.243604,   35.359009,       41.96,
 140.248108,   35.359009,       41.90,
 140.252613,   35.359009,       41.82,
 140.257117,   35.359009,       41.72,
 140.261622,   35.359009,       41.60,
 140.266126,   35.359009,       41.47,
 140.270631,   35.359009,       41.33,
 140.275135,   35.359009,       41.20,
 140.279640,   35.359009,       41.16,
 140.284144,   35.359009,       41.13,
 140.288649,   35.359009,       41.09,
 140.293153,   35.359009,       41.05,
 140.297658,   35.359009,       41.01,
 140.302162,   35.359009,       40.97,
 140.306667,   35.359009,       40.93,
 140.311171,   35.359009,       40.88,
 140.315676,   35.359009,       40.84,
 140.320180,   35.359009,       40.80,
 140.324685,   35.359009,       40.75,
 140.329189,   35.359009,       40.71,
 140.333694,   35.359009,       40.67,
 140.338198,   35.359009,       40.62,
 140.342703,   35.359009,       40.57,
 140.347207,   35.359009,       40.53,
 140.351712,   35.359009,       40.48,
 140.356216,   35.359009,       40.43,
 140.360721,   35.359009,       40.38,
 140.365225,   35.359009,       40.33,
 140.369730,   35.359009,       40.28,
 140.374234,   35.359009,       40.23,
 140.378739,   35.359009,       40.18,
 140.383243,   35.359009,       40.12,
 140.387748,   35.359009,       40.07,
 139.140000,   35.363514,       66.05,
 139.144505,   35.363514,       66.05,
 139.149009,   35.363514,       66.05,
 139.153514,   35.363514,       65.03,
 139.158018,   35.363514,       64.05,
 139.162523,   35.363514,       63.10,
 139.167027,   35.363514,       62.19,
 139.171532,   35.363514,       61.32,
 139.176036,   35.363514,       60.48,
 139.180541,   35.363514,       59.68,
 139.185045,   35.363514,       58.92,
 139.189550,   35.363514,       58.19,
 139.194054,   35.363514,       57.51,
 139.198559,   35.363514,       56.86,
 139.203063,   35.363514,       56.24,
 139.207568,   35.363514,       55.67,
 139.212072,   35.363514,       55.13,
 139.216577,   35.363514,       54.63,
 139.221081,   35.363514,       54.16,
 139.225586,   35.363514,       53.73,
 139.230090,   35.363514,       53.34,
 139.234595,   35.363514,       52.99,
 139.239099,   35.363514,       52.67,
 139.243604,   35.363514,       52.39,
 139.248108,   35.363514,       52.15,
 139.252613,   35.363514,       51.95,
 139.257117,   35.363514,       51.78,
 139.261622,   35.363514,       51.65,
 139.266126,   35.363514,       51.55,
 139.270631,   35.363514,       51.50,
 139.275135,   35.363514,       51.48,
 139.279640,   35.363514,       51.50,
 139.284144,   35.363514,       51.55,
 139.288649,   35.363514,       51.64,
 139.293153,   35.363514,       51.77,
 139.297658,   35.363514,       51.94,
 139.302162,   35.363514,       52.14,
 139.306667,   35.363514,       52.38,
 139.311171,   35.363514,       52.66,
 139.315676,   35.363514,       52.97,
 139.320180,   35.363514,       53.32,
 139.324685,   35.363514,       53.90,
 139.329189,   35.363514,       54.84,
 139.333694,   35.363514,       55.42,
 139.338198,   35.363514,       55.22,
 139.342703,   35.363514,       53.61,
 139.347207,   35.363514,       51.90,
 139.351712,   35.363514,       50.21,
 139.356216,   35.363514,       48.57,
 139.360721,   35.363514,       46.96,
 139.365225,   35.363514,       45.39,
 139.369730,   35.363514,       43.87,
 139.374234,   35.363514,       42.41,
 139.378739,   35.363514,       41.00,
 139.383243,   35.363514,       39.66,
 139.387748,   35.363514,       38.42,
 139.392252,   35.363514,       37.41,
 139.396757,   35.363514,       36.61,
 139.401261,   35.363514,       35.93,
 139.405766,   35.363514,       35.41,
 139.410270,   35.363514,       35.07,
 139.414775,   35.363514,       34.99,
 139.419279,   35.363514,       35.03,
 139.423784,   35.363514,       35.05,
 139.428288,   35.363514,       35.05,
 139.432793,   35.363514,       35.02,
 139.437297,   35.363514,       34.95,
 139.441802,   35.363514,       34.83,
 139.446306,   35.363514,       34.63,
 139.450811,   35.363514,       34.31,
 139.455315,   35.363514,       33.96,
 139.459820,   35.363514,       33.65,
 139.464324,   35.363514,       33.36,
 139.468829,   35.363514,       33.09,
 139.473333,   35.363514,       32.86,
 139.477838,   35.363514,       32.67,
 139.482342,   35.363514,       32.53,
 139.486847,   35.363514,       32.42,
 139.491351,   35.363514,       32.37,
 139.495856,   35.363514,       32.36,
 139.500360,   35.363514,       32.40,
 139.504865,   35.363514,       32.49,
 139.509369,   35.363514,       32.64,
 139.513874,   35.363514,       32.84,
 139.518378,   35.363514,       33.09,
 139.522883,   35.363514,       33.41,
 139.527387,   35.363514,       33.79,
 139.531892,   35.363514,       34.24,
 139.536396,   35.363514,       34.75,
 139.540901,   35.363514,       35.34,
 139.545405,   35.363514,       36.03,
 139.549910,   35.363514,       36.77,
 139.554414,   35.363514,       37.55,
 139.558919,   35.363514,       38.36,
 139.563423,   35.363514,       39.20,
 139.567928,   35.363514,       40.08,
 139.572432,   35.363514,       41.01,
 139.576937,   35.363514,       41.92,
 139.581441,   35.363514,       42.78,
 139.585946,   35.363514,       43.58,
 139.590450,   35.363514,       44.31,
 139.594955,   35.363514,       44.87,
 139.599459,   35.363514,       44.93,
 139.603964,   35.363514,       44.33,
 139.608468,   35.363514,       43.38,
 139.612973,   35.363514,       42.31,
 139.617477,   35.363514,       41.16,
 139.621982,   35.363514,       39.92,
 139.626486,   35.363514,       38.64,
 139.630991,   35.363514,       37.34,
 139.635495,   35.363514,       35.87,
 139.640000,   35.363514,       35.08,
 139.644505,   35.363514,       34.48,
 139.649009,   35.363514,       33.97,
 139.653514,   35.363514,       34.08,
 139.658018,   35.363514,       34.43,
 139.662523,   35.363514,       35.02,
 139.667027,   35.363514,       35.71,
 139.671532,   35.363514,       36.13,
 139.676036,   35.363514,       36.30,
 139.680541,   35.363514,       35.78,
 139.685045,   35.363514,       34.93,
 139.689550,   35.363514,       33.89,
 139.694054,   35.363514,       32.96,
 139.698559,   35.363514,       32.14,
 139.703063,   35.363514,       31.40,
 139.707568,   35.363514,       31.18,
 139.712072,   35.363514,       30.98,
 139.716577,   35.363514,       30.99,
 139.721081,   35.363514,       31.12,
 139.725586,   35.363514,       31.35,
 139.730090,   35.363514,       31.65,
 139.734595,   35.363514,       32.06,
 139.739099,   35.363514,       32.56,
 139.743604,   35.363514,       33.39,
 139.748108,   35.363514,       34.32,
 139.752613,   35.363514,       35.30,
 139.757117,   35.363514,       36.23,
 139.761622,   35.363514,       37.04,
 139.766126,   35.363514,       37.74,
 139.770631,   35.363514,       38.17,
 139.775135,   35.363514,       38.52,
 139.779640,   35.363514,       38.81,
 139.784144,   35.363514,       38.95,
 139.788649,   35.363514,       39.08,
 139.793153,   35.363514,       39.15,
 139.797658,   35.363514,       39.31,
 139.802162,   35.363514,       39.47,
 139.806667,   35.363514,       39.73,
 139.811171,   35.363514,       40.12,
 139.815676,   35.363514,       40.60,
 139.820180,   35.363514,       41.22,
 139.824685,   35.363514,       41.93,
 139.829189,   35.363514,       42.73,
 139.833694,   35.363514,       43.57,
 139.838198,   35.363514,       44.39,
 139.842703,   35.363514,       45.24,
 139.847207,   35.363514,       45.92,
 139.851712,   35.363514,       46.48,
 139.856216,   35.363514,       47.03,
 139.860721,   35.363514,       47.47,
 139.865225,   35.363514,       47.75,
 139.869730,   35.363514,       48.03,
 139.874234,   35.363514,       48.29,
 139.878739,   35.363514,       48.58,
 139.883243,   35.363514,       48.89,
 139.887748,   35.363514,       49.20,
 139.892252,   35.363514,       49.52,
 139.896757,   35.363514,       49.86,
 139.901261,   35.363514,       50.23,
 139.905766,   35.363514,       50.62,
 139.910270,   35.363514,       51.05,
 139.914775,   35.363514,       51.14,
 139.919279,   35.363514,       50.95,
 139.923784,   35.363514,       50.75,
 139.928288,   35.363514,       50.56,
 139.932793,   35.363514,       50.36,
 139.937297,   35.363514,       50.16,
 139.941802,   35.363514,       49.95,
 139.946306,   35.363514,       49.75,
 139.950811,   35.363514,       49.54,
 139.955315,   35.363514,       49.34,
 139.959820,   35.363514,       49.13,
 139.964324,   35.363514,       48.93,
 139.968829,   35.363514,       48.74,
 139.973333,   35.363514,       48.54,
 139.977838,   35.363514,       48.34,
 139.982342,   35.363514,       48.15,
 139.986847,   35.363514,       47.95,
 139.991351,   35.363514,       47.76,
 139.995856,   35.363514,       47.57,
 140.000360,   35.363514,       47.39,
 140.004865,   35.363514,       47.22,
 140.009369,   35.363514,       47.06,
 140.013874,   35.363514,       46.90,
 140.018378,   35.363514,       46.74,
 140.022883,   35.363514,       46.59,
 140.027387,   35.363514,       46.44,
 140.031892,   35.363514,       46.30,
 140.036396,   35.363514,       46.16,
 140.040901,   35.363514,       46.02,
 140.045405,   35.363514,       45.88,
 140.049910,   35.363514,       45.75,
 140.054414,   35.363514,       45.62,
 140.058919,   35.363514,       45.50,
 140.063423,   35.363514,       45.38,
 140.067928,   35.363514,       45.26,
 140.072432,   35.363514,       45.14,
 140.076937,   35.363514,       45.02,
 140.081441,   35.363514,       44.91,
 140.085946,   35.363514,       44.81,
 140.090450,   35.363514,       44.70,
 140.094955,   35.363514,       44.60,
 140.099459,   35.363514,       44.50,
 140.103964,   35.363514,       44.40,
 140.108468,   35.363514,       44.31,
 140.112973,   35.363514,       44.22,
 140.117477,   35.363514,       44.13,
 140.121982,   35.363514,       44.05,
 140.126486,   35.363514,       43.96,
 140.130991,   35.363514,       43.88,
 140.135495,   35.363514,       43.80,
 140.140000,   35.363514,       43.72,
 140.144505,   35.363514,       43.65,
 140.149009,   35.363514,       43.57,
 140.153514,   35.363514,       43.50,
 140.158018,   35.363514,       43.42,
 140.162523,   35.363514,       43.35,
 140.167027,   35.363514,       43.28,
 140.171532,   35.363514,       43.21,
 140.176036,   35.363514,       43.14,
 140.180541,   35.363514,       43.07,
 140.185045,   35.363514,       43.00,
 140.189550,   35.363514,       42.93,
 140.194054,   35.363514,       42.87,
 140.198559,   35.363514,       42.80,
 140.203063,   35.363514,       42.74,
 140.207568,   35.363514,       42.68,
 140.212072,   35.363514,       42.61,
 140.216577,   35.363514,       42.55,
 140.221081,   35.363514,       42.49,
 140.225586,   35.363514,       42.42,
 140.230090,   35.363514,       42.36,
 140.234595,   35.363514,       42.30,
 140.239099,   35.363514,       42.24,
 140.243604,   35.363514,       42.18,
 140.248108,   35.363514,       42.10,
 140.252613,   35.363514,       42.01,
 140.257117,   35.363514,       41.89,
 140.261622,   35.363514,       41.76,
 140.266126,   35.363514,       41.62,
 140.270631,   35.363514,       41.47,
 140.275135,   35.363514,       41.41,
 140.279640,   35.363514,       41.37,
 140.284144,   35.363514,       41.33,
 140.288649,   35.363514,       41.30,
 140.293153,   35.363514,       41.26,
 140.297658,   35.363514,       41.22,
 140.302162,   35.363514,       41.18,
 140.306667,   35.363514,       41.14,
 140.311171,   35.363514,       41.09,
 140.315676,   35.363514,       41.05,
 140.320180,   35.363514,       41.01,
 140.324685,   35.363514,       40.97,
 140.329189,   35.363514,       40.92,
 140.333694,   35.363514,       40.88,
 140.338198,   35.363514,       40.83,
 140.342703,   35.363514,       40.79,
 140.347207,   35.363514,       40.74,
 140.351712,   35.363514,       40.69,
 140.356216,   35.363514,       40.64,
 140.360721,   35.363514,       40.59,
 140.365225,   35.363514,       40.54,
 140.369730,   35.363514,       40.49,
 140.374234,   35.363514,       40.44,
 140.378739,   35.363514,       40.39,
 140.383243,   35.363514,       40.34,
 140.387748,   35.363514,       40.29,
 139.140000,   35.368018,       65.24,
 139.144505,   35.368018,       65.24,
 139.149009,   35.368018,       65.24,
 139.153514,   35.368018,       64.21,
 139.158018,   35.368018,       63.21,
 139.162523,   35.368018,       62.25,
 139.167027,   35.368018,       61.32,
 139.171532,   35.368018,       60.43,
 139.176036,   35.368018,       59.58,
 139.180541,   35.368018,       58.77,
 139.185045,   35.368018,       57.99,
 139.189550,   35.368018,       57.26,
 139.194054,   35.368018,       56.55,
 139.198559,   35.368018,       55.89,
 139.203063,   35.368018,       55.26,
 139.207568,   35.368018,       54.67,
 139.212072,   35.368018,       54.12,
 139.216577,   35.368018,       53.60,
 139.221081,   35.368018,       53.12,
 139.225586,   35.368018,       52.68,
 139.230090,   35.368018,       52.27,
 139.234595,   35.368018,       51.90,
 139.239099,   35.368018,       51.57,
 139.243604,   35.368018,       51.28,
 139.248108,   35.368018,       51.02,
 139.252613,   35.368018,       50.80,
 139.257117,   35.368018,       50.62,
 139.261622,   35.368018,       50.47,
 139.266126,   35.368018,       50.37,
 139.270631,   35.368018,       50.29,
 139.275135,   35.368018,       50.26,
 139.279640,   35.368018,       50.26,
 139.284144,   35.368018,       50.30,
 139.288649,   35.368018,       50.38,
 139.293153,   35.368018,       50.49,
 139.297658,   35.368018,       50.64,
 139.302162,   35.368018,       50.83,
 139.306667,   35.368018,       51.06,
 139.311171,   35.368018,       51.32,
 139.315676,   35.368018,       51.62,
 139.320180,   35.368018,       51.96,
 139.324685,   35.368018,       52.33,
 139.329189,   35.368018,       52.74,
 139.333694,   35.368018,       53.66,
 139.338198,   35.368018,       54.44,
 139.342703,   35.368018,       54.71,
 139.347207,   35.368018,       53.80,
 139.351712,   35.368018,       52.11,
 139.356216,   35.368018,       50.45,
 139.360721,   35.368018,       48.83,
 139.365225,   35.368018,       47.25,
 139.369730,   35.368018,       45.70,
 139.374234,   35.368018,       44.19,
 139.378739,   35.368018,       42.74,
 139.383243,   35.368018,       41.33,
 139.387748,   35.368018,       39.99,
 139.392252,   35.368018,       38.73,
 139.396757,   35.368018,       37.58,
 139.401261,   35.368018,       36.67,
 139.405766,   35.368018,       35.92,
 139.410270,   35.368018,       35.30,
 139.414775,   35.368018,       34.81,
 139.419279,   35.368018,       34.51,
 139.423784,   35.368018,       34.46,
 139.428288,   35.368018,       34.49,
 139.432793,   35.368018,       34.52,
 139.437297,   35.368018,       34.52,
 139.441802,   35.368018,       34.50,
 139.446306,   35.368018,       34.44,
 139.450811,   35.368018,       34.33,
 139.455315,   35.368018,       34.14,
 139.459820,   35.368018,       33.85,
 139.464324,   35.368018,       33.55,
 139.468829,   35.368018,       33.28,
 139.473333,   35.368018,       33.03,
 139.477838,   35.368018,       32.81,
 139.482342,   35.368018,       32.62,
 139.486847,   35.368018,       32.47,
 139.491351,   35.368018,       32.37,
 139.495856,   35.368018,       32.30,
 139.500360,   35.368018,       32.29,
 139.504865,   35.368018,       32.32,
 139.509369,   35.368018,       32.40,
 139.513874,   35.368018,       32.53,
 139.518378,   35.368018,       32.71,
 139.522883,   35.368018,       32.95,
 139.527387,   35.368018,       33.24,
 139.531892,   35.368018,       33.59,
 139.536396,   35.368018,       33.99,
 139.540901,   35.368018,       34.45,
 139.545405,   35.368018,       34.98,
 139.549910,   35.368018,       35.60,
 139.554414,   35.368018,       36.28,
 139.558919,   35.368018,       37.00,
 139.563423,   35.368018,       37.75,
 139.567928,   35.368018,       38.53,
 139.572432,   35.368018,       39.34,
 139.576937,   35.368018,       40.18,
 139.581441,   35.368018,       41.00,
 139.585946,   35.368018,       41.76,
 139.590450,   35.368018,       42.44,
 139.594955,   35.368018,       43.04,
 139.599459,   35.368018,       43.37,
 139.603964,   35.368018,       43.08,
 139.608468,   35.368018,       42.17,
 139.612973,   35.368018,       41.20,
 139.617477,   35.368018,       40.15,
 139.621982,   35.368018,       38.88,
 139.626486,   35.368018,       37.56,
 139.630991,   35.368018,       36.24,
 139.635495,   35.368018,       35.08,
 139.640000,   35.368018,       34.12,
 139.644505,   35.368018,       33.48,
 139.649009,   35.368018,       33.39,
 139.653514,   35.368018,       33.75,
 139.658018,   35.368018,       34.17,
 139.662523,   35.368018,       34.89,
 139.667027,   35.368018,       35.53,
 139.671532,   35.368018,       35.89,
 139.676036,   35.368018,       35.94,
 139.680541,   35.368018,       35.45,
 139.685045,   35.368018,       34.72,
 139.689550,   35.368018,       33.71,
 139.694054,   35.368018,       32.74,
 139.698559,   35.368018,       32.01,
 139.703063,   35.368018,       31.47,
 139.707568,   35.368018,       31.12,
 139.712072,   35.368018,       30.98,
 139.716577,   35.368018,       31.02,
 139.721081,   35.368018,       31.19,
 139.725586,   35.368018,       31.44,
 139.730090,   35.368018,       31.73,
 139.734595,   35.368018,       32.09,
 139.739099,   35.368018,       32.57,
 139.743604,   35.368018,       33.39,
 139.748108,   35.368018,       34.33,
 139.752613,   35.368018,       35.26,
 139.757117,   35.368018,       36.11,
 139.761622,   35.368018,       36.94,
 139.766126,   35.368018,       37.74,
 139.770631,   35.368018,       38.21,
 139.775135,   35.368018,       38.61,
 139.779640,   35.368018,       38.93,
 139.784144,   35.368018,       39.11,
 139.788649,   35.368018,       39.26,
 139.793153,   35.368018,       39.33,
 139.797658,   35.368018,       39.37,
 139.802162,   35.368018,       39.46,
 139.806667,   35.368018,       39.63,
 139.811171,   35.368018,       39.95,
 139.815676,   35.368018,       40.34,
 139.820180,   35.368018,       40.79,
 139.824685,   35.368018,       41.43,
 139.829189,   35.368018,       42.16,
 139.833694,   35.368018,       42.95,
 139.838198,   35.368018,       43.73,
 139.842703,   35.368018,       44.49,
 139.847207,   35.368018,       45.14,
 139.851712,   35.368018,       45.73,
 139.856216,   35.368018,       46.27,
 139.860721,   35.368018,       46.78,
 139.865225,   35.368018,       47.11,
 139.869730,   35.368018,       47.39,
 139.874234,   35.368018,       47.70,
 139.878739,   35.368018,       48.04,
 139.883243,   35.368018,       48.36,
 139.887748,   35.368018,       48.70,
 139.892252,   35.368018,       49.15,
 139.896757,   35.368018,       49.56,
 139.901261,   35.368018,       49.95,
 139.905766,   35.368018,       50.35,
 139.910270,   35.368018,       50.78,
 139.914775,   35.368018,       51.21,
 139.919279,   35.368018,       51.04,
 139.923784,   35.368018,       50.81,
 139.928288,   35.368018,       50.60,
 139.932793,   35.368018,       50.39,
 139.937297,   35.368018,       50.19,
 139.941802,   35.368018,       49.99,
 139.946306,   35.368018,       49.79,
 139.950811,   35.368018,       49.58,
 139.955315,   35.368018,       49.38,
 139.959820,   35.368018,       49.18,
 139.964324,   35.368018,       48.98,
 139.968829,   35.368018,       48.79,
 139.973333,   35.368018,       48.60,
 139.977838,   35.368018,       48.41,
 139.982342,   35.368018,       48.22,
 139.986847,   35.368018,       48.03,
 139.991351,   35.368018,       47.84,
 139.995856,   35.368018,       47.66,
 140.000360,   35.368018,       47.49,
 140.004865,   35.368018,       47.32,
 140.009369,   35.368018,       47.16,
 140.013874,   35.368018,       47.01,
 140.018378,   35.368018,       46.86,
 140.022883,   35.368018,       46.71,
 140.027387,   35.368018,       46.57,
 140.031892,   35.368018,       46.43,
 140.036396,   35.368018,       46.29,
 140.040901,   35.368018,       46.16,
 140.045405,   35.368018,       46.03,
 140.049910,   35.368018,       45.90,
 140.054414,   35.368018,       45.78,
 140.058919,   35.368018,       45.66,
 140.063423,   35.368018,       45.54,
 140.067928,   35.368018,       45.42,
 140.072432,   35.368018,       45.31,
 140.076937,   35.368018,       45.20,
 140.081441,   35.368018,       45.09,
 140.085946,   35.368018,       44.99,
 140.090450,   35.368018,       44.89,
 140.094955,   35.368018,       44.79,
 140.099459,   35.368018,       44.69,
 140.103964,   35.368018,       44.60,
 140.108468,   35.368018,       44.51,
 140.112973,   35.368018,       44.42,
 140.117477,   35.368018,       44.34,
 140.121982,   35.368018,       44.26,
 140.126486,   35.368018,       44.18,
 140.130991,   35.368018,       44.10,
 140.135495,   35.368018,       44.02,
 140.140000,   35.368018,       43.94,
 140.144505,   35.368018,       43.87,
 140.149009,   35.368018,       43.79,
 140.153514,   35.368018,       43.72,
 140.158018,   35.368018,       43.65,
 140.162523,   35.368018,       43.58,
 140.167027,   35.368018,       43.50,
 140.171532,   35.368018,       43.43,
 140.176036,   35.368018,       43.36,
 140.180541,   35.368018,       43.29,
 140.185045,   35.368018,       43.23,
 140.189550,   35.368018,       43.16,
 140.194054,   35.368018,       43.09,
 140.198559,   35.368018,       43.03,
 140.203063,   35.368018,       42.96,
 140.207568,   35.368018,       42.90,
 140.212072,   35.368018,       42.84,
 140.216577,   35.368018,       42.77,
 140.221081,   35.368018,       42.71,
 140.225586,   35.368018,       42.64,
 140.230090,   35.368018,       42.58,
 140.234595,   35.368018,       42.51,
 140.239099,   35.368018,       42.45,
 140.243604,   35.368018,       42.38,
 140.248108,   35.368018,       42.29,
 140.252613,   35.368018,       42.18,
 140.257117,   35.368018,       42.05,
 140.261622,   35.368018,       41.91,
 140.266126,   35.368018,       41.76,
 140.270631,   35.368018,       41.65,
 140.275135,   35.368018,       41.62,
 140.279640,   35.368018,       41.58,
 140.284144,   35.368018,       41.54,
 140.288649,   35.368018,       41.51,
 140.293153,   35.368018,       41.47,
 140.297658,   35.368018,       41.43,
 140.302162,   35.368018,       41.39,
 140.306667,   35.368018,       41.35,
 140.311171,   35.368018,       41.31,
 140.315676,   35.368018,       41.26,
 140.320180,   35.368018,       41.22,
 140.324685,   35.368018,       41.18,
 140.329189,   35.368018,       41.13,
 140.333694,   35.368018,       41.09,
 140.338198,   35.368018,       41.04,
 140.342703,   35.368018,       41.00,
 140.347207,   35.368018,       40.95,
 140.351712,   35.368018,       40.90,
 140.356216,   35.368018,       40.86,
 140.360721,   35.368018,       40.81,
 140.365225,   35.368018,       40.76,
 140.369730,   35.368018,       40.71,
 140.374234,   35.368018,       40.66,
 140.378739,   35.368018,       40.61,
 140.383243,   35.368018,       40.55,
 140.387748,   35.368018,       40.50,
 139.140000,   35.372523,       64.40,
 139.144505,   35.372523,       64.40,
 139.149009,   35.372523,       64.40,
 139.153514,   35.372523,       63.35,
 139.158018,   35.372523,       62.34,
 139.162523,   35.372523,       61.36,
 139.167027,   35.372523,       60.42,
 139.171532,   35.372523,       59.52,
 139.176036,   35.372523,       58.65,
 139.180541,   35.372523,       57.82,
 139.185045,   35.372523,       57.03,
 139.189550,   35.372523,       56.28,
 139.194054,   35.372523,       55.56,
 139.198559,   35.372523,       54.88,
 139.203063,   35.372523,       54.24,
 139.207568,   35.372523,       53.63,
 139.212072,   35.372523,       53.07,
 139.216577,   35.372523,       52.54,
 139.221081,   35.372523,       52.04,
 139.225586,   35.372523,       51.58,
 139.230090,   35.372523,       51.16,
 139.234595,   35.372523,       50.78,
 139.239099,   35.372523,       50.43,
 139.243604,   35.372523,       50.13,
 139.248108,   35.372523,       49.85,
 139.252613,   35.372523,       49.62,
 139.257117,   35.372523,       49.42,
 139.261622,   35.372523,       49.26,
 139.266126,   35.372523,       49.14,
 139.270631,   35.372523,       49.05,
 139.275135,   35.372523,       49.00,
 139.279640,   35.372523,       48.99,
 139.284144,   35.372523,       49.02,
 139.288649,   35.372523,       49.08,
 139.293153,   35.372523,       49.18,
 139.297658,   35.372523,       49.31,
 139.302162,   35.372523,       49.49,
 139.306667,   35.372523,       49.70,
 139.311171,   35.372523,       49.95,
 139.315676,   35.372523,       50.23,
 139.320180,   35.372523,       50.55,
 139.324685,   35.372523,       50.91,
 139.329189,   35.372523,       51.31,
 139.333694,   35.372523,       51.74,
 139.338198,   35.372523,       52.41,
 139.342703,   35.372523,       53.34,
 139.347207,   35.372523,       53.91,
 139.351712,   35.372523,       53.75,
 139.356216,   35.372523,       52.28,
 139.360721,   35.372523,       50.64,
 139.365225,   35.372523,       49.04,
 139.369730,   35.372523,       47.48,
 139.374234,   35.372523,       45.95,
 139.378739,   35.372523,       44.46,
 139.383243,   35.372523,       43.01,
 139.387748,   35.372523,       41.62,
 139.392252,   35.372523,       40.28,
 139.396757,   35.372523,       39.01,
 139.401261,   35.372523,       37.82,
 139.405766,   35.372523,       36.75,
 139.410270,   35.372523,       35.93,
 139.414775,   35.372523,       35.24,
 139.419279,   35.372523,       34.66,
 139.423784,   35.372523,       34.24,
 139.428288,   35.372523,       34.00,
 139.432793,   35.372523,       33.99,
 139.437297,   35.372523,       34.02,
 139.441802,   35.372523,       34.05,
 139.446306,   35.372523,       34.05,
 139.450811,   35.372523,       34.03,
 139.455315,   35.372523,       33.97,
 139.459820,   35.372523,       33.86,
 139.464324,   35.372523,       33.67,
 139.468829,   35.372523,       33.41,
 139.473333,   35.372523,       33.14,
 139.477838,   35.372523,       32.90,
 139.482342,   35.372523,       32.69,
 139.486847,   35.372523,       32.51,
 139.491351,   35.372523,       32.36,
 139.495856,   35.372523,       32.25,
 139.500360,   35.372523,       32.18,
 139.504865,   35.372523,       32.16,
 139.509369,   35.372523,       32.18,
 139.513874,   35.372523,       32.25,
 139.518378,   35.372523,       32.36,
 139.522883,   35.372523,       32.53,
 139.527387,   35.372523,       32.74,
 139.531892,   35.372523,       33.00,
 139.536396,   35.372523,       33.31,
 139.540901,   35.372523,       33.67,
 139.545405,   35.372523,       34.09,
 139.549910,   35.372523,       34.58,
 139.554414,   35.372523,       35.14,
 139.558919,   35.372523,       35.77,
 139.563423,   35.372523,       36.44,
 139.567928,   35.372523,       37.14,
 139.572432,   35.372523,       37.86,
 139.576937,   35.372523,       38.61,
 139.581441,   35.372523,       39.38,
 139.585946,   35.372523,       40.13,
 139.590450,   35.372523,       40.80,
 139.594955,   35.372523,       41.38,
 139.599459,   35.372523,       41.87,
 139.603964,   35.372523,       41.94,
 139.608468,   35.372523,       41.24,
 139.612973,   35.372523,       40.21,
 139.617477,   35.372523,       39.15,
 139.621982,   35.372523,       37.84,
 139.626486,   35.372523,       36.45,
 139.630991,   35.372523,       35.16,
 139.635495,   35.372523,       34.38,
 139.640000,   35.372523,       33.34,
 139.644505,   35.372523,       32.71,
 139.649009,   35.372523,       32.81,
 139.653514,   35.372523,       33.24,
 139.658018,   35.372523,       33.93,
 139.662523,   35.372523,       34.66,
 139.667027,   35.372523,       35.24,
 139.671532,   35.372523,       35.61,
 139.676036,   35.372523,       35.52,
 139.680541,   35.372523,       35.13,
 139.685045,   35.372523,       34.37,
 139.689550,   35.372523,       33.44,
 139.694054,   35.372523,       32.50,
 139.698559,   35.372523,       31.95,
 139.703063,   35.372523,       31.49,
 139.707568,   35.372523,       31.09,
 139.712072,   35.372523,       31.04,
 139.716577,   35.372523,       31.14,
 139.721081,   35.372523,       31.32,
 139.725586,   35.372523,       31.56,
 139.730090,   35.372523,       31.85,
 139.734595,   35.372523,       32.20,
 139.739099,   35.372523,       32.67,
 139.743604,   35.372523,       33.41,
 139.748108,   35.372523,       34.29,
 139.752613,   35.372523,       35.17,
 139.757117,   35.372523,       36.01,
 139.761622,   35.372523,       36.85,
 139.766126,   35.372523,       37.60,
 139.770631,   35.372523,       38.13,
 139.775135,   35.372523,       38.62,
 139.779640,   35.372523,       39.06,
 139.784144,   35.372523,       39.22,
 139.788649,   35.372523,       39.37,
 139.793153,   35.372523,       39.50,
 139.797658,   35.372523,       39.48,
 139.802162,   35.372523,       39.50,
 139.806667,   35.372523,       39.62,
 139.811171,   35.372523,       39.75,
 139.815676,   35.372523,       40.06,
 139.820180,   35.372523,       40.36,
 139.824685,   35.372523,       40.92,
 139.829189,   35.372523,       41.48,
 139.833694,   35.372523,       42.21,
 139.838198,   35.372523,       42.97,
 139.842703,   35.372523,       43.68,
 139.847207,   35.372523,       44.32,
 139.851712,   35.372523,       44.98,
 139.856216,   35.372523,       45.52,
 139.860721,   35.372523,       46.03,
 139.865225,   35.372523,       46.45,
 139.869730,   35.372523,       46.76,
 139.874234,   35.372523,       47.10,
 139.878739,   35.372523,       47.46,
 139.883243,   35.372523,       47.81,
 139.887748,   35.372523,       48.22,
 139.892252,   35.372523,       48.73,
 139.896757,   35.372523,       49.21,
 139.901261,   35.372523,       49.66,
 139.905766,   35.372523,       50.09,
 139.910270,   35.372523,       50.56,
 139.914775,   35.372523,       51.04,
 139.919279,   35.372523,       51.19,
 139.923784,   35.372523,       50.90,
 139.928288,   35.372523,       50.66,
 139.932793,   35.372523,       50.44,
 139.937297,   35.372523,       50.23,
 139.941802,   35.372523,       50.03,
 139.946306,   35.372523,       49.83,
 139.950811,   35.372523,       49.63,
 139.955315,   35.372523,       49.43,
 139.959820,   35.372523,       49.23,
 139.964324,   35.372523,       49.04,
 139.968829,   35.372523,       48.85,
 139.973333,   35.372523,       48.66,
 139.977838,   35.372523,       48.48,
 139.982342,   35.372523,       48.30,
 139.986847,   35.372523,       48.11,
 139.991351,   35.372523,       47.93,
 139.995856,   35.372523,       47.75,
 140.000360,   35.372523,       47.58,
 140.004865,   35.372523,       47.42,
 140.009369,   35.372523,       47.27,
 140.013874,   35.372523,       47.12,
 140.018378,   35.372523,       46.97,
 140.022883,   35.372523,       46.83,
 140.027387,   35.372523,       46.69,
 140.031892,   35.372523,       46.56,
 140.036396,   35.372523,       46.43,
 140.040901,   35.372523,       46.30,
 140.045405,   35.372523,       46.18,
 140.049910,   35.372523,       46.05,
 140.054414,   35.372523,       45.93,
 140.058919,   35.372523,       45.82,
 140.063423,   35.372523,       45.70,
 140.067928,   35.372523,       45.59,
 140.072432,   35.372523,       45.48,
 140.076937,   35.372523,       45.38,
 140.081441,   35.372523,       45.27,
 140.085946,   35.372523,       45.17,
 140.090450,   35.372523,       45.07,
 140.094955,   35.372523,       44.98,
 140.099459,   35.372523,       44.89,
 140.103964,   35.372523,       44.80,
 140.108468,   35.372523,       44.71,
 140.112973,   35.372523,       44.63,
 140.117477,   35.372523,       44.55,
 140.121982,   35.372523,       44.47,
 140.126486,   35.372523,       44.39,
 140.130991,   35.372523,       44.31,
 140.135495,   35.372523,       44.24,
 140.140000,   35.372523,       44.16,
 140.144505,   35.372523,       44.09,
 140.149009,   35.372523,       44.02,
 140.153514,   35.372523,       43.94,
 140.158018,   35.372523,       43.87,
 140.162523,   35.372523,       43.80,
 140.167027,   35.372523,       43.73,
 140.171532,   35.372523,       43.66,
 140.176036,   35.372523,       43.59,
 140.180541,   35.372523,       43.52,
 140.185045,   35.372523,       43.45,
 140.189550,   35.372523,       43.38,
 140.194054,   35.372523,       43.32,
 140.198559,   35.372523,       43.25,
 140.203063,   35.372523,       43.19,
 140.207568,   35.372523,       43.12,
 140.212072,   35.372523,       43.06,
 140.216577,   35.372523,       42.99,
 140.221081,   35.372523,       42.92,
 140.225586,   35.372523,       42.86,
 140.230090,   35.372523,       42.79,
 140.234595,   35.372523,       42.73,
 140.239099,   35.372523,       42.66,
 140.243604,   35.372523,       42.57,
 140.248108,   35.372523,       42.46,
 140.252613,   35.372523,       42.34,
 140.257117,   35.372523,       42.20,
 140.261622,   35.372523,       42.04,
 140.266126,   35.372523,       41.90,
 140.270631,   35.372523,       41.86,
 140.275135,   35.372523,       41.83,
 140.279640,   35.372523,       41.79,
 140.284144,   35.372523,       41.75,
 140.288649,   35.372523,       41.72,
 140.293153,   35.372523,       41.68,
 140.297658,   35.372523,       41.64,
 140.302162,   35.372523,       41.60,
 140.306667,   35.372523,       41.56,
 140.311171,   35.372523,       41.52,
 140.315676,   35.372523,       41.48,
 140.320180,   35.372523,       41.43,
 140.324685,   35.372523,       41.39,
 140.329189,   35.372523,       41.35,
 140.333694,   35.372523,       41.30,
 140.338198,   35.372523,       41.26,
 140.342703,   35.372523,       41.21,
 140.347207,   35.372523,       41.17,
 140.351712,   35.372523,       41.12,
 140.356216,   35.372523,       41.07,
 140.360721,   35.372523,       41.02,
 140.365225,   35.372523,       40.97,
 140.369730,   35.372523,       40.92,
 140.374234,   35.372523,       40.87,
 140.378739,   35.372523,       40.82,
 140.383243,   35.372523,       40.77,
 140.387748,   35.372523,       40.72,
 139.140000,   35.377027,       63.52,
 139.144505,   35.377027,       63.52,
 139.149009,   35.377027,       63.52,
 139.153514,   35.377027,       62.45,
 139.158018,   35.377027,       61.43,
 139.162523,   35.377027,       60.43,
 139.167027,   35.377027,       59.48,
 139.171532,   35.377027,       58.56,
 139.176036,   35.377027,       57.68,
 139.180541,   35.377027,       56.84,
 139.185045,   35.377027,       56.03,
 139.189550,   35.377027,       55.27,
 139.194054,   35.377027,       54.53,
 139.198559,   35.377027,       53.84,
 139.203063,   35.377027,       53.18,
 139.207568,   35.377027,       52.56,
 139.212072,   35.377027,       51.98,
 139.216577,   35.377027,       51.43,
 139.221081,   35.377027,       50.92,
 139.225586,   35.377027,       50.45,
 139.230090,   35.377027,       50.02,
 139.234595,   35.377027,       49.62,
 139.239099,   35.377027,       49.26,
 139.243604,   35.377027,       48.94,
 139.248108,   35.377027,       48.65,
 139.252613,   35.377027,       48.40,
 139.257117,   35.377027,       48.19,
 139.261622,   35.377027,       48.01,
 139.266126,   35.377027,       47.88,
 139.270631,   35.377027,       47.77,
 139.275135,   35.377027,       47.71,
 139.279640,   35.377027,       47.68,
 139.284144,   35.377027,       47.69,
 139.288649,   35.377027,       47.74,
 139.293153,   35.377027,       47.83,
 139.297658,   35.377027,       47.95,
 139.302162,   35.377027,       48.11,
 139.306667,   35.377027,       48.30,
 139.311171,   35.377027,       48.54,
 139.315676,   35.377027,       48.81,
 139.320180,   35.377027,       49.11,
 139.324685,   35.377027,       49.46,
 139.329189,   35.377027,       49.84,
 139.333694,   35.377027,       50.26,
 139.338198,   35.377027,       50.71,
 139.342703,   35.377027,       51.21,
 139.347207,   35.377027,       52.16,
 139.351712,   35.377027,       52.93,
 139.356216,   35.377027,       53.22,
 139.360721,   35.377027,       52.41,
 139.365225,   35.377027,       50.80,
 139.369730,   35.377027,       49.22,
 139.374234,   35.377027,       47.67,
 139.378739,   35.377027,       46.15,
 139.383243,   35.377027,       44.68,
 139.387748,   35.377027,       43.24,
 139.392252,   35.377027,       41.86,
 139.396757,   35.377027,       40.52,
 139.401261,   35.377027,       39.24,
 139.405766,   35.377027,       38.04,
 139.410270,   35.377027,       36.92,
 139.414775,   35.377027,       35.95,
 139.419279,   35.377027,       35.21,
 139.423784,   35.377027,       34.58,
 139.428288,   35.377027,       34.07,
 139.432793,   35.377027,       33.71,
 139.437297,   35.377027,       33.54,
 139.441802,   35.377027,       33.56,
 139.446306,   35.377027,       33.59,
 139.450811,   35.377027,       33.61,
 139.455315,   35.377027,       33.61,
 139.459820,   35.377027,       33.59,
 139.464324,   35.377027,       33.52,
 139.468829,   35.377027,       33.40,
 139.473333,   35.377027,       33.21,
 139.477838,   35.377027,       32.96,
 139.482342,   35.377027,       32.73,
 139.486847,   35.377027,       32.52,
 139.491351,   35.377027,       32.34,
 139.495856,   35.377027,       32.19,
 139.500360,   35.377027,       32.08,
 139.504865,   35.377027,       32.00,
 139.509369,   35.377027,       31.97,
 139.513874,   35.377027,       31.98,
 139.518378,   35.377027,       32.04,
 139.522883,   35.377027,       32.14,
 139.527387,   35.377027,       32.28,
 139.531892,   35.377027,       32.47,
 139.536396,   35.377027,       32.71,
 139.540901,   35.377027,       32.99,
 139.545405,   35.377027,       33.31,
 139.549910,   35.377027,       33.69,
 139.554414,   35.377027,       34.14,
 139.558919,   35.377027,       34.65,
 139.563423,   35.377027,       35.24,
 139.567928,   35.377027,       35.87,
 139.572432,   35.377027,       36.52,
 139.576937,   35.377027,       37.19,
 139.581441,   35.377027,       37.89,
 139.585946,   35.377027,       38.61,
 139.590450,   35.377027,       39.29,
 139.594955,   35.377027,       39.89,
 139.599459,   35.377027,       40.39,
 139.603964,   35.377027,       40.72,
 139.608468,   35.377027,       40.35,
 139.612973,   35.377027,       39.28,
 139.617477,   35.377027,       38.16,
 139.621982,   35.377027,       36.77,
 139.626486,   35.377027,       35.34,
 139.630991,   35.377027,       34.29,
 139.635495,   35.377027,       33.62,
 139.640000,   35.377027,       32.66,
 139.644505,   35.377027,       32.05,
 139.649009,   35.377027,       32.30,
 139.653514,   35.377027,       32.86,
 139.658018,   35.377027,       33.63,
 139.662523,   35.377027,       34.31,
 139.667027,   35.377027,       34.89,
 139.671532,   35.377027,       35.24,
 139.676036,   35.377027,       35.10,
 139.680541,   35.377027,       34.82,
 139.685045,   35.377027,       34.05,
 139.689550,   35.377027,       33.19,
 139.694054,   35.377027,       32.40,
 139.698559,   35.377027,       31.88,
 139.703063,   35.377027,       31.42,
 139.707568,   35.377027,       31.15,
 139.712072,   35.377027,       31.14,
 139.716577,   35.377027,       31.28,
 139.721081,   35.377027,       31.49,
 139.725586,   35.377027,       31.73,
 139.730090,   35.377027,       32.02,
 139.734595,   35.377027,       32.38,
 139.739099,   35.377027,       32.83,
 139.743604,   35.377027,       33.44,
 139.748108,   35.377027,       34.21,
 139.752613,   35.377027,       35.07,
 139.757117,   35.377027,       35.92,
 139.761622,   35.377027,       36.78,
 139.766126,   35.377027,       37.48,
 139.770631,   35.377027,       38.03,
 139.775135,   35.377027,       38.56,
 139.779640,   35.377027,       39.01,
 139.784144,   35.377027,       39.26,
 139.788649,   35.377027,       39.45,
 139.793153,   35.377027,       39.55,
 139.797658,   35.377027,       39.56,
 139.802162,   35.377027,       39.58,
 139.806667,   35.377027,       39.63,
 139.811171,   35.377027,       39.67,
 139.815676,   35.377027,       39.85,
 139.820180,   35.377027,       40.06,
 139.824685,   35.377027,       40.44,
 139.829189,   35.377027,       40.90,
 139.833694,   35.377027,       41.44,
 139.838198,   35.377027,       42.11,
 139.842703,   35.377027,       42.80,
 139.847207,   35.377027,       43.47,
 139.851712,   35.377027,       44.15,
 139.856216,   35.377027,       44.75,
 139.860721,   35.377027,       45.32,
 139.865225,   35.377027,       45.71,
 139.869730,   35.377027,       46.10,
 139.874234,   35.377027,       46.49,
 139.878739,   35.377027,       46.87,
 139.883243,   35.377027,       47.26,
 139.887748,   35.377027,       47.79,
 139.892252,   35.377027,       48.32,
 139.896757,   35.377027,       48.82,
 139.901261,   35.377027,       49.36,
 139.905766,   35.377027,       49.92,
 139.910270,   35.377027,       50.44,
 139.914775,   35.377027,       50.98,
 139.919279,   35.377027,       51.26,
 139.923784,   35.377027,       51.01,
 139.928288,   35.377027,       50.74,
 139.932793,   35.377027,       50.50,
 139.937297,   35.377027,       50.28,
 139.941802,   35.377027,       50.08,
 139.946306,   35.377027,       49.87,
 139.950811,   35.377027,       49.67,
 139.955315,   35.377027,       49.48,
 139.959820,   35.377027,       49.28,
 139.964324,   35.377027,       49.09,
 139.968829,   35.377027,       48.91,
 139.973333,   35.377027,       48.73,
 139.977838,   35.377027,       48.55,
 139.982342,   35.377027,       48.37,
 139.986847,   35.377027,       48.19,
 139.991351,   35.377027,       48.01,
 139.995856,   35.377027,       47.84,
 140.000360,   35.377027,       47.68,
 140.004865,   35.377027,       47.52,
 140.009369,   35.377027,       47.38,
 140.013874,   35.377027,       47.23,
 140.018378,   35.377027,       47.09,
 140.022883,   35.377027,       46.96,
 140.027387,   35.377027,       46.82,
 140.031892,   35.377027,       46.69,
 140.036396,   35.377027,       46.57,
 140.040901,   35.377027,       46.44,
 140.045405,   35.377027,       46.32,
 140.049910,   35.377027,       46.21,
 140.054414,   35.377027,       46.09,
 140.058919,   35.377027,       45.98,
 140.063423,   35.377027,       45.87,
 140.067928,   35.377027,       45.76,
 140.072432,   35.377027,       45.66,
 140.076937,   35.377027,       45.55,
 140.081441,   35.377027,       45.45,
 140.085946,   35.377027,       45.36,
 140.090450,   35.377027,       45.26,
 140.094955,   35.377027,       45.17,
 140.099459,   35.377027,       45.08,
 140.103964,   35.377027,       45.00,
 140.108468,   35.377027,       44.92,
 140.112973,   35.377027,       44.84,
 140.117477,   35.377027,       44.76,
 140.121982,   35.377027,       44.68,
 140.126486,   35.377027,       44.60,
 140.130991,   35.377027,       44.53,
 140.135495,   35.377027,       44.46,
 140.140000,   35.377027,       44.38,
 140.144505,   35.377027,       44.31,
 140.149009,   35.377027,       44.24,
 140.153514,   35.377027,       44.17,
 140.158018,   35.377027,       44.09,
 140.162523,   35.377027,       44.02,
 140.167027,   35.377027,       43.95,
 140.171532,   35.377027,       43.88,
 140.176036,   35.377027,       43.81,
 140.180541,   35.377027,       43.74,
 140.185045,   35.377027,       43.67,
 140.189550,   35.377027,       43.61,
 140.194054,   35.377027,       43.54,
 140.198559,   35.377027,       43.48,
 140.203063,   35.377027,       43.41,
 140.207568,   35.377027,       43.34,
 140.212072,   35.377027,       43.27,
 140.216577,   35.377027,       43.21,
 140.221081,   35.377027,       43.14,
 140.225586,   35.377027,       43.07,
 140.230090,   35.377027,       43.00,
 140.234595,   35.377027,       42.94,
 140.239099,   35.377027,       42.86,
 140.243604,   35.377027,       42.75,
 140.248108,   35.377027,       42.63,
 140.252613,   35.377027,       42.49,
 140.257117,   35.377027,       42.33,
 140.261622,   35.377027,       42.17,
 140.266126,   35.377027,       42.11,
 140.270631,   35.377027,       42.07,
 140.275135,   35.377027,       42.04,
 140.279640,   35.377027,       42.00,
 140.284144,   35.377027,       41.96,
 140.288649,   35.377027,       41.93,
 140.293153,   35.377027,       41.89,
 140.297658,   35.377027,       41.85,
 140.302162,   35.377027,       41.81,
 140.306667,   35.377027,       41.77,
 140.311171,   35.377027,       41.73,
 140.315676,   35.377027,       41.69,
 140.320180,   35.377027,       41.65,
 140.324685,   35.377027,       41.60,
 140.329189,   35.377027,       41.56,
 140.333694,   35.377027,       41.52,
 140.338198,   35.377027,       41.47,
 140.342703,   35.377027,       41.43,
 140.347207,   35.377027,       41.38,
 140.351712,   35.377027,       41.33,
 140.356216,   35.377027,       41.29,
 140.360721,   35.377027,       41.24,
 140.365225,   35.377027,       41.19,
 140.369730,   35.377027,       41.14,
 140.374234,   35.377027,       41.09,
 140.378739,   35.377027,       41.04,
 140.383243,   35.377027,       40.99,
 140.387748,   35.377027,       40.94,
 139.140000,   35.381532,       62.60,
 139.144505,   35.381532,       62.60,
 139.149009,   35.381532,       62.60,
 139.153514,   35.381532,       61.52,
 139.158018,   35.381532,       60.48,
 139.162523,   35.381532,       59.47,
 139.167027,   35.381532,       58.50,
 139.171532,   35.381532,       57.57,
 139.176036,   35.381532,       56.68,
 139.180541,   35.381532,       55.82,
 139.185045,   35.381532,       55.00,
 139.189550,   35.381532,       54.22,
 139.194054,   35.381532,       53.47,
 139.198559,   35.381532,       52.76,
 139.203063,   35.381532,       52.09,
 139.207568,   35.381532,       51.45,
 139.212072,   35.381532,       50.86,
 139.216577,   35.381532,       50.29,
 139.221081,   35.381532,       49.77,
 139.225586,   35.381532,       49.28,
 139.230090,   35.381532,       48.84,
 139.234595,   35.381532,       48.42,
 139.239099,   35.381532,       48.05,
 139.243604,   35.381532,       47.71,
 139.248108,   35.381532,       47.41,
 139.252613,   35.381532,       47.14,
 139.257117,   35.381532,       46.92,
 139.261622,   35.381532,       46.73,
 139.266126,   35.381532,       46.57,
 139.270631,   35.381532,       46.46,
 139.275135,   35.381532,       46.38,
 139.279640,   35.381532,       46.34,
 139.284144,   35.381532,       46.34,
 139.288649,   35.381532,       46.37,
 139.293153,   35.381532,       46.44,
 139.297658,   35.381532,       46.54,
 139.302162,   35.381532,       46.69,
 139.306667,   35.381532,       46.87,
 139.311171,   35.381532,       47.09,
 139.315676,   35.381532,       47.34,
 139.320180,   35.381532,       47.64,
 139.324685,   35.381532,       47.97,
 139.329189,   35.381532,       48.33,
 139.333694,   35.381532,       48.74,
 139.338198,   35.381532,       49.18,
 139.342703,   35.381532,       49.66,
 139.347207,   35.381532,       50.17,
 139.351712,   35.381532,       50.92,
 139.356216,   35.381532,       51.84,
 139.360721,   35.381532,       52.41,
 139.365225,   35.381532,       52.28,
 139.369730,   35.381532,       50.91,
 139.374234,   35.381532,       49.35,
 139.378739,   35.381532,       47.82,
 139.383243,   35.381532,       46.32,
 139.387748,   35.381532,       44.86,
 139.392252,   35.381532,       43.44,
 139.396757,   35.381532,       42.06,
 139.401261,   35.381532,       40.72,
 139.405766,   35.381532,       39.44,
 139.410270,   35.381532,       38.23,
 139.414775,   35.381532,       37.09,
 139.419279,   35.381532,       36.05,
 139.423784,   35.381532,       35.20,
 139.428288,   35.381532,       34.53,
 139.432793,   35.381532,       33.97,
 139.437297,   35.381532,       33.52,
 139.441802,   35.381532,       33.23,
 139.446306,   35.381532,       33.11,
 139.450811,   35.381532,       33.15,
 139.455315,   35.381532,       33.18,
 139.459820,   35.381532,       33.19,
 139.464324,   35.381532,       33.19,
 139.468829,   35.381532,       33.15,
 139.473333,   35.381532,       33.08,
 139.477838,   35.381532,       32.95,
 139.482342,   35.381532,       32.75,
 139.486847,   35.381532,       32.52,
 139.491351,   35.381532,       32.31,
 139.495856,   35.381532,       32.13,
 139.500360,   35.381532,       31.98,
 139.504865,   35.381532,       31.86,
 139.509369,   35.381532,       31.78,
 139.513874,   35.381532,       31.74,
 139.518378,   35.381532,       31.74,
 139.522883,   35.381532,       31.78,
 139.527387,   35.381532,       31.86,
 139.531892,   35.381532,       31.99,
 139.536396,   35.381532,       32.16,
 139.540901,   35.381532,       32.37,
 139.545405,   35.381532,       32.62,
 139.549910,   35.381532,       32.91,
 139.554414,   35.381532,       33.26,
 139.558919,   35.381532,       33.67,
 139.563423,   35.381532,       34.15,
 139.567928,   35.381532,       34.70,
 139.572432,   35.381532,       35.29,
 139.576937,   35.381532,       35.90,
 139.581441,   35.381532,       36.54,
 139.585946,   35.381532,       37.19,
 139.590450,   35.381532,       37.86,
 139.594955,   35.381532,       38.48,
 139.599459,   35.381532,       39.00,
 139.603964,   35.381532,       39.41,
 139.608468,   35.381532,       39.41,
 139.612973,   35.381532,       38.42,
 139.617477,   35.381532,       37.19,
 139.621982,   35.381532,       35.64,
 139.626486,   35.381532,       34.14,
 139.630991,   35.381532,       33.50,
 139.635495,   35.381532,       32.64,
 139.640000,   35.381532,       31.90,
 139.644505,   35.381532,       31.56,
 139.649009,   35.381532,       31.86,
 139.653514,   35.381532,       32.41,
 139.658018,   35.381532,       33.21,
 139.662523,   35.381532,       33.94,
 139.667027,   35.381532,       34.55,
 139.671532,   35.381532,       34.88,
 139.676036,   35.381532,       34.82,
 139.680541,   35.381532,       34.44,
 139.685045,   35.381532,       33.75,
 139.689550,   35.381532,       32.97,
 139.694054,   35.381532,       32.30,
 139.698559,   35.381532,       31.81,
 139.703063,   35.381532,       31.33,
 139.707568,   35.381532,       31.31,
 139.712072,   35.381532,       31.32,
 139.716577,   35.381532,       31.51,
 139.721081,   35.381532,       31.74,
 139.725586,   35.381532,       31.99,
 139.730090,   35.381532,       32.28,
 139.734595,   35.381532,       32.60,
 139.739099,   35.381532,       33.02,
 139.743604,   35.381532,       33.62,
 139.748108,   35.381532,       34.24,
 139.752613,   35.381532,       34.99,
 139.757117,   35.381532,       35.85,
 139.761622,   35.381532,       36.68,
 139.766126,   35.381532,       37.36,
 139.770631,   35.381532,       37.95,
 139.775135,   35.381532,       38.50,
 139.779640,   35.381532,       38.91,
 139.784144,   35.381532,       39.23,
 139.788649,   35.381532,       39.52,
 139.793153,   35.381532,       39.59,
 139.797658,   35.381532,       39.61,
 139.802162,   35.381532,       39.62,
 139.806667,   35.381532,       39.63,
 139.811171,   35.381532,       39.65,
 139.815676,   35.381532,       39.67,
 139.820180,   35.381532,       39.83,
 139.824685,   35.381532,       40.02,
 139.829189,   35.381532,       40.35,
 139.833694,   35.381532,       40.79,
 139.838198,   35.381532,       41.37,
 139.842703,   35.381532,       42.00,
 139.847207,   35.381532,       42.62,
 139.851712,   35.381532,       43.32,
 139.856216,   35.381532,       43.93,
 139.860721,   35.381532,       44.48,
 139.865225,   35.381532,       44.99,
 139.869730,   35.381532,       45.42,
 139.874234,   35.381532,       45.87,
 139.878739,   35.381532,       46.30,
 139.883243,   35.381532,       46.79,
 139.887748,   35.381532,       47.38,
 139.892252,   35.381532,       47.93,
 139.896757,   35.381532,       48.49,
 139.901261,   35.381532,       49.13,
 139.905766,   35.381532,       49.76,
 139.910270,   35.381532,       50.33,
 139.914775,   35.381532,       50.89,
 139.919279,   35.381532,       51.33,
 139.923784,   35.381532,       51.08,
 139.928288,   35.381532,       50.83,
 139.932793,   35.381532,       50.58,
 139.937297,   35.381532,       50.35,
 139.941802,   35.381532,       50.13,
 139.946306,   35.381532,       49.93,
 139.950811,   35.381532,       49.73,
 139.955315,   35.381532,       49.53,
 139.959820,   35.381532,       49.34,
 139.964324,   35.381532,       49.15,
 139.968829,   35.381532,       48.97,
 139.973333,   35.381532,       48.80,
 139.977838,   35.381532,       48.62,
 139.982342,   35.381532,       48.45,
 139.986847,   35.381532,       48.28,
 139.991351,   35.381532,       48.10,
 139.995856,   35.381532,       47.94,
 140.000360,   35.381532,       47.78,
 140.004865,   35.381532,       47.63,
 140.009369,   35.381532,       47.48,
 140.013874,   35.381532,       47.34,
 140.018378,   35.381532,       47.21,
 140.022883,   35.381532,       47.08,
 140.027387,   35.381532,       46.95,
 140.031892,   35.381532,       46.83,
 140.036396,   35.381532,       46.71,
 140.040901,   35.381532,       46.59,
 140.045405,   35.381532,       46.47,
 140.049910,   35.381532,       46.36,
 140.054414,   35.381532,       46.25,
 140.058919,   35.381532,       46.14,
 140.063423,   35.381532,       46.03,
 140.067928,   35.381532,       45.93,
 140.072432,   35.381532,       45.83,
 140.076937,   35.381532,       45.73,
 140.081441,   35.381532,       45.64,
 140.085946,   35.381532,       45.54,
 140.090450,   35.381532,       45.45,
 140.094955,   35.381532,       45.37,
 140.099459,   35.381532,       45.28,
 140.103964,   35.381532,       45.20,
 140.108468,   35.381532,       45.12,
 140.112973,   35.381532,       45.04,
 140.117477,   35.381532,       44.97,
 140.121982,   35.381532,       44.89,
 140.126486,   35.381532,       44.82,
 140.130991,   35.381532,       44.75,
 140.135495,   35.381532,       44.68,
 140.140000,   35.381532,       44.60,
 140.144505,   35.381532,       44.53,
 140.149009,   35.381532,       44.46,
 140.153514,   35.381532,       44.39,
 140.158018,   35.381532,       44.32,
 140.162523,   35.381532,       44.24,
 140.167027,   35.381532,       44.17,
 140.171532,   35.381532,       44.10,
 140.176036,   35.381532,       44.03,
 140.180541,   35.381532,       43.96,
 140.185045,   35.381532,       43.90,
 140.189550,   35.381532,       43.83,
 140.194054,   35.381532,       43.76,
 140.198559,   35.381532,       43.70,
 140.203063,   35.381532,       43.63,
 140.207568,   35.381532,       43.56,
 140.212072,   35.381532,       43.49,
 140.216577,   35.381532,       43.42,
 140.221081,   35.381532,       43.35,
 140.225586,   35.381532,       43.28,
 140.230090,   35.381532,       43.21,
 140.234595,   35.381532,       43.14,
 140.239099,   35.381532,       43.04,
 140.243604,   35.381532,       42.92,
 140.248108,   35.381532,       42.78,
 140.252613,   35.381532,       42.63,
 140.257117,   35.381532,       42.46,
 140.261622,   35.381532,       42.35,
 140.266126,   35.381532,       42.32,
 140.270631,   35.381532,       42.28,
 140.275135,   35.381532,       42.25,
 140.279640,   35.381532,       42.21,
 140.284144,   35.381532,       42.17,
 140.288649,   35.381532,       42.14,
 140.293153,   35.381532,       42.10,
 140.297658,   35.381532,       42.06,
 140.302162,   35.381532,       42.02,
 140.306667,   35.381532,       41.98,
 140.311171,   35.381532,       41.94,
 140.315676,   35.381532,       41.90,
 140.320180,   35.381532,       41.86,
 140.324685,   35.381532,       41.82,
 140.329189,   35.381532,       41.77,
 140.333694,   35.381532,       41.73,
 140.338198,   35.381532,       41.69,
 140.342703,   35.381532,       41.64,
 140.347207,   35.381532,       41.60,
 140.351712,   35.381532,       41.55,
 140.356216,   35.381532,       41.50,
 140.360721,   35.381532,       41.45,
 140.365225,   35.381532,       41.41,
 140.369730,   35.381532,       41.36,
 140.374234,   35.381532,       41.31,
 140.378739,   35.381532,       41.26,
 140.383243,   35.381532,       41.21,
 140.387748,   35.381532,       41.15,
 139.140000,   35.386036,       62.78,
 139.144505,   35.386036,       62.78,
 139.149009,   35.386036,       61.65,
 139.153514,   35.386036,       60.55,
 139.158018,   35.386036,       59.49,
 139.162523,   35.386036,       58.47,
 139.167027,   35.386036,       57.49,
 139.171532,   35.386036,       56.54,
 139.176036,   35.386036,       55.63,
 139.180541,   35.386036,       54.76,
 139.185045,   35.386036,       53.93,
 139.189550,   35.386036,       53.13,
 139.194054,   35.386036,       52.37,
 139.198559,   35.386036,       51.64,
 139.203063,   35.386036,       50.96,
 139.207568,   35.386036,       50.31,
 139.212072,   35.386036,       49.69,
 139.216577,   35.386036,       49.12,
 139.221081,   35.386036,       48.58,
 139.225586,   35.386036,       48.08,
 139.230090,   35.386036,       47.62,
 139.234595,   35.386036,       47.19,
 139.239099,   35.386036,       46.80,
 139.243604,   35.386036,       46.45,
 139.248108,   35.386036,       46.13,
 139.252613,   35.386036,       45.85,
 139.257117,   35.386036,       45.61,
 139.261622,   35.386036,       45.40,
 139.266126,   35.386036,       45.24,
 139.270631,   35.386036,       45.11,
 139.275135,   35.386036,       45.01,
 139.279640,   35.386036,       44.96,
 139.284144,   35.386036,       44.94,
 139.288649,   35.386036,       44.96,
 139.293153,   35.386036,       45.01,
 139.297658,   35.386036,       45.10,
 139.302162,   35.386036,       45.23,
 139.306667,   35.386036,       45.40,
 139.311171,   35.386036,       45.60,
 139.315676,   35.386036,       45.84,
 139.320180,   35.386036,       46.12,
 139.324685,   35.386036,       46.44,
 139.329189,   35.386036,       46.79,
 139.333694,   35.386036,       47.18,
 139.338198,   35.386036,       47.60,
 139.342703,   35.386036,       48.07,
 139.347207,   35.386036,       48.57,
 139.351712,   35.386036,       49.11,
 139.356216,   35.386036,       49.68,
 139.360721,   35.386036,       50.67,
 139.365225,   35.386036,       51.43,
 139.369730,   35.386036,       51.73,
 139.374234,   35.386036,       50.99,
 139.378739,   35.386036,       49.45,
 139.383243,   35.386036,       47.94,
 139.387748,   35.386036,       46.45,
 139.392252,   35.386036,       45.00,
 139.396757,   35.386036,       43.59,
 139.401261,   35.386036,       42.22,
 139.405766,   35.386036,       40.89,
 139.410270,   35.386036,       39.61,
 139.414775,   35.386036,       38.39,
 139.419279,   35.386036,       37.25,
 139.423784,   35.386036,       36.18,
 139.428288,   35.386036,       35.24,
 139.432793,   35.386036,       34.50,
 139.437297,   35.386036,       33.89,
 139.441802,   35.386036,       33.39,
 139.446306,   35.386036,       33.00,
 139.450811,   35.386036,       32.77,
 139.455315,   35.386036,       32.72,
 139.459820,   35.386036,       32.75,
 139.464324,   35.386036,       32.78,
 139.468829,   35.386036,       32.78,
 139.473333,   35.386036,       32.76,
 139.477838,   35.386036,       32.72,
 139.482342,   35.386036,       32.63,
 139.486847,   35.386036,       32.49,
 139.491351,   35.386036,       32.29,
 139.495856,   35.386036,       32.07,
 139.500360,   35.386036,       31.89,
 139.504865,   35.386036,       31.73,
 139.509369,   35.386036,       31.60,
 139.513874,   35.386036,       31.51,
 139.518378,   35.386036,       31.46,
 139.522883,   35.386036,       31.45,
 139.527387,   35.386036,       31.48,
 139.531892,   35.386036,       31.55,
 139.536396,   35.386036,       31.65,
 139.540901,   35.386036,       31.80,
 139.545405,   35.386036,       31.99,
 139.549910,   35.386036,       32.21,
 139.554414,   35.386036,       32.48,
 139.558919,   35.386036,       32.80,
 139.563423,   35.386036,       33.18,
 139.567928,   35.386036,       33.63,
 139.572432,   35.386036,       34.15,
 139.576937,   35.386036,       34.71,
 139.581441,   35.386036,       35.29,
 139.585946,   35.386036,       35.89,
 139.590450,   35.386036,       36.51,
 139.594955,   35.386036,       37.14,
 139.599459,   35.386036,       37.70,
 139.603964,   35.386036,       38.14,
 139.608468,   35.386036,       38.40,
 139.612973,   35.386036,       37.64,
 139.617477,   35.386036,       36.26,
 139.621982,   35.386036,       34.56,
 139.626486,   35.386036,       33.62,
 139.630991,   35.386036,       32.75,
 139.635495,   35.386036,       32.04,
 139.640000,   35.386036,       31.38,
 139.644505,   35.386036,       31.01,
 139.649009,   35.386036,       31.39,
 139.653514,   35.386036,       31.87,
 139.658018,   35.386036,       32.72,
 139.662523,   35.386036,       33.50,
 139.667027,   35.386036,       34.02,
 139.671532,   35.386036,       34.38,
 139.676036,   35.386036,       34.34,
 139.680541,   35.386036,       34.12,
 139.685045,   35.386036,       33.43,
 139.689550,   35.386036,       32.72,
 139.694054,   35.386036,       32.26,
 139.698559,   35.386036,       31.82,
 139.703063,   35.386036,       31.49,
 139.707568,   35.386036,       31.50,
 139.712072,   35.386036,       31.55,
 139.716577,   35.386036,       31.78,
 139.721081,   35.386036,       32.04,
 139.725586,   35.386036,       32.30,
 139.730090,   35.386036,       32.57,
 139.734595,   35.386036,       32.90,
 139.739099,   35.386036,       33.27,
 139.743604,   35.386036,       33.79,
 139.748108,   35.386036,       34.40,
 139.752613,   35.386036,       35.04,
 139.757117,   35.386036,       35.79,
 139.761622,   35.386036,       36.56,
 139.766126,   35.386036,       37.22,
 139.770631,   35.386036,       37.85,
 139.775135,   35.386036,       38.46,
 139.779640,   35.386036,       38.82,
 139.784144,   35.386036,       39.15,
 139.788649,   35.386036,       39.45,
 139.793153,   35.386036,       39.58,
 139.797658,   35.386036,       39.64,
 139.802162,   35.386036,       39.65,
 139.806667,   35.386036,       39.64,
 139.811171,   35.386036,       39.64,
 139.815676,   35.386036,       39.63,
 139.820180,   35.386036,       39.67,
 139.824685,   35.386036,       39.80,
 139.829189,   35.386036,       40.05,
 139.833694,   35.386036,       40.37,
 139.838198,   35.386036,       40.72,
 139.842703,   35.386036,       41.31,
 139.847207,   35.386036,       41.83,
 139.851712,   35.386036,       42.44,
 139.856216,   35.386036,       43.06,
 139.860721,   35.386036,       43.65,
 139.865225,   35.386036,       44.19,
 139.869730,   35.386036,       44.71,
 139.874234,   35.386036,       45.21,
 139.878739,   35.386036,       45.76,
 139.883243,   35.386036,       46.31,
 139.887748,   35.386036,       46.94,
 139.892252,   35.386036,       47.56,
 139.896757,   35.386036,       48.21,
 139.901261,   35.386036,       48.91,
 139.905766,   35.386036,       49.58,
 139.910270,   35.386036,       50.20,
 139.914775,   35.386036,       50.81,
 139.919279,   35.386036,       51.38,
 139.923784,   35.386036,       51.11,
 139.928288,   35.386036,       50.89,
 139.932793,   35.386036,       50.65,
 139.937297,   35.386036,       50.41,
 139.941802,   35.386036,       50.19,
 139.946306,   35.386036,       49.99,
 139.950811,   35.386036,       49.79,
 139.955315,   35.386036,       49.59,
 139.959820,   35.386036,       49.40,
 139.964324,   35.386036,       49.22,
 139.968829,   35.386036,       49.04,
 139.973333,   35.386036,       48.87,
 139.977838,   35.386036,       48.70,
 139.982342,   35.386036,       48.53,
 139.986847,   35.386036,       48.36,
 139.991351,   35.386036,       48.19,
 139.995856,   35.386036,       48.03,
 140.000360,   35.386036,       47.88,
 140.004865,   35.386036,       47.73,
 140.009369,   35.386036,       47.59,
 140.013874,   35.386036,       47.46,
 140.018378,   35.386036,       47.33,
 140.022883,   35.386036,       47.21,
 140.027387,   35.386036,       47.08,
 140.031892,   35.386036,       46.96,
 140.036396,   35.386036,       46.85,
 140.040901,   35.386036,       46.73,
 140.045405,   35.386036,       46.62,
 140.049910,   35.386036,       46.51,
 140.054414,   35.386036,       46.41,
 140.058919,   35.386036,       46.30,
 140.063423,   35.386036,       46.20,
 140.067928,   35.386036,       46.10,
 140.072432,   35.386036,       46.01,
 140.076937,   35.386036,       45.91,
 140.081441,   35.386036,       45.82,
 140.085946,   35.386036,       45.73,
 140.090450,   35.386036,       45.65,
 140.094955,   35.386036,       45.56,
 140.099459,   35.386036,       45.48,
 140.103964,   35.386036,       45.40,
 140.108468,   35.386036,       45.33,
 140.112973,   35.386036,       45.25,
 140.117477,   35.386036,       45.18,
 140.121982,   35.386036,       45.11,
 140.126486,   35.386036,       45.04,
 140.130991,   35.386036,       44.97,
 140.135495,   35.386036,       44.90,
 140.140000,   35.386036,       44.82,
 140.144505,   35.386036,       44.75,
 140.149009,   35.386036,       44.68,
 140.153514,   35.386036,       44.61,
 140.158018,   35.386036,       44.54,
 140.162523,   35.386036,       44.47,
 140.167027,   35.386036,       44.40,
 140.171532,   35.386036,       44.33,
 140.176036,   35.386036,       44.26,
 140.180541,   35.386036,       44.19,
 140.185045,   35.386036,       44.12,
 140.189550,   35.386036,       44.05,
 140.194054,   35.386036,       43.99,
 140.198559,   35.386036,       43.92,
 140.203063,   35.386036,       43.85,
 140.207568,   35.386036,       43.78,
 140.212072,   35.386036,       43.70,
 140.216577,   35.386036,       43.63,
 140.221081,   35.386036,       43.56,
 140.225586,   35.386036,       43.49,
 140.230090,   35.386036,       43.42,
 140.234595,   35.386036,       43.33,
 140.239099,   35.386036,       43.21,
 140.243604,   35.386036,       43.07,
 140.248108,   35.386036,       42.92,
 140.252613,   35.386036,       42.76,
 140.257117,   35.386036,       42.59,
 140.261622,   35.386036,       42.56,
 140.266126,   35.386036,       42.53,
 140.270631,   35.386036,       42.49,
 140.275135,   35.386036,       42.46,
 140.279640,   35.386036,       42.42,
 140.284144,   35.386036,       42.39,
 140.288649,   35.386036,       42.35,
 140.293153,   35.386036,       42.31,
 140.297658,   35.386036,       42.27,
 140.302162,   35.386036,       42.24,
 140.306667,   35.386036,       42.20,
 140.311171,   35.386036,       42.16,
 140.315676,   35.386036,       42.12,
 140.320180,   35.386036,       42.07,
 140.324685,   35.386036,       42.03,
 140.329189,   35.386036,       41.99,
 140.333694,   35.386036,       41.95,
 140.338198,   35.386036,       41.90,
 140.342703,   35.386036,       41.86,
 140.347207,   35.386036,       41.81,
 140.351712,   35.386036,       41.77,
 140.356216,   35.386036,       41.72,
 140.360721,   35.386036,       41.67,
 140.365225,   35.386036,       41.62,
 140.369730,   35.386036,       41.57,
 140.374234,   35.386036,       41.52,
 140.378739,   35.386036,       41.47,
 140.383243,   35.386036,       41.42,
 140.387748,   35.386036,       41.37,
 139.140000,   35.390541,       61.80,
 139.144505,   35.390541,       61.80,
 139.149009,   35.390541,       60.65,
 139.153514,   35.390541,       59.54,
 139.158018,   35.390541,       58.47,
 139.162523,   35.390541,       57.44,
 139.167027,   35.390541,       56.44,
 139.171532,   35.390541,       55.48,
 139.176036,   35.390541,       54.55,
 139.180541,   35.390541,       53.67,
 139.185045,   35.390541,       52.82,
 139.189550,   35.390541,       52.00,
 139.194054,   35.390541,       51.23,
 139.198559,   35.390541,       50.49,
 139.203063,   35.390541,       49.79,
 139.207568,   35.390541,       49.12,
 139.212072,   35.390541,       48.50,
 139.216577,   35.390541,       47.91,
 139.221081,   35.390541,       47.35,
 139.225586,   35.390541,       46.84,
 139.230090,   35.390541,       46.36,
 139.234595,   35.390541,       45.92,
 139.239099,   35.390541,       45.51,
 139.243604,   35.390541,       45.14,
 139.248108,   35.390541,       44.81,
 139.252613,   35.390541,       44.52,
 139.257117,   35.390541,       44.26,
 139.261622,   35.390541,       44.04,
 139.266126,   35.390541,       43.86,
 139.270631,   35.390541,       43.72,
 139.275135,   35.390541,       43.61,
 139.279640,   35.390541,       43.54,
 139.284144,   35.390541,       43.51,
 139.288649,   35.390541,       43.51,
 139.293153,   35.390541,       43.55,
 139.297658,   35.390541,       43.63,
 139.302162,   35.390541,       43.74,
 139.306667,   35.390541,       43.89,
 139.311171,   35.390541,       44.08,
 139.315676,   35.390541,       44.31,
 139.320180,   35.390541,       44.57,
 139.324685,   35.390541,       44.87,
 139.329189,   35.390541,       45.21,
 139.333694,   35.390541,       45.58,
 139.338198,   35.390541,       45.99,
 139.342703,   35.390541,       46.44,
 139.347207,   35.390541,       46.93,
 139.351712,   35.390541,       47.45,
 139.356216,   35.390541,       48.01,
 139.360721,   35.390541,       48.61,
 139.365225,   35.390541,       49.43,
 139.369730,   35.390541,       50.35,
 139.374234,   35.390541,       50.92,
 139.378739,   35.390541,       50.82,
 139.383243,   35.390541,       49.52,
 139.387748,   35.390541,       48.02,
 139.392252,   35.390541,       46.55,
 139.396757,   35.390541,       45.12,
 139.401261,   35.390541,       43.72,
 139.405766,   35.390541,       42.35,
 139.410270,   35.390541,       41.03,
 139.414775,   35.390541,       39.76,
 139.419279,   35.390541,       38.54,
 139.423784,   35.390541,       37.38,
 139.428288,   35.390541,       36.31,
 139.432793,   35.390541,       35.32,
 139.437297,   35.390541,       34.47,
 139.441802,   35.390541,       33.83,
 139.446306,   35.390541,       33.27,
 139.450811,   35.390541,       32.83,
 139.455315,   35.390541,       32.51,
 139.459820,   35.390541,       32.34,
 139.464324,   35.390541,       32.33,
 139.468829,   35.390541,       32.36,
 139.473333,   35.390541,       32.37,
 139.477838,   35.390541,       32.37,
 139.482342,   35.390541,       32.34,
 139.486847,   35.390541,       32.27,
 139.491351,   35.390541,       32.17,
 139.495856,   35.390541,       32.01,
 139.500360,   35.390541,       31.81,
 139.504865,   35.390541,       31.62,
 139.509369,   35.390541,       31.45,
 139.513874,   35.390541,       31.31,
 139.518378,   35.390541,       31.21,
 139.522883,   35.390541,       31.14,
 139.527387,   35.390541,       31.12,
 139.531892,   35.390541,       31.14,
 139.536396,   35.390541,       31.19,
 139.540901,   35.390541,       31.28,
 139.545405,   35.390541,       31.41,
 139.549910,   35.390541,       31.57,
 139.554414,   35.390541,       31.78,
 139.558919,   35.390541,       32.02,
 139.563423,   35.390541,       32.32,
 139.567928,   35.390541,       32.68,
 139.572432,   35.390541,       33.09,
 139.576937,   35.390541,       33.59,
 139.581441,   35.390541,       34.12,
 139.585946,   35.390541,       34.68,
 139.590450,   35.390541,       35.25,
 139.594955,   35.390541,       35.85,
 139.599459,   35.390541,       36.44,
 139.603964,   35.390541,       36.94,
 139.608468,   35.390541,       37.31,
 139.612973,   35.390541,       36.96,
 139.617477,   35.390541,       35.45,
 139.621982,   35.390541,       34.27,
 139.626486,   35.390541,       33.21,
 139.630991,   35.390541,       32.34,
 139.635495,   35.390541,       31.57,
 139.640000,   35.390541,       30.96,
 139.644505,   35.390541,       30.65,
 139.649009,   35.390541,       30.86,
 139.653514,   35.390541,       31.41,
 139.658018,   35.390541,       32.22,
 139.662523,   35.390541,       32.99,
 139.667027,   35.390541,       33.47,
 139.671532,   35.390541,       33.86,
 139.676036,   35.390541,       33.84,
 139.680541,   35.390541,       33.66,
 139.685045,   35.390541,       33.11,
 139.689550,   35.390541,       32.54,
 139.694054,   35.390541,       32.15,
 139.698559,   35.390541,       31.81,
 139.703063,   35.390541,       31.62,
 139.707568,   35.390541,       31.73,
 139.712072,   35.390541,       31.87,
 139.716577,   35.390541,       32.08,
 139.721081,   35.390541,       32.35,
 139.725586,   35.390541,       32.64,
 139.730090,   35.390541,       32.91,
 139.734595,   35.390541,       33.23,
 139.739099,   35.390541,       33.61,
 139.743604,   35.390541,       33.97,
 139.748108,   35.390541,       34.56,
 139.752613,   35.390541,       35.16,
 139.757117,   35.390541,       35.78,
 139.761622,   35.390541,       36.45,
 139.766126,   35.390541,       37.09,
 139.770631,   35.390541,       37.72,
 139.775135,   35.390541,       38.31,
 139.779640,   35.390541,       38.71,
 139.784144,   35.390541,       39.07,
 139.788649,   35.390541,       39.37,
 139.793153,   35.390541,       39.51,
 139.797658,   35.390541,       39.62,
 139.802162,   35.390541,       39.65,
 139.806667,   35.390541,       39.64,
 139.811171,   35.390541,       39.63,
 139.815676,   35.390541,       39.61,
 139.820180,   35.390541,       39.64,
 139.824685,   35.390541,       39.71,
 139.829189,   35.390541,       39.81,
 139.833694,   35.390541,       40.03,
 139.838198,   35.390541,       40.33,
 139.842703,   35.390541,       40.75,
 139.847207,   35.390541,       41.22,
 139.851712,   35.390541,       41.70,
 139.856216,   35.390541,       42.24,
 139.860721,   35.390541,       42.82,
 139.865225,   35.390541,       43.41,
 139.869730,   35.390541,       43.96,
 139.874234,   35.390541,       44.57,
 139.878739,   35.390541,       45.17,
 139.883243,   35.390541,       45.88,
 139.887748,   35.390541,       46.55,
 139.892252,   35.390541,       47.26,
 139.896757,   35.390541,       48.06,
 139.901261,   35.390541,       48.76,
 139.905766,   35.390541,       49.45,
 139.910270,   35.390541,       50.14,
 139.914775,   35.390541,       50.81,
 139.919279,   35.390541,       51.41,
 139.923784,   35.390541,       51.15,
 139.928288,   35.390541,       50.91,
 139.932793,   35.390541,       50.70,
 139.937297,   35.390541,       50.47,
 139.941802,   35.390541,       50.25,
 139.946306,   35.390541,       50.04,
 139.950811,   35.390541,       49.84,
 139.955315,   35.390541,       49.65,
 139.959820,   35.390541,       49.46,
 139.964324,   35.390541,       49.28,
 139.968829,   35.390541,       49.10,
 139.973333,   35.390541,       48.94,
 139.977838,   35.390541,       48.77,
 139.982342,   35.390541,       48.61,
 139.986847,   35.390541,       48.45,
 139.991351,   35.390541,       48.28,
 139.995856,   35.390541,       48.13,
 140.000360,   35.390541,       47.98,
 140.004865,   35.390541,       47.84,
 140.009369,   35.390541,       47.71,
 140.013874,   35.390541,       47.58,
 140.018378,   35.390541,       47.45,
 140.022883,   35.390541,       47.33,
 140.027387,   35.390541,       47.21,
 140.031892,   35.390541,       47.10,
 140.036396,   35.390541,       46.99,
 140.040901,   35.390541,       46.88,
 140.045405,   35.390541,       46.77,
 140.049910,   35.390541,       46.67,
 140.054414,   35.390541,       46.57,
 140.058919,   35.390541,       46.47,
 140.063423,   35.390541,       46.37,
 140.067928,   35.390541,       46.28,
 140.072432,   35.390541,       46.18,
 140.076937,   35.390541,       46.09,
 140.081441,   35.390541,       46.01,
 140.085946,   35.390541,       45.92,
 140.090450,   35.390541,       45.84,
 140.094955,   35.390541,       45.76,
 140.099459,   35.390541,       45.68,
 140.103964,   35.390541,       45.61,
 140.108468,   35.390541,       45.53,
 140.112973,   35.390541,       45.46,
 140.117477,   35.390541,       45.40,
 140.121982,   35.390541,       45.33,
 140.126486,   35.390541,       45.26,
 140.130991,   35.390541,       45.19,
 140.135495,   35.390541,       45.12,
 140.140000,   35.390541,       45.05,
 140.144505,   35.390541,       44.97,
 140.149009,   35.390541,       44.90,
 140.153514,   35.390541,       44.83,
 140.158018,   35.390541,       44.76,
 140.162523,   35.390541,       44.69,
 140.167027,   35.390541,       44.62,
 140.171532,   35.390541,       44.55,
 140.176036,   35.390541,       44.48,
 140.180541,   35.390541,       44.41,
 140.185045,   35.390541,       44.34,
 140.189550,   35.390541,       44.27,
 140.194054,   35.390541,       44.21,
 140.198559,   35.390541,       44.13,
 140.203063,   35.390541,       44.06,
 140.207568,   35.390541,       43.99,
 140.212072,   35.390541,       43.92,
 140.216577,   35.390541,       43.84,
 140.221081,   35.390541,       43.77,
 140.225586,   35.390541,       43.70,
 140.230090,   35.390541,       43.62,
 140.234595,   35.390541,       43.50,
 140.239099,   35.390541,       43.36,
 140.243604,   35.390541,       43.21,
 140.248108,   35.390541,       43.05,
 140.252613,   35.390541,       42.88,
 140.257117,   35.390541,       42.80,
 140.261622,   35.390541,       42.77,
 140.266126,   35.390541,       42.74,
 140.270631,   35.390541,       42.70,
 140.275135,   35.390541,       42.67,
 140.279640,   35.390541,       42.63,
 140.284144,   35.390541,       42.60,
 140.288649,   35.390541,       42.56,
 140.293153,   35.390541,       42.53,
 140.297658,   35.390541,       42.49,
 140.302162,   35.390541,       42.45,
 140.306667,   35.390541,       42.41,
 140.311171,   35.390541,       42.37,
 140.315676,   35.390541,       42.33,
 140.320180,   35.390541,       42.29,
 140.324685,   35.390541,       42.25,
 140.329189,   35.390541,       42.20,
 140.333694,   35.390541,       42.16,
 140.338198,   35.390541,       42.12,
 140.342703,   35.390541,       42.07,
 140.347207,   35.390541,       42.03,
 140.351712,   35.390541,       41.98,
 140.356216,   35.390541,       41.94,
 140.360721,   35.390541,       41.89,
 140.365225,   35.390541,       41.84,
 140.369730,   35.390541,       41.79,
 140.374234,   35.390541,       41.74,
 140.378739,   35.390541,       41.69,
 140.383243,   35.390541,       41.64,
 140.387748,   35.390541,       41.59,
 139.140000,   35.395045,       60.78,
 139.144505,   35.395045,       60.78,
 139.149009,   35.395045,       59.62,
 139.153514,   35.395045,       58.50,
 139.158018,   35.395045,       57.41,
 139.162523,   35.395045,       56.36,
 139.167027,   35.395045,       55.35,
 139.171532,   35.395045,       54.37,
 139.176036,   35.395045,       53.43,
 139.180541,   35.395045,       52.53,
 139.185045,   35.395045,       51.67,
 139.189550,   35.395045,       50.84,
 139.194054,   35.395045,       50.05,
 139.198559,   35.395045,       49.30,
 139.203063,   35.395045,       48.58,
 139.207568,   35.395045,       47.90,
 139.212072,   35.395045,       47.26,
 139.216577,   35.395045,       46.66,
 139.221081,   35.395045,       46.09,
 139.225586,   35.395045,       45.56,
 139.230090,   35.395045,       45.06,
 139.234595,   35.395045,       44.61,
 139.239099,   35.395045,       44.19,
 139.243604,   35.395045,       43.81,
 139.248108,   35.395045,       43.46,
 139.252613,   35.395045,       43.15,
 139.257117,   35.395045,       42.88,
 139.261622,   35.395045,       42.65,
 139.266126,   35.395045,       42.45,
 139.270631,   35.395045,       42.29,
 139.275135,   35.395045,       42.17,
 139.279640,   35.395045,       42.08,
 139.284144,   35.395045,       42.03,
 139.288649,   35.395045,       42.02,
 139.293153,   35.395045,       42.05,
 139.297658,   35.395045,       42.11,
 139.302162,   35.395045,       42.21,
 139.306667,   35.395045,       42.35,
 139.311171,   35.395045,       42.52,
 139.315676,   35.395045,       42.73,
 139.320180,   35.395045,       42.98,
 139.324685,   35.395045,       43.27,
 139.329189,   35.395045,       43.59,
 139.333694,   35.395045,       43.95,
 139.338198,   35.395045,       44.35,
 139.342703,   35.395045,       44.78,
 139.347207,   35.395045,       45.25,
 139.351712,   35.395045,       45.76,
 139.356216,   35.395045,       46.31,
 139.360721,   35.395045,       46.89,
 139.365225,   35.395045,       47.51,
 139.369730,   35.395045,       48.16,
 139.374234,   35.395045,       49.18,
 139.378739,   35.395045,       49.94,
 139.383243,   35.395045,       50.25,
 139.387748,   35.395045,       49.57,
 139.392252,   35.395045,       48.08,
 139.396757,   35.395045,       46.63,
 139.401261,   35.395045,       45.20,
 139.405766,   35.395045,       43.81,
 139.410270,   35.395045,       42.46,
 139.414775,   35.395045,       41.14,
 139.419279,   35.395045,       39.87,
 139.423784,   35.395045,       38.66,
 139.428288,   35.395045,       37.50,
 139.432793,   35.395045,       36.41,
 139.437297,   35.395045,       35.40,
 139.441802,   35.395045,       34.50,
 139.446306,   35.395045,       33.76,
 139.450811,   35.395045,       33.17,
 139.455315,   35.395045,       32.68,
 139.459820,   35.395045,       32.30,
 139.464324,   35.395045,       32.04,
 139.468829,   35.395045,       31.93,
 139.473333,   35.395045,       31.95,
 139.477838,   35.395045,       31.96,
 139.482342,   35.395045,       31.97,
 139.486847,   35.395045,       31.95,
 139.491351,   35.395045,       31.90,
 139.495856,   35.395045,       31.82,
 139.500360,   35.395045,       31.70,
 139.504865,   35.395045,       31.53,
 139.509369,   35.395045,       31.33,
 139.513874,   35.395045,       31.16,
 139.518378,   35.395045,       31.01,
 139.522883,   35.395045,       30.88,
 139.527387,   35.395045,       30.80,
 139.531892,   35.395045,       30.76,
 139.536396,   35.395045,       30.77,
 139.540901,   35.395045,       30.80,
 139.545405,   35.395045,       30.88,
 139.549910,   35.395045,       30.99,
 139.554414,   35.395045,       31.13,
 139.558919,   35.395045,       31.32,
 139.563423,   35.395045,       31.54,
 139.567928,   35.395045,       31.82,
 139.572432,   35.395045,       32.15,
 139.576937,   35.395045,       32.55,
 139.581441,   35.395045,       33.03,
 139.585946,   35.395045,       33.54,
 139.590450,   35.395045,       34.07,
 139.594955,   35.395045,       34.63,
 139.599459,   35.395045,       35.21,
 139.603964,   35.395045,       35.77,
 139.608468,   35.395045,       36.24,
 139.612973,   35.395045,       36.40,
 139.617477,   35.395045,       35.21,
 139.621982,   35.395045,       34.06,
 139.626486,   35.395045,       32.91,
 139.630991,   35.395045,       32.06,
 139.635495,   35.395045,       31.19,
 139.640000,   35.395045,       30.62,
 139.644505,   35.395045,       30.40,
 139.649009,   35.395045,       30.41,
 139.653514,   35.395045,       31.06,
 139.658018,   35.395045,       31.75,
 139.662523,   35.395045,       32.47,
 139.667027,   35.395045,       32.99,
 139.671532,   35.395045,       33.32,
 139.676036,   35.395045,       33.39,
 139.680541,   35.395045,       33.22,
 139.685045,   35.395045,       32.72,
 139.689550,   35.395045,       32.29,
 139.694054,   35.395045,       31.91,
 139.698559,   35.395045,       31.71,
 139.703063,   35.395045,       31.76,
 139.707568,   35.395045,       31.92,
 139.712072,   35.395045,       32.13,
 139.716577,   35.395045,       32.38,
 139.721081,   35.395045,       32.69,
 139.725586,   35.395045,       33.00,
 139.730090,   35.395045,       33.30,
 139.734595,   35.395045,       33.60,
 139.739099,   35.395045,       33.95,
 139.743604,   35.395045,       34.28,
 139.748108,   35.395045,       34.72,
 139.752613,   35.395045,       35.30,
 139.757117,   35.395045,       35.87,
 139.761622,   35.395045,       36.42,
 139.766126,   35.395045,       37.01,
 139.770631,   35.395045,       37.61,
 139.775135,   35.395045,       38.16,
 139.779640,   35.395045,       38.58,
 139.784144,   35.395045,       38.94,
 139.788649,   35.395045,       39.29,
 139.793153,   35.395045,       39.44,
 139.797658,   35.395045,       39.57,
 139.802162,   35.395045,       39.61,
 139.806667,   35.395045,       39.63,
 139.811171,   35.395045,       39.62,
 139.815676,   35.395045,       39.60,
 139.820180,   35.395045,       39.61,
 139.824685,   35.395045,       39.64,
 139.829189,   35.395045,       39.71,
 139.833694,   35.395045,       39.84,
 139.838198,   35.395045,       40.07,
 139.842703,   35.395045,       40.30,
 139.847207,   35.395045,       40.70,
 139.851712,   35.395045,       41.09,
 139.856216,   35.395045,       41.59,
 139.860721,   35.395045,       42.12,
 139.865225,   35.395045,       42.66,
 139.869730,   35.395045,       43.31,
 139.874234,   35.395045,       43.96,
 139.878739,   35.395045,       44.65,
 139.883243,   35.395045,       45.45,
 139.887748,   35.395045,       46.21,
 139.892252,   35.395045,       47.04,
 139.896757,   35.395045,       47.92,
 139.901261,   35.395045,       48.70,
 139.905766,   35.395045,       49.46,
 139.910270,   35.395045,       50.18,
 139.914775,   35.395045,       50.84,
 139.919279,   35.395045,       51.47,
 139.923784,   35.395045,       51.14,
 139.928288,   35.395045,       50.88,
 139.932793,   35.395045,       50.71,
 139.937297,   35.395045,       50.50,
 139.941802,   35.395045,       50.30,
 139.946306,   35.395045,       50.10,
 139.950811,   35.395045,       49.90,
 139.955315,   35.395045,       49.71,
 139.959820,   35.395045,       49.53,
 139.964324,   35.395045,       49.35,
 139.968829,   35.395045,       49.17,
 139.973333,   35.395045,       49.01,
 139.977838,   35.395045,       48.85,
 139.982342,   35.395045,       48.69,
 139.986847,   35.395045,       48.54,
 139.991351,   35.395045,       48.38,
 139.995856,   35.395045,       48.23,
 140.000360,   35.395045,       48.08,
 140.004865,   35.395045,       47.95,
 140.009369,   35.395045,       47.82,
 140.013874,   35.395045,       47.70,
 140.018378,   35.395045,       47.58,
 140.022883,   35.395045,       47.46,
 140.027387,   35.395045,       47.35,
 140.031892,   35.395045,       47.24,
 140.036396,   35.395045,       47.13,
 140.040901,   35.395045,       47.03,
 140.045405,   35.395045,       46.93,
 140.049910,   35.395045,       46.83,
 140.054414,   35.395045,       46.73,
 140.058919,   35.395045,       46.63,
 140.063423,   35.395045,       46.54,
 140.067928,   35.395045,       46.45,
 140.072432,   35.395045,       46.36,
 140.076937,   35.395045,       46.28,
 140.081441,   35.395045,       46.19,
 140.085946,   35.395045,       46.11,
 140.090450,   35.395045,       46.03,
 140.094955,   35.395045,       45.96,
 140.099459,   35.395045,       45.88,
 140.103964,   35.395045,       45.81,
 140.108468,   35.395045,       45.74,
 140.112973,   35.395045,       45.68,
 140.117477,   35.395045,       45.61,
 140.121982,   35.395045,       45.54,
 140.126486,   35.395045,       45.47,
 140.130991,   35.395045,       45.41,
 140.135495,   35.395045,       45.34,
 140.140000,   35.395045,       45.27,
 140.144505,   35.395045,       45.19,
 140.149009,   35.395045,       45.12,
 140.153514,   35.395045,       45.05,
 140.158018,   35.395045,       44.98,
 140.162523,   35.395045,       44.91,
 140.167027,   35.395045,       44.84,
 140.171532,   35.395045,       44.77,
 140.176036,   35.395045,       44.70,
 140.180541,   35.395045,       44.63,
 140.185045,   35.395045,       44.56,
 140.189550,   35.395045,       44.49,
 140.194054,   35.395045,       44.42,
 140.198559,   35.395045,       44.35,
 140.203063,   35.395045,       44.28,
 140.207568,   35.395045,       44.20,
 140.212072,   35.395045,       44.13,
 140.216577,   35.395045,       44.05,
 140.221081,   35.395045,       43.98,
 140.225586,   35.395045,       43.90,
 140.230090,   35.395045,       43.79,
 140.234595,   35.395045,       43.66,
 140.239099,   35.395045,       43.51,
 140.243604,   35.395045,       43.35,
 140.248108,   35.395045,       43.18,
 140.252613,   35.395045,       43.05,
 140.257117,   35.395045,       43.01,
 140.261622,   35.395045,       42.98,
 140.266126,   35.395045,       42.95,
 140.270631,   35.395045,       42.92,
 140.275135,   35.395045,       42.88,
 140.279640,   35.395045,       42.85,
 140.284144,   35.395045,       42.81,
 140.288649,   35.395045,       42.78,
 140.293153,   35.395045,       42.74,
 140.297658,   35.395045,       42.70,
 140.302162,   35.395045,       42.66,
 140.306667,   35.395045,       42.62,
 140.311171,   35.395045,       42.59,
 140.315676,   35.395045,       42.55,
 140.320180,   35.395045,       42.50,
 140.324685,   35.395045,       42.46,
 140.329189,   35.395045,       42.42,
 140.333694,   35.395045,       42.38,
 140.338198,   35.395045,       42.33,
 140.342703,   35.395045,       42.29,
 140.347207,   35.395045,       42.25,
 140.351712,   35.395045,       42.20,
 140.356216,   35.395045,       42.15,
 140.360721,   35.395045,       42.11,
 140.365225,   35.395045,       42.06,
 140.369730,   35.395045,       42.01,
 140.374234,   35.395045,       41.96,
 140.378739,   35.395045,       41.91,
 140.383243,   35.395045,       41.86,
 140.387748,   35.395045,       41.81,
 139.140000,   35.399550,       60.95,
 139.144505,   35.399550,       59.73,
 139.149009,   35.399550,       58.56,
 139.153514,   35.399550,       57.42,
 139.158018,   35.399550,       56.32,
 139.162523,   35.399550,       55.25,
 139.167027,   35.399550,       54.22,
 139.171532,   35.399550,       53.23,
 139.176036,   35.399550,       52.28,
 139.180541,   35.399550,       51.36,
 139.185045,   35.399550,       50.48,
 139.189550,   35.399550,       49.64,
 139.194054,   35.399550,       48.84,
 139.198559,   35.399550,       48.07,
 139.203063,   35.399550,       47.34,
 139.207568,   35.399550,       46.64,
 139.212072,   35.399550,       45.99,
 139.216577,   35.399550,       45.37,
 139.221081,   35.399550,       44.79,
 139.225586,   35.399550,       44.24,
 139.230090,   35.399550,       43.73,
 139.234595,   35.399550,       43.26,
 139.239099,   35.399550,       42.83,
 139.243604,   35.399550,       42.43,
 139.248108,   35.399550,       42.07,
 139.252613,   35.399550,       41.75,
 139.257117,   35.399550,       41.46,
 139.261622,   35.399550,       41.21,
 139.266126,   35.399550,       41.00,
 139.270631,   35.399550,       40.83,
 139.275135,   35.399550,       40.69,
 139.279640,   35.399550,       40.59,
 139.284144,   35.399550,       40.53,
 139.288649,   35.399550,       40.50,
 139.293153,   35.399550,       40.51,
 139.297658,   35.399550,       40.56,
 139.302162,   35.399550,       40.65,
 139.306667,   35.399550,       40.77,
 139.311171,   35.399550,       40.93,
 139.315676,   35.399550,       41.12,
 139.320180,   35.399550,       41.36,
 139.324685,   35.399550,       41.63,
 139.329189,   35.399550,       41.94,
 139.333694,   35.399550,       42.28,
 139.338198,   35.399550,       42.66,
 139.342703,   35.399550,       43.08,
 139.347207,   35.399550,       43.54,
 139.351712,   35.399550,       44.03,
 139.356216,   35.399550,       44.56,
 139.360721,   35.399550,       45.13,
 139.365225,   35.399550,       45.73,
 139.369730,   35.399550,       46.38,
 139.374234,   35.399550,       47.06,
 139.378739,   35.399550,       47.94,
 139.383243,   35.399550,       48.86,
 139.387748,   35.399550,       49.44,
 139.392252,   35.399550,       49.35,
 139.396757,   35.399550,       48.12,
 139.401261,   35.399550,       46.68,
 139.405766,   35.399550,       45.26,
 139.410270,   35.399550,       43.88,
 139.414775,   35.399550,       42.53,
 139.419279,   35.399550,       41.23,
 139.423784,   35.399550,       39.96,
 139.428288,   35.399550,       38.75,
 139.432793,   35.399550,       37.59,
 139.437297,   35.399550,       36.50,
 139.441802,   35.399550,       35.47,
 139.446306,   35.399550,       34.54,
 139.450811,   35.399550,       33.71,
 139.455315,   35.399550,       33.08,
 139.459820,   35.399550,       32.55,
 139.464324,   35.399550,       32.11,
 139.468829,   35.399550,       31.78,
 139.473333,   35.399550,       31.58,
 139.477838,   35.399550,       31.54,
 139.482342,   35.399550,       31.56,
 139.486847,   35.399550,       31.56,
 139.491351,   35.399550,       31.55,
 139.495856,   35.399550,       31.51,
 139.500360,   35.399550,       31.45,
 139.504865,   35.399550,       31.35,
 139.509369,   35.399550,       31.21,
 139.513874,   35.399550,       31.02,
 139.518378,   35.399550,       30.84,
 139.522883,   35.399550,       30.68,
 139.527387,   35.399550,       30.54,
 139.531892,   35.399550,       30.44,
 139.536396,   35.399550,       30.38,
 139.540901,   35.399550,       30.37,
 139.545405,   35.399550,       30.39,
 139.549910,   35.399550,       30.45,
 139.554414,   35.399550,       30.54,
 139.558919,   35.399550,       30.67,
 139.563423,   35.399550,       30.84,
 139.567928,   35.399550,       31.05,
 139.572432,   35.399550,       31.30,
 139.576937,   35.399550,       31.62,
 139.581441,   35.399550,       32.01,
 139.585946,   35.399550,       32.47,
 139.590450,   35.399550,       32.96,
 139.594955,   35.399550,       33.48,
 139.599459,   35.399550,       34.03,
 139.603964,   35.399550,       34.61,
 139.608468,   35.399550,       35.17,
 139.612973,   35.399550,       35.73,
 139.617477,   35.399550,       35.01,
 139.621982,   35.399550,       33.91,
 139.626486,   35.399550,       32.88,
 139.630991,   35.399550,       31.93,
 139.635495,   35.399550,       31.16,
 139.640000,   35.399550,       30.54,
 139.644505,   35.399550,       30.13,
 139.649009,   35.399550,       30.31,
 139.653514,   35.399550,       30.75,
 139.658018,   35.399550,       31.46,
 139.662523,   35.399550,       32.09,
 139.667027,   35.399550,       32.57,
 139.671532,   35.399550,       32.87,
 139.676036,   35.399550,       32.92,
 139.680541,   35.399550,       32.75,
 139.685045,   35.399550,       32.35,
 139.689550,   35.399550,       31.93,
 139.694054,   35.399550,       31.66,
 139.698559,   35.399550,       31.70,
 139.703063,   35.399550,       31.83,
 139.707568,   35.399550,       32.05,
 139.712072,   35.399550,       32.33,
 139.716577,   35.399550,       32.66,
 139.721081,   35.399550,       33.02,
 139.725586,   35.399550,       33.37,
 139.730090,   35.399550,       33.68,
 139.734595,   35.399550,       33.98,
 139.739099,   35.399550,       34.26,
 139.743604,   35.399550,       34.57,
 139.748108,   35.399550,       34.91,
 139.752613,   35.399550,       35.40,
 139.757117,   35.399550,       35.93,
 139.761622,   35.399550,       36.45,
 139.766126,   35.399550,       36.99,
 139.770631,   35.399550,       37.53,
 139.775135,   35.399550,       38.06,
 139.779640,   35.399550,       38.43,
 139.784144,   35.399550,       38.79,
 139.788649,   35.399550,       39.12,
 139.793153,   35.399550,       39.34,
 139.797658,   35.399550,       39.47,
 139.802162,   35.399550,       39.55,
 139.806667,   35.399550,       39.58,
 139.811171,   35.399550,       39.59,
 139.815676,   35.399550,       39.59,
 139.820180,   35.399550,       39.59,
 139.824685,   35.399550,       39.61,
 139.829189,   35.399550,       39.67,
 139.833694,   35.399550,       39.75,
 139.838198,   35.399550,       39.93,
 139.842703,   35.399550,       40.10,
 139.847207,   35.399550,       40.36,
 139.851712,   35.399550,       40.65,
 139.856216,   35.399550,       41.05,
 139.860721,   35.399550,       41.53,
 139.865225,   35.399550,       42.09,
 139.869730,   35.399550,       42.73,
 139.874234,   35.399550,       43.42,
 139.878739,   35.399550,       44.23,
 139.883243,   35.399550,       45.04,
 139.887748,   35.399550,       45.94,
 139.892252,   35.399550,       46.90,
 139.896757,   35.399550,       47.79,
 139.901261,   35.399550,       48.74,
 139.905766,   35.399550,       49.56,
 139.910270,   35.399550,       50.28,
 139.914775,   35.399550,       50.96,
 139.919279,   35.399550,       51.14,
 139.923784,   35.399550,       51.00,
 139.928288,   35.399550,       50.81,
 139.932793,   35.399550,       50.64,
 139.937297,   35.399550,       50.50,
 139.941802,   35.399550,       50.32,
 139.946306,   35.399550,       50.14,
 139.950811,   35.399550,       49.95,
 139.955315,   35.399550,       49.77,
 139.959820,   35.399550,       49.59,
 139.964324,   35.399550,       49.41,
 139.968829,   35.399550,       49.24,
 139.973333,   35.399550,       49.08,
 139.977838,   35.399550,       48.93,
 139.982342,   35.399550,       48.78,
 139.986847,   35.399550,       48.63,
 139.991351,   35.399550,       48.48,
 139.995856,   35.399550,       48.33,
 140.000360,   35.399550,       48.19,
 140.004865,   35.399550,       48.06,
 140.009369,   35.399550,       47.93,
 140.013874,   35.399550,       47.81,
 140.018378,   35.399550,       47.70,
 140.022883,   35.399550,       47.59,
 140.027387,   35.399550,       47.48,
 140.031892,   35.399550,       47.38,
 140.036396,   35.399550,       47.28,
 140.040901,   35.399550,       47.18,
 140.045405,   35.399550,       47.08,
 140.049910,   35.399550,       46.99,
 140.054414,   35.399550,       46.89,
 140.058919,   35.399550,       46.80,
 140.063423,   35.399550,       46.71,
 140.067928,   35.399550,       46.63,
 140.072432,   35.399550,       46.54,
 140.076937,   35.399550,       46.46,
 140.081441,   35.399550,       46.38,
 140.085946,   35.399550,       46.31,
 140.090450,   35.399550,       46.23,
 140.094955,   35.399550,       46.16,
 140.099459,   35.399550,       46.09,
 140.103964,   35.399550,       46.02,
 140.108468,   35.399550,       45.96,
 140.112973,   35.399550,       45.89,
 140.117477,   35.399550,       45.83,
 140.121982,   35.399550,       45.76,
 140.126486,   35.399550,       45.69,
 140.130991,   35.399550,       45.62,
 140.135495,   35.399550,       45.56,
 140.140000,   35.399550,       45.49,
 140.144505,   35.399550,       45.41,
 140.149009,   35.399550,       45.34,
 140.153514,   35.399550,       45.27,
 140.158018,   35.399550,       45.20,
 140.162523,   35.399550,       45.13,
 140.167027,   35.399550,       45.06,
 140.171532,   35.399550,       44.99,
 140.176036,   35.399550,       44.92,
 140.180541,   35.399550,       44.85,
 140.185045,   35.399550,       44.78,
 140.189550,   35.399550,       44.71,
 140.194054,   35.399550,       44.64,
 140.198559,   35.399550,       44.56,
 140.203063,   35.399550,       44.49,
 140.207568,   35.399550,       44.41,
 140.212072,   35.399550,       44.33,
 140.216577,   35.399550,       44.26,
 140.221081,   35.399550,       44.18,
 140.225586,   35.399550,       44.08,
 140.230090,   35.399550,       43.96,
 140.234595,   35.399550,       43.81,
 140.239099,   35.399550,       43.65,
 140.243604,   35.399550,       43.47,
 140.248108,   35.399550,       43.29,
 140.252613,   35.399550,       43.26,
 140.257117,   35.399550,       43.23,
 140.261622,   35.399550,       43.19,
 140.266126,   35.399550,       43.16,
 140.270631,   35.399550,       43.13,
 140.275135,   35.399550,       43.10,
 140.279640,   35.399550,       43.06,
 140.284144,   35.399550,       43.03,
 140.288649,   35.399550,       42.99,
 140.293153,   35.399550,       42.95,
 140.297658,   35.399550,       42.92,
 140.302162,   35.399550,       42.88,
 140.306667,   35.399550,       42.84,
 140.311171,   35.399550,       42.80,
 140.315676,   35.399550,       42.76,
 140.320180,   35.399550,       42.72,
 140.324685,   35.399550,       42.68,
 140.329189,   35.399550,       42.64,
 140.333694,   35.399550,       42.60,
 140.338198,   35.399550,       42.55,
 140.342703,   35.399550,       42.51,
 140.347207,   35.399550,       42.46,
 140.351712,   35.399550,       42.42,
 140.356216,   35.399550,       42.37,
 140.360721,   35.399550,       42.33,
 140.365225,   35.399550,       42.28,
 140.369730,   35.399550,       42.23,
 140.374234,   35.399550,       42.18,
 140.378739,   35.399550,       42.13,
 140.383243,   35.399550,       42.08,
 140.387748,   35.399550,       42.03,
 139.140000,   35.404054,       59.87,
 139.144505,   35.404054,       58.64,
 139.149009,   35.404054,       57.45,
 139.153514,   35.404054,       56.30,
 139.158018,   35.404054,       55.18,
 139.162523,   35.404054,       54.10,
 139.167027,   35.404054,       53.06,
 139.171532,   35.404054,       52.06,
 139.176036,   35.404054,       51.09,
 139.180541,   35.404054,       50.16,
 139.185045,   35.404054,       49.26,
 139.189550,   35.404054,       48.41,
 139.194054,   35.404054,       47.59,
 139.198559,   35.404054,       46.80,
 139.203063,   35.404054,       46.06,
 139.207568,   35.404054,       45.35,
 139.212072,   35.404054,       44.68,
 139.216577,   35.404054,       44.04,
 139.221081,   35.404054,       43.45,
 139.225586,   35.404054,       42.89,
 139.230090,   35.404054,       42.36,
 139.234595,   35.404054,       41.88,
 139.239099,   35.404054,       41.43,
 139.243604,   35.404054,       41.02,
 139.248108,   35.404054,       40.64,
 139.252613,   35.404054,       40.31,
 139.257117,   35.404054,       40.01,
 139.261622,   35.404054,       39.74,
 139.266126,   35.404054,       39.52,
 139.270631,   35.404054,       39.33,
 139.275135,   35.404054,       39.18,
 139.279640,   35.404054,       39.06,
 139.284144,   35.404054,       38.98,
 139.288649,   35.404054,       38.94,
 139.293153,   35.404054,       38.94,
 139.297658,   35.404054,       38.97,
 139.302162,   35.404054,       39.04,
 139.306667,   35.404054,       39.15,
 139.311171,   35.404054,       39.29,
 139.315676,   35.404054,       39.48,
 139.320180,   35.404054,       39.70,
 139.324685,   35.404054,       39.95,
 139.329189,   35.404054,       40.24,
 139.333694,   35.404054,       40.57,
 139.338198,   35.404054,       40.94,
 139.342703,   35.404054,       41.35,
 139.347207,   35.404054,       41.79,
 139.351712,   35.404054,       42.27,
 139.356216,   35.404054,       42.78,
 139.360721,   35.404054,       43.34,
 139.365225,   35.404054,       43.93,
 139.369730,   35.404054,       44.55,
 139.374234,   35.404054,       45.22,
 139.378739,   35.404054,       45.92,
 139.383243,   35.404054,       46.66,
 139.387748,   35.404054,       47.69,
 139.392252,   35.404054,       48.46,
 139.396757,   35.404054,       48.78,
 139.401261,   35.404054,       48.13,
 139.405766,   35.404054,       46.70,
 139.410270,   35.404054,       45.30,
 139.414775,   35.404054,       43.93,
 139.419279,   35.404054,       42.59,
 139.423784,   35.404054,       41.29,
 139.428288,   35.404054,       40.03,
 139.432793,   35.404054,       38.82,
 139.437297,   35.404054,       37.66,
 139.441802,   35.404054,       36.56,
 139.446306,   35.404054,       35.52,
 139.450811,   35.404054,       34.57,
 139.455315,   35.404054,       33.70,
 139.459820,   35.404054,       32.98,
 139.464324,   35.404054,       32.42,
 139.468829,   35.404054,       31.94,
 139.473333,   35.404054,       31.56,
 139.477838,   35.404054,       31.29,
 139.482342,   35.404054,       31.15,
 139.486847,   35.404054,       31.15,
 139.491351,   35.404054,       31.16,
 139.495856,   35.404054,       31.15,
 139.500360,   35.404054,       31.12,
 139.504865,   35.404054,       31.07,
 139.509369,   35.404054,       30.99,
 139.513874,   35.404054,       30.87,
 139.518378,   35.404054,       30.70,
 139.522883,   35.404054,       30.51,
 139.527387,   35.404054,       30.34,
 139.531892,   35.404054,       30.19,
 139.536396,   35.404054,       30.06,
 139.540901,   35.404054,       29.98,
 139.545405,   35.404054,       29.95,
 139.549910,   35.404054,       29.96,
 139.554414,   35.404054,       30.00,
 139.558919,   35.404054,       30.07,
 139.563423,   35.404054,       30.19,
 139.567928,   35.404054,       30.34,
 139.572432,   35.404054,       30.53,
 139.576937,   35.404054,       30.77,
 139.581441,   35.404054,       31.08,
 139.585946,   35.404054,       31.45,
 139.590450,   35.404054,       31.90,
 139.594955,   35.404054,       32.38,
 139.599459,   35.404054,       32.89,
 139.603964,   35.404054,       33.45,
 139.608468,   35.404054,       34.06,
 139.612973,   35.404054,       34.78,
 139.617477,   35.404054,       34.87,
 139.621982,   35.404054,       33.78,
 139.626486,   35.404054,       32.79,
 139.630991,   35.404054,       31.93,
 139.635495,   35.404054,       31.21,
 139.640000,   35.404054,       30.57,
 139.644505,   35.404054,       30.40,
 139.649009,   35.404054,       30.42,
 139.653514,   35.404054,       30.73,
 139.658018,   35.404054,       31.36,
 139.662523,   35.404054,       31.95,
 139.667027,   35.404054,       32.26,
 139.671532,   35.404054,       32.44,
 139.676036,   35.404054,       32.54,
 139.680541,   35.404054,       32.33,
 139.685045,   35.404054,       31.89,
 139.689550,   35.404054,       31.55,
 139.694054,   35.404054,       31.41,
 139.698559,   35.404054,       31.61,
 139.703063,   35.404054,       31.83,
 139.707568,   35.404054,       32.18,
 139.712072,   35.404054,       32.55,
 139.716577,   35.404054,       32.92,
 139.721081,   35.404054,       33.31,
 139.725586,   35.404054,       33.70,
 139.730090,   35.404054,       34.05,
 139.734595,   35.404054,       34.36,
 139.739099,   35.404054,       34.59,
 139.743604,   35.404054,       34.85,
 139.748108,   35.404054,       35.20,
 139.752613,   35.404054,       35.57,
 139.757117,   35.404054,       35.99,
 139.761622,   35.404054,       36.51,
 139.766126,   35.404054,       37.03,
 139.770631,   35.404054,       37.54,
 139.775135,   35.404054,       37.97,
 139.779640,   35.404054,       38.32,
 139.784144,   35.404054,       38.67,
 139.788649,   35.404054,       38.99,
 139.793153,   35.404054,       39.23,
 139.797658,   35.404054,       39.36,
 139.802162,   35.404054,       39.46,
 139.806667,   35.404054,       39.53,
 139.811171,   35.404054,       39.55,
 139.815676,   35.404054,       39.57,
 139.820180,   35.404054,       39.57,
 139.824685,   35.404054,       39.60,
 139.829189,   35.404054,       39.65,
 139.833694,   35.404054,       39.72,
 139.838198,   35.404054,       39.83,
 139.842703,   35.404054,       39.98,
 139.847207,   35.404054,       40.14,
 139.851712,   35.404054,       40.39,
 139.856216,   35.404054,       40.70,
 139.860721,   35.404054,       41.13,
 139.865225,   35.404054,       41.64,
 139.869730,   35.404054,       42.24,
 139.874234,   35.404054,       43.01,
 139.878739,   35.404054,       43.83,
 139.883243,   35.404054,       44.69,
 139.887748,   35.404054,       45.71,
 139.892252,   35.404054,       46.75,
 139.896757,   35.404054,       47.72,
 139.901261,   35.404054,       48.74,
 139.905766,   35.404054,       49.71,
 139.910270,   35.404054,       50.28,
 139.914775,   35.404054,       50.58,
 139.919279,   35.404054,       50.76,
 139.923784,   35.404054,       50.79,
 139.928288,   35.404054,       50.68,
 139.932793,   35.404054,       50.54,
 139.937297,   35.404054,       50.44,
 139.941802,   35.404054,       50.32,
 139.946306,   35.404054,       50.15,
 139.950811,   35.404054,       49.99,
 139.955315,   35.404054,       49.82,
 139.959820,   35.404054,       49.65,
 139.964324,   35.404054,       49.48,
 139.968829,   35.404054,       49.31,
 139.973333,   35.404054,       49.15,
 139.977838,   35.404054,       49.00,
 139.982342,   35.404054,       48.86,
 139.986847,   35.404054,       48.72,
 139.991351,   35.404054,       48.57,
 139.995856,   35.404054,       48.43,
 140.000360,   35.404054,       48.29,
 140.004865,   35.404054,       48.17,
 140.009369,   35.404054,       48.05,
 140.013874,   35.404054,       47.94,
 140.018378,   35.404054,       47.83,
 140.022883,   35.404054,       47.72,
 140.027387,   35.404054,       47.62,
 140.031892,   35.404054,       47.52,
 140.036396,   35.404054,       47.42,
 140.040901,   35.404054,       47.33,
 140.045405,   35.404054,       47.24,
 140.049910,   35.404054,       47.15,
 140.054414,   35.404054,       47.06,
 140.058919,   35.404054,       46.97,
 140.063423,   35.404054,       46.89,
 140.067928,   35.404054,       46.81,
 140.072432,   35.404054,       46.73,
 140.076937,   35.404054,       46.65,
 140.081441,   35.404054,       46.57,
 140.085946,   35.404054,       46.50,
 140.090450,   35.404054,       46.43,
 140.094955,   35.404054,       46.36,
 140.099459,   35.404054,       46.30,
 140.103964,   35.404054,       46.23,
 140.108468,   35.404054,       46.17,
 140.112973,   35.404054,       46.11,
 140.117477,   35.404054,       46.04,
 140.121982,   35.404054,       45.98,
 140.126486,   35.404054,       45.91,
 140.130991,   35.404054,       45.84,
 140.135495,   35.404054,       45.78,
 140.140000,   35.404054,       45.71,
 140.144505,   35.404054,       45.63,
 140.149009,   35.404054,       45.56,
 140.153514,   35.404054,       45.49,
 140.158018,   35.404054,       45.42,
 140.162523,   35.404054,       45.35,
 140.167027,   35.404054,       45.28,
 140.171532,   35.404054,       45.21,
 140.176036,   35.404054,       45.14,
 140.180541,   35.404054,       45.07,
 140.185045,   35.404054,       45.00,
 140.189550,   35.404054,       44.93,
 140.194054,   35.404054,       44.85,
 140.198559,   35.404054,       44.77,
 140.203063,   35.404054,       44.70,
 140.207568,   35.404054,       44.62,
 140.212072,   35.404054,       44.54,
 140.216577,   35.404054,       44.46,
 140.221081,   35.404054,       44.37,
 140.225586,   35.404054,       44.25,
 140.230090,   35.404054,       44.11,
 140.234595,   35.404054,       43.94,
 140.239099,   35.404054,       43.77,
 140.243604,   35.404054,       43.59,
 140.248108,   35.404054,       43.50,
 140.252613,   35.404054,       43.47,
 140.257117,   35.404054,       43.44,
 140.261622,   35.404054,       43.41,
 140.266126,   35.404054,       43.38,
 140.270631,   35.404054,       43.34,
 140.275135,   35.404054,       43.31,
 140.279640,   35.404054,       43.28,
 140.284144,   35.404054,       43.24,
 140.288649,   35.404054,       43.20,
 140.293153,   35.404054,       43.17,
 140.297658,   35.404054,       43.13,
 140.302162,   35.404054,       43.09,
 140.306667,   35.404054,       43.06,
 140.311171,   35.404054,       43.02,
 140.315676,   35.404054,       42.98,
 140.320180,   35.404054,       42.94,
 140.324685,   35.404054,       42.90,
 140.329189,   35.404054,       42.86,
 140.333694,   35.404054,       42.81,
 140.338198,   35.404054,       42.77,
 140.342703,   35.404054,       42.73,
 140.347207,   35.404054,       42.68,
 140.351712,   35.404054,       42.64,
 140.356216,   35.404054,       42.59,
 140.360721,   35.404054,       42.55,
 140.365225,   35.404054,       42.50,
 140.369730,   35.404054,       42.45,
 140.374234,   35.404054,       42.40,
 140.378739,   35.404054,       42.35,
 140.383243,   35.404054,       42.30,
 140.387748,   35.404054,       42.25,
 139.140000,   35.408559,       58.76,
 139.144505,   35.408559,       57.52,
 139.149009,   35.408559,       56.31,
 139.153514,   35.408559,       55.14,
 139.158018,   35.408559,       54.01,
 139.162523,   35.408559,       52.92,
 139.167027,   35.408559,       51.86,
 139.171532,   35.408559,       50.84,
 139.176036,   35.408559,       49.86,
 139.180541,   35.408559,       48.91,
 139.185045,   35.408559,       48.00,
 139.189550,   35.408559,       47.13,
 139.194054,   35.408559,       46.30,
 139.198559,   35.408559,       45.50,
 139.203063,   35.408559,       44.74,
 139.207568,   35.408559,       44.02,
 139.212072,   35.408559,       43.33,
 139.216577,   35.408559,       42.68,
 139.221081,   35.408559,       42.07,
 139.225586,   35.408559,       41.50,
 139.230090,   35.408559,       40.96,
 139.234595,   35.408559,       40.46,
 139.239099,   35.408559,       39.99,
 139.243604,   35.408559,       39.57,
 139.248108,   35.408559,       39.18,
 139.252613,   35.408559,       38.83,
 139.257117,   35.408559,       38.51,
 139.261622,   35.408559,       38.23,
 139.266126,   35.408559,       37.99,
 139.270631,   35.408559,       37.79,
 139.275135,   35.408559,       37.62,
 139.279640,   35.408559,       37.49,
 139.284144,   35.408559,       37.40,
 139.288649,   35.408559,       37.35,
 139.293153,   35.408559,       37.33,
 139.297658,   35.408559,       37.35,
 139.302162,   35.408559,       37.40,
 139.306667,   35.408559,       37.49,
 139.311171,   35.408559,       37.62,
 139.315676,   35.408559,       37.79,
 139.320180,   35.408559,       38.00,
 139.324685,   35.408559,       38.24,
 139.329189,   35.408559,       38.52,
 139.333694,   35.408559,       38.83,
 139.338198,   35.408559,       39.18,
 139.342703,   35.408559,       39.57,
 139.347207,   35.408559,       40.00,
 139.351712,   35.408559,       40.46,
 139.356216,   35.408559,       40.97,
 139.360721,   35.408559,       41.50,
 139.365225,   35.408559,       42.08,
 139.369730,   35.408559,       42.69,
 139.374234,   35.408559,       43.34,
 139.378739,   35.408559,       44.03,
 139.383243,   35.408559,       44.75,
 139.387748,   35.408559,       45.51,
 139.392252,   35.408559,       46.46,
 139.396757,   35.408559,       47.38,
 139.401261,   35.408559,       47.96,
 139.405766,   35.408559,       47.89,
 139.410270,   35.408559,       46.70,
 139.414775,   35.408559,       45.31,
 139.419279,   35.408559,       43.95,
 139.423784,   35.408559,       42.62,
 139.428288,   35.408559,       41.33,
 139.432793,   35.408559,       40.08,
 139.437297,   35.408559,       38.87,
 139.441802,   35.408559,       37.71,
 139.446306,   35.408559,       36.60,
 139.450811,   35.408559,       35.56,
 139.455315,   35.408559,       34.58,
 139.459820,   35.408559,       33.69,
 139.464324,   35.408559,       32.90,
 139.468829,   35.408559,       32.28,
 139.473333,   35.408559,       31.77,
 139.477838,   35.408559,       31.35,
 139.482342,   35.408559,       31.03,
 139.486847,   35.408559,       30.82,
 139.491351,   35.408559,       30.75,
 139.495856,   35.408559,       30.75,
 139.500360,   35.408559,       30.75,
 139.504865,   35.408559,       30.72,
 139.509369,   35.408559,       30.68,
 139.513874,   35.408559,       30.60,
 139.518378,   35.408559,       30.50,
 139.522883,   35.408559,       30.35,
 139.527387,   35.408559,       30.17,
 139.531892,   35.408559,       29.98,
 139.536396,   35.408559,       29.82,
 139.540901,   35.408559,       29.67,
 139.545405,   35.408559,       29.57,
 139.549910,   35.408559,       29.51,
 139.554414,   35.408559,       29.50,
 139.558919,   35.408559,       29.53,
 139.563423,   35.408559,       29.59,
 139.567928,   35.408559,       29.69,
 139.572432,   35.408559,       29.82,
 139.576937,   35.408559,       30.00,
 139.581441,   35.408559,       30.23,
 139.585946,   35.408559,       30.52,
 139.590450,   35.408559,       30.89,
 139.594955,   35.408559,       31.34,
 139.599459,   35.408559,       31.81,
 139.603964,   35.408559,       32.33,
 139.608468,   35.408559,       32.97,
 139.612973,   35.408559,       33.75,
 139.617477,   35.408559,       34.55,
 139.621982,   35.408559,       33.73,
 139.626486,   35.408559,       32.80,
 139.630991,   35.408559,       31.96,
 139.635495,   35.408559,       31.34,
 139.640000,   35.408559,       30.92,
 139.644505,   35.408559,       30.70,
 139.649009,   35.408559,       30.82,
 139.653514,   35.408559,       31.13,
 139.658018,   35.408559,       31.60,
 139.662523,   35.408559,       32.01,
 139.667027,   35.408559,       32.09,
 139.671532,   35.408559,       32.05,
 139.676036,   35.408559,       32.03,
 139.680541,   35.408559,       31.88,
 139.685045,   35.408559,       31.49,
 139.689550,   35.408559,       31.23,
 139.694054,   35.408559,       31.16,
 139.698559,   35.408559,       31.46,
 139.703063,   35.408559,       31.87,
 139.707568,   35.408559,       32.32,
 139.712072,   35.408559,       32.72,
 139.716577,   35.408559,       33.15,
 139.721081,   35.408559,       33.59,
 139.725586,   35.408559,       33.99,
 139.730090,   35.408559,       34.36,
 139.734595,   35.408559,       34.70,
 139.739099,   35.408559,       34.94,
 139.743604,   35.408559,       35.16,
 139.748108,   35.408559,       35.46,
 139.752613,   35.408559,       35.82,
 139.757117,   35.408559,       36.16,
 139.761622,   35.408559,       36.59,
 139.766126,   35.408559,       37.09,
 139.770631,   35.408559,       37.54,
 139.775135,   35.408559,       37.92,
 139.779640,   35.408559,       38.26,
 139.784144,   35.408559,       38.59,
 139.788649,   35.408559,       38.89,
 139.793153,   35.408559,       39.11,
 139.797658,   35.408559,       39.27,
 139.802162,   35.408559,       39.40,
 139.806667,   35.408559,       39.46,
 139.811171,   35.408559,       39.50,
 139.815676,   35.408559,       39.54,
 139.820180,   35.408559,       39.56,
 139.824685,   35.408559,       39.59,
 139.829189,   35.408559,       39.63,
 139.833694,   35.408559,       39.71,
 139.838198,   35.408559,       39.78,
 139.842703,   35.408559,       39.89,
 139.847207,   35.408559,       40.05,
 139.851712,   35.408559,       40.23,
 139.856216,   35.408559,       40.49,
 139.860721,   35.408559,       40.88,
 139.865225,   35.408559,       41.32,
 139.869730,   35.408559,       41.92,
 139.874234,   35.408559,       42.61,
 139.878739,   35.408559,       43.45,
 139.883243,   35.408559,       44.39,
 139.887748,   35.408559,       45.42,
 139.892252,   35.408559,       46.47,
 139.896757,   35.408559,       47.56,
 139.901261,   35.408559,       48.62,
 139.905766,   35.408559,       49.52,
 139.910270,   35.408559,       49.95,
 139.914775,   35.408559,       50.19,
 139.919279,   35.408559,       50.37,
 139.923784,   35.408559,       50.51,
 139.928288,   35.408559,       50.48,
 139.932793,   35.408559,       50.41,
 139.937297,   35.408559,       50.31,
 139.941802,   35.408559,       50.25,
 139.946306,   35.408559,       50.14,
 139.950811,   35.408559,       50.00,
 139.955315,   35.408559,       49.86,
 139.959820,   35.408559,       49.70,
 139.964324,   35.408559,       49.55,
 139.968829,   35.408559,       49.39,
 139.973333,   35.408559,       49.23,
 139.977838,   35.408559,       49.09,
 139.982342,   35.408559,       48.94,
 139.986847,   35.408559,       48.81,
 139.991351,   35.408559,       48.67,
 139.995856,   35.408559,       48.53,
 140.000360,   35.408559,       48.40,
 140.004865,   35.408559,       48.28,
 140.009369,   35.408559,       48.17,
 140.013874,   35.408559,       48.06,
 140.018378,   35.408559,       47.96,
 140.022883,   35.408559,       47.86,
 140.027387,   35.408559,       47.76,
 140.031892,   35.408559,       47.66,
 140.036396,   35.408559,       47.57,
 140.040901,   35.408559,       47.48,
 140.045405,   35.408559,       47.40,
 140.049910,   35.408559,       47.31,
 140.054414,   35.408559,       47.23,
 140.058919,   35.408559,       47.14,
 140.063423,   35.408559,       47.07,
 140.067928,   35.408559,       46.99,
 140.072432,   35.408559,       46.91,
 140.076937,   35.408559,       46.84,
 140.081441,   35.408559,       46.77,
 140.085946,   35.408559,       46.70,
 140.090450,   35.408559,       46.63,
 140.094955,   35.408559,       46.57,
 140.099459,   35.408559,       46.51,
 140.103964,   35.408559,       46.44,
 140.108468,   35.408559,       46.38,
 140.112973,   35.408559,       46.32,
 140.117477,   35.408559,       46.26,
 140.121982,   35.408559,       46.20,
 140.126486,   35.408559,       46.13,
 140.130991,   35.408559,       46.06,
 140.135495,   35.408559,       45.99,
 140.140000,   35.408559,       45.92,
 140.144505,   35.408559,       45.85,
 140.149009,   35.408559,       45.78,
 140.153514,   35.408559,       45.71,
 140.158018,   35.408559,       45.64,
 140.162523,   35.408559,       45.57,
 140.167027,   35.408559,       45.50,
 140.171532,   35.408559,       45.43,
 140.176036,   35.408559,       45.36,
 140.180541,   35.408559,       45.29,
 140.185045,   35.408559,       45.22,
 140.189550,   35.408559,       45.14,
 140.194054,   35.408559,       45.06,
 140.198559,   35.408559,       44.98,
 140.203063,   35.408559,       44.90,
 140.207568,   35.408559,       44.82,
 140.212072,   35.408559,       44.74,
 140.216577,   35.408559,       44.66,
 140.221081,   35.408559,       44.55,
 140.225586,   35.408559,       44.41,
 140.230090,   35.408559,       44.25,
 140.234595,   35.408559,       44.07,
 140.239099,   35.408559,       43.89,
 140.243604,   35.408559,       43.74,
 140.248108,   35.408559,       43.71,
 140.252613,   35.408559,       43.68,
 140.257117,   35.408559,       43.65,
 140.261622,   35.408559,       43.62,
 140.266126,   35.408559,       43.59,
 140.270631,   35.408559,       43.56,
 140.275135,   35.408559,       43.52,
 140.279640,   35.408559,       43.49,
 140.284144,   35.408559,       43.46,
 140.288649,   35.408559,       43.42,
 140.293153,   35.408559,       43.38,
 140.297658,   35.408559,       43.35,
 140.302162,   35.408559,       43.31,
 140.306667,   35.408559,       43.27,
 140.311171,   35.408559,       43.23,
 140.315676,   35.408559,       43.20,
 140.320180,   35.408559,       43.16,
 140.324685,   35.408559,       43.11,
 140.329189,   35.408559,       43.07,
 140.333694,   35.408559,       43.03,
 140.338198,   35.408559,       42.99,
 140.342703,   35.408559,       42.95,
 140.347207,   35.408559,       42.90,
 140.351712,   35.408559,       42.86,
 140.356216,   35.408559,       42.81,
 140.360721,   35.408559,       42.77,
 140.365225,   35.408559,       42.72,
 140.369730,   35.408559,       42.67,
 140.374234,   35.408559,       42.62,
 140.378739,   35.408559,       42.58,
 140.383243,   35.408559,       42.53,
 140.387748,   35.408559,       42.48,
 139.140000,   35.413063,       57.61,
 139.144505,   35.413063,       56.35,
 139.149009,   35.413063,       55.13,
 139.153514,   35.413063,       53.95,
 139.158018,   35.413063,       52.81,
 139.162523,   35.413063,       51.70,
 139.167027,   35.413063,       50.63,
 139.171532,   35.413063,       49.59,
 139.176036,   35.413063,       48.59,
 139.180541,   35.413063,       47.63,
 139.185045,   35.413063,       46.71,
 139.189550,   35.413063,       45.82,
 139.194054,   35.413063,       44.97,
 139.198559,   35.413063,       44.16,
 139.203063,   35.413063,       43.39,
 139.207568,   35.413063,       42.65,
 139.212072,   35.413063,       41.95,
 139.216577,   35.413063,       41.28,
 139.221081,   35.413063,       40.66,
 139.225586,   35.413063,       40.07,
 139.230090,   35.413063,       39.52,
 139.234595,   35.413063,       39.00,
 139.239099,   35.413063,       38.52,
 139.243604,   35.413063,       38.08,
 139.248108,   35.413063,       37.68,
 139.252613,   35.413063,       37.31,
 139.257117,   35.413063,       36.98,
 139.261622,   35.413063,       36.69,
 139.266126,   35.413063,       36.43,
 139.270631,   35.413063,       36.21,
 139.275135,   35.413063,       36.03,
 139.279640,   35.413063,       35.89,
 139.284144,   35.413063,       35.78,
 139.288649,   35.413063,       35.71,
 139.293153,   35.413063,       35.68,
 139.297658,   35.413063,       35.68,
 139.302162,   35.413063,       35.72,
 139.306667,   35.413063,       35.80,
 139.311171,   35.413063,       35.92,
 139.315676,   35.413063,       36.07,
 139.320180,   35.413063,       36.26,
 139.324685,   35.413063,       36.49,
 139.329189,   35.413063,       36.75,
 139.333694,   35.413063,       37.05,
 139.338198,   35.413063,       37.39,
 139.342703,   35.413063,       37.76,
 139.347207,   35.413063,       38.18,
 139.351712,   35.413063,       38.62,
 139.356216,   35.413063,       39.11,
 139.360721,   35.413063,       39.63,
 139.365225,   35.413063,       40.19,
 139.369730,   35.413063,       40.79,
 139.374234,   35.413063,       41.43,
 139.378739,   35.413063,       42.10,
 139.383243,   35.413063,       42.81,
 139.387748,   35.413063,       43.55,
 139.392252,   35.413063,       44.34,
 139.396757,   35.413063,       45.18,
 139.401261,   35.413063,       46.21,
 139.405766,   35.413063,       46.99,
 139.410270,   35.413063,       47.31,
 139.414775,   35.413063,       46.68,
 139.419279,   35.413063,       45.31,
 139.423784,   35.413063,       43.95,
 139.428288,   35.413063,       42.63,
 139.432793,   35.413063,       41.35,
 139.437297,   35.413063,       40.10,
 139.441802,   35.413063,       38.90,
 139.446306,   35.413063,       37.74,
 139.450811,   35.413063,       36.63,
 139.455315,   35.413063,       35.57,
 139.459820,   35.413063,       34.59,
 139.464324,   35.413063,       33.67,
 139.468829,   35.413063,       32.85,
 139.473333,   35.413063,       32.15,
 139.477838,   35.413063,       31.61,
 139.482342,   35.413063,       31.15,
 139.486847,   35.413063,       30.79,
 139.491351,   35.413063,       30.52,
 139.495856,   35.413063,       30.37,
 139.500360,   35.413063,       30.35,
 139.504865,   35.413063,       30.34,
 139.509369,   35.413063,       30.32,
 139.513874,   35.413063,       30.28,
 139.518378,   35.413063,       30.21,
 139.522883,   35.413063,       30.12,
 139.527387,   35.413063,       29.99,
 139.531892,   35.413063,       29.81,
 139.536396,   35.413063,       29.62,
 139.540901,   35.413063,       29.44,
 139.545405,   35.413063,       29.28,
 139.549910,   35.413063,       29.15,
 139.554414,   35.413063,       29.06,
 139.558919,   35.413063,       29.03,
 139.563423,   35.413063,       29.05,
 139.567928,   35.413063,       29.09,
 139.572432,   35.413063,       29.17,
 139.576937,   35.413063,       29.29,
 139.581441,   35.413063,       29.46,
 139.585946,   35.413063,       29.68,
 139.590450,   35.413063,       29.97,
 139.594955,   35.413063,       30.34,
 139.599459,   35.413063,       30.79,
 139.603964,   35.413063,       31.29,
 139.608468,   35.413063,       31.91,
 139.612973,   35.413063,       32.65,
 139.617477,   35.413063,       33.51,
 139.621982,   35.413063,       33.72,
 139.626486,   35.413063,       32.85,
 139.630991,   35.413063,       32.02,
 139.635495,   35.413063,       31.54,
 139.640000,   35.413063,       31.19,
 139.644505,   35.413063,       31.02,
 139.649009,   35.413063,       31.23,
 139.653514,   35.413063,       31.56,
 139.658018,   35.413063,       32.08,
 139.662523,   35.413063,       32.47,
 139.667027,   35.413063,       32.28,
 139.671532,   35.413063,       31.87,
 139.676036,   35.413063,       31.61,
 139.680541,   35.413063,       31.44,
 139.685045,   35.413063,       31.15,
 139.689550,   35.413063,       30.88,
 139.694054,   35.413063,       31.11,
 139.698559,   35.413063,       31.43,
 139.703063,   35.413063,       31.92,
 139.707568,   35.413063,       32.43,
 139.712072,   35.413063,       32.88,
 139.716577,   35.413063,       33.34,
 139.721081,   35.413063,       33.80,
 139.725586,   35.413063,       34.26,
 139.730090,   35.413063,       34.61,
 139.734595,   35.413063,       34.96,
 139.739099,   35.413063,       35.26,
 139.743604,   35.413063,       35.47,
 139.748108,   35.413063,       35.71,
 139.752613,   35.413063,       36.04,
 139.757117,   35.413063,       36.37,
 139.761622,   35.413063,       36.71,
 139.766126,   35.413063,       37.14,
 139.770631,   35.413063,       37.53,
 139.775135,   35.413063,       37.88,
 139.779640,   35.413063,       38.22,
 139.784144,   35.413063,       38.55,
 139.788649,   35.413063,       38.80,
 139.793153,   35.413063,       39.01,
 139.797658,   35.413063,       39.19,
 139.802162,   35.413063,       39.34,
 139.806667,   35.413063,       39.41,
 139.811171,   35.413063,       39.47,
 139.815676,   35.413063,       39.53,
 139.820180,   35.413063,       39.56,
 139.824685,   35.413063,       39.58,
 139.829189,   35.413063,       39.61,
 139.833694,   35.413063,       39.68,
 139.838198,   35.413063,       39.75,
 139.842703,   35.413063,       39.86,
 139.847207,   35.413063,       40.00,
 139.851712,   35.413063,       40.17,
 139.856216,   35.413063,       40.40,
 139.860721,   35.413063,       40.71,
 139.865225,   35.413063,       41.15,
 139.869730,   35.413063,       41.67,
 139.874234,   35.413063,       42.33,
 139.878739,   35.413063,       43.12,
 139.883243,   35.413063,       44.09,
 139.887748,   35.413063,       45.08,
 139.892252,   35.413063,       46.14,
 139.896757,   35.413063,       47.29,
 139.901261,   35.413063,       48.42,
 139.905766,   35.413063,       49.32,
 139.910270,   35.413063,       49.59,
 139.914775,   35.413063,       49.81,
 139.919279,   35.413063,       50.00,
 139.923784,   35.413063,       50.15,
 139.928288,   35.413063,       50.23,
 139.932793,   35.413063,       50.22,
 139.937297,   35.413063,       50.17,
 139.941802,   35.413063,       50.10,
 139.946306,   35.413063,       50.07,
 139.950811,   35.413063,       49.98,
 139.955315,   35.413063,       49.86,
 139.959820,   35.413063,       49.74,
 139.964324,   35.413063,       49.60,
 139.968829,   35.413063,       49.46,
 139.973333,   35.413063,       49.31,
 139.977838,   35.413063,       49.17,
 139.982342,   35.413063,       49.04,
 139.986847,   35.413063,       48.91,
 139.991351,   35.413063,       48.78,
 139.995856,   35.413063,       48.65,
 140.000360,   35.413063,       48.52,
 140.004865,   35.413063,       48.40,
 140.009369,   35.413063,       48.29,
 140.013874,   35.413063,       48.19,
 140.018378,   35.413063,       48.09,
 140.022883,   35.413063,       47.99,
 140.027387,   35.413063,       47.90,
 140.031892,   35.413063,       47.81,
 140.036396,   35.413063,       47.72,
 140.040901,   35.413063,       47.64,
 140.045405,   35.413063,       47.56,
 140.049910,   35.413063,       47.48,
 140.054414,   35.413063,       47.40,
 140.058919,   35.413063,       47.32,
 140.063423,   35.413063,       47.25,
 140.067928,   35.413063,       47.17,
 140.072432,   35.413063,       47.10,
 140.076937,   35.413063,       47.03,
 140.081441,   35.413063,       46.97,
 140.085946,   35.413063,       46.90,
 140.090450,   35.413063,       46.84,
 140.094955,   35.413063,       46.78,
 140.099459,   35.413063,       46.72,
 140.103964,   35.413063,       46.66,
 140.108468,   35.413063,       46.60,
 140.112973,   35.413063,       46.54,
 140.117477,   35.413063,       46.48,
 140.121982,   35.413063,       46.41,
 140.126486,   35.413063,       46.35,
 140.130991,   35.413063,       46.28,
 140.135495,   35.413063,       46.21,
 140.140000,   35.413063,       46.14,
 140.144505,   35.413063,       46.07,
 140.149009,   35.413063,       46.00,
 140.153514,   35.413063,       45.93,
 140.158018,   35.413063,       45.86,
 140.162523,   35.413063,       45.79,
 140.167027,   35.413063,       45.72,
 140.171532,   35.413063,       45.65,
 140.176036,   35.413063,       45.58,
 140.180541,   35.413063,       45.51,
 140.185045,   35.413063,       45.43,
 140.189550,   35.413063,       45.35,
 140.194054,   35.413063,       45.27,
 140.198559,   35.413063,       45.19,
 140.203063,   35.413063,       45.11,
 140.207568,   35.413063,       45.03,
 140.212072,   35.413063,       44.94,
 140.216577,   35.413063,       44.84,
 140.221081,   35.413063,       44.71,
 140.225586,   35.413063,       44.55,
 140.230090,   35.413063,       44.37,
 140.234595,   35.413063,       44.19,
 140.239099,   35.413063,       44.00,
 140.243604,   35.413063,       43.96,
 140.248108,   35.413063,       43.93,
 140.252613,   35.413063,       43.90,
 140.257117,   35.413063,       43.87,
 140.261622,   35.413063,       43.84,
 140.266126,   35.413063,       43.80,
 140.270631,   35.413063,       43.77,
 140.275135,   35.413063,       43.74,
 140.279640,   35.413063,       43.71,
 140.284144,   35.413063,       43.67,
 140.288649,   35.413063,       43.64,
 140.293153,   35.413063,       43.60,
 140.297658,   35.413063,       43.56,
 140.302162,   35.413063,       43.53,
 140.306667,   35.413063,       43.49,
 140.311171,   35.413063,       43.45,
 140.315676,   35.413063,       43.41,
 140.320180,   35.413063,       43.37,
 140.324685,   35.413063,       43.33,
 140.329189,   35.413063,       43.29,
 140.333694,   35.413063,       43.25,
 140.338198,   35.413063,       43.21,
 140.342703,   35.413063,       43.17,
 140.347207,   35.413063,       43.12,
 140.351712,   35.413063,       43.08,
 140.356216,   35.413063,       43.03,
 140.360721,   35.413063,       42.99,
 140.365225,   35.413063,       42.94,
 140.369730,   35.413063,       42.89,
 140.374234,   35.413063,       42.85,
 140.378739,   35.413063,       42.80,
 140.383243,   35.413063,       42.75,
 140.387748,   35.413063,       42.70,
 139.140000,   35.417568,       56.43,
 139.144505,   35.417568,       55.15,
 139.149009,   35.417568,       53.92,
 139.153514,   35.417568,       52.72,
 139.158018,   35.417568,       51.56,
 139.162523,   35.417568,       50.44,
 139.167027,   35.417568,       49.35,
 139.171532,   35.417568,       48.30,
 139.176036,   35.417568,       47.29,
 139.180541,   35.417568,       46.31,
 139.185045,   35.417568,       45.38,
 139.189550,   35.417568,       44.48,
 139.194054,   35.417568,       43.61,
 139.198559,   35.417568,       42.79,
 139.203063,   35.417568,       42.00,
 139.207568,   35.417568,       41.24,
 139.212072,   35.417568,       40.53,
 139.216577,   35.417568,       39.85,
 139.221081,   35.417568,       39.21,
 139.225586,   35.417568,       38.60,
 139.230090,   35.417568,       38.04,
 139.234595,   35.417568,       37.51,
 139.239099,   35.417568,       37.01,
 139.243604,   35.417568,       36.56,
 139.248108,   35.417568,       36.14,
 139.252613,   35.417568,       35.76,
 139.257117,   35.417568,       35.41,
 139.261622,   35.417568,       35.11,
 139.266126,   35.417568,       34.84,
 139.270631,   35.417568,       34.60,
 139.275135,   35.417568,       34.41,
 139.279640,   35.417568,       34.25,
 139.284144,   35.417568,       34.13,
 139.288649,   35.417568,       34.04,
 139.293153,   35.417568,       33.99,
 139.297658,   35.417568,       33.98,
 139.302162,   35.417568,       34.01,
 139.306667,   35.417568,       34.07,
 139.311171,   35.417568,       34.17,
 139.315676,   35.417568,       34.31,
 139.320180,   35.417568,       34.49,
 139.324685,   35.417568,       34.70,
 139.329189,   35.417568,       34.95,
 139.333694,   35.417568,       35.23,
 139.338198,   35.417568,       35.56,
 139.342703,   35.417568,       35.92,
 139.347207,   35.417568,       36.31,
 139.351712,   35.417568,       36.75,
 139.356216,   35.417568,       37.22,
 139.360721,   35.417568,       37.73,
 139.365225,   35.417568,       38.27,
 139.369730,   35.417568,       38.86,
 139.374234,   35.417568,       39.48,
 139.378739,   35.417568,       40.13,
 139.383243,   35.417568,       40.83,
 139.387748,   35.417568,       41.56,
 139.392252,   35.417568,       42.33,
 139.396757,   35.417568,       43.13,
 139.401261,   35.417568,       43.98,
 139.405766,   35.417568,       44.98,
 139.410270,   35.417568,       45.91,
 139.414775,   35.417568,       46.50,
 139.419279,   35.417568,       46.44,
 139.423784,   35.417568,       45.28,
 139.428288,   35.417568,       43.94,
 139.432793,   35.417568,       42.63,
 139.437297,   35.417568,       41.35,
 139.441802,   35.417568,       40.11,
 139.446306,   35.417568,       38.90,
 139.450811,   35.417568,       37.74,
 139.455315,   35.417568,       36.63,
 139.459820,   35.417568,       35.57,
 139.464324,   35.417568,       34.57,
 139.468829,   35.417568,       33.64,
 139.473333,   35.417568,       32.79,
 139.477838,   35.417568,       32.04,
 139.482342,   35.417568,       31.45,
 139.486847,   35.417568,       30.96,
 139.491351,   35.417568,       30.56,
 139.495856,   35.417568,       30.24,
 139.500360,   35.417568,       30.03,
 139.504865,   35.417568,       29.95,
 139.509369,   35.417568,       29.94,
 139.513874,   35.417568,       29.92,
 139.518378,   35.417568,       29.88,
 139.522883,   35.417568,       29.82,
 139.527387,   35.417568,       29.73,
 139.531892,   35.417568,       29.60,
 139.536396,   35.417568,       29.44,
 139.540901,   35.417568,       29.25,
 139.545405,   35.417568,       29.05,
 139.549910,   35.417568,       28.88,
 139.554414,   35.417568,       28.72,
 139.558919,   35.417568,       28.61,
 139.563423,   35.417568,       28.55,
 139.567928,   35.417568,       28.55,
 139.572432,   35.417568,       28.59,
 139.576937,   35.417568,       28.65,
 139.581441,   35.417568,       28.76,
 139.585946,   35.417568,       28.92,
 139.590450,   35.417568,       29.14,
 139.594955,   35.417568,       29.43,
 139.599459,   35.417568,       29.83,
 139.603964,   35.417568,       30.31,
 139.608468,   35.417568,       30.87,
 139.612973,   35.417568,       31.52,
 139.617477,   35.417568,       32.39,
 139.621982,   35.417568,       32.99,
 139.626486,   35.417568,       32.89,
 139.630991,   35.417568,       32.20,
 139.635495,   35.417568,       31.65,
 139.640000,   35.417568,       31.36,
 139.644505,   35.417568,       31.31,
 139.649009,   35.417568,       31.40,
 139.653514,   35.417568,       31.77,
 139.658018,   35.417568,       32.40,
 139.662523,   35.417568,       33.04,
 139.667027,   35.417568,       32.72,
 139.671532,   35.417568,       32.17,
 139.676036,   35.417568,       31.61,
 139.680541,   35.417568,       31.09,
 139.685045,   35.417568,       30.80,
 139.689550,   35.417568,       30.60,
 139.694054,   35.417568,       30.98,
 139.698559,   35.417568,       31.42,
 139.703063,   35.417568,       31.96,
 139.707568,   35.417568,       32.49,
 139.712072,   35.417568,       33.02,
 139.716577,   35.417568,       33.51,
 139.721081,   35.417568,       33.97,
 139.725586,   35.417568,       34.40,
 139.730090,   35.417568,       34.79,
 139.734595,   35.417568,       35.17,
 139.739099,   35.417568,       35.47,
 139.743604,   35.417568,       35.70,
 139.748108,   35.417568,       35.94,
 139.752613,   35.417568,       36.23,
 139.757117,   35.417568,       36.56,
 139.761622,   35.417568,       36.90,
 139.766126,   35.417568,       37.20,
 139.770631,   35.417568,       37.53,
 139.775135,   35.417568,       37.88,
 139.779640,   35.417568,       38.22,
 139.784144,   35.417568,       38.50,
 139.788649,   35.417568,       38.72,
 139.793153,   35.417568,       38.93,
 139.797658,   35.417568,       39.12,
 139.802162,   35.417568,       39.29,
 139.806667,   35.417568,       39.37,
 139.811171,   35.417568,       39.44,
 139.815676,   35.417568,       39.51,
 139.820180,   35.417568,       39.55,
 139.824685,   35.417568,       39.57,
 139.829189,   35.417568,       39.60,
 139.833694,   35.417568,       39.66,
 139.838198,   35.417568,       39.72,
 139.842703,   35.417568,       39.83,
 139.847207,   35.417568,       39.96,
 139.851712,   35.417568,       40.11,
 139.856216,   35.417568,       40.32,
 139.860721,   35.417568,       40.60,
 139.865225,   35.417568,       41.01,
 139.869730,   35.417568,       41.53,
 139.874234,   35.417568,       42.17,
 139.878739,   35.417568,       42.89,
 139.883243,   35.417568,       43.82,
 139.887748,   35.417568,       44.78,
 139.892252,   35.417568,       45.85,
 139.896757,   35.417568,       47.00,
 139.901261,   35.417568,       48.16,
 139.905766,   35.417568,       48.96,
 139.910270,   35.417568,       49.21,
 139.914775,   35.417568,       49.43,
 139.919279,   35.417568,       49.62,
 139.923784,   35.417568,       49.79,
 139.928288,   35.417568,       49.92,
 139.932793,   35.417568,       49.97,
 139.937297,   35.417568,       49.98,
 139.941802,   35.417568,       49.95,
 139.946306,   35.417568,       49.91,
 139.950811,   35.417568,       49.91,
 139.955315,   35.417568,       49.83,
 139.959820,   35.417568,       49.74,
 139.964324,   35.417568,       49.63,
 139.968829,   35.417568,       49.51,
 139.973333,   35.417568,       49.38,
 139.977838,   35.417568,       49.25,
 139.982342,   35.417568,       49.12,
 139.986847,   35.417568,       49.00,
 139.991351,   35.417568,       48.88,
 139.995856,   35.417568,       48.76,
 140.000360,   35.417568,       48.64,
 140.004865,   35.417568,       48.52,
 140.009369,   35.417568,       48.42,
 140.013874,   35.417568,       48.32,
 140.018378,   35.417568,       48.22,
 140.022883,   35.417568,       48.13,
 140.027387,   35.417568,       48.05,
 140.031892,   35.417568,       47.96,
 140.036396,   35.417568,       47.88,
 140.040901,   35.417568,       47.80,
 140.045405,   35.417568,       47.72,
 140.049910,   35.417568,       47.65,
 140.054414,   35.417568,       47.57,
 140.058919,   35.417568,       47.50,
 140.063423,   35.417568,       47.43,
 140.067928,   35.417568,       47.36,
 140.072432,   35.417568,       47.29,
 140.076937,   35.417568,       47.23,
 140.081441,   35.417568,       47.16,
 140.085946,   35.417568,       47.10,
 140.090450,   35.417568,       47.04,
 140.094955,   35.417568,       46.98,
 140.099459,   35.417568,       46.92,
 140.103964,   35.417568,       46.87,
 140.108468,   35.417568,       46.81,
 140.112973,   35.417568,       46.76,
 140.117477,   35.417568,       46.69,
 140.121982,   35.417568,       46.63,
 140.126486,   35.417568,       46.57,
 140.130991,   35.417568,       46.50,
 140.135495,   35.417568,       46.43,
 140.140000,   35.417568,       46.36,
 140.144505,   35.417568,       46.29,
 140.149009,   35.417568,       46.22,
 140.153514,   35.417568,       46.15,
 140.158018,   35.417568,       46.08,
 140.162523,   35.417568,       46.01,
 140.167027,   35.417568,       45.94,
 140.171532,   35.417568,       45.87,
 140.176036,   35.417568,       45.80,
 140.180541,   35.417568,       45.72,
 140.185045,   35.417568,       45.64,
 140.189550,   35.417568,       45.56,
 140.194054,   35.417568,       45.48,
 140.198559,   35.417568,       45.40,
 140.203063,   35.417568,       45.31,
 140.207568,   35.417568,       45.23,
 140.212072,   35.417568,       45.14,
 140.216577,   35.417568,       45.01,
 140.221081,   35.417568,       44.85,
 140.225586,   35.417568,       44.68,
 140.230090,   35.417568,       44.49,
 140.234595,   35.417568,       44.30,
 140.239099,   35.417568,       44.20,
 140.243604,   35.417568,       44.17,
 140.248108,   35.417568,       44.14,
 140.252613,   35.417568,       44.11,
 140.257117,   35.417568,       44.08,
 140.261622,   35.417568,       44.05,
 140.266126,   35.417568,       44.02,
 140.270631,   35.417568,       43.99,
 140.275135,   35.417568,       43.96,
 140.279640,   35.417568,       43.92,
 140.284144,   35.417568,       43.89,
 140.288649,   35.417568,       43.85,
 140.293153,   35.417568,       43.82,
 140.297658,   35.417568,       43.78,
 140.302162,   35.417568,       43.75,
 140.306667,   35.417568,       43.71,
 140.311171,   35.417568,       43.67,
 140.315676,   35.417568,       43.63,
 140.320180,   35.417568,       43.59,
 140.324685,   35.417568,       43.55,
 140.329189,   35.417568,       43.51,
 140.333694,   35.417568,       43.47,
 140.338198,   35.417568,       43.43,
 140.342703,   35.417568,       43.39,
 140.347207,   35.417568,       43.34,
 140.351712,   35.417568,       43.30,
 140.356216,   35.417568,       43.25,
 140.360721,   35.417568,       43.21,
 140.365225,   35.417568,       43.16,
 140.369730,   35.417568,       43.12,
 140.374234,   35.417568,       43.07,
 140.378739,   35.417568,       43.02,
 140.383243,   35.417568,       42.97,
 140.387748,   35.417568,       42.92,
 139.140000,   35.422072,       55.20,
 139.144505,   35.422072,       53.92,
 139.149009,   35.422072,       52.67,
 139.153514,   35.422072,       51.45,
 139.158018,   35.422072,       50.28,
 139.162523,   35.422072,       49.14,
 139.167027,   35.422072,       48.04,
 139.171532,   35.422072,       46.98,
 139.176036,   35.422072,       45.95,
 139.180541,   35.422072,       44.96,
 139.185045,   35.422072,       44.01,
 139.189550,   35.422072,       43.09,
 139.194054,   35.422072,       42.21,
 139.198559,   35.422072,       41.37,
 139.203063,   35.422072,       40.57,
 139.207568,   35.422072,       39.80,
 139.212072,   35.422072,       39.07,
 139.216577,   35.422072,       38.38,
 139.221081,   35.422072,       37.72,
 139.225586,   35.422072,       37.10,
 139.230090,   35.422072,       36.52,
 139.234595,   35.422072,       35.98,
 139.239099,   35.422072,       35.47,
 139.243604,   35.422072,       35.00,
 139.248108,   35.422072,       34.56,
 139.252613,   35.422072,       34.17,
 139.257117,   35.422072,       33.81,
 139.261622,   35.422072,       33.49,
 139.266126,   35.422072,       33.20,
 139.270631,   35.422072,       32.95,
 139.275135,   35.422072,       32.74,
 139.279640,   35.422072,       32.57,
 139.284144,   35.422072,       32.43,
 139.288649,   35.422072,       32.33,
 139.293153,   35.422072,       32.27,
 139.297658,   35.422072,       32.24,
 139.302162,   35.422072,       32.26,
 139.306667,   35.422072,       32.31,
 139.311171,   35.422072,       32.39,
 139.315676,   35.422072,       32.51,
 139.320180,   35.422072,       32.67,
 139.324685,   35.422072,       32.87,
 139.329189,   35.422072,       33.11,
 139.333694,   35.422072,       33.38,
 139.338198,   35.422072,       33.69,
 139.342703,   35.422072,       34.03,
 139.347207,   35.422072,       34.41,
 139.351712,   35.422072,       34.83,
 139.356216,   35.422072,       35.29,
 139.360721,   35.422072,       35.79,
 139.365225,   35.422072,       36.32,
 139.369730,   35.422072,       36.88,
 139.374234,   35.422072,       37.49,
 139.378739,   35.422072,       38.13,
 139.383243,   35.422072,       38.81,
 139.387748,   35.422072,       39.53,
 139.392252,   35.422072,       40.28,
 139.396757,   35.422072,       41.07,
 139.401261,   35.422072,       41.90,
 139.405766,   35.422072,       42.77,
 139.410270,   35.422072,       43.70,
 139.414775,   35.422072,       44.74,
 139.419279,   35.422072,       45.53,
 139.423784,   35.422072,       45.86,
 139.428288,   35.422072,       45.24,
 139.432793,   35.422072,       43.91,
 139.437297,   35.422072,       42.60,
 139.441802,   35.422072,       41.33,
 139.446306,   35.422072,       40.09,
 139.450811,   35.422072,       38.89,
 139.455315,   35.422072,       37.73,
 139.459820,   35.422072,       36.62,
 139.464324,   35.422072,       35.55,
 139.468829,   35.422072,       34.54,
 139.473333,   35.422072,       33.60,
 139.477838,   35.422072,       32.73,
 139.482342,   35.422072,       31.95,
 139.486847,   35.422072,       31.28,
 139.491351,   35.422072,       30.77,
 139.495856,   35.422072,       30.33,
 139.500360,   35.422072,       29.98,
 139.504865,   35.422072,       29.72,
 139.509369,   35.422072,       29.57,
 139.513874,   35.422072,       29.54,
 139.518378,   35.422072,       29.52,
 139.522883,   35.422072,       29.48,
 139.527387,   35.422072,       29.42,
 139.531892,   35.422072,       29.33,
 139.536396,   35.422072,       29.21,
 139.540901,   35.422072,       29.06,
 139.545405,   35.422072,       28.87,
 139.549910,   35.422072,       28.66,
 139.554414,   35.422072,       28.47,
 139.558919,   35.422072,       28.30,
 139.563423,   35.422072,       28.16,
 139.567928,   35.422072,       28.07,
 139.572432,   35.422072,       28.05,
 139.576937,   35.422072,       28.07,
 139.581441,   35.422072,       28.13,
 139.585946,   35.422072,       28.23,
 139.590450,   35.422072,       28.39,
 139.594955,   35.422072,       28.61,
 139.599459,   35.422072,       28.93,
 139.603964,   35.422072,       29.36,
 139.608468,   35.422072,       29.86,
 139.612973,   35.422072,       30.44,
 139.617477,   35.422072,       31.29,
 139.621982,   35.422072,       31.91,
 139.626486,   35.422072,       31.93,
 139.630991,   35.422072,       31.74,
 139.635495,   35.422072,       31.53,
 139.640000,   35.422072,       31.51,
 139.644505,   35.422072,       31.52,
 139.649009,   35.422072,       31.57,
 139.653514,   35.422072,       32.11,
 139.658018,   35.422072,       32.98,
 139.662523,   35.422072,       33.69,
 139.667027,   35.422072,       33.85,
 139.671532,   35.422072,       33.30,
 139.676036,   35.422072,       32.43,
 139.680541,   35.422072,       31.34,
 139.685045,   35.422072,       30.50,
 139.689550,   35.422072,       30.49,
 139.694054,   35.422072,       30.85,
 139.698559,   35.422072,       31.41,
 139.703063,   35.422072,       31.99,
 139.707568,   35.422072,       32.55,
 139.712072,   35.422072,       33.11,
 139.716577,   35.422072,       33.65,
 139.721081,   35.422072,       34.11,
 139.725586,   35.422072,       34.54,
 139.730090,   35.422072,       34.95,
 139.734595,   35.422072,       35.37,
 139.739099,   35.422072,       35.66,
 139.743604,   35.422072,       35.90,
 139.748108,   35.422072,       36.15,
 139.752613,   35.422072,       36.43,
 139.757117,   35.422072,       36.74,
 139.761622,   35.422072,       37.04,
 139.766126,   35.422072,       37.30,
 139.770631,   35.422072,       37.59,
 139.775135,   35.422072,       37.92,
 139.779640,   35.422072,       38.22,
 139.784144,   35.422072,       38.46,
 139.788649,   35.422072,       38.68,
 139.793153,   35.422072,       38.89,
 139.797658,   35.422072,       39.07,
 139.802162,   35.422072,       39.22,
 139.806667,   35.422072,       39.33,
 139.811171,   35.422072,       39.41,
 139.815676,   35.422072,       39.48,
 139.820180,   35.422072,       39.53,
 139.824685,   35.422072,       39.56,
 139.829189,   35.422072,       39.59,
 139.833694,   35.422072,       39.65,
 139.838198,   35.422072,       39.72,
 139.842703,   35.422072,       39.81,
 139.847207,   35.422072,       39.91,
 139.851712,   35.422072,       40.07,
 139.856216,   35.422072,       40.24,
 139.860721,   35.422072,       40.55,
 139.865225,   35.422072,       40.89,
 139.869730,   35.422072,       41.42,
 139.874234,   35.422072,       42.04,
 139.878739,   35.422072,       42.77,
 139.883243,   35.422072,       43.62,
 139.887748,   35.422072,       44.61,
 139.892252,   35.422072,       45.66,
 139.896757,   35.422072,       46.76,
 139.901261,   35.422072,       47.88,
 139.905766,   35.422072,       48.56,
 139.910270,   35.422072,       48.83,
 139.914775,   35.422072,       49.06,
 139.919279,   35.422072,       49.25,
 139.923784,   35.422072,       49.42,
 139.928288,   35.422072,       49.57,
 139.932793,   35.422072,       49.68,
 139.937297,   35.422072,       49.74,
 139.941802,   35.422072,       49.76,
 139.946306,   35.422072,       49.75,
 139.950811,   35.422072,       49.73,
 139.955315,   35.422072,       49.75,
 139.959820,   35.422072,       49.70,
 139.964324,   35.422072,       49.63,
 139.968829,   35.422072,       49.53,
 139.973333,   35.422072,       49.43,
 139.977838,   35.422072,       49.31,
 139.982342,   35.422072,       49.20,
 139.986847,   35.422072,       49.09,
 139.991351,   35.422072,       48.98,
 139.995856,   35.422072,       48.87,
 140.000360,   35.422072,       48.75,
 140.004865,   35.422072,       48.64,
 140.009369,   35.422072,       48.55,
 140.013874,   35.422072,       48.45,
 140.018378,   35.422072,       48.36,
 140.022883,   35.422072,       48.28,
 140.027387,   35.422072,       48.20,
 140.031892,   35.422072,       48.12,
 140.036396,   35.422072,       48.04,
 140.040901,   35.422072,       47.96,
 140.045405,   35.422072,       47.89,
 140.049910,   35.422072,       47.82,
 140.054414,   35.422072,       47.75,
 140.058919,   35.422072,       47.68,
 140.063423,   35.422072,       47.61,
 140.067928,   35.422072,       47.55,
 140.072432,   35.422072,       47.49,
 140.076937,   35.422072,       47.42,
 140.081441,   35.422072,       47.36,
 140.085946,   35.422072,       47.30,
 140.090450,   35.422072,       47.25,
 140.094955,   35.422072,       47.19,
 140.099459,   35.422072,       47.13,
 140.103964,   35.422072,       47.08,
 140.108468,   35.422072,       47.03,
 140.112973,   35.422072,       46.97,
 140.117477,   35.422072,       46.91,
 140.121982,   35.422072,       46.85,
 140.126486,   35.422072,       46.79,
 140.130991,   35.422072,       46.72,
 140.135495,   35.422072,       46.65,
 140.140000,   35.422072,       46.58,
 140.144505,   35.422072,       46.51,
 140.149009,   35.422072,       46.44,
 140.153514,   35.422072,       46.37,
 140.158018,   35.422072,       46.30,
 140.162523,   35.422072,       46.23,
 140.167027,   35.422072,       46.16,
 140.171532,   35.422072,       46.08,
 140.176036,   35.422072,       46.01,
 140.180541,   35.422072,       45.93,
 140.185045,   35.422072,       45.85,
 140.189550,   35.422072,       45.77,
 140.194054,   35.422072,       45.68,
 140.198559,   35.422072,       45.60,
 140.203063,   35.422072,       45.51,
 140.207568,   35.422072,       45.43,
 140.212072,   35.422072,       45.31,
 140.216577,   35.422072,       45.16,
 140.221081,   35.422072,       44.99,
 140.225586,   35.422072,       44.80,
 140.230090,   35.422072,       44.60,
 140.234595,   35.422072,       44.44,
 140.239099,   35.422072,       44.41,
 140.243604,   35.422072,       44.38,
 140.248108,   35.422072,       44.36,
 140.252613,   35.422072,       44.33,
 140.257117,   35.422072,       44.30,
 140.261622,   35.422072,       44.27,
 140.266126,   35.422072,       44.24,
 140.270631,   35.422072,       44.20,
 140.275135,   35.422072,       44.17,
 140.279640,   35.422072,       44.14,
 140.284144,   35.422072,       44.11,
 140.288649,   35.422072,       44.07,
 140.293153,   35.422072,       44.04,
 140.297658,   35.422072,       44.00,
 140.302162,   35.422072,       43.96,
 140.306667,   35.422072,       43.93,
 140.311171,   35.422072,       43.89,
 140.315676,   35.422072,       43.85,
 140.320180,   35.422072,       43.81,
 140.324685,   35.422072,       43.77,
 140.329189,   35.422072,       43.73,
 140.333694,   35.422072,       43.69,
 140.338198,   35.422072,       43.65,
 140.342703,   35.422072,       43.61,
 140.347207,   35.422072,       43.56,
 140.351712,   35.422072,       43.52,
 140.356216,   35.422072,       43.48,
 140.360721,   35.422072,       43.43,
 140.365225,   35.422072,       43.39,
 140.369730,   35.422072,       43.34,
 140.374234,   35.422072,       43.29,
 140.378739,   35.422072,       43.24,
 140.383243,   35.422072,       43.20,
 140.387748,   35.422072,       43.15,
 139.140000,   35.426577,       53.94,
 139.144505,   35.426577,       52.64,
 139.149009,   35.426577,       51.38,
 139.153514,   35.426577,       50.15,
 139.158018,   35.426577,       48.96,
 139.162523,   35.426577,       47.81,
 139.167027,   35.426577,       46.69,
 139.171532,   35.426577,       45.61,
 139.176036,   35.426577,       44.57,
 139.180541,   35.426577,       43.57,
 139.185045,   35.426577,       42.60,
 139.189550,   35.426577,       41.67,
 139.194054,   35.426577,       40.78,
 139.198559,   35.426577,       39.92,
 139.203063,   35.426577,       39.10,
 139.207568,   35.426577,       38.32,
 139.212072,   35.426577,       37.57,
 139.216577,   35.426577,       36.87,
 139.221081,   35.426577,       36.20,
 139.225586,   35.426577,       35.56,
 139.230090,   35.426577,       34.97,
 139.234595,   35.426577,       34.41,
 139.239099,   35.426577,       33.88,
 139.243604,   35.426577,       33.40,
 139.248108,   35.426577,       32.95,
 139.252613,   35.426577,       32.54,
 139.257117,   35.426577,       32.17,
 139.261622,   35.426577,       31.83,
 139.266126,   35.426577,       31.53,
 139.270631,   35.426577,       31.27,
 139.275135,   35.426577,       31.04,
 139.279640,   35.426577,       30.85,
 139.284144,   35.426577,       30.70,
 139.288649,   35.426577,       30.59,
 139.293153,   35.426577,       30.51,
 139.297658,   35.426577,       30.47,
 139.302162,   35.426577,       30.47,
 139.306667,   35.426577,       30.50,
 139.311171,   35.426577,       30.57,
 139.315676,   35.426577,       30.68,
 139.320180,   35.426577,       30.83,
 139.324685,   35.426577,       31.01,
 139.329189,   35.426577,       31.23,
 139.333694,   35.426577,       31.49,
 139.338198,   35.426577,       31.78,
 139.342703,   35.426577,       32.11,
 139.347207,   35.426577,       32.48,
 139.351712,   35.426577,       32.88,
 139.356216,   35.426577,       33.33,
 139.360721,   35.426577,       33.81,
 139.365225,   35.426577,       34.32,
 139.369730,   35.426577,       34.87,
 139.374234,   35.426577,       35.47,
 139.378739,   35.426577,       36.09,
 139.383243,   35.426577,       36.76,
 139.387748,   35.426577,       37.46,
 139.392252,   35.426577,       38.20,
 139.396757,   35.426577,       38.97,
 139.401261,   35.426577,       39.79,
 139.405766,   35.426577,       40.64,
 139.410270,   35.426577,       41.53,
 139.414775,   35.426577,       42.45,
 139.419279,   35.426577,       43.50,
 139.423784,   35.426577,       44.45,
 139.428288,   35.426577,       45.05,
 139.432793,   35.426577,       44.99,
 139.437297,   35.426577,       43.86,
 139.441802,   35.426577,       42.56,
 139.446306,   35.426577,       41.29,
 139.450811,   35.426577,       40.06,
 139.455315,   35.426577,       38.86,
 139.459820,   35.426577,       37.70,
 139.464324,   35.426577,       36.58,
 139.468829,   35.426577,       35.51,
 139.473333,   35.426577,       34.50,
 139.477838,   35.426577,       33.54,
 139.482342,   35.426577,       32.66,
 139.486847,   35.426577,       31.85,
 139.491351,   35.426577,       31.14,
 139.495856,   35.426577,       30.57,
 139.500360,   35.426577,       30.11,
 139.504865,   35.426577,       29.72,
 139.509369,   35.426577,       29.42,
 139.513874,   35.426577,       29.22,
 139.518378,   35.426577,       29.14,
 139.522883,   35.426577,       29.11,
 139.527387,   35.426577,       29.07,
 139.531892,   35.426577,       29.01,
 139.536396,   35.426577,       28.93,
 139.540901,   35.426577,       28.82,
 139.545405,   35.426577,       28.67,
 139.549910,   35.426577,       28.48,
 139.554414,   35.426577,       28.27,
 139.558919,   35.426577,       28.06,
 139.563423,   35.426577,       27.87,
 139.567928,   35.426577,       27.71,
 139.572432,   35.426577,       27.58,
 139.576937,   35.426577,       27.55,
 139.581441,   35.426577,       27.56,
 139.585946,   35.426577,       27.61,
 139.590450,   35.426577,       27.71,
 139.594955,   35.426577,       27.87,
 139.599459,   35.426577,       28.10,
 139.603964,   35.426577,       28.45,
 139.608468,   35.426577,       28.89,
 139.612973,   35.426577,       29.42,
 139.617477,   35.426577,       30.21,
 139.621982,   35.426577,       30.88,
 139.626486,   35.426577,       30.99,
 139.630991,   35.426577,       30.93,
 139.635495,   35.426577,       30.97,
 139.640000,   35.426577,       31.13,
 139.644505,   35.426577,       31.55,
 139.649009,   35.426577,       32.01,
 139.653514,   35.426577,       32.68,
 139.658018,   35.426577,       33.67,
 139.662523,   35.426577,       34.50,
 139.667027,   35.426577,       35.05,
 139.671532,   35.426577,       34.48,
 139.676036,   35.426577,       32.64,
 139.680541,   35.426577,       31.24,
 139.685045,   35.426577,       30.41,
 139.689550,   35.426577,       30.45,
 139.694054,   35.426577,       30.80,
 139.698559,   35.426577,       31.39,
 139.703063,   35.426577,       31.99,
 139.707568,   35.426577,       32.60,
 139.712072,   35.426577,       33.17,
 139.716577,   35.426577,       33.73,
 139.721081,   35.426577,       34.24,
 139.725586,   35.426577,       34.67,
 139.730090,   35.426577,       35.09,
 139.734595,   35.426577,       35.50,
 139.739099,   35.426577,       35.83,
 139.743604,   35.426577,       36.08,
 139.748108,   35.426577,       36.34,
 139.752613,   35.426577,       36.62,
 139.757117,   35.426577,       36.90,
 139.761622,   35.426577,       37.15,
 139.766126,   35.426577,       37.40,
 139.770631,   35.426577,       37.67,
 139.775135,   35.426577,       37.96,
 139.779640,   35.426577,       38.21,
 139.784144,   35.426577,       38.43,
 139.788649,   35.426577,       38.65,
 139.793153,   35.426577,       38.86,
 139.797658,   35.426577,       39.02,
 139.802162,   35.426577,       39.15,
 139.806667,   35.426577,       39.29,
 139.811171,   35.426577,       39.38,
 139.815676,   35.426577,       39.45,
 139.820180,   35.426577,       39.51,
 139.824685,   35.426577,       39.55,
 139.829189,   35.426577,       39.60,
 139.833694,   35.426577,       39.66,
 139.838198,   35.426577,       39.73,
 139.842703,   35.426577,       39.82,
 139.847207,   35.426577,       39.93,
 139.851712,   35.426577,       40.06,
 139.856216,   35.426577,       40.25,
 139.860721,   35.426577,       40.50,
 139.865225,   35.426577,       40.85,
 139.869730,   35.426577,       41.28,
 139.874234,   35.426577,       41.95,
 139.878739,   35.426577,       42.65,
 139.883243,   35.426577,       43.53,
 139.887748,   35.426577,       44.45,
 139.892252,   35.426577,       45.49,
 139.896757,   35.426577,       46.55,
 139.901261,   35.426577,       47.62,
 139.905766,   35.426577,       48.17,
 139.910270,   35.426577,       48.46,
 139.914775,   35.426577,       48.69,
 139.919279,   35.426577,       48.89,
 139.923784,   35.426577,       49.06,
 139.928288,   35.426577,       49.21,
 139.932793,   35.426577,       49.35,
 139.937297,   35.426577,       49.45,
 139.941802,   35.426577,       49.51,
 139.946306,   35.426577,       49.55,
 139.950811,   35.426577,       49.56,
 139.955315,   35.426577,       49.56,
 139.959820,   35.426577,       49.60,
 139.964324,   35.426577,       49.58,
 139.968829,   35.426577,       49.53,
 139.973333,   35.426577,       49.45,
 139.977838,   35.426577,       49.36,
 139.982342,   35.426577,       49.26,
 139.986847,   35.426577,       49.16,
 139.991351,   35.426577,       49.07,
 139.995856,   35.426577,       48.97,
 140.000360,   35.426577,       48.87,
 140.004865,   35.426577,       48.76,
 140.009369,   35.426577,       48.67,
 140.013874,   35.426577,       48.58,
 140.018378,   35.426577,       48.50,
 140.022883,   35.426577,       48.42,
 140.027387,   35.426577,       48.34,
 140.031892,   35.426577,       48.27,
 140.036396,   35.426577,       48.20,
 140.040901,   35.426577,       48.13,
 140.045405,   35.426577,       48.06,
 140.049910,   35.426577,       47.99,
 140.054414,   35.426577,       47.93,
 140.058919,   35.426577,       47.86,
 140.063423,   35.426577,       47.80,
 140.067928,   35.426577,       47.74,
 140.072432,   35.426577,       47.68,
 140.076937,   35.426577,       47.62,
 140.081441,   35.426577,       47.56,
 140.085946,   35.426577,       47.51,
 140.090450,   35.426577,       47.45,
 140.094955,   35.426577,       47.40,
 140.099459,   35.426577,       47.35,
 140.103964,   35.426577,       47.30,
 140.108468,   35.426577,       47.24,
 140.112973,   35.426577,       47.19,
 140.117477,   35.426577,       47.13,
 140.121982,   35.426577,       47.07,
 140.126486,   35.426577,       47.01,
 140.130991,   35.426577,       46.94,
 140.135495,   35.426577,       46.87,
 140.140000,   35.426577,       46.80,
 140.144505,   35.426577,       46.73,
 140.149009,   35.426577,       46.66,
 140.153514,   35.426577,       46.59,
 140.158018,   35.426577,       46.52,
 140.162523,   35.426577,       46.45,
 140.167027,   35.426577,       46.37,
 140.171532,   35.426577,       46.30,
 140.176036,   35.426577,       46.23,
 140.180541,   35.426577,       46.15,
 140.185045,   35.426577,       46.06,
 140.189550,   35.426577,       45.97,
 140.194054,   35.426577,       45.89,
 140.198559,   35.426577,       45.80,
 140.203063,   35.426577,       45.71,
 140.207568,   35.426577,       45.61,
 140.212072,   35.426577,       45.46,
 140.216577,   35.426577,       45.29,
 140.221081,   35.426577,       45.11,
 140.225586,   35.426577,       44.91,
 140.230090,   35.426577,       44.70,
 140.234595,   35.426577,       44.65,
 140.239099,   35.426577,       44.63,
 140.243604,   35.426577,       44.60,
 140.248108,   35.426577,       44.57,
 140.252613,   35.426577,       44.54,
 140.257117,   35.426577,       44.51,
 140.261622,   35.426577,       44.48,
 140.266126,   35.426577,       44.45,
 140.270631,   35.426577,       44.42,
 140.275135,   35.426577,       44.39,
 140.279640,   35.426577,       44.36,
 140.284144,   35.426577,       44.32,
 140.288649,   35.426577,       44.29,
 140.293153,   35.426577,       44.25,
 140.297658,   35.426577,       44.22,
 140.302162,   35.426577,       44.18,
 140.306667,   35.426577,       44.15,
 140.311171,   35.426577,       44.11,
 140.315676,   35.426577,       44.07,
 140.320180,   35.426577,       44.03,
 140.324685,   35.426577,       43.99,
 140.329189,   35.426577,       43.95,
 140.333694,   35.426577,       43.91,
 140.338198,   35.426577,       43.87,
 140.342703,   35.426577,       43.83,
 140.347207,   35.426577,       43.79,
 140.351712,   35.426577,       43.74,
 140.356216,   35.426577,       43.70,
 140.360721,   35.426577,       43.65,
 140.365225,   35.426577,       43.61,
 140.369730,   35.426577,       43.56,
 140.374234,   35.426577,       43.52,
 140.378739,   35.426577,       43.47,
 140.383243,   35.426577,       43.42,
 140.387748,   35.426577,       43.37,
 139.140000,   35.431081,       52.65,
 139.144505,   35.431081,       51.33,
 139.149009,   35.431081,       50.05,
 139.153514,   35.431081,       48.81,
 139.158018,   35.431081,       47.61,
 139.162523,   35.431081,       46.44,
 139.167027,   35.431081,       45.31,
 139.171532,   35.431081,       44.21,
 139.176036,   35.431081,       43.16,
 139.180541,   35.431081,       42.14,
 139.185045,   35.431081,       41.16,
 139.189550,   35.431081,       40.21,
 139.194054,   35.431081,       39.30,
 139.198559,   35.431081,       38.43,
 139.203063,   35.431081,       37.60,
 139.207568,   35.431081,       36.80,
 139.212072,   35.431081,       36.04,
 139.216577,   35.431081,       35.32,
 139.221081,   35.431081,       34.63,
 139.225586,   35.431081,       33.99,
 139.230090,   35.431081,       33.38,
 139.234595,   35.431081,       32.80,
 139.239099,   35.431081,       32.26,
 139.243604,   35.431081,       31.76,
 139.248108,   35.431081,       31.30,
 139.252613,   35.431081,       30.88,
 139.257117,   35.431081,       30.49,
 139.261622,   35.431081,       30.14,
 139.266126,   35.431081,       29.82,
 139.270631,   35.431081,       29.54,
 139.275135,   35.431081,       29.30,
 139.279640,   35.431081,       29.10,
 139.284144,   35.431081,       28.93,
 139.288649,   35.431081,       28.81,
 139.293153,   35.431081,       28.71,
 139.297658,   35.431081,       28.66,
 139.302162,   35.431081,       28.64,
 139.306667,   35.431081,       28.66,
 139.311171,   35.431081,       28.72,
 139.315676,   35.431081,       28.81,
 139.320180,   35.431081,       28.94,
 139.324685,   35.431081,       29.11,
 139.329189,   35.431081,       29.31,
 139.333694,   35.431081,       29.56,
 139.338198,   35.431081,       29.84,
 139.342703,   35.431081,       30.15,
 139.347207,   35.431081,       30.51,
 139.351712,   35.431081,       30.90,
 139.356216,   35.431081,       31.32,
 139.360721,   35.431081,       31.79,
 139.365225,   35.431081,       32.29,
 139.369730,   35.431081,       32.83,
 139.374234,   35.431081,       33.40,
 139.378739,   35.431081,       34.02,
 139.383243,   35.431081,       34.67,
 139.387748,   35.431081,       35.35,
 139.392252,   35.431081,       36.08,
 139.396757,   35.431081,       36.84,
 139.401261,   35.431081,       37.64,
 139.405766,   35.431081,       38.47,
 139.410270,   35.431081,       39.35,
 139.414775,   35.431081,       40.26,
 139.419279,   35.431081,       41.20,
 139.423784,   35.431081,       42.22,
 139.428288,   35.431081,       43.27,
 139.432793,   35.431081,       44.08,
 139.437297,   35.431081,       44.42,
 139.441802,   35.431081,       43.79,
 139.446306,   35.431081,       42.50,
 139.450811,   35.431081,       41.23,
 139.455315,   35.431081,       40.00,
 139.459820,   35.431081,       38.81,
 139.464324,   35.431081,       37.65,
 139.468829,   35.431081,       36.53,
 139.473333,   35.431081,       35.46,
 139.477838,   35.431081,       34.44,
 139.482342,   35.431081,       33.47,
 139.486847,   35.431081,       32.57,
 139.491351,   35.431081,       31.74,
 139.495856,   35.431081,       31.00,
 139.500360,   35.431081,       30.37,
 139.504865,   35.431081,       29.89,
 139.509369,   35.431081,       29.47,
 139.513874,   35.431081,       29.14,
 139.518378,   35.431081,       28.89,
 139.522883,   35.431081,       28.75,
 139.527387,   35.431081,       28.71,
 139.531892,   35.431081,       28.67,
 139.536396,   35.431081,       28.61,
 139.540901,   35.431081,       28.52,
 139.545405,   35.431081,       28.41,
 139.549910,   35.431081,       28.27,
 139.554414,   35.431081,       28.09,
 139.558919,   35.431081,       27.87,
 139.563423,   35.431081,       27.65,
 139.567928,   35.431081,       27.44,
 139.572432,   35.431081,       27.26,
 139.576937,   35.431081,       27.10,
 139.581441,   35.431081,       27.04,
 139.585946,   35.431081,       27.04,
 139.590450,   35.431081,       27.09,
 139.594955,   35.431081,       27.19,
 139.599459,   35.431081,       27.35,
 139.603964,   35.431081,       27.60,
 139.608468,   35.431081,       27.97,
 139.612973,   35.431081,       28.47,
 139.617477,   35.431081,       29.16,
 139.621982,   35.431081,       29.86,
 139.626486,   35.431081,       30.07,
 139.630991,   35.431081,       30.11,
 139.635495,   35.431081,       30.29,
 139.640000,   35.431081,       30.67,
 139.644505,   35.431081,       31.29,
 139.649009,   35.431081,       32.17,
 139.653514,   35.431081,       33.10,
 139.658018,   35.431081,       34.26,
 139.662523,   35.431081,       35.31,
 139.667027,   35.431081,       36.28,
 139.671532,   35.431081,       34.98,
 139.676036,   35.431081,       32.76,
 139.680541,   35.431081,       30.86,
 139.685045,   35.431081,       30.42,
 139.689550,   35.431081,       30.23,
 139.694054,   35.431081,       30.77,
 139.698559,   35.431081,       31.36,
 139.703063,   35.431081,       31.99,
 139.707568,   35.431081,       32.63,
 139.712072,   35.431081,       33.23,
 139.716577,   35.431081,       33.78,
 139.721081,   35.431081,       34.33,
 139.725586,   35.431081,       34.80,
 139.730090,   35.431081,       35.20,
 139.734595,   35.431081,       35.59,
 139.739099,   35.431081,       35.95,
 139.743604,   35.431081,       36.24,
 139.748108,   35.431081,       36.50,
 139.752613,   35.431081,       36.75,
 139.757117,   35.431081,       36.98,
 139.761622,   35.431081,       37.22,
 139.766126,   35.431081,       37.48,
 139.770631,   35.431081,       37.74,
 139.775135,   35.431081,       37.97,
 139.779640,   35.431081,       38.19,
 139.784144,   35.431081,       38.41,
 139.788649,   35.431081,       38.63,
 139.793153,   35.431081,       38.82,
 139.797658,   35.431081,       38.97,
 139.802162,   35.431081,       39.11,
 139.806667,   35.431081,       39.24,
 139.811171,   35.431081,       39.34,
 139.815676,   35.431081,       39.41,
 139.820180,   35.431081,       39.48,
 139.824685,   35.431081,       39.56,
 139.829189,   35.431081,       39.62,
 139.833694,   35.431081,       39.68,
 139.838198,   35.431081,       39.74,
 139.842703,   35.431081,       39.85,
 139.847207,   35.431081,       39.96,
 139.851712,   35.431081,       40.08,
 139.856216,   35.431081,       40.26,
 139.860721,   35.431081,       40.51,
 139.865225,   35.431081,       40.82,
 139.869730,   35.431081,       41.29,
 139.874234,   35.431081,       41.88,
 139.878739,   35.431081,       42.59,
 139.883243,   35.431081,       43.42,
 139.887748,   35.431081,       44.32,
 139.892252,   35.431081,       45.31,
 139.896757,   35.431081,       46.31,
 139.901261,   35.431081,       47.15,
 139.905766,   35.431081,       47.78,
 139.910270,   35.431081,       48.10,
 139.914775,   35.431081,       48.33,
 139.919279,   35.431081,       48.53,
 139.923784,   35.431081,       48.71,
 139.928288,   35.431081,       48.86,
 139.932793,   35.431081,       49.00,
 139.937297,   35.431081,       49.12,
 139.941802,   35.431081,       49.23,
 139.946306,   35.431081,       49.29,
 139.950811,   35.431081,       49.34,
 139.955315,   35.431081,       49.37,
 139.959820,   35.431081,       49.38,
 139.964324,   35.431081,       49.46,
 139.968829,   35.431081,       49.46,
 139.973333,   35.431081,       49.44,
 139.977838,   35.431081,       49.38,
 139.982342,   35.431081,       49.31,
 139.986847,   35.431081,       49.22,
 139.991351,   35.431081,       49.14,
 139.995856,   35.431081,       49.06,
 140.000360,   35.431081,       48.97,
 140.004865,   35.431081,       48.88,
 140.009369,   35.431081,       48.79,
 140.013874,   35.431081,       48.71,
 140.018378,   35.431081,       48.63,
 140.022883,   35.431081,       48.56,
 140.027387,   35.431081,       48.49,
 140.031892,   35.431081,       48.42,
 140.036396,   35.431081,       48.35,
 140.040901,   35.431081,       48.29,
 140.045405,   35.431081,       48.23,
 140.049910,   35.431081,       48.16,
 140.054414,   35.431081,       48.10,
 140.058919,   35.431081,       48.04,
 140.063423,   35.431081,       47.98,
 140.067928,   35.431081,       47.93,
 140.072432,   35.431081,       47.87,
 140.076937,   35.431081,       47.81,
 140.081441,   35.431081,       47.76,
 140.085946,   35.431081,       47.71,
 140.090450,   35.431081,       47.66,
 140.094955,   35.431081,       47.61,
 140.099459,   35.431081,       47.56,
 140.103964,   35.431081,       47.51,
 140.108468,   35.431081,       47.46,
 140.112973,   35.431081,       47.41,
 140.117477,   35.431081,       47.35,
 140.121982,   35.431081,       47.29,
 140.126486,   35.431081,       47.23,
 140.130991,   35.431081,       47.16,
 140.135495,   35.431081,       47.09,
 140.140000,   35.431081,       47.02,
 140.144505,   35.431081,       46.95,
 140.149009,   35.431081,       46.88,
 140.153514,   35.431081,       46.81,
 140.158018,   35.431081,       46.74,
 140.162523,   35.431081,       46.66,
 140.167027,   35.431081,       46.59,
 140.171532,   35.431081,       46.52,
 140.176036,   35.431081,       46.44,
 140.180541,   35.431081,       46.35,
 140.185045,   35.431081,       46.27,
 140.189550,   35.431081,       46.18,
 140.194054,   35.431081,       46.09,
 140.198559,   35.431081,       46.00,
 140.203063,   35.431081,       45.90,
 140.207568,   35.431081,       45.77,
 140.212072,   35.431081,       45.60,
 140.216577,   35.431081,       45.42,
 140.221081,   35.431081,       45.22,
 140.225586,   35.431081,       45.01,
 140.230090,   35.431081,       44.89,
 140.234595,   35.431081,       44.87,
 140.239099,   35.431081,       44.84,
 140.243604,   35.431081,       44.81,
 140.248108,   35.431081,       44.79,
 140.252613,   35.431081,       44.76,
 140.257117,   35.431081,       44.73,
 140.261622,   35.431081,       44.70,
 140.266126,   35.431081,       44.67,
 140.270631,   35.431081,       44.64,
 140.275135,   35.431081,       44.61,
 140.279640,   35.431081,       44.57,
 140.284144,   35.431081,       44.54,
 140.288649,   35.431081,       44.51,
 140.293153,   35.431081,       44.47,
 140.297658,   35.431081,       44.44,
 140.302162,   35.431081,       44.40,
 140.306667,   35.431081,       44.37,
 140.311171,   35.431081,       44.33,
 140.315676,   35.431081,       44.29,
 140.320180,   35.431081,       44.25,
 140.324685,   35.431081,       44.21,
 140.329189,   35.431081,       44.17,
 140.333694,   35.431081,       44.13,
 140.338198,   35.431081,       44.09,
 140.342703,   35.431081,       44.05,
 140.347207,   35.431081,       44.01,
 140.351712,   35.431081,       43.97,
 140.356216,   35.431081,       43.92,
 140.360721,   35.431081,       43.88,
 140.365225,   35.431081,       43.83,
 140.369730,   35.431081,       43.79,
 140.374234,   35.431081,       43.74,
 140.378739,   35.431081,       43.69,
 140.383243,   35.431081,       43.65,
 140.387748,   35.431081,       43.60,
 139.140000,   35.435586,       51.31,
 139.144505,   35.435586,       49.98,
 139.149009,   35.435586,       48.69,
 139.153514,   35.435586,       47.43,
 139.158018,   35.435586,       46.21,
 139.162523,   35.435586,       45.03,
 139.167027,   35.435586,       43.89,
 139.171532,   35.435586,       42.78,
 139.176036,   35.435586,       41.71,
 139.180541,   35.435586,       40.67,
 139.185045,   35.435586,       39.68,
 139.189550,   35.435586,       38.72,
 139.194054,   35.435586,       37.79,
 139.198559,   35.435586,       36.91,
 139.203063,   35.435586,       36.06,
 139.207568,   35.435586,       35.25,
 139.212072,   35.435586,       34.47,
 139.216577,   35.435586,       33.74,
 139.221081,   35.435586,       33.04,
 139.225586,   35.435586,       32.37,
 139.230090,   35.435586,       31.75,
 139.234595,   35.435586,       31.16,
 139.239099,   35.435586,       30.61,
 139.243604,   35.435586,       30.09,
 139.248108,   35.435586,       29.61,
 139.252613,   35.435586,       29.17,
 139.257117,   35.435586,       28.77,
 139.261622,   35.435586,       28.40,
 139.266126,   35.435586,       28.08,
 139.270631,   35.435586,       27.78,
 139.275135,   35.435586,       27.53,
 139.279640,   35.435586,       27.31,
 139.284144,   35.435586,       27.13,
 139.288649,   35.435586,       26.99,
 139.293153,   35.435586,       26.88,
 139.297658,   35.435586,       26.81,
 139.302162,   35.435586,       26.78,
 139.306667,   35.435586,       26.78,
 139.311171,   35.435586,       26.82,
 139.315676,   35.435586,       26.90,
 139.320180,   35.435586,       27.02,
 139.324685,   35.435586,       27.17,
 139.329189,   35.435586,       27.36,
 139.333694,   35.435586,       27.59,
 139.338198,   35.435586,       27.85,
 139.342703,   35.435586,       28.16,
 139.347207,   35.435586,       28.49,
 139.351712,   35.435586,       28.87,
 139.356216,   35.435586,       29.28,
 139.360721,   35.435586,       29.73,
 139.365225,   35.435586,       30.22,
 139.369730,   35.435586,       30.74,
 139.374234,   35.435586,       31.31,
 139.378739,   35.435586,       31.90,
 139.383243,   35.435586,       32.54,
 139.387748,   35.435586,       33.21,
 139.392252,   35.435586,       33.92,
 139.396757,   35.435586,       34.67,
 139.401261,   35.435586,       35.45,
 139.405766,   35.435586,       36.27,
 139.410270,   35.435586,       37.13,
 139.414775,   35.435586,       38.03,
 139.419279,   35.435586,       38.96,
 139.423784,   35.435586,       39.93,
 139.428288,   35.435586,       40.93,
 139.432793,   35.435586,       42.03,
 139.437297,   35.435586,       42.99,
 139.441802,   35.435586,       43.61,
 139.446306,   35.435586,       43.55,
 139.450811,   35.435586,       42.42,
 139.455315,   35.435586,       41.16,
 139.459820,   35.435586,       39.94,
 139.464324,   35.435586,       38.74,
 139.468829,   35.435586,       37.59,
 139.473333,   35.435586,       36.47,
 139.477838,   35.435586,       35.39,
 139.482342,   35.435586,       34.37,
 139.486847,   35.435586,       33.39,
 139.491351,   35.435586,       32.48,
 139.495856,   35.435586,       31.63,
 139.500360,   35.435586,       30.86,
 139.504865,   35.435586,       30.19,
 139.509369,   35.435586,       29.66,
 139.513874,   35.435586,       29.22,
 139.518378,   35.435586,       28.86,
 139.522883,   35.435586,       28.57,
 139.527387,   35.435586,       28.39,
 139.531892,   35.435586,       28.31,
 139.536396,   35.435586,       28.27,
 139.540901,   35.435586,       28.20,
 139.545405,   35.435586,       28.12,
 139.549910,   35.435586,       28.01,
 139.554414,   35.435586,       27.87,
 139.558919,   35.435586,       27.69,
 139.563423,   35.435586,       27.47,
 139.567928,   35.435586,       27.24,
 139.572432,   35.435586,       27.02,
 139.576937,   35.435586,       26.81,
 139.581441,   35.435586,       26.63,
 139.585946,   35.435586,       26.53,
 139.590450,   35.435586,       26.52,
 139.594955,   35.435586,       26.57,
 139.599459,   35.435586,       26.66,
 139.603964,   35.435586,       26.83,
 139.608468,   35.435586,       27.11,
 139.612973,   35.435586,       27.57,
 139.617477,   35.435586,       28.16,
 139.621982,   35.435586,       28.84,
 139.626486,   35.435586,       29.12,
 139.630991,   35.435586,       29.25,
 139.635495,   35.435586,       29.54,
 139.640000,   35.435586,       30.10,
 139.644505,   35.435586,       30.91,
 139.649009,   35.435586,       32.07,
 139.653514,   35.435586,       33.31,
 139.658018,   35.435586,       34.73,
 139.662523,   35.435586,       35.81,
 139.667027,   35.435586,       35.86,
 139.671532,   35.435586,       34.44,
 139.676036,   35.435586,       32.52,
 139.680541,   35.435586,       30.83,
 139.685045,   35.435586,       30.16,
 139.689550,   35.435586,       30.26,
 139.694054,   35.435586,       30.72,
 139.698559,   35.435586,       31.34,
 139.703063,   35.435586,       31.98,
 139.707568,   35.435586,       32.63,
 139.712072,   35.435586,       33.26,
 139.716577,   35.435586,       33.82,
 139.721081,   35.435586,       34.40,
 139.725586,   35.435586,       34.93,
 139.730090,   35.435586,       35.30,
 139.734595,   35.435586,       35.68,
 139.739099,   35.435586,       36.05,
 139.743604,   35.435586,       36.39,
 139.748108,   35.435586,       36.62,
 139.752613,   35.435586,       36.83,
 139.757117,   35.435586,       37.04,
 139.761622,   35.435586,       37.28,
 139.766126,   35.435586,       37.53,
 139.770631,   35.435586,       37.76,
 139.775135,   35.435586,       37.98,
 139.779640,   35.435586,       38.19,
 139.784144,   35.435586,       38.41,
 139.788649,   35.435586,       38.61,
 139.793153,   35.435586,       38.78,
 139.797658,   35.435586,       38.92,
 139.802162,   35.435586,       39.07,
 139.806667,   35.435586,       39.20,
 139.811171,   35.435586,       39.30,
 139.815676,   35.435586,       39.39,
 139.820180,   35.435586,       39.48,
 139.824685,   35.435586,       39.57,
 139.829189,   35.435586,       39.64,
 139.833694,   35.435586,       39.71,
 139.838198,   35.435586,       39.79,
 139.842703,   35.435586,       39.89,
 139.847207,   35.435586,       39.99,
 139.851712,   35.435586,       40.12,
 139.856216,   35.435586,       40.28,
 139.860721,   35.435586,       40.51,
 139.865225,   35.435586,       40.79,
 139.869730,   35.435586,       41.24,
 139.874234,   35.435586,       41.78,
 139.878739,   35.435586,       42.49,
 139.883243,   35.435586,       43.28,
 139.887748,   35.435586,       44.20,
 139.892252,   35.435586,       45.13,
 139.896757,   35.435586,       46.00,
 139.901261,   35.435586,       46.73,
 139.905766,   35.435586,       47.34,
 139.910270,   35.435586,       47.78,
 139.914775,   35.435586,       47.99,
 139.919279,   35.435586,       48.18,
 139.923784,   35.435586,       48.36,
 139.928288,   35.435586,       48.52,
 139.932793,   35.435586,       48.66,
 139.937297,   35.435586,       48.78,
 139.941802,   35.435586,       48.90,
 139.946306,   35.435586,       49.00,
 139.950811,   35.435586,       49.07,
 139.955315,   35.435586,       49.14,
 139.959820,   35.435586,       49.18,
 139.964324,   35.435586,       49.20,
 139.968829,   35.435586,       49.31,
 139.973333,   35.435586,       49.36,
 139.977838,   35.435586,       49.36,
 139.982342,   35.435586,       49.33,
 139.986847,   35.435586,       49.27,
 139.991351,   35.435586,       49.21,
 139.995856,   35.435586,       49.14,
 140.000360,   35.435586,       49.07,
 140.004865,   35.435586,       48.99,
 140.009369,   35.435586,       48.91,
 140.013874,   35.435586,       48.84,
 140.018378,   35.435586,       48.77,
 140.022883,   35.435586,       48.70,
 140.027387,   35.435586,       48.63,
 140.031892,   35.435586,       48.57,
 140.036396,   35.435586,       48.51,
 140.040901,   35.435586,       48.45,
 140.045405,   35.435586,       48.39,
 140.049910,   35.435586,       48.34,
 140.054414,   35.435586,       48.28,
 140.058919,   35.435586,       48.22,
 140.063423,   35.435586,       48.17,
 140.067928,   35.435586,       48.11,
 140.072432,   35.435586,       48.06,
 140.076937,   35.435586,       48.01,
 140.081441,   35.435586,       47.96,
 140.085946,   35.435586,       47.91,
 140.090450,   35.435586,       47.86,
 140.094955,   35.435586,       47.82,
 140.099459,   35.435586,       47.77,
 140.103964,   35.435586,       47.72,
 140.108468,   35.435586,       47.68,
 140.112973,   35.435586,       47.63,
 140.117477,   35.435586,       47.57,
 140.121982,   35.435586,       47.51,
 140.126486,   35.435586,       47.45,
 140.130991,   35.435586,       47.38,
 140.135495,   35.435586,       47.31,
 140.140000,   35.435586,       47.24,
 140.144505,   35.435586,       47.17,
 140.149009,   35.435586,       47.10,
 140.153514,   35.435586,       47.03,
 140.158018,   35.435586,       46.96,
 140.162523,   35.435586,       46.88,
 140.167027,   35.435586,       46.81,
 140.171532,   35.435586,       46.73,
 140.176036,   35.435586,       46.65,
 140.180541,   35.435586,       46.56,
 140.185045,   35.435586,       46.47,
 140.189550,   35.435586,       46.38,
 140.194054,   35.435586,       46.29,
 140.198559,   35.435586,       46.19,
 140.203063,   35.435586,       46.08,
 140.207568,   35.435586,       45.92,
 140.212072,   35.435586,       45.73,
 140.216577,   35.435586,       45.53,
 140.221081,   35.435586,       45.32,
 140.225586,   35.435586,       45.13,
 140.230090,   35.435586,       45.11,
 140.234595,   35.435586,       45.08,
 140.239099,   35.435586,       45.06,
 140.243604,   35.435586,       45.03,
 140.248108,   35.435586,       45.00,
 140.252613,   35.435586,       44.98,
 140.257117,   35.435586,       44.95,
 140.261622,   35.435586,       44.92,
 140.266126,   35.435586,       44.89,
 140.270631,   35.435586,       44.86,
 140.275135,   35.435586,       44.83,
 140.279640,   35.435586,       44.79,
 140.284144,   35.435586,       44.76,
 140.288649,   35.435586,       44.73,
 140.293153,   35.435586,       44.69,
 140.297658,   35.435586,       44.66,
 140.302162,   35.435586,       44.62,
 140.306667,   35.435586,       44.59,
 140.311171,   35.435586,       44.55,
 140.315676,   35.435586,       44.51,
 140.320180,   35.435586,       44.47,
 140.324685,   35.435586,       44.44,
 140.329189,   35.435586,       44.40,
 140.333694,   35.435586,       44.36,
 140.338198,   35.435586,       44.32,
 140.342703,   35.435586,       44.27,
 140.347207,   35.435586,       44.23,
 140.351712,   35.435586,       44.19,
 140.356216,   35.435586,       44.15,
 140.360721,   35.435586,       44.10,
 140.365225,   35.435586,       44.06,
 140.369730,   35.435586,       44.01,
 140.374234,   35.435586,       43.97,
 140.378739,   35.435586,       43.92,
 140.383243,   35.435586,       43.87,
 140.387748,   35.435586,       43.82,
 139.140000,   35.440090,       49.94,
 139.144505,   35.440090,       48.60,
 139.149009,   35.440090,       47.29,
 139.153514,   35.440090,       46.02,
 139.158018,   35.440090,       44.78,
 139.162523,   35.440090,       43.59,
 139.167027,   35.440090,       42.43,
 139.171532,   35.440090,       41.30,
 139.176036,   35.440090,       40.22,
 139.180541,   35.440090,       39.17,
 139.185045,   35.440090,       38.16,
 139.189550,   35.440090,       37.18,
 139.194054,   35.440090,       36.25,
 139.198559,   35.440090,       35.35,
 139.203063,   35.440090,       34.48,
 139.207568,   35.440090,       33.66,
 139.212072,   35.440090,       32.87,
 139.216577,   35.440090,       32.12,
 139.221081,   35.440090,       31.40,
 139.225586,   35.440090,       30.72,
 139.230090,   35.440090,       30.08,
 139.234595,   35.440090,       29.48,
 139.239099,   35.440090,       28.91,
 139.243604,   35.440090,       28.38,
 139.248108,   35.440090,       27.89,
 139.252613,   35.440090,       27.44,
 139.257117,   35.440090,       27.02,
 139.261622,   35.440090,       26.64,
 139.266126,   35.440090,       26.29,
 139.270631,   35.440090,       25.99,
 139.275135,   35.440090,       25.72,
 139.279640,   35.440090,       25.48,
 139.284144,   35.440090,       25.29,
 139.288649,   35.440090,       25.13,
 139.293153,   35.440090,       25.01,
 139.297658,   35.440090,       24.92,
 139.302162,   35.440090,       24.88,
 139.306667,   35.440090,       24.87,
 139.311171,   35.440090,       24.90,
 139.315676,   35.440090,       24.96,
 139.320180,   35.440090,       25.06,
 139.324685,   35.440090,       25.20,
 139.329189,   35.440090,       25.37,
 139.333694,   35.440090,       25.59,
 139.338198,   35.440090,       25.84,
 139.342703,   35.440090,       26.12,
 139.347207,   35.440090,       26.45,
 139.351712,   35.440090,       26.81,
 139.356216,   35.440090,       27.21,
 139.360721,   35.440090,       27.64,
 139.365225,   35.440090,       28.11,
 139.369730,   35.440090,       28.62,
 139.374234,   35.440090,       29.17,
 139.378739,   35.440090,       29.75,
 139.383243,   35.440090,       30.37,
 139.387748,   35.440090,       31.03,
 139.392252,   35.440090,       31.73,
 139.396757,   35.440090,       32.46,
 139.401261,   35.440090,       33.23,
 139.405766,   35.440090,       34.03,
 139.410270,   35.440090,       34.88,
 139.414775,   35.440090,       35.76,
 139.419279,   35.440090,       36.67,
 139.423784,   35.440090,       37.63,
 139.428288,   35.440090,       38.62,
 139.432793,   35.440090,       39.65,
 139.437297,   35.440090,       40.74,
 139.441802,   35.440090,       41.81,
 139.446306,   35.440090,       42.64,
 139.450811,   35.440090,       42.98,
 139.455315,   35.440090,       42.33,
 139.459820,   35.440090,       41.08,
 139.464324,   35.440090,       39.86,
 139.468829,   35.440090,       38.66,
 139.473333,   35.440090,       37.51,
 139.477838,   35.440090,       36.39,
 139.482342,   35.440090,       35.31,
 139.486847,   35.440090,       34.28,
 139.491351,   35.440090,       33.30,
 139.495856,   35.440090,       32.37,
 139.500360,   35.440090,       31.51,
 139.504865,   35.440090,       30.72,
 139.509369,   35.440090,       30.02,
 139.513874,   35.440090,       29.43,
 139.518378,   35.440090,       28.97,
 139.522883,   35.440090,       28.58,
 139.527387,   35.440090,       28.27,
 139.531892,   35.440090,       28.04,
 139.536396,   35.440090,       27.91,
 139.540901,   35.440090,       27.86,
 139.545405,   35.440090,       27.80,
 139.549910,   35.440090,       27.71,
 139.554414,   35.440090,       27.60,
 139.558919,   35.440090,       27.46,
 139.563423,   35.440090,       27.28,
 139.567928,   35.440090,       27.07,
 139.572432,   35.440090,       26.83,
 139.576937,   35.440090,       26.59,
 139.581441,   35.440090,       26.37,
 139.585946,   35.440090,       26.16,
 139.590450,   35.440090,       26.02,
 139.594955,   35.440090,       26.00,
 139.599459,   35.440090,       26.03,
 139.603964,   35.440090,       26.13,
 139.608468,   35.440090,       26.33,
 139.612973,   35.440090,       26.71,
 139.617477,   35.440090,       27.21,
 139.621982,   35.440090,       27.83,
 139.626486,   35.440090,       28.16,
 139.630991,   35.440090,       28.35,
 139.635495,   35.440090,       28.73,
 139.640000,   35.440090,       29.43,
 139.644505,   35.440090,       30.41,
 139.649009,   35.440090,       31.80,
 139.653514,   35.440090,       33.31,
 139.658018,   35.440090,       35.17,
 139.662523,   35.440090,       35.49,
 139.667027,   35.440090,       34.59,
 139.671532,   35.440090,       33.41,
 139.676036,   35.440090,       31.90,
 139.680541,   35.440090,       30.83,
 139.685045,   35.440090,       30.32,
 139.689550,   35.440090,       30.27,
 139.694054,   35.440090,       30.73,
 139.698559,   35.440090,       31.31,
 139.703063,   35.440090,       31.96,
 139.707568,   35.440090,       32.62,
 139.712072,   35.440090,       33.26,
 139.716577,   35.440090,       33.85,
 139.721081,   35.440090,       34.43,
 139.725586,   35.440090,       34.96,
 139.730090,   35.440090,       35.38,
 139.734595,   35.440090,       35.76,
 139.739099,   35.440090,       36.13,
 139.743604,   35.440090,       36.45,
 139.748108,   35.440090,       36.66,
 139.752613,   35.440090,       36.87,
 139.757117,   35.440090,       37.09,
 139.761622,   35.440090,       37.33,
 139.766126,   35.440090,       37.56,
 139.770631,   35.440090,       37.77,
 139.775135,   35.440090,       37.97,
 139.779640,   35.440090,       38.19,
 139.784144,   35.440090,       38.40,
 139.788649,   35.440090,       38.59,
 139.793153,   35.440090,       38.74,
 139.797658,   35.440090,       38.89,
 139.802162,   35.440090,       39.03,
 139.806667,   35.440090,       39.17,
 139.811171,   35.440090,       39.27,
 139.815676,   35.440090,       39.37,
 139.820180,   35.440090,       39.47,
 139.824685,   35.440090,       39.57,
 139.829189,   35.440090,       39.66,
 139.833694,   35.440090,       39.74,
 139.838198,   35.440090,       39.83,
 139.842703,   35.440090,       39.92,
 139.847207,   35.440090,       40.03,
 139.851712,   35.440090,       40.16,
 139.856216,   35.440090,       40.31,
 139.860721,   35.440090,       40.49,
 139.865225,   35.440090,       40.78,
 139.869730,   35.440090,       41.14,
 139.874234,   35.440090,       41.68,
 139.878739,   35.440090,       42.33,
 139.883243,   35.440090,       43.14,
 139.887748,   35.440090,       44.05,
 139.892252,   35.440090,       44.96,
 139.896757,   35.440090,       45.76,
 139.901261,   35.440090,       46.46,
 139.905766,   35.440090,       47.03,
 139.910270,   35.440090,       47.47,
 139.914775,   35.440090,       47.66,
 139.919279,   35.440090,       47.84,
 139.923784,   35.440090,       48.02,
 139.928288,   35.440090,       48.18,
 139.932793,   35.440090,       48.32,
 139.937297,   35.440090,       48.45,
 139.941802,   35.440090,       48.56,
 139.946306,   35.440090,       48.67,
 139.950811,   35.440090,       48.77,
 139.955315,   35.440090,       48.85,
 139.959820,   35.440090,       48.92,
 139.964324,   35.440090,       48.99,
 139.968829,   35.440090,       49.03,
 139.973333,   35.440090,       49.15,
 139.977838,   35.440090,       49.26,
 139.982342,   35.440090,       49.30,
 139.986847,   35.440090,       49.30,
 139.991351,   35.440090,       49.26,
 139.995856,   35.440090,       49.21,
 140.000360,   35.440090,       49.16,
 140.004865,   35.440090,       49.10,
 140.009369,   35.440090,       49.03,
 140.013874,   35.440090,       48.96,
 140.018378,   35.440090,       48.90,
 140.022883,   35.440090,       48.84,
 140.027387,   35.440090,       48.78,
 140.031892,   35.440090,       48.72,
 140.036396,   35.440090,       48.67,
 140.040901,   35.440090,       48.61,
 140.045405,   35.440090,       48.56,
 140.049910,   35.440090,       48.51,
 140.054414,   35.440090,       48.45,
 140.058919,   35.440090,       48.40,
 140.063423,   35.440090,       48.35,
 140.067928,   35.440090,       48.30,
 140.072432,   35.440090,       48.25,
 140.076937,   35.440090,       48.21,
 140.081441,   35.440090,       48.16,
 140.085946,   35.440090,       48.11,
 140.090450,   35.440090,       48.07,
 140.094955,   35.440090,       48.03,
 140.099459,   35.440090,       47.98,
 140.103964,   35.440090,       47.94,
 140.108468,   35.440090,       47.90,
 140.112973,   35.440090,       47.85,
 140.117477,   35.440090,       47.79,
 140.121982,   35.440090,       47.73,
 140.126486,   35.440090,       47.67,
 140.130991,   35.440090,       47.60,
 140.135495,   35.440090,       47.53,
 140.140000,   35.440090,       47.46,
 140.144505,   35.440090,       47.39,
 140.149009,   35.440090,       47.32,
 140.153514,   35.440090,       47.25,
 140.158018,   35.440090,       47.17,
 140.162523,   35.440090,       47.10,
 140.167027,   35.440090,       47.03,
 140.171532,   35.440090,       46.94,
 140.176036,   35.440090,       46.86,
 140.180541,   35.440090,       46.76,
 140.185045,   35.440090,       46.67,
 140.189550,   35.440090,       46.58,
 140.194054,   35.440090,       46.48,
 140.198559,   35.440090,       46.38,
 140.203063,   35.440090,       46.23,
 140.207568,   35.440090,       46.04,
 140.212072,   35.440090,       45.84,
 140.216577,   35.440090,       45.63,
 140.221081,   35.440090,       45.41,
 140.225586,   35.440090,       45.35,
 140.230090,   35.440090,       45.33,
 140.234595,   35.440090,       45.30,
 140.239099,   35.440090,       45.27,
 140.243604,   35.440090,       45.25,
 140.248108,   35.440090,       45.22,
 140.252613,   35.440090,       45.19,
 140.257117,   35.440090,       45.17,
 140.261622,   35.440090,       45.14,
 140.266126,   35.440090,       45.11,
 140.270631,   35.440090,       45.08,
 140.275135,   35.440090,       45.04,
 140.279640,   35.440090,       45.01,
 140.284144,   35.440090,       44.98,
 140.288649,   35.440090,       44.95,
 140.293153,   35.440090,       44.91,
 140.297658,   35.440090,       44.88,
 140.302162,   35.440090,       44.84,
 140.306667,   35.440090,       44.81,
 140.311171,   35.440090,       44.77,
 140.315676,   35.440090,       44.73,
 140.320180,   35.440090,       44.70,
 140.324685,   35.440090,       44.66,
 140.329189,   35.440090,       44.62,
 140.333694,   35.440090,       44.58,
 140.338198,   35.440090,       44.54,
 140.342703,   35.440090,       44.50,
 140.347207,   35.440090,       44.46,
 140.351712,   35.440090,       44.41,
 140.356216,   35.440090,       44.37,
 140.360721,   35.440090,       44.33,
 140.365225,   35.440090,       44.28,
 140.369730,   35.440090,       44.24,
 140.374234,   35.440090,       44.19,
 140.378739,   35.440090,       44.14,
 140.383243,   35.440090,       44.10,
 140.387748,   35.440090,       44.05,
 139.140000,   35.444595,       48.53,
 139.144505,   35.444595,       47.17,
 139.149009,   35.444595,       45.85,
 139.153514,   35.444595,       44.56,
 139.158018,   35.444595,       43.32,
 139.162523,   35.444595,       42.10,
 139.167027,   35.444595,       40.93,
 139.171532,   35.444595,       39.79,
 139.176036,   35.444595,       38.69,
 139.180541,   35.444595,       37.63,
 139.185045,   35.444595,       36.60,
 139.189550,   35.444595,       35.61,
 139.194054,   35.444595,       34.66,
 139.198559,   35.444595,       33.75,
 139.203063,   35.444595,       32.87,
 139.207568,   35.444595,       32.03,
 139.212072,   35.444595,       31.22,
 139.216577,   35.444595,       30.46,
 139.221081,   35.444595,       29.73,
 139.225586,   35.444595,       29.04,
 139.230090,   35.444595,       28.38,
 139.234595,   35.444595,       27.76,
 139.239099,   35.444595,       27.18,
 139.243604,   35.444595,       26.64,
 139.248108,   35.444595,       26.13,
 139.252613,   35.444595,       25.66,
 139.257117,   35.444595,       25.23,
 139.261622,   35.444595,       24.83,
 139.266126,   35.444595,       24.47,
 139.270631,   35.444595,       24.15,
 139.275135,   35.444595,       23.87,
 139.279640,   35.444595,       23.62,
 139.284144,   35.444595,       23.41,
 139.288649,   35.444595,       23.24,
 139.293153,   35.444595,       23.10,
 139.297658,   35.444595,       23.00,
 139.302162,   35.444595,       22.94,
 139.306667,   35.444595,       22.92,
 139.311171,   35.444595,       22.93,
 139.315676,   35.444595,       22.98,
 139.320180,   35.444595,       23.06,
 139.324685,   35.444595,       23.19,
 139.329189,   35.444595,       23.35,
 139.333694,   35.444595,       23.55,
 139.338198,   35.444595,       23.78,
 139.342703,   35.444595,       24.05,
 139.347207,   35.444595,       24.36,
 139.351712,   35.444595,       24.71,
 139.356216,   35.444595,       25.09,
 139.360721,   35.444595,       25.51,
 139.365225,   35.444595,       25.97,
 139.369730,   35.444595,       26.47,
 139.374234,   35.444595,       27.00,
 139.378739,   35.444595,       27.57,
 139.383243,   35.444595,       28.17,
 139.387748,   35.444595,       28.82,
 139.392252,   35.444595,       29.50,
 139.396757,   35.444595,       30.21,
 139.401261,   35.444595,       30.97,
 139.405766,   35.444595,       31.76,
 139.410270,   35.444595,       32.59,
 139.414775,   35.444595,       33.45,
 139.419279,   35.444595,       34.36,
 139.423784,   35.444595,       35.30,
 139.428288,   35.444595,       36.27,
 139.432793,   35.444595,       37.29,
 139.437297,   35.444595,       38.34,
 139.441802,   35.444595,       39.43,
 139.446306,   35.444595,       40.57,
 139.450811,   35.444595,       41.54,
 139.455315,   35.444595,       42.18,
 139.459820,   35.444595,       42.10,
 139.464324,   35.444595,       40.98,
 139.468829,   35.444595,       39.76,
 139.473333,   35.444595,       38.57,
 139.477838,   35.444595,       37.42,
 139.482342,   35.444595,       36.30,
 139.486847,   35.444595,       35.22,
 139.491351,   35.444595,       34.18,
 139.495856,   35.444595,       33.19,
 139.500360,   35.444595,       32.25,
 139.504865,   35.444595,       31.38,
 139.509369,   35.444595,       30.57,
 139.513874,   35.444595,       29.84,
 139.518378,   35.444595,       29.21,
 139.522883,   35.444595,       28.72,
 139.527387,   35.444595,       28.31,
 139.531892,   35.444595,       27.96,
 139.536396,   35.444595,       27.70,
 139.540901,   35.444595,       27.53,
 139.545405,   35.444595,       27.46,
 139.549910,   35.444595,       27.39,
 139.554414,   35.444595,       27.31,
 139.558919,   35.444595,       27.19,
 139.563423,   35.444595,       27.05,
 139.567928,   35.444595,       26.88,
 139.572432,   35.444595,       26.66,
 139.576937,   35.444595,       26.41,
 139.581441,   35.444595,       26.16,
 139.585946,   35.444595,       25.92,
 139.590450,   35.444595,       25.70,
 139.594955,   35.444595,       25.52,
 139.599459,   35.444595,       25.47,
 139.603964,   35.444595,       25.51,
 139.608468,   35.444595,       25.63,
 139.612973,   35.444595,       25.90,
 139.617477,   35.444595,       26.32,
 139.621982,   35.444595,       26.82,
 139.626486,   35.444595,       27.19,
 139.630991,   35.444595,       27.40,
 139.635495,   35.444595,       27.85,
 139.640000,   35.444595,       28.65,
 139.644505,   35.444595,       29.80,
 139.649009,   35.444595,       31.42,
 139.653514,   35.444595,       32.86,
 139.658018,   35.444595,       33.88,
 139.662523,   35.444595,       33.86,
 139.667027,   35.444595,       33.13,
 139.671532,   35.444595,       32.65,
 139.676036,   35.444595,       31.66,
 139.680541,   35.444595,       30.75,
 139.685045,   35.444595,       30.35,
 139.689550,   35.444595,       30.26,
 139.694054,   35.444595,       30.71,
 139.698559,   35.444595,       31.29,
 139.703063,   35.444595,       31.95,
 139.707568,   35.444595,       32.60,
 139.712072,   35.444595,       33.25,
 139.716577,   35.444595,       33.87,
 139.721081,   35.444595,       34.45,
 139.725586,   35.444595,       34.96,
 139.730090,   35.444595,       35.43,
 139.734595,   35.444595,       35.83,
 139.739099,   35.444595,       36.15,
 139.743604,   35.444595,       36.41,
 139.748108,   35.444595,       36.65,
 139.752613,   35.444595,       36.87,
 139.757117,   35.444595,       37.10,
 139.761622,   35.444595,       37.35,
 139.766126,   35.444595,       37.55,
 139.770631,   35.444595,       37.74,
 139.775135,   35.444595,       37.95,
 139.779640,   35.444595,       38.16,
 139.784144,   35.444595,       38.37,
 139.788649,   35.444595,       38.55,
 139.793153,   35.444595,       38.70,
 139.797658,   35.444595,       38.85,
 139.802162,   35.444595,       39.00,
 139.806667,   35.444595,       39.14,
 139.811171,   35.444595,       39.26,
 139.815676,   35.444595,       39.37,
 139.820180,   35.444595,       39.47,
 139.824685,   35.444595,       39.57,
 139.829189,   35.444595,       39.68,
 139.833694,   35.444595,       39.77,
 139.838198,   35.444595,       39.86,
 139.842703,   35.444595,       39.95,
 139.847207,   35.444595,       40.05,
 139.851712,   35.444595,       40.17,
 139.856216,   35.444595,       40.32,
 139.860721,   35.444595,       40.47,
 139.865225,   35.444595,       40.76,
 139.869730,   35.444595,       41.09,
 139.874234,   35.444595,       41.55,
 139.878739,   35.444595,       42.17,
 139.883243,   35.444595,       42.98,
 139.887748,   35.444595,       43.92,
 139.892252,   35.444595,       44.78,
 139.896757,   35.444595,       45.60,
 139.901261,   35.444595,       46.28,
 139.905766,   35.444595,       46.75,
 139.910270,   35.444595,       47.18,
 139.914775,   35.444595,       47.39,
 139.919279,   35.444595,       47.56,
 139.923784,   35.444595,       47.72,
 139.928288,   35.444595,       47.86,
 139.932793,   35.444595,       47.99,
 139.937297,   35.444595,       48.12,
 139.941802,   35.444595,       48.25,
 139.946306,   35.444595,       48.35,
 139.950811,   35.444595,       48.44,
 139.955315,   35.444595,       48.53,
 139.959820,   35.444595,       48.62,
 139.964324,   35.444595,       48.70,
 139.968829,   35.444595,       48.78,
 139.973333,   35.444595,       48.86,
 139.977838,   35.444595,       48.94,
 139.982342,   35.444595,       49.17,
 139.986847,   35.444595,       49.26,
 139.991351,   35.444595,       49.28,
 139.995856,   35.444595,       49.26,
 140.000360,   35.444595,       49.23,
 140.004865,   35.444595,       49.19,
 140.009369,   35.444595,       49.14,
 140.013874,   35.444595,       49.08,
 140.018378,   35.444595,       49.03,
 140.022883,   35.444595,       48.97,
 140.027387,   35.444595,       48.92,
 140.031892,   35.444595,       48.87,
 140.036396,   35.444595,       48.82,
 140.040901,   35.444595,       48.77,
 140.045405,   35.444595,       48.73,
 140.049910,   35.444595,       48.68,
 140.054414,   35.444595,       48.63,
 140.058919,   35.444595,       48.58,
 140.063423,   35.444595,       48.54,
 140.067928,   35.444595,       48.49,
 140.072432,   35.444595,       48.45,
 140.076937,   35.444595,       48.40,
 140.081441,   35.444595,       48.36,
 140.085946,   35.444595,       48.32,
 140.090450,   35.444595,       48.28,
 140.094955,   35.444595,       48.24,
 140.099459,   35.444595,       48.20,
 140.103964,   35.444595,       48.16,
 140.108468,   35.444595,       48.12,
 140.112973,   35.444595,       48.07,
 140.117477,   35.444595,       48.01,
 140.121982,   35.444595,       47.95,
 140.126486,   35.444595,       47.89,
 140.130991,   35.444595,       47.83,
 140.135495,   35.444595,       47.76,
 140.140000,   35.444595,       47.68,
 140.144505,   35.444595,       47.61,
 140.149009,   35.444595,       47.54,
 140.153514,   35.444595,       47.47,
 140.158018,   35.444595,       47.39,
 140.162523,   35.444595,       47.32,
 140.167027,   35.444595,       47.24,
 140.171532,   35.444595,       47.15,
 140.176036,   35.444595,       47.06,
 140.180541,   35.444595,       46.97,
 140.185045,   35.444595,       46.87,
 140.189550,   35.444595,       46.77,
 140.194054,   35.444595,       46.67,
 140.198559,   35.444595,       46.54,
 140.203063,   35.444595,       46.36,
 140.207568,   35.444595,       46.16,
 140.212072,   35.444595,       45.95,
 140.216577,   35.444595,       45.73,
 140.221081,   35.444595,       45.59,
 140.225586,   35.444595,       45.57,
 140.230090,   35.444595,       45.54,
 140.234595,   35.444595,       45.52,
 140.239099,   35.444595,       45.49,
 140.243604,   35.444595,       45.47,
 140.248108,   35.444595,       45.44,
 140.252613,   35.444595,       45.41,
 140.257117,   35.444595,       45.38,
 140.261622,   35.444595,       45.36,
 140.266126,   35.444595,       45.33,
 140.270631,   35.444595,       45.30,
 140.275135,   35.444595,       45.26,
 140.279640,   35.444595,       45.23,
 140.284144,   35.444595,       45.20,
 140.288649,   35.444595,       45.17,
 140.293153,   35.444595,       45.13,
 140.297658,   35.444595,       45.10,
 140.302162,   35.444595,       45.07,
 140.306667,   35.444595,       45.03,
 140.311171,   35.444595,       44.99,
 140.315676,   35.444595,       44.96,
 140.320180,   35.444595,       44.92,
 140.324685,   35.444595,       44.88,
 140.329189,   35.444595,       44.84,
 140.333694,   35.444595,       44.80,
 140.338198,   35.444595,       44.76,
 140.342703,   35.444595,       44.72,
 140.347207,   35.444595,       44.68,
 140.351712,   35.444595,       44.64,
 140.356216,   35.444595,       44.60,
 140.360721,   35.444595,       44.55,
 140.365225,   35.444595,       44.51,
 140.369730,   35.444595,       44.46,
 140.374234,   35.444595,       44.42,
 140.378739,   35.444595,       44.37,
 140.383243,   35.444595,       44.32,
 140.387748,   35.444595,       44.28,
 139.140000,   35.449099,       47.09,
 139.144505,   35.449099,       45.71,
 139.149009,   35.449099,       44.38,
 139.153514,   35.449099,       43.08,
 139.158018,   35.449099,       41.81,
 139.162523,   35.449099,       40.59,
 139.167027,   35.449099,       39.40,
 139.171532,   35.449099,       38.24,
 139.176036,   35.449099,       37.13,
 139.180541,   35.449099,       36.05,
 139.185045,   35.449099,       35.01,
 139.189550,   35.449099,       34.01,
 139.194054,   35.449099,       33.04,
 139.198559,   35.449099,       32.11,
 139.203063,   35.449099,       31.22,
 139.207568,   35.449099,       30.36,
 139.212072,   35.449099,       29.54,
 139.216577,   35.449099,       28.76,
 139.221081,   35.449099,       28.02,
 139.225586,   35.449099,       27.31,
 139.230090,   35.449099,       26.64,
 139.234595,   35.449099,       26.01,
 139.239099,   35.449099,       25.41,
 139.243604,   35.449099,       24.85,
 139.248108,   35.449099,       24.33,
 139.252613,   35.449099,       23.85,
 139.257117,   35.449099,       23.40,
 139.261622,   35.449099,       22.99,
 139.266126,   35.449099,       22.62,
 139.270631,   35.449099,       22.28,
 139.275135,   35.449099,       21.98,
 139.279640,   35.449099,       21.72,
 139.284144,   35.449099,       21.49,
 139.288649,   35.449099,       21.31,
 139.293153,   35.449099,       21.16,
 139.297658,   35.449099,       21.04,
 139.302162,   35.449099,       20.97,
 139.306667,   35.449099,       20.93,
 139.311171,   35.449099,       20.92,
 139.315676,   35.449099,       20.96,
 139.320180,   35.449099,       21.03,
 139.324685,   35.449099,       21.14,
 139.329189,   35.449099,       21.29,
 139.333694,   35.449099,       21.47,
 139.338198,   35.449099,       21.69,
 139.342703,   35.449099,       21.95,
 139.347207,   35.449099,       22.24,
 139.351712,   35.449099,       22.57,
 139.356216,   35.449099,       22.94,
 139.360721,   35.449099,       23.35,
 139.365225,   35.449099,       23.79,
 139.369730,   35.449099,       24.27,
 139.374234,   35.449099,       24.79,
 139.378739,   35.449099,       25.34,
 139.383243,   35.449099,       25.93,
 139.387748,   35.449099,       26.56,
 139.392252,   35.449099,       27.23,
 139.396757,   35.449099,       27.93,
 139.401261,   35.449099,       28.67,
 139.405766,   35.449099,       29.45,
 139.410270,   35.449099,       30.26,
 139.414775,   35.449099,       31.11,
 139.419279,   35.449099,       32.00,
 139.423784,   35.449099,       32.92,
 139.428288,   35.449099,       33.89,
 139.432793,   35.449099,       34.88,
 139.437297,   35.449099,       35.92,
 139.441802,   35.449099,       36.99,
 139.446306,   35.449099,       38.11,
 139.450811,   35.449099,       39.26,
 139.455315,   35.449099,       40.36,
 139.459820,   35.449099,       41.20,
 139.464324,   35.449099,       41.56,
 139.468829,   35.449099,       40.87,
 139.473333,   35.449099,       39.65,
 139.477838,   35.449099,       38.47,
 139.482342,   35.449099,       37.31,
 139.486847,   35.449099,       36.19,
 139.491351,   35.449099,       35.11,
 139.495856,   35.449099,       34.07,
 139.500360,   35.449099,       33.07,
 139.504865,   35.449099,       32.13,
 139.509369,   35.449099,       31.24,
 139.513874,   35.449099,       30.42,
 139.518378,   35.449099,       29.67,
 139.522883,   35.449099,       29.01,
 139.527387,   35.449099,       28.47,
 139.531892,   35.449099,       28.03,
 139.536396,   35.449099,       27.66,
 139.540901,   35.449099,       27.37,
 139.545405,   35.449099,       27.17,
 139.549910,   35.449099,       27.06,
 139.554414,   35.449099,       26.99,
 139.558919,   35.449099,       26.90,
 139.563423,   35.449099,       26.78,
 139.567928,   35.449099,       26.64,
 139.572432,   35.449099,       26.46,
 139.576937,   35.449099,       26.25,
 139.581441,   35.449099,       26.00,
 139.585946,   35.449099,       25.74,
 139.590450,   35.449099,       25.48,
 139.594955,   35.449099,       25.23,
 139.599459,   35.449099,       25.02,
 139.603964,   35.449099,       24.95,
 139.608468,   35.449099,       25.00,
 139.612973,   35.449099,       25.17,
 139.617477,   35.449099,       25.47,
 139.621982,   35.449099,       25.84,
 139.626486,   35.449099,       26.20,
 139.630991,   35.449099,       26.38,
 139.635495,   35.449099,       26.85,
 139.640000,   35.449099,       27.73,
 139.644505,   35.449099,       29.13,
 139.649009,   35.449099,       30.92,
 139.653514,   35.449099,       31.49,
 139.658018,   35.449099,       31.88,
 139.662523,   35.449099,       32.03,
 139.667027,   35.449099,       31.92,
 139.671532,   35.449099,       31.99,
 139.676036,   35.449099,       31.42,
 139.680541,   35.449099,       30.73,
 139.685045,   35.449099,       30.27,
 139.689550,   35.449099,       30.27,
 139.694054,   35.449099,       30.64,
 139.698559,   35.449099,       31.28,
 139.703063,   35.449099,       31.95,
 139.707568,   35.449099,       32.60,
 139.712072,   35.449099,       33.24,
 139.716577,   35.449099,       33.88,
 139.721081,   35.449099,       34.47,
 139.725586,   35.449099,       34.96,
 139.730090,   35.449099,       35.44,
 139.734595,   35.449099,       35.82,
 139.739099,   35.449099,       36.08,
 139.743604,   35.449099,       36.36,
 139.748108,   35.449099,       36.62,
 139.752613,   35.449099,       36.82,
 139.757117,   35.449099,       37.03,
 139.761622,   35.449099,       37.24,
 139.766126,   35.449099,       37.47,
 139.770631,   35.449099,       37.69,
 139.775135,   35.449099,       37.90,
 139.779640,   35.449099,       38.10,
 139.784144,   35.449099,       38.31,
 139.788649,   35.449099,       38.50,
 139.793153,   35.449099,       38.67,
 139.797658,   35.449099,       38.82,
 139.802162,   35.449099,       38.97,
 139.806667,   35.449099,       39.11,
 139.811171,   35.449099,       39.24,
 139.815676,   35.449099,       39.36,
 139.820180,   35.449099,       39.46,
 139.824685,   35.449099,       39.57,
 139.829189,   35.449099,       39.68,
 139.833694,   35.449099,       39.78,
 139.838198,   35.449099,       39.87,
 139.842703,   35.449099,       39.96,
 139.847207,   35.449099,       40.06,
 139.851712,   35.449099,       40.18,
 139.856216,   35.449099,       40.32,
 139.860721,   35.449099,       40.46,
 139.865225,   35.449099,       40.70,
 139.869730,   35.449099,       40.99,
 139.874234,   35.449099,       41.37,
 139.878739,   35.449099,       41.94,
 139.883243,   35.449099,       42.72,
 139.887748,   35.449099,       43.66,
 139.892252,   35.449099,       44.58,
 139.896757,   35.449099,       45.35,
 139.901261,   35.449099,       45.98,
 139.905766,   35.449099,       46.45,
 139.910270,   35.449099,       46.89,
 139.914775,   35.449099,       47.13,
 139.919279,   35.449099,       47.32,
 139.923784,   35.449099,       47.49,
 139.928288,   35.449099,       47.62,
 139.932793,   35.449099,       47.74,
 139.937297,   35.449099,       47.87,
 139.941802,   35.449099,       47.98,
 139.946306,   35.449099,       48.08,
 139.950811,   35.449099,       48.17,
 139.955315,   35.449099,       48.25,
 139.959820,   35.449099,       48.33,
 139.964324,   35.449099,       48.43,
 139.968829,   35.449099,       48.54,
 139.973333,   35.449099,       48.63,
 139.977838,   35.449099,       48.71,
 139.982342,   35.449099,       48.87,
 139.986847,   35.449099,       49.12,
 139.991351,   35.449099,       49.25,
 139.995856,   35.449099,       49.30,
 140.000360,   35.449099,       49.29,
 140.004865,   35.449099,       49.28,
 140.009369,   35.449099,       49.25,
 140.013874,   35.449099,       49.21,
 140.018378,   35.449099,       49.16,
 140.022883,   35.449099,       49.11,
 140.027387,   35.449099,       49.07,
 140.031892,   35.449099,       49.02,
 140.036396,   35.449099,       48.98,
 140.040901,   35.449099,       48.93,
 140.045405,   35.449099,       48.89,
 140.049910,   35.449099,       48.85,
 140.054414,   35.449099,       48.81,
 140.058919,   35.449099,       48.76,
 140.063423,   35.449099,       48.72,
 140.067928,   35.449099,       48.68,
 140.072432,   35.449099,       48.64,
 140.076937,   35.449099,       48.60,
 140.081441,   35.449099,       48.56,
 140.085946,   35.449099,       48.52,
 140.090450,   35.449099,       48.49,
 140.094955,   35.449099,       48.45,
 140.099459,   35.449099,       48.41,
 140.103964,   35.449099,       48.38,
 140.108468,   35.449099,       48.34,
 140.112973,   35.449099,       48.29,
 140.117477,   35.449099,       48.24,
 140.121982,   35.449099,       48.18,
 140.126486,   35.449099,       48.12,
 140.130991,   35.449099,       48.05,
 140.135495,   35.449099,       47.98,
 140.140000,   35.449099,       47.91,
 140.144505,   35.449099,       47.83,
 140.149009,   35.449099,       47.76,
 140.153514,   35.449099,       47.69,
 140.158018,   35.449099,       47.61,
 140.162523,   35.449099,       47.54,
 140.167027,   35.449099,       47.45,
 140.171532,   35.449099,       47.36,
 140.176036,   35.449099,       47.26,
 140.180541,   35.449099,       47.16,
 140.185045,   35.449099,       47.06,
 140.189550,   35.449099,       46.96,
 140.194054,   35.449099,       46.85,
 140.198559,   35.449099,       46.68,
 140.203063,   35.449099,       46.48,
 140.207568,   35.449099,       46.27,
 140.212072,   35.449099,       46.04,
 140.216577,   35.449099,       45.83,
 140.221081,   35.449099,       45.81,
 140.225586,   35.449099,       45.78,
 140.230090,   35.449099,       45.76,
 140.234595,   35.449099,       45.74,
 140.239099,   35.449099,       45.71,
 140.243604,   35.449099,       45.68,
 140.248108,   35.449099,       45.66,
 140.252613,   35.449099,       45.63,
 140.257117,   35.449099,       45.60,
 140.261622,   35.449099,       45.57,
 140.266126,   35.449099,       45.55,
 140.270631,   35.449099,       45.52,
 140.275135,   35.449099,       45.49,
 140.279640,   35.449099,       45.45,
 140.284144,   35.449099,       45.42,
 140.288649,   35.449099,       45.39,
 140.293153,   35.449099,       45.36,
 140.297658,   35.449099,       45.32,
 140.302162,   35.449099,       45.29,
 140.306667,   35.449099,       45.25,
 140.311171,   35.449099,       45.22,
 140.315676,   35.449099,       45.18,
 140.320180,   35.449099,       45.14,
 140.324685,   35.449099,       45.11,
 140.329189,   35.449099,       45.07,
 140.333694,   35.449099,       45.03,
 140.338198,   35.449099,       44.99,
 140.342703,   35.449099,       44.95,
 140.347207,   35.449099,       44.91,
 140.351712,   35.449099,       44.86,
 140.356216,   35.449099,       44.82,
 140.360721,   35.449099,       44.78,
 140.365225,   35.449099,       44.73,
 140.369730,   35.449099,       44.69,
 140.374234,   35.449099,       44.64,
 140.378739,   35.449099,       44.60,
 140.383243,   35.449099,       44.55,
 140.387748,   35.449099,       44.51,
 139.140000,   35.453604,       45.61,
 139.144505,   35.453604,       44.22,
 139.149009,   35.453604,       42.86,
 139.153514,   35.453604,       41.55,
 139.158018,   35.453604,       40.27,
 139.162523,   35.453604,       39.03,
 139.167027,   35.453604,       37.83,
 139.171532,   35.453604,       36.66,
 139.176036,   35.453604,       35.53,
 139.180541,   35.453604,       34.44,
 139.185045,   35.453604,       33.38,
 139.189550,   35.453604,       32.36,
 139.194054,   35.453604,       31.38,
 139.198559,   35.453604,       30.44,
 139.203063,   35.453604,       29.53,
 139.207568,   35.453604,       28.66,
 139.212072,   35.453604,       27.83,
 139.216577,   35.453604,       27.03,
 139.221081,   35.453604,       26.27,
 139.225586,   35.453604,       25.55,
 139.230090,   35.453604,       24.86,
 139.234595,   35.453604,       24.22,
 139.239099,   35.453604,       23.61,
 139.243604,   35.453604,       23.03,
 139.248108,   35.453604,       22.50,
 139.252613,   35.453604,       22.00,
 139.257117,   35.453604,       21.54,
 139.261622,   35.453604,       21.11,
 139.266126,   35.453604,       20.72,
 139.270631,   35.453604,       20.37,
 139.275135,   35.453604,       20.06,
 139.279640,   35.453604,       19.78,
 139.284144,   35.453604,       19.54,
 139.288649,   35.453604,       19.34,
 139.293153,   35.453604,       19.17,
 139.297658,   35.453604,       19.05,
 139.302162,   35.453604,       18.95,
 139.306667,   35.453604,       18.90,
 139.311171,   35.453604,       18.88,
 139.315676,   35.453604,       18.90,
 139.320180,   35.453604,       18.96,
 139.324685,   35.453604,       19.05,
 139.329189,   35.453604,       19.19,
 139.333694,   35.453604,       19.35,
 139.338198,   35.453604,       19.56,
 139.342703,   35.453604,       19.80,
 139.347207,   35.453604,       20.08,
 139.351712,   35.453604,       20.40,
 139.356216,   35.453604,       20.75,
 139.360721,   35.453604,       21.14,
 139.365225,   35.453604,       21.57,
 139.369730,   35.453604,       22.04,
 139.374234,   35.453604,       22.54,
 139.378739,   35.453604,       23.08,
 139.383243,   35.453604,       23.66,
 139.387748,   35.453604,       24.27,
 139.392252,   35.453604,       24.92,
 139.396757,   35.453604,       25.61,
 139.401261,   35.453604,       26.33,
 139.405766,   35.453604,       27.10,
 139.410270,   35.453604,       27.89,
 139.414775,   35.453604,       28.73,
 139.419279,   35.453604,       29.60,
 139.423784,   35.453604,       30.51,
 139.428288,   35.453604,       31.46,
 139.432793,   35.453604,       32.45,
 139.437297,   35.453604,       33.47,
 139.441802,   35.453604,       34.53,
 139.446306,   35.453604,       35.62,
 139.450811,   35.453604,       36.76,
 139.455315,   35.453604,       37.93,
 139.459820,   35.453604,       39.11,
 139.464324,   35.453604,       40.10,
 139.468829,   35.453604,       40.76,
 139.473333,   35.453604,       40.66,
 139.477838,   35.453604,       39.54,
 139.482342,   35.453604,       38.35,
 139.486847,   35.453604,       37.19,
 139.491351,   35.453604,       36.07,
 139.495856,   35.453604,       34.99,
 139.500360,   35.453604,       33.94,
 139.504865,   35.453604,       32.94,
 139.509369,   35.453604,       31.99,
 139.513874,   35.453604,       31.09,
 139.518378,   35.453604,       30.25,
 139.522883,   35.453604,       29.49,
 139.527387,   35.453604,       28.80,
 139.531892,   35.453604,       28.21,
 139.536396,   35.453604,       27.76,
 139.540901,   35.453604,       27.37,
 139.545405,   35.453604,       27.05,
 139.549910,   35.453604,       26.81,
 139.554414,   35.453604,       26.66,
 139.558919,   35.453604,       26.59,
 139.563423,   35.453604,       26.49,
 139.567928,   35.453604,       26.37,
 139.572432,   35.453604,       26.23,
 139.576937,   35.453604,       26.05,
 139.581441,   35.453604,       25.84,
 139.585946,   35.453604,       25.58,
 139.590450,   35.453604,       25.31,
 139.594955,   35.453604,       25.04,
 139.599459,   35.453604,       24.77,
 139.603964,   35.453604,       24.53,
 139.608468,   35.453604,       24.45,
 139.612973,   35.453604,       24.51,
 139.617477,   35.453604,       24.67,
 139.621982,   35.453604,       24.93,
 139.626486,   35.453604,       25.21,
 139.630991,   35.453604,       25.31,
 139.635495,   35.453604,       25.70,
 139.640000,   35.453604,       26.34,
 139.644505,   35.453604,       27.94,
 139.649009,   35.453604,       29.20,
 139.653514,   35.453604,       29.81,
 139.658018,   35.453604,       30.24,
 139.662523,   35.453604,       30.73,
 139.667027,   35.453604,       31.32,
 139.671532,   35.453604,       31.44,
 139.676036,   35.453604,       31.36,
 139.680541,   35.453604,       30.79,
 139.685045,   35.453604,       30.39,
 139.689550,   35.453604,       30.23,
 139.694054,   35.453604,       30.68,
 139.698559,   35.453604,       31.26,
 139.703063,   35.453604,       31.94,
 139.707568,   35.453604,       32.61,
 139.712072,   35.453604,       33.25,
 139.716577,   35.453604,       33.87,
 139.721081,   35.453604,       34.44,
 139.725586,   35.453604,       34.95,
 139.730090,   35.453604,       35.38,
 139.734595,   35.453604,       35.69,
 139.739099,   35.453604,       35.97,
 139.743604,   35.453604,       36.23,
 139.748108,   35.453604,       36.48,
 139.752613,   35.453604,       36.70,
 139.757117,   35.453604,       36.92,
 139.761622,   35.453604,       37.13,
 139.766126,   35.453604,       37.37,
 139.770631,   35.453604,       37.60,
 139.775135,   35.453604,       37.83,
 139.779640,   35.453604,       38.04,
 139.784144,   35.453604,       38.24,
 139.788649,   35.453604,       38.44,
 139.793153,   35.453604,       38.64,
 139.797658,   35.453604,       38.80,
 139.802162,   35.453604,       38.94,
 139.806667,   35.453604,       39.09,
 139.811171,   35.453604,       39.23,
 139.815676,   35.453604,       39.35,
 139.820180,   35.453604,       39.46,
 139.824685,   35.453604,       39.57,
 139.829189,   35.453604,       39.68,
 139.833694,   35.453604,       39.79,
 139.838198,   35.453604,       39.88,
 139.842703,   35.453604,       39.97,
 139.847207,   35.453604,       40.07,
 139.851712,   35.453604,       40.18,
 139.856216,   35.453604,       40.31,
 139.860721,   35.453604,       40.44,
 139.865225,   35.453604,       40.65,
 139.869730,   35.453604,       40.89,
 139.874234,   35.453604,       41.20,
 139.878739,   35.453604,       41.68,
 139.883243,   35.453604,       42.42,
 139.887748,   35.453604,       43.33,
 139.892252,   35.453604,       44.28,
 139.896757,   35.453604,       45.00,
 139.901261,   35.453604,       45.68,
 139.905766,   35.453604,       46.10,
 139.910270,   35.453604,       46.48,
 139.914775,   35.453604,       46.80,
 139.919279,   35.453604,       47.09,
 139.923784,   35.453604,       47.20,
 139.928288,   35.453604,       47.32,
 139.932793,   35.453604,       47.50,
 139.937297,   35.453604,       47.59,
 139.941802,   35.453604,       47.65,
 139.946306,   35.453604,       47.79,
 139.950811,   35.453604,       47.91,
 139.955315,   35.453604,       47.96,
 139.959820,   35.453604,       48.02,
 139.964324,   35.453604,       48.14,
 139.968829,   35.453604,       48.28,
 139.973333,   35.453604,       48.42,
 139.977838,   35.453604,       48.53,
 139.982342,   35.453604,       48.65,
 139.986847,   35.453604,       48.85,
 139.991351,   35.453604,       49.08,
 139.995856,   35.453604,       49.30,
 140.000360,   35.453604,       49.36,
 140.004865,   35.453604,       49.36,
 140.009369,   35.453604,       49.35,
 140.013874,   35.453604,       49.33,
 140.018378,   35.453604,       49.30,
 140.022883,   35.453604,       49.26,
 140.027387,   35.453604,       49.21,
 140.031892,   35.453604,       49.17,
 140.036396,   35.453604,       49.14,
 140.040901,   35.453604,       49.10,
 140.045405,   35.453604,       49.06,
 140.049910,   35.453604,       49.02,
 140.054414,   35.453604,       48.98,
 140.058919,   35.453604,       48.95,
 140.063423,   35.453604,       48.91,
 140.067928,   35.453604,       48.87,
 140.072432,   35.453604,       48.84,
 140.076937,   35.453604,       48.80,
 140.081441,   35.453604,       48.77,
 140.085946,   35.453604,       48.73,
 140.090450,   35.453604,       48.70,
 140.094955,   35.453604,       48.66,
 140.099459,   35.453604,       48.63,
 140.103964,   35.453604,       48.60,
 140.108468,   35.453604,       48.56,
 140.112973,   35.453604,       48.51,
 140.117477,   35.453604,       48.46,
 140.121982,   35.453604,       48.40,
 140.126486,   35.453604,       48.34,
 140.130991,   35.453604,       48.27,
 140.135495,   35.453604,       48.20,
 140.140000,   35.453604,       48.13,
 140.144505,   35.453604,       48.06,
 140.149009,   35.453604,       47.98,
 140.153514,   35.453604,       47.91,
 140.158018,   35.453604,       47.83,
 140.162523,   35.453604,       47.75,
 140.167027,   35.453604,       47.66,
 140.171532,   35.453604,       47.56,
 140.176036,   35.453604,       47.46,
 140.180541,   35.453604,       47.36,
 140.185045,   35.453604,       47.26,
 140.189550,   35.453604,       47.15,
 140.194054,   35.453604,       47.00,
 140.198559,   35.453604,       46.80,
 140.203063,   35.453604,       46.59,
 140.207568,   35.453604,       46.36,
 140.212072,   35.453604,       46.12,
 140.216577,   35.453604,       46.05,
 140.221081,   35.453604,       46.02,
 140.225586,   35.453604,       46.00,
 140.230090,   35.453604,       45.98,
 140.234595,   35.453604,       45.95,
 140.239099,   35.453604,       45.93,
 140.243604,   35.453604,       45.90,
 140.248108,   35.453604,       45.88,
 140.252613,   35.453604,       45.85,
 140.257117,   35.453604,       45.82,
 140.261622,   35.453604,       45.80,
 140.266126,   35.453604,       45.77,
 140.270631,   35.453604,       45.74,
 140.275135,   35.453604,       45.71,
 140.279640,   35.453604,       45.68,
 140.284144,   35.453604,       45.64,
 140.288649,   35.453604,       45.61,
 140.293153,   35.453604,       45.58,
 140.297658,   35.453604,       45.55,
 140.302162,   35.453604,       45.51,
 140.306667,   35.453604,       45.48,
 140.311171,   35.453604,       45.44,
 140.315676,   35.453604,       45.40,
 140.320180,   35.453604,       45.37,
 140.324685,   35.453604,       45.33,
 140.329189,   35.453604,       45.29,
 140.333694,   35.453604,       45.25,
 140.338198,   35.453604,       45.21,
 140.342703,   35.453604,       45.17,
 140.347207,   35.453604,       45.13,
 140.351712,   35.453604,       45.09,
 140.356216,   35.453604,       45.05,
 140.360721,   35.453604,       45.01,
 140.365225,   35.453604,       44.96,
 140.369730,   35.453604,       44.92,
 140.374234,   35.453604,       44.87,
 140.378739,   35.453604,       44.83,
 140.383243,   35.453604,       44.78,
 140.387748,   35.453604,       44.73,
 139.140000,   35.458108,       44.09,
 139.144505,   35.458108,       42.68,
 139.149009,   35.458108,       41.32,
 139.153514,   35.458108,       39.99,
 139.158018,   35.458108,       38.69,
 139.162523,   35.458108,       37.44,
 139.167027,   35.458108,       36.22,
 139.171532,   35.458108,       35.04,
 139.176036,   35.458108,       33.89,
 139.180541,   35.458108,       32.78,
 139.185045,   35.458108,       31.71,
 139.189550,   35.458108,       30.68,
 139.194054,   35.458108,       29.68,
 139.198559,   35.458108,       28.73,
 139.203063,   35.458108,       27.80,
 139.207568,   35.458108,       26.92,
 139.212072,   35.458108,       26.07,
 139.216577,   35.458108,       25.26,
 139.221081,   35.458108,       24.49,
 139.225586,   35.458108,       23.75,
 139.230090,   35.458108,       23.05,
 139.234595,   35.458108,       22.39,
 139.239099,   35.458108,       21.76,
 139.243604,   35.458108,       21.18,
 139.248108,   35.458108,       20.62,
 139.252613,   35.458108,       20.11,
 139.257117,   35.458108,       19.63,
 139.261622,   35.458108,       19.19,
 139.266126,   35.458108,       18.79,
 139.270631,   35.458108,       18.43,
 139.275135,   35.458108,       18.10,
 139.279640,   35.458108,       17.81,
 139.284144,   35.458108,       17.55,
 139.288649,   35.458108,       17.33,
 139.293153,   35.458108,       17.15,
 139.297658,   35.458108,       17.01,
 139.302162,   35.458108,       16.91,
 139.306667,   35.458108,       16.84,
 139.311171,   35.458108,       16.81,
 139.315676,   35.458108,       16.81,
 139.320180,   35.458108,       16.85,
 139.324685,   35.458108,       16.93,
 139.329189,   35.458108,       17.05,
 139.333694,   35.458108,       17.20,
 139.338198,   35.458108,       17.39,
 139.342703,   35.458108,       17.62,
 139.347207,   35.458108,       17.89,
 139.351712,   35.458108,       18.19,
 139.356216,   35.458108,       18.53,
 139.360721,   35.458108,       18.90,
 139.365225,   35.458108,       19.32,
 139.369730,   35.458108,       19.77,
 139.374234,   35.458108,       20.26,
 139.378739,   35.458108,       20.78,
 139.383243,   35.458108,       21.34,
 139.387748,   35.458108,       21.94,
 139.392252,   35.458108,       22.58,
 139.396757,   35.458108,       23.25,
 139.401261,   35.458108,       23.96,
 139.405766,   35.458108,       24.71,
 139.410270,   35.458108,       25.49,
 139.414775,   35.458108,       26.31,
 139.419279,   35.458108,       27.17,
 139.423784,   35.458108,       28.07,
 139.428288,   35.458108,       29.00,
 139.432793,   35.458108,       29.97,
 139.437297,   35.458108,       30.98,
 139.441802,   35.458108,       32.02,
 139.446306,   35.458108,       33.10,
 139.450811,   35.458108,       34.22,
 139.455315,   35.458108,       35.38,
 139.459820,   35.458108,       36.57,
 139.464324,   35.458108,       37.79,
 139.468829,   35.458108,       38.91,
 139.473333,   35.458108,       39.78,
 139.477838,   35.458108,       40.14,
 139.482342,   35.458108,       39.41,
 139.486847,   35.458108,       38.22,
 139.491351,   35.458108,       37.07,
 139.495856,   35.458108,       35.94,
 139.500360,   35.458108,       34.86,
 139.504865,   35.458108,       33.81,
 139.509369,   35.458108,       32.80,
 139.513874,   35.458108,       31.84,
 139.518378,   35.458108,       30.93,
 139.522883,   35.458108,       30.08,
 139.527387,   35.458108,       29.30,
 139.531892,   35.458108,       28.59,
 139.536396,   35.458108,       27.97,
 139.540901,   35.458108,       27.48,
 139.545405,   35.458108,       27.07,
 139.549910,   35.458108,       26.73,
 139.554414,   35.458108,       26.46,
 139.558919,   35.458108,       26.28,
 139.563423,   35.458108,       26.19,
 139.567928,   35.458108,       26.09,
 139.572432,   35.458108,       25.97,
 139.576937,   35.458108,       25.82,
 139.581441,   35.458108,       25.64,
 139.585946,   35.458108,       25.42,
 139.590450,   35.458108,       25.16,
 139.594955,   35.458108,       24.88,
 139.599459,   35.458108,       24.60,
 139.603964,   35.458108,       24.33,
 139.608468,   35.458108,       24.06,
 139.612973,   35.458108,       23.92,
 139.617477,   35.458108,       23.97,
 139.621982,   35.458108,       24.11,
 139.626486,   35.458108,       24.20,
 139.630991,   35.458108,       24.29,
 139.635495,   35.458108,       24.72,
 139.640000,   35.458108,       25.34,
 139.644505,   35.458108,       26.44,
 139.649009,   35.458108,       27.55,
 139.653514,   35.458108,       28.29,
 139.658018,   35.458108,       28.90,
 139.662523,   35.458108,       29.77,
 139.667027,   35.458108,       30.67,
 139.671532,   35.458108,       31.06,
 139.676036,   35.458108,       31.19,
 139.680541,   35.458108,       30.88,
 139.685045,   35.458108,       30.41,
 139.689550,   35.458108,       30.38,
 139.694054,   35.458108,       30.62,
 139.698559,   35.458108,       31.24,
 139.703063,   35.458108,       31.91,
 139.707568,   35.458108,       32.60,
 139.712072,   35.458108,       33.24,
 139.716577,   35.458108,       33.85,
 139.721081,   35.458108,       34.41,
 139.725586,   35.458108,       34.90,
 139.730090,   35.458108,       35.26,
 139.734595,   35.458108,       35.55,
 139.739099,   35.458108,       35.79,
 139.743604,   35.458108,       36.01,
 139.748108,   35.458108,       36.24,
 139.752613,   35.458108,       36.50,
 139.757117,   35.458108,       36.76,
 139.761622,   35.458108,       37.01,
 139.766126,   35.458108,       37.23,
 139.770631,   35.458108,       37.48,
 139.775135,   35.458108,       37.74,
 139.779640,   35.458108,       37.97,
 139.784144,   35.458108,       38.17,
 139.788649,   35.458108,       38.38,
 139.793153,   35.458108,       38.58,
 139.797658,   35.458108,       38.76,
 139.802162,   35.458108,       38.91,
 139.806667,   35.458108,       39.05,
 139.811171,   35.458108,       39.20,
 139.815676,   35.458108,       39.34,
 139.820180,   35.458108,       39.45,
 139.824685,   35.458108,       39.57,
 139.829189,   35.458108,       39.68,
 139.833694,   35.458108,       39.79,
 139.838198,   35.458108,       39.89,
 139.842703,   35.458108,       39.98,
 139.847207,   35.458108,       40.08,
 139.851712,   35.458108,       40.18,
 139.856216,   35.458108,       40.30,
 139.860721,   35.458108,       40.42,
 139.865225,   35.458108,       40.56,
 139.869730,   35.458108,       40.78,
 139.874234,   35.458108,       41.00,
 139.878739,   35.458108,       41.45,
 139.883243,   35.458108,       42.08,
 139.887748,   35.458108,       42.89,
 139.892252,   35.458108,       43.81,
 139.896757,   35.458108,       44.59,
 139.901261,   35.458108,       45.17,
 139.905766,   35.458108,       45.64,
 139.910270,   35.458108,       46.04,
 139.914775,   35.458108,       46.25,
 139.919279,   35.458108,       46.47,
 139.923784,   35.458108,       46.65,
 139.928288,   35.458108,       46.81,
 139.932793,   35.458108,       46.97,
 139.937297,   35.458108,       47.10,
 139.941802,   35.458108,       47.19,
 139.946306,   35.458108,       47.31,
 139.950811,   35.458108,       47.44,
 139.955315,   35.458108,       47.54,
 139.959820,   35.458108,       47.65,
 139.964324,   35.458108,       47.78,
 139.968829,   35.458108,       47.92,
 139.973333,   35.458108,       48.09,
 139.977838,   35.458108,       48.25,
 139.982342,   35.458108,       48.38,
 139.986847,   35.458108,       48.56,
 139.991351,   35.458108,       48.78,
 139.995856,   35.458108,       49.04,
 140.000360,   35.458108,       49.30,
 140.004865,   35.458108,       49.44,
 140.009369,   35.458108,       49.46,
 140.013874,   35.458108,       49.46,
 140.018378,   35.458108,       49.44,
 140.022883,   35.458108,       49.41,
 140.027387,   35.458108,       49.37,
 140.031892,   35.458108,       49.33,
 140.036396,   35.458108,       49.30,
 140.040901,   35.458108,       49.26,
 140.045405,   35.458108,       49.23,
 140.049910,   35.458108,       49.20,
 140.054414,   35.458108,       49.16,
 140.058919,   35.458108,       49.13,
 140.063423,   35.458108,       49.10,
 140.067928,   35.458108,       49.07,
 140.072432,   35.458108,       49.03,
 140.076937,   35.458108,       49.00,
 140.081441,   35.458108,       48.97,
 140.085946,   35.458108,       48.94,
 140.090450,   35.458108,       48.91,
 140.094955,   35.458108,       48.88,
 140.099459,   35.458108,       48.85,
 140.103964,   35.458108,       48.82,
 140.108468,   35.458108,       48.79,
 140.112973,   35.458108,       48.74,
 140.117477,   35.458108,       48.69,
 140.121982,   35.458108,       48.63,
 140.126486,   35.458108,       48.57,
 140.130991,   35.458108,       48.50,
 140.135495,   35.458108,       48.43,
 140.140000,   35.458108,       48.35,
 140.144505,   35.458108,       48.28,
 140.149009,   35.458108,       48.20,
 140.153514,   35.458108,       48.13,
 140.158018,   35.458108,       48.05,
 140.162523,   35.458108,       47.96,
 140.167027,   35.458108,       47.87,
 140.171532,   35.458108,       47.76,
 140.176036,   35.458108,       47.66,
 140.180541,   35.458108,       47.55,
 140.185045,   35.458108,       47.45,
 140.189550,   35.458108,       47.32,
 140.194054,   35.458108,       47.13,
 140.198559,   35.458108,       46.91,
 140.203063,   35.458108,       46.68,
 140.207568,   35.458108,       46.44,
 140.212072,   35.458108,       46.29,
 140.216577,   35.458108,       46.26,
 140.221081,   35.458108,       46.24,
 140.225586,   35.458108,       46.22,
 140.230090,   35.458108,       46.20,
 140.234595,   35.458108,       46.17,
 140.239099,   35.458108,       46.15,
 140.243604,   35.458108,       46.12,
 140.248108,   35.458108,       46.10,
 140.252613,   35.458108,       46.07,
 140.257117,   35.458108,       46.04,
 140.261622,   35.458108,       46.02,
 140.266126,   35.458108,       45.99,
 140.270631,   35.458108,       45.96,
 140.275135,   35.458108,       45.93,
 140.279640,   35.458108,       45.90,
 140.284144,   35.458108,       45.87,
 140.288649,   35.458108,       45.83,
 140.293153,   35.458108,       45.80,
 140.297658,   35.458108,       45.77,
 140.302162,   35.458108,       45.73,
 140.306667,   35.458108,       45.70,
 140.311171,   35.458108,       45.67,
 140.315676,   35.458108,       45.63,
 140.320180,   35.458108,       45.59,
 140.324685,   35.458108,       45.56,
 140.329189,   35.458108,       45.52,
 140.333694,   35.458108,       45.48,
 140.338198,   35.458108,       45.44,
 140.342703,   35.458108,       45.40,
 140.347207,   35.458108,       45.36,
 140.351712,   35.458108,       45.32,
 140.356216,   35.458108,       45.28,
 140.360721,   35.458108,       45.23,
 140.365225,   35.458108,       45.19,
 140.369730,   35.458108,       45.15,
 140.374234,   35.458108,       45.10,
 140.378739,   35.458108,       45.06,
 140.383243,   35.458108,       45.01,
 140.387748,   35.458108,       44.96,
 139.140000,   35.462613,       42.53,
 139.144505,   35.462613,       41.11,
 139.149009,   35.462613,       39.73,
 139.153514,   35.462613,       38.38,
 139.158018,   35.462613,       37.08,
 139.162523,   35.462613,       35.81,
 139.167027,   35.462613,       34.57,
 139.171532,   35.462613,       33.38,
 139.176036,   35.462613,       32.22,
 139.180541,   35.462613,       31.10,
 139.185045,   35.462613,       30.01,
 139.189550,   35.462613,       28.96,
 139.194054,   35.462613,       27.95,
 139.198559,   35.462613,       26.98,
 139.203063,   35.462613,       26.04,
 139.207568,   35.462613,       25.14,
 139.212072,   35.462613,       24.28,
 139.216577,   35.462613,       23.45,
 139.221081,   35.462613,       22.67,
 139.225586,   35.462613,       21.91,
 139.230090,   35.462613,       21.20,
 139.234595,   35.462613,       20.52,
 139.239099,   35.462613,       19.88,
 139.243604,   35.462613,       19.28,
 139.248108,   35.462613,       18.71,
 139.252613,   35.462613,       18.19,
 139.257117,   35.462613,       17.69,
 139.261622,   35.462613,       17.24,
 139.266126,   35.462613,       16.82,
 139.270631,   35.462613,       16.44,
 139.275135,   35.462613,       16.10,
 139.279640,   35.462613,       15.79,
 139.284144,   35.462613,       15.52,
 139.288649,   35.462613,       15.29,
 139.293153,   35.462613,       15.10,
 139.297658,   35.462613,       14.94,
 139.302162,   35.462613,       14.82,
 139.306667,   35.462613,       14.74,
 139.311171,   35.462613,       14.69,
 139.315676,   35.462613,       14.68,
 139.320180,   35.462613,       14.71,
 139.324685,   35.462613,       14.77,
 139.329189,   35.462613,       14.88,
 139.333694,   35.462613,       15.01,
 139.338198,   35.462613,       15.19,
 139.342703,   35.462613,       15.40,
 139.347207,   35.462613,       15.65,
 139.351712,   35.462613,       15.94,
 139.356216,   35.462613,       16.27,
 139.360721,   35.462613,       16.63,
 139.365225,   35.462613,       17.03,
 139.369730,   35.462613,       17.46,
 139.374234,   35.462613,       17.94,
 139.378739,   35.462613,       18.45,
 139.383243,   35.462613,       18.99,
 139.387748,   35.462613,       19.58,
 139.392252,   35.462613,       20.20,
 139.396757,   35.462613,       20.86,
 139.401261,   35.462613,       21.55,
 139.405766,   35.462613,       22.28,
 139.410270,   35.462613,       23.05,
 139.414775,   35.462613,       23.86,
 139.419279,   35.462613,       24.71,
 139.423784,   35.462613,       25.59,
 139.428288,   35.462613,       26.50,
 139.432793,   35.462613,       27.46,
 139.437297,   35.462613,       28.45,
 139.441802,   35.462613,       29.48,
 139.446306,   35.462613,       30.55,
 139.450811,   35.462613,       31.65,
 139.455315,   35.462613,       32.79,
 139.459820,   35.462613,       33.97,
 139.464324,   35.462613,       35.18,
 139.468829,   35.462613,       36.44,
 139.473333,   35.462613,       37.65,
 139.477838,   35.462613,       38.68,
 139.482342,   35.462613,       39.34,
 139.486847,   35.462613,       39.21,
 139.491351,   35.462613,       38.08,
 139.495856,   35.462613,       36.93,
 139.500360,   35.462613,       35.80,
 139.504865,   35.462613,       34.72,
 139.509369,   35.462613,       33.66,
 139.513874,   35.462613,       32.65,
 139.518378,   35.462613,       31.68,
 139.522883,   35.462613,       30.77,
 139.527387,   35.462613,       29.90,
 139.531892,   35.462613,       29.11,
 139.536396,   35.462613,       28.38,
 139.540901,   35.462613,       27.73,
 139.545405,   35.462613,       27.20,
 139.549910,   35.462613,       26.77,
 139.554414,   35.462613,       26.41,
 139.558919,   35.462613,       26.12,
 139.563423,   35.462613,       25.91,
 139.567928,   35.462613,       25.79,
 139.572432,   35.462613,       25.69,
 139.576937,   35.462613,       25.56,
 139.581441,   35.462613,       25.41,
 139.585946,   35.462613,       25.22,
 139.590450,   35.462613,       25.00,
 139.594955,   35.462613,       24.74,
 139.599459,   35.462613,       24.45,
 139.603964,   35.462613,       24.17,
 139.608468,   35.462613,       23.88,
 139.612973,   35.462613,       23.58,
 139.617477,   35.462613,       23.37,
 139.621982,   35.462613,       23.36,
 139.626486,   35.462613,       23.27,
 139.630991,   35.462613,       23.48,
 139.635495,   35.462613,       23.73,
 139.640000,   35.462613,       24.47,
 139.644505,   35.462613,       25.29,
 139.649009,   35.462613,       26.09,
 139.653514,   35.462613,       26.91,
 139.658018,   35.462613,       27.77,
 139.662523,   35.462613,       28.82,
 139.667027,   35.462613,       29.77,
 139.671532,   35.462613,       30.52,
 139.676036,   35.462613,       30.77,
 139.680541,   35.462613,       30.80,
 139.685045,   35.462613,       30.49,
 139.689550,   35.462613,       30.39,
 139.694054,   35.462613,       30.65,
 139.698559,   35.462613,       31.17,
 139.703063,   35.462613,       31.86,
 139.707568,   35.462613,       32.55,
 139.712072,   35.462613,       33.20,
 139.716577,   35.462613,       33.80,
 139.721081,   35.462613,       34.35,
 139.725586,   35.462613,       34.81,
 139.730090,   35.462613,       35.16,
 139.734595,   35.462613,       35.38,
 139.739099,   35.462613,       35.59,
 139.743604,   35.462613,       35.78,
 139.748108,   35.462613,       35.99,
 139.752613,   35.462613,       36.23,
 139.757117,   35.462613,       36.48,
 139.761622,   35.462613,       36.79,
 139.766126,   35.462613,       37.06,
 139.770631,   35.462613,       37.32,
 139.775135,   35.462613,       37.60,
 139.779640,   35.462613,       37.87,
 139.784144,   35.462613,       38.10,
 139.788649,   35.462613,       38.31,
 139.793153,   35.462613,       38.51,
 139.797658,   35.462613,       38.70,
 139.802162,   35.462613,       38.86,
 139.806667,   35.462613,       39.01,
 139.811171,   35.462613,       39.16,
 139.815676,   35.462613,       39.31,
 139.820180,   35.462613,       39.44,
 139.824685,   35.462613,       39.56,
 139.829189,   35.462613,       39.68,
 139.833694,   35.462613,       39.80,
 139.838198,   35.462613,       39.90,
 139.842703,   35.462613,       39.99,
 139.847207,   35.462613,       40.09,
 139.851712,   35.462613,       40.18,
 139.856216,   35.462613,       40.29,
 139.860721,   35.462613,       40.38,
 139.865225,   35.462613,       40.48,
 139.869730,   35.462613,       40.66,
 139.874234,   35.462613,       40.86,
 139.878739,   35.462613,       41.14,
 139.883243,   35.462613,       41.69,
 139.887748,   35.462613,       42.37,
 139.892252,   35.462613,       43.19,
 139.896757,   35.462613,       43.95,
 139.901261,   35.462613,       44.57,
 139.905766,   35.462613,       44.99,
 139.910270,   35.462613,       45.27,
 139.914775,   35.462613,       45.49,
 139.919279,   35.462613,       45.70,
 139.923784,   35.462613,       45.89,
 139.928288,   35.462613,       46.07,
 139.932793,   35.462613,       46.23,
 139.937297,   35.462613,       46.41,
 139.941802,   35.462613,       46.58,
 139.946306,   35.462613,       46.70,
 139.950811,   35.462613,       46.83,
 139.955315,   35.462613,       46.95,
 139.959820,   35.462613,       47.09,
 139.964324,   35.462613,       47.25,
 139.968829,   35.462613,       47.40,
 139.973333,   35.462613,       47.59,
 139.977838,   35.462613,       47.83,
 139.982342,   35.462613,       48.03,
 139.986847,   35.462613,       48.22,
 139.991351,   35.462613,       48.46,
 139.995856,   35.462613,       48.72,
 140.000360,   35.462613,       48.99,
 140.004865,   35.462613,       49.25,
 140.009369,   35.462613,       49.51,
 140.013874,   35.462613,       49.60,
 140.018378,   35.462613,       49.59,
 140.022883,   35.462613,       49.57,
 140.027387,   35.462613,       49.53,
 140.031892,   35.462613,       49.50,
 140.036396,   35.462613,       49.46,
 140.040901,   35.462613,       49.43,
 140.045405,   35.462613,       49.40,
 140.049910,   35.462613,       49.38,
 140.054414,   35.462613,       49.35,
 140.058919,   35.462613,       49.32,
 140.063423,   35.462613,       49.29,
 140.067928,   35.462613,       49.26,
 140.072432,   35.462613,       49.23,
 140.076937,   35.462613,       49.21,
 140.081441,   35.462613,       49.18,
 140.085946,   35.462613,       49.15,
 140.090450,   35.462613,       49.13,
 140.094955,   35.462613,       49.10,
 140.099459,   35.462613,       49.07,
 140.103964,   35.462613,       49.05,
 140.108468,   35.462613,       49.02,
 140.112973,   35.462613,       48.97,
 140.117477,   35.462613,       48.92,
 140.121982,   35.462613,       48.86,
 140.126486,   35.462613,       48.79,
 140.130991,   35.462613,       48.72,
 140.135495,   35.462613,       48.65,
 140.140000,   35.462613,       48.58,
 140.144505,   35.462613,       48.50,
 140.149009,   35.462613,       48.42,
 140.153514,   35.462613,       48.35,
 140.158018,   35.462613,       48.27,
 140.162523,   35.462613,       48.17,
 140.167027,   35.462613,       48.07,
 140.171532,   35.462613,       47.96,
 140.176036,   35.462613,       47.85,
 140.180541,   35.462613,       47.74,
 140.185045,   35.462613,       47.63,
 140.189550,   35.462613,       47.46,
 140.194054,   35.462613,       47.24,
 140.198559,   35.462613,       47.01,
 140.203063,   35.462613,       46.77,
 140.207568,   35.462613,       46.52,
 140.212072,   35.462613,       46.50,
 140.216577,   35.462613,       46.48,
 140.221081,   35.462613,       46.46,
 140.225586,   35.462613,       46.44,
 140.230090,   35.462613,       46.42,
 140.234595,   35.462613,       46.39,
 140.239099,   35.462613,       46.37,
 140.243604,   35.462613,       46.34,
 140.248108,   35.462613,       46.32,
 140.252613,   35.462613,       46.29,
 140.257117,   35.462613,       46.27,
 140.261622,   35.462613,       46.24,
 140.266126,   35.462613,       46.21,
 140.270631,   35.462613,       46.18,
 140.275135,   35.462613,       46.15,
 140.279640,   35.462613,       46.12,
 140.284144,   35.462613,       46.09,
 140.288649,   35.462613,       46.06,
 140.293153,   35.462613,       46.03,
 140.297658,   35.462613,       45.99,
 140.302162,   35.462613,       45.96,
 140.306667,   35.462613,       45.93,
 140.311171,   35.462613,       45.89,
 140.315676,   35.462613,       45.85,
 140.320180,   35.462613,       45.82,
 140.324685,   35.462613,       45.78,
 140.329189,   35.462613,       45.74,
 140.333694,   35.462613,       45.71,
 140.338198,   35.462613,       45.67,
 140.342703,   35.462613,       45.63,
 140.347207,   35.462613,       45.59,
 140.351712,   35.462613,       45.55,
 140.356216,   35.462613,       45.50,
 140.360721,   35.462613,       45.46,
 140.365225,   35.462613,       45.42,
 140.369730,   35.462613,       45.37,
 140.374234,   35.462613,       45.33,
 140.378739,   35.462613,       45.29,
 140.383243,   35.462613,       45.24,
 140.387748,   35.462613,       45.19,
 139.140000,   35.467117,       40.94,
 139.144505,   35.467117,       39.50,
 139.149009,   35.467117,       38.11,
 139.153514,   35.467117,       36.75,
 139.158018,   35.467117,       35.42,
 139.162523,   35.467117,       34.14,
 139.167027,   35.467117,       32.89,
 139.171532,   35.467117,       31.68,
 139.176036,   35.467117,       30.51,
 139.180541,   35.467117,       29.37,
 139.185045,   35.467117,       28.27,
 139.189550,   35.467117,       27.21,
 139.194054,   35.467117,       26.18,
 139.198559,   35.467117,       25.19,
 139.203063,   35.467117,       24.24,
 139.207568,   35.467117,       23.33,
 139.212072,   35.467117,       22.45,
 139.216577,   35.467117,       21.61,
 139.221081,   35.467117,       20.81,
 139.225586,   35.467117,       20.04,
 139.230090,   35.467117,       19.31,
 139.234595,   35.467117,       18.62,
 139.239099,   35.467117,       17.97,
 139.243604,   35.467117,       17.35,
 139.248108,   35.467117,       16.77,
 139.252613,   35.467117,       16.22,
 139.257117,   35.467117,       15.72,
 139.261622,   35.467117,       15.25,
 139.266126,   35.467117,       14.82,
 139.270631,   35.467117,       14.42,
 139.275135,   35.467117,       14.06,
 139.279640,   35.467117,       13.74,
 139.284144,   35.467117,       13.46,
 139.288649,   35.467117,       13.21,
 139.293153,   35.467117,       13.00,
 139.297658,   35.467117,       12.83,
 139.302162,   35.467117,       12.70,
 139.306667,   35.467117,       12.60,
 139.311171,   35.467117,       12.54,
 139.315676,   35.467117,       12.51,
 139.320180,   35.467117,       12.53,
 139.324685,   35.467117,       12.58,
 139.329189,   35.467117,       12.66,
 139.333694,   35.467117,       12.79,
 139.338198,   35.467117,       12.95,
 139.342703,   35.467117,       13.15,
 139.347207,   35.467117,       13.38,
 139.351712,   35.467117,       13.66,
 139.356216,   35.467117,       13.97,
 139.360721,   35.467117,       14.31,
 139.365225,   35.467117,       14.70,
 139.369730,   35.467117,       15.12,
 139.374234,   35.467117,       15.58,
 139.378739,   35.467117,       16.07,
 139.383243,   35.467117,       16.61,
 139.387748,   35.467117,       17.17,
 139.392252,   35.467117,       17.78,
 139.396757,   35.467117,       18.42,
 139.401261,   35.467117,       19.11,
 139.405766,   35.467117,       19.82,
 139.410270,   35.467117,       20.58,
 139.414775,   35.467117,       21.37,
 139.419279,   35.467117,       22.20,
 139.423784,   35.467117,       23.07,
 139.428288,   35.467117,       23.97,
 139.432793,   35.467117,       24.91,
 139.437297,   35.467117,       25.89,
 139.441802,   35.467117,       26.90,
 139.446306,   35.467117,       27.95,
 139.450811,   35.467117,       29.04,
 139.455315,   35.467117,       30.17,
 139.459820,   35.467117,       31.33,
 139.464324,   35.467117,       32.53,
 139.468829,   35.467117,       33.77,
 139.473333,   35.467117,       35.04,
 139.477838,   35.467117,       36.33,
 139.482342,   35.467117,       37.48,
 139.486847,   35.467117,       38.37,
 139.491351,   35.467117,       38.72,
 139.495856,   35.467117,       37.94,
 139.500360,   35.467117,       36.78,
 139.504865,   35.467117,       35.66,
 139.509369,   35.467117,       34.57,
 139.513874,   35.467117,       33.51,
 139.518378,   35.467117,       32.49,
 139.522883,   35.467117,       31.52,
 139.527387,   35.467117,       30.59,
 139.531892,   35.467117,       29.72,
 139.536396,   35.467117,       28.91,
 139.540901,   35.467117,       28.16,
 139.545405,   35.467117,       27.50,
 139.549910,   35.467117,       26.93,
 139.554414,   35.467117,       26.48,
 139.558919,   35.467117,       26.09,
 139.563423,   35.467117,       25.78,
 139.567928,   35.467117,       25.54,
 139.572432,   35.467117,       25.39,
 139.576937,   35.467117,       25.29,
 139.581441,   35.467117,       25.16,
 139.585946,   35.467117,       25.00,
 139.590450,   35.467117,       24.82,
 139.594955,   35.467117,       24.59,
 139.599459,   35.467117,       24.33,
 139.603964,   35.467117,       24.03,
 139.608468,   35.467117,       23.73,
 139.612973,   35.467117,       23.41,
 139.617477,   35.467117,       23.08,
 139.621982,   35.467117,       22.78,
 139.626486,   35.467117,       22.71,
 139.630991,   35.467117,       22.72,
 139.635495,   35.467117,       23.01,
 139.640000,   35.467117,       23.53,
 139.644505,   35.467117,       24.25,
 139.649009,   35.467117,       24.94,
 139.653514,   35.467117,       25.74,
 139.658018,   35.467117,       26.60,
 139.662523,   35.467117,       27.62,
 139.667027,   35.467117,       28.58,
 139.671532,   35.467117,       29.45,
 139.676036,   35.467117,       30.14,
 139.680541,   35.467117,       30.31,
 139.685045,   35.467117,       30.48,
 139.689550,   35.467117,       30.38,
 139.694054,   35.467117,       30.59,
 139.698559,   35.467117,       31.07,
 139.703063,   35.467117,       31.74,
 139.707568,   35.467117,       32.44,
 139.712072,   35.467117,       33.11,
 139.716577,   35.467117,       33.70,
 139.721081,   35.467117,       34.25,
 139.725586,   35.467117,       34.71,
 139.730090,   35.467117,       35.05,
 139.734595,   35.467117,       35.26,
 139.739099,   35.467117,       35.38,
 139.743604,   35.467117,       35.55,
 139.748108,   35.467117,       35.69,
 139.752613,   35.467117,       35.91,
 139.757117,   35.467117,       36.18,
 139.761622,   35.467117,       36.52,
 139.766126,   35.467117,       36.87,
 139.770631,   35.467117,       37.16,
 139.775135,   35.467117,       37.47,
 139.779640,   35.467117,       37.74,
 139.784144,   35.467117,       37.99,
 139.788649,   35.467117,       38.24,
 139.793153,   35.467117,       38.44,
 139.797658,   35.467117,       38.63,
 139.802162,   35.467117,       38.82,
 139.806667,   35.467117,       38.97,
 139.811171,   35.467117,       39.13,
 139.815676,   35.467117,       39.28,
 139.820180,   35.467117,       39.42,
 139.824685,   35.467117,       39.54,
 139.829189,   35.467117,       39.67,
 139.833694,   35.467117,       39.79,
 139.838198,   35.467117,       39.91,
 139.842703,   35.467117,       40.01,
 139.847207,   35.467117,       40.10,
 139.851712,   35.467117,       40.18,
 139.856216,   35.467117,       40.26,
 139.860721,   35.467117,       40.35,
 139.865225,   35.467117,       40.42,
 139.869730,   35.467117,       40.52,
 139.874234,   35.467117,       40.69,
 139.878739,   35.467117,       40.88,
 139.883243,   35.467117,       41.28,
 139.887748,   35.467117,       41.82,
 139.892252,   35.467117,       42.52,
 139.896757,   35.467117,       43.24,
 139.901261,   35.467117,       43.77,
 139.905766,   35.467117,       44.22,
 139.910270,   35.467117,       44.48,
 139.914775,   35.467117,       44.69,
 139.919279,   35.467117,       44.90,
 139.923784,   35.467117,       45.10,
 139.928288,   35.467117,       45.31,
 139.932793,   35.467117,       45.51,
 139.937297,   35.467117,       45.69,
 139.941802,   35.467117,       45.88,
 139.946306,   35.467117,       46.04,
 139.950811,   35.467117,       46.18,
 139.955315,   35.467117,       46.35,
 139.959820,   35.467117,       46.52,
 139.964324,   35.467117,       46.69,
 139.968829,   35.467117,       46.87,
 139.973333,   35.467117,       47.11,
 139.977838,   35.467117,       47.35,
 139.982342,   35.467117,       47.60,
 139.986847,   35.467117,       47.85,
 139.991351,   35.467117,       48.11,
 139.995856,   35.467117,       48.40,
 140.000360,   35.467117,       48.67,
 140.004865,   35.467117,       48.95,
 140.009369,   35.467117,       49.22,
 140.013874,   35.467117,       49.49,
 140.018378,   35.467117,       49.78,
 140.022883,   35.467117,       49.76,
 140.027387,   35.467117,       49.72,
 140.031892,   35.467117,       49.68,
 140.036396,   35.467117,       49.64,
 140.040901,   35.467117,       49.61,
 140.045405,   35.467117,       49.58,
 140.049910,   35.467117,       49.56,
 140.054414,   35.467117,       49.53,
 140.058919,   35.467117,       49.51,
 140.063423,   35.467117,       49.49,
 140.067928,   35.467117,       49.46,
 140.072432,   35.467117,       49.44,
 140.076937,   35.467117,       49.41,
 140.081441,   35.467117,       49.39,
 140.085946,   35.467117,       49.37,
 140.090450,   35.467117,       49.34,
 140.094955,   35.467117,       49.32,
 140.099459,   35.467117,       49.30,
 140.103964,   35.467117,       49.28,
 140.108468,   35.467117,       49.25,
 140.112973,   35.467117,       49.20,
 140.117477,   35.467117,       49.15,
 140.121982,   35.467117,       49.09,
 140.126486,   35.467117,       49.03,
 140.130991,   35.467117,       48.95,
 140.135495,   35.467117,       48.88,
 140.140000,   35.467117,       48.80,
 140.144505,   35.467117,       48.73,
 140.149009,   35.467117,       48.65,
 140.153514,   35.467117,       48.57,
 140.158018,   35.467117,       48.48,
 140.162523,   35.467117,       48.38,
 140.167027,   35.467117,       48.27,
 140.171532,   35.467117,       48.16,
 140.176036,   35.467117,       48.04,
 140.180541,   35.467117,       47.93,
 140.185045,   35.467117,       47.78,
 140.189550,   35.467117,       47.58,
 140.194054,   35.467117,       47.34,
 140.198559,   35.467117,       47.09,
 140.203063,   35.467117,       46.84,
 140.207568,   35.467117,       46.74,
 140.212072,   35.467117,       46.72,
 140.216577,   35.467117,       46.70,
 140.221081,   35.467117,       46.68,
 140.225586,   35.467117,       46.66,
 140.230090,   35.467117,       46.64,
 140.234595,   35.467117,       46.61,
 140.239099,   35.467117,       46.59,
 140.243604,   35.467117,       46.57,
 140.248108,   35.467117,       46.54,
 140.252613,   35.467117,       46.51,
 140.257117,   35.467117,       46.49,
 140.261622,   35.467117,       46.46,
 140.266126,   35.467117,       46.43,
 140.270631,   35.467117,       46.40,
 140.275135,   35.467117,       46.37,
 140.279640,   35.467117,       46.34,
 140.284144,   35.467117,       46.31,
 140.288649,   35.467117,       46.28,
 140.293153,   35.467117,       46.25,
 140.297658,   35.467117,       46.22,
 140.302162,   35.467117,       46.18,
 140.306667,   35.467117,       46.15,
 140.311171,   35.467117,       46.12,
 140.315676,   35.467117,       46.08,
 140.320180,   35.467117,       46.04,
 140.324685,   35.467117,       46.01,
 140.329189,   35.467117,       45.97,
 140.333694,   35.467117,       45.93,
 140.338198,   35.467117,       45.89,
 140.342703,   35.467117,       45.85,
 140.347207,   35.467117,       45.81,
 140.351712,   35.467117,       45.77,
 140.356216,   35.467117,       45.73,
 140.360721,   35.467117,       45.69,
 140.365225,   35.467117,       45.65,
 140.369730,   35.467117,       45.60,
 140.374234,   35.467117,       45.56,
 140.378739,   35.467117,       45.52,
 140.383243,   35.467117,       45.47,
 140.387748,   35.467117,       45.42,
 139.140000,   35.471622,       39.31,
 139.144505,   35.471622,       37.86,
 139.149009,   35.471622,       36.45,
 139.153514,   35.471622,       35.07,
 139.158018,   35.471622,       33.74,
 139.162523,   35.471622,       32.44,
 139.167027,   35.471622,       31.17,
 139.171532,   35.471622,       29.95,
 139.176036,   35.471622,       28.76,
 139.180541,   35.471622,       27.61,
 139.185045,   35.471622,       26.49,
 139.189550,   35.471622,       25.41,
 139.194054,   35.471622,       24.37,
 139.198559,   35.471622,       23.37,
 139.203063,   35.471622,       22.41,
 139.207568,   35.471622,       21.48,
 139.212072,   35.471622,       20.58,
 139.216577,   35.471622,       19.73,
 139.221081,   35.471622,       18.91,
 139.225586,   35.471622,       18.13,
 139.230090,   35.471622,       17.39,
 139.234595,   35.471622,       16.68,
 139.239099,   35.471622,       16.01,
 139.243604,   35.471622,       15.38,
 139.248108,   35.471622,       14.78,
 139.252613,   35.471622,       14.23,
 139.257117,   35.471622,       13.71,
 139.261622,   35.471622,       13.22,
 139.266126,   35.471622,       12.78,
 139.270631,   35.471622,       12.37,
 139.275135,   35.471622,       11.99,
 139.279640,   35.471622,       11.66,
 139.284144,   35.471622,       11.36,
 139.288649,   35.471622,       11.10,
 139.293153,   35.471622,       10.87,
 139.297658,   35.471622,       10.69,
 139.302162,   35.471622,       10.54,
 139.306667,   35.471622,       10.42,
 139.311171,   35.471622,       10.35,
 139.315676,   35.471622,       10.31,
 139.320180,   35.471622,       10.31,
 139.324685,   35.471622,       10.34,
 139.329189,   35.471622,       10.42,
 139.333694,   35.471622,       10.53,
 139.338198,   35.471622,       10.67,
 139.342703,   35.471622,       10.86,
 139.347207,   35.471622,       11.08,
 139.351712,   35.471622,       11.34,
 139.356216,   35.471622,       11.63,
 139.360721,   35.471622,       11.96,
 139.365225,   35.471622,       12.33,
 139.369730,   35.471622,       12.74,
 139.374234,   35.471622,       13.18,
 139.378739,   35.471622,       13.66,
 139.383243,   35.471622,       14.18,
 139.387748,   35.471622,       14.74,
 139.392252,   35.471622,       15.33,
 139.396757,   35.471622,       15.96,
 139.401261,   35.471622,       16.62,
 139.405766,   35.471622,       17.33,
 139.410270,   35.471622,       18.07,
 139.414775,   35.471622,       18.84,
 139.419279,   35.471622,       19.66,
 139.423784,   35.471622,       20.51,
 139.428288,   35.471622,       21.40,
 139.432793,   35.471622,       22.32,
 139.437297,   35.471622,       23.29,
 139.441802,   35.471622,       24.29,
 139.446306,   35.471622,       25.32,
 139.450811,   35.471622,       26.40,
 139.455315,   35.471622,       27.51,
 139.459820,   35.471622,       28.66,
 139.464324,   35.471622,       29.84,
 139.468829,   35.471622,       31.07,
 139.473333,   35.471622,       32.33,
 139.477838,   35.471622,       33.62,
 139.482342,   35.471622,       34.96,
 139.486847,   35.471622,       36.20,
 139.491351,   35.471622,       37.26,
 139.495856,   35.471622,       37.94,
 139.500360,   35.471622,       37.75,
 139.504865,   35.471622,       36.63,
 139.509369,   35.471622,       35.50,
 139.513874,   35.471622,       34.41,
 139.518378,   35.471622,       33.35,
 139.522883,   35.471622,       32.33,
 139.527387,   35.471622,       31.35,
 139.531892,   35.471622,       30.41,
 139.536396,   35.471622,       29.53,
 139.540901,   35.471622,       28.70,
 139.545405,   35.471622,       27.94,
 139.549910,   35.471622,       27.26,
 139.554414,   35.471622,       26.66,
 139.558919,   35.471622,       26.18,
 139.563423,   35.471622,       25.78,
 139.567928,   35.471622,       25.44,
 139.572432,   35.471622,       25.18,
 139.576937,   35.471622,       25.00,
 139.581441,   35.471622,       24.89,
 139.585946,   35.471622,       24.76,
 139.590450,   35.471622,       24.60,
 139.594955,   35.471622,       24.41,
 139.599459,   35.471622,       24.19,
 139.603964,   35.471622,       23.92,
 139.608468,   35.471622,       23.61,
 139.612973,   35.471622,       23.28,
 139.617477,   35.471622,       22.94,
 139.621982,   35.471622,       22.58,
 139.626486,   35.471622,       22.25,
 139.630991,   35.471622,       22.14,
 139.635495,   35.471622,       22.23,
 139.640000,   35.471622,       22.65,
 139.644505,   35.471622,       23.12,
 139.649009,   35.471622,       23.76,
 139.653514,   35.471622,       24.42,
 139.658018,   35.471622,       25.24,
 139.662523,   35.471622,       26.21,
 139.667027,   35.471622,       27.19,
 139.671532,   35.471622,       28.06,
 139.676036,   35.471622,       28.92,
 139.680541,   35.471622,       29.60,
 139.685045,   35.471622,       29.95,
 139.689550,   35.471622,       30.14,
 139.694054,   35.471622,       30.37,
 139.698559,   35.471622,       30.91,
 139.703063,   35.471622,       31.53,
 139.707568,   35.471622,       32.26,
 139.712072,   35.471622,       32.91,
 139.716577,   35.471622,       33.56,
 139.721081,   35.471622,       34.09,
 139.725586,   35.471622,       34.61,
 139.730090,   35.471622,       34.93,
 139.734595,   35.471622,       35.18,
 139.739099,   35.471622,       35.26,
 139.743604,   35.471622,       35.34,
 139.748108,   35.471622,       35.43,
 139.752613,   35.471622,       35.61,
 139.757117,   35.471622,       35.88,
 139.761622,   35.471622,       36.23,
 139.766126,   35.471622,       36.62,
 139.770631,   35.471622,       36.97,
 139.775135,   35.471622,       37.31,
 139.779640,   35.471622,       37.62,
 139.784144,   35.471622,       37.88,
 139.788649,   35.471622,       38.14,
 139.793153,   35.471622,       38.35,
 139.797658,   35.471622,       38.56,
 139.802162,   35.471622,       38.76,
 139.806667,   35.471622,       38.93,
 139.811171,   35.471622,       39.09,
 139.815676,   35.471622,       39.25,
 139.820180,   35.471622,       39.40,
 139.824685,   35.471622,       39.53,
 139.829189,   35.471622,       39.66,
 139.833694,   35.471622,       39.79,
 139.838198,   35.471622,       39.92,
 139.842703,   35.471622,       40.03,
 139.847207,   35.471622,       40.11,
 139.851712,   35.471622,       40.18,
 139.856216,   35.471622,       40.25,
 139.860721,   35.471622,       40.32,
 139.865225,   35.471622,       40.38,
 139.869730,   35.471622,       40.42,
 139.874234,   35.471622,       40.50,
 139.878739,   35.471622,       40.70,
 139.883243,   35.471622,       40.95,
 139.887748,   35.471622,       41.23,
 139.892252,   35.471622,       41.79,
 139.896757,   35.471622,       42.34,
 139.901261,   35.471622,       42.90,
 139.905766,   35.471622,       43.34,
 139.910270,   35.471622,       43.68,
 139.914775,   35.471622,       43.96,
 139.919279,   35.471622,       44.19,
 139.923784,   35.471622,       44.41,
 139.928288,   35.471622,       44.62,
 139.932793,   35.471622,       44.82,
 139.937297,   35.471622,       45.01,
 139.941802,   35.471622,       45.20,
 139.946306,   35.471622,       45.37,
 139.950811,   35.471622,       45.55,
 139.955315,   35.471622,       45.74,
 139.959820,   35.471622,       45.93,
 139.964324,   35.471622,       46.16,
 139.968829,   35.471622,       46.39,
 139.973333,   35.471622,       46.63,
 139.977838,   35.471622,       46.87,
 139.982342,   35.471622,       47.14,
 139.986847,   35.471622,       47.44,
 139.991351,   35.471622,       47.73,
 139.995856,   35.471622,       48.04,
 140.000360,   35.471622,       48.37,
 140.004865,   35.471622,       48.68,
 140.009369,   35.471622,       48.98,
 140.013874,   35.471622,       49.28,
 140.018378,   35.471622,       49.58,
 140.022883,   35.471622,       49.88,
 140.027387,   35.471622,       49.95,
 140.031892,   35.471622,       49.90,
 140.036396,   35.471622,       49.85,
 140.040901,   35.471622,       49.81,
 140.045405,   35.471622,       49.78,
 140.049910,   35.471622,       49.75,
 140.054414,   35.471622,       49.73,
 140.058919,   35.471622,       49.71,
 140.063423,   35.471622,       49.69,
 140.067928,   35.471622,       49.67,
 140.072432,   35.471622,       49.65,
 140.076937,   35.471622,       49.63,
 140.081441,   35.471622,       49.61,
 140.085946,   35.471622,       49.59,
 140.090450,   35.471622,       49.57,
 140.094955,   35.471622,       49.55,
 140.099459,   35.471622,       49.53,
 140.103964,   35.471622,       49.51,
 140.108468,   35.471622,       49.49,
 140.112973,   35.471622,       49.44,
 140.117477,   35.471622,       49.39,
 140.121982,   35.471622,       49.33,
 140.126486,   35.471622,       49.26,
 140.130991,   35.471622,       49.19,
 140.135495,   35.471622,       49.11,
 140.140000,   35.471622,       49.03,
 140.144505,   35.471622,       48.95,
 140.149009,   35.471622,       48.87,
 140.153514,   35.471622,       48.78,
 140.158018,   35.471622,       48.69,
 140.162523,   35.471622,       48.58,
 140.167027,   35.471622,       48.46,
 140.171532,   35.471622,       48.35,
 140.176036,   35.471622,       48.23,
 140.180541,   35.471622,       48.10,
 140.185045,   35.471622,       47.91,
 140.189550,   35.471622,       47.68,
 140.194054,   35.471622,       47.43,
 140.198559,   35.471622,       47.16,
 140.203063,   35.471622,       46.98,
 140.207568,   35.471622,       46.96,
 140.212072,   35.471622,       46.94,
 140.216577,   35.471622,       46.92,
 140.221081,   35.471622,       46.90,
 140.225586,   35.471622,       46.88,
 140.230090,   35.471622,       46.86,
 140.234595,   35.471622,       46.84,
 140.239099,   35.471622,       46.81,
 140.243604,   35.471622,       46.79,
 140.248108,   35.471622,       46.76,
 140.252613,   35.471622,       46.74,
 140.257117,   35.471622,       46.71,
 140.261622,   35.471622,       46.68,
 140.266126,   35.471622,       46.66,
 140.270631,   35.471622,       46.63,
 140.275135,   35.471622,       46.60,
 140.279640,   35.471622,       46.57,
 140.284144,   35.471622,       46.54,
 140.288649,   35.471622,       46.51,
 140.293153,   35.471622,       46.48,
 140.297658,   35.471622,       46.44,
 140.302162,   35.471622,       46.41,
 140.306667,   35.471622,       46.38,
 140.311171,   35.471622,       46.34,
 140.315676,   35.471622,       46.31,
 140.320180,   35.471622,       46.27,
 140.324685,   35.471622,       46.24,
 140.329189,   35.471622,       46.20,
 140.333694,   35.471622,       46.16,
 140.338198,   35.471622,       46.12,
 140.342703,   35.471622,       46.08,
 140.347207,   35.471622,       46.04,
 140.351712,   35.471622,       46.00,
 140.356216,   35.471622,       45.96,
 140.360721,   35.471622,       45.92,
 140.365225,   35.471622,       45.88,
 140.369730,   35.471622,       45.83,
 140.374234,   35.471622,       45.79,
 140.378739,   35.471622,       45.75,
 140.383243,   35.471622,       45.70,
 140.387748,   35.471622,       45.66,
 139.140000,   35.476126,       37.64,
 139.144505,   35.476126,       36.18,
 139.149009,   35.476126,       34.75,
 139.153514,   35.476126,       33.36,
 139.158018,   35.476126,       32.01,
 139.162523,   35.476126,       30.69,
 139.167027,   35.476126,       29.42,
 139.171532,   35.476126,       28.18,
 139.176036,   35.476126,       26.97,
 139.180541,   35.476126,       25.81,
 139.185045,   35.476126,       24.68,
 139.189550,   35.476126,       23.59,
 139.194054,   35.476126,       22.53,
 139.198559,   35.476126,       21.51,
 139.203063,   35.476126,       20.53,
 139.207568,   35.476126,       19.59,
 139.212072,   35.476126,       18.68,
 139.216577,   35.476126,       17.81,
 139.221081,   35.476126,       16.98,
 139.225586,   35.476126,       16.18,
 139.230090,   35.476126,       15.43,
 139.234595,   35.476126,       14.70,
 139.239099,   35.476126,       14.02,
 139.243604,   35.476126,       13.37,
 139.248108,   35.476126,       12.76,
 139.252613,   35.476126,       12.19,
 139.257117,   35.476126,       11.66,
 139.261622,   35.476126,       11.16,
 139.266126,   35.476126,       10.70,
 139.270631,   35.476126,       10.27,
 139.275135,   35.476126,        9.88,
 139.279640,   35.476126,        9.53,
 139.284144,   35.476126,        9.22,
 139.288649,   35.476126,        8.94,
 139.293153,   35.476126,        8.71,
 139.297658,   35.476126,        8.50,
 139.302162,   35.476126,        8.34,
 139.306667,   35.476126,        8.21,
 139.311171,   35.476126,        8.12,
 139.315676,   35.476126,        8.07,
 139.320180,   35.476126,        8.05,
 139.324685,   35.476126,        8.07,
 139.329189,   35.476126,        8.13,
 139.333694,   35.476126,        8.23,
 139.338198,   35.476126,        8.36,
 139.342703,   35.476126,        8.53,
 139.347207,   35.476126,        8.73,
 139.351712,   35.476126,        8.98,
 139.356216,   35.476126,        9.26,
 139.360721,   35.476126,        9.57,
 139.365225,   35.476126,        9.93,
 139.369730,   35.476126,       10.32,
 139.374234,   35.476126,       10.75,
 139.378739,   35.476126,       11.22,
 139.383243,   35.476126,       11.72,
 139.387748,   35.476126,       12.26,
 139.392252,   35.476126,       12.84,
 139.396757,   35.476126,       13.45,
 139.401261,   35.476126,       14.10,
 139.405766,   35.476126,       14.79,
 139.410270,   35.476126,       15.52,
 139.414775,   35.476126,       16.28,
 139.419279,   35.476126,       17.08,
 139.423784,   35.476126,       17.92,
 139.428288,   35.476126,       18.79,
 139.432793,   35.476126,       19.70,
 139.437297,   35.476126,       20.65,
 139.441802,   35.476126,       21.63,
 139.446306,   35.476126,       22.66,
 139.450811,   35.476126,       23.72,
 139.455315,   35.476126,       24.81,
 139.459820,   35.476126,       25.95,
 139.464324,   35.476126,       27.12,
 139.468829,   35.476126,       28.32,
 139.473333,   35.476126,       29.57,
 139.477838,   35.476126,       30.85,
 139.482342,   35.476126,       32.17,
 139.486847,   35.476126,       33.53,
 139.491351,   35.476126,       34.87,
 139.495856,   35.476126,       36.05,
 139.500360,   35.476126,       36.97,
 139.504865,   35.476126,       37.31,
 139.509369,   35.476126,       36.46,
 139.513874,   35.476126,       35.34,
 139.518378,   35.476126,       34.24,
 139.522883,   35.476126,       33.18,
 139.527387,   35.476126,       32.15,
 139.531892,   35.476126,       31.17,
 139.536396,   35.476126,       30.23,
 139.540901,   35.476126,       29.33,
 139.545405,   35.476126,       28.50,
 139.549910,   35.476126,       27.72,
 139.554414,   35.476126,       27.02,
 139.558919,   35.476126,       26.40,
 139.563423,   35.476126,       25.88,
 139.567928,   35.476126,       25.47,
 139.572432,   35.476126,       25.11,
 139.576937,   35.476126,       24.83,
 139.581441,   35.476126,       24.63,
 139.585946,   35.476126,       24.50,
 139.590450,   35.476126,       24.37,
 139.594955,   35.476126,       24.20,
 139.599459,   35.476126,       24.01,
 139.603964,   35.476126,       23.78,
 139.608468,   35.476126,       23.50,
 139.612973,   35.476126,       23.17,
 139.617477,   35.476126,       22.83,
 139.621982,   35.476126,       22.48,
 139.626486,   35.476126,       22.16,
 139.630991,   35.476126,       21.75,
 139.635495,   35.476126,       21.46,
 139.640000,   35.476126,       21.73,
 139.644505,   35.476126,       22.04,
 139.649009,   35.476126,       22.54,
 139.653514,   35.476126,       23.04,
 139.658018,   35.476126,       23.77,
 139.662523,   35.476126,       24.52,
 139.667027,   35.476126,       25.33,
 139.671532,   35.476126,       26.35,
 139.676036,   35.476126,       27.45,
 139.680541,   35.476126,       28.23,
 139.685045,   35.476126,       28.99,
 139.689550,   35.476126,       29.49,
 139.694054,   35.476126,       29.96,
 139.698559,   35.476126,       30.55,
 139.703063,   35.476126,       31.22,
 139.707568,   35.476126,       31.94,
 139.712072,   35.476126,       32.63,
 139.716577,   35.476126,       33.27,
 139.721081,   35.476126,       33.86,
 139.725586,   35.476126,       34.38,
 139.730090,   35.476126,       34.83,
 139.734595,   35.476126,       35.06,
 139.739099,   35.476126,       35.21,
 139.743604,   35.476126,       35.25,
 139.748108,   35.476126,       35.33,
 139.752613,   35.476126,       35.38,
 139.757117,   35.476126,       35.63,
 139.761622,   35.476126,       35.96,
 139.766126,   35.476126,       36.38,
 139.770631,   35.476126,       36.78,
 139.775135,   35.476126,       37.15,
 139.779640,   35.476126,       37.49,
 139.784144,   35.476126,       37.77,
 139.788649,   35.476126,       38.05,
 139.793153,   35.476126,       38.27,
 139.797658,   35.476126,       38.49,
 139.802162,   35.476126,       38.70,
 139.806667,   35.476126,       38.88,
 139.811171,   35.476126,       39.04,
 139.815676,   35.476126,       39.21,
 139.820180,   35.476126,       39.38,
 139.824685,   35.476126,       39.51,
 139.829189,   35.476126,       39.65,
 139.833694,   35.476126,       39.78,
 139.838198,   35.476126,       39.92,
 139.842703,   35.476126,       40.04,
 139.847207,   35.476126,       40.11,
 139.851712,   35.476126,       40.18,
 139.856216,   35.476126,       40.24,
 139.860721,   35.476126,       40.30,
 139.865225,   35.476126,       40.34,
 139.869730,   35.476126,       40.36,
 139.874234,   35.476126,       40.38,
 139.878739,   35.476126,       40.46,
 139.883243,   35.476126,       40.62,
 139.887748,   35.476126,       40.84,
 139.892252,   35.476126,       41.17,
 139.896757,   35.476126,       41.50,
 139.901261,   35.476126,       41.97,
 139.905766,   35.476126,       42.45,
 139.910270,   35.476126,       42.83,
 139.914775,   35.476126,       43.19,
 139.919279,   35.476126,       43.50,
 139.923784,   35.476126,       43.77,
 139.928288,   35.476126,       44.00,
 139.932793,   35.476126,       44.22,
 139.937297,   35.476126,       44.40,
 139.941802,   35.476126,       44.63,
 139.946306,   35.476126,       44.82,
 139.950811,   35.476126,       45.02,
 139.955315,   35.476126,       45.24,
 139.959820,   35.476126,       45.48,
 139.964324,   35.476126,       45.69,
 139.968829,   35.476126,       45.93,
 139.973333,   35.476126,       46.18,
 139.977838,   35.476126,       46.41,
 139.982342,   35.476126,       46.73,
 139.986847,   35.476126,       47.01,
 139.991351,   35.476126,       47.33,
 139.995856,   35.476126,       47.68,
 140.000360,   35.476126,       48.04,
 140.004865,   35.476126,       48.40,
 140.009369,   35.476126,       48.74,
 140.013874,   35.476126,       49.06,
 140.018378,   35.476126,       49.36,
 140.022883,   35.476126,       49.66,
 140.027387,   35.476126,       49.97,
 140.031892,   35.476126,       50.13,
 140.036396,   35.476126,       50.06,
 140.040901,   35.476126,       50.02,
 140.045405,   35.476126,       49.99,
 140.049910,   35.476126,       49.97,
 140.054414,   35.476126,       49.94,
 140.058919,   35.476126,       49.92,
 140.063423,   35.476126,       49.90,
 140.067928,   35.476126,       49.89,
 140.072432,   35.476126,       49.87,
 140.076937,   35.476126,       49.85,
 140.081441,   35.476126,       49.83,
 140.085946,   35.476126,       49.82,
 140.090450,   35.476126,       49.80,
 140.094955,   35.476126,       49.79,
 140.099459,   35.476126,       49.77,
 140.103964,   35.476126,       49.75,
 140.108468,   35.476126,       49.73,
 140.112973,   35.476126,       49.68,
 140.117477,   35.476126,       49.63,
 140.121982,   35.476126,       49.57,
 140.126486,   35.476126,       49.49,
 140.130991,   35.476126,       49.42,
 140.135495,   35.476126,       49.34,
 140.140000,   35.476126,       49.25,
 140.144505,   35.476126,       49.17,
 140.149009,   35.476126,       49.09,
 140.153514,   35.476126,       49.00,
 140.158018,   35.476126,       48.89,
 140.162523,   35.476126,       48.77,
 140.167027,   35.476126,       48.65,
 140.171532,   35.476126,       48.53,
 140.176036,   35.476126,       48.41,
 140.180541,   35.476126,       48.25,
 140.185045,   35.476126,       48.02,
 140.189550,   35.476126,       47.76,
 140.194054,   35.476126,       47.50,
 140.198559,   35.476126,       47.22,
 140.203063,   35.476126,       47.20,
 140.207568,   35.476126,       47.18,
 140.212072,   35.476126,       47.16,
 140.216577,   35.476126,       47.14,
 140.221081,   35.476126,       47.12,
 140.225586,   35.476126,       47.10,
 140.230090,   35.476126,       47.08,
 140.234595,   35.476126,       47.06,
 140.239099,   35.476126,       47.03,
 140.243604,   35.476126,       47.01,
 140.248108,   35.476126,       46.98,
 140.252613,   35.476126,       46.96,
 140.257117,   35.476126,       46.93,
 140.261622,   35.476126,       46.91,
 140.266126,   35.476126,       46.88,
 140.270631,   35.476126,       46.85,
 140.275135,   35.476126,       46.82,
 140.279640,   35.476126,       46.79,
 140.284144,   35.476126,       46.76,
 140.288649,   35.476126,       46.73,
 140.293153,   35.476126,       46.70,
 140.297658,   35.476126,       46.67,
 140.302162,   35.476126,       46.64,
 140.306667,   35.476126,       46.60,
 140.311171,   35.476126,       46.57,
 140.315676,   35.476126,       46.53,
 140.320180,   35.476126,       46.50,
 140.324685,   35.476126,       46.46,
 140.329189,   35.476126,       46.43,
 140.333694,   35.476126,       46.39,
 140.338198,   35.476126,       46.35,
 140.342703,   35.476126,       46.31,
 140.347207,   35.476126,       46.27,
 140.351712,   35.476126,       46.23,
 140.356216,   35.476126,       46.19,
 140.360721,   35.476126,       46.15,
 140.365225,   35.476126,       46.11,
 140.369730,   35.476126,       46.07,
 140.374234,   35.476126,       46.02,
 140.378739,   35.476126,       45.98,
 140.383243,   35.476126,       45.93,
 140.387748,   35.476126,       45.89,
 139.140000,   35.480631,       35.93,
 139.144505,   35.480631,       34.46,
 139.149009,   35.480631,       33.01,
 139.153514,   35.480631,       31.61,
 139.158018,   35.480631,       30.24,
 139.162523,   35.480631,       28.92,
 139.167027,   35.480631,       27.62,
 139.171532,   35.480631,       26.37,
 139.176036,   35.480631,       25.15,
 139.180541,   35.480631,       23.97,
 139.185045,   35.480631,       22.83,
 139.189550,   35.480631,       21.72,
 139.194054,   35.480631,       20.65,
 139.198559,   35.480631,       19.62,
 139.203063,   35.480631,       18.62,
 139.207568,   35.480631,       17.66,
 139.212072,   35.480631,       16.74,
 139.216577,   35.480631,       15.86,
 139.221081,   35.480631,       15.01,
 139.225586,   35.480631,       14.20,
 139.230090,   35.480631,       13.43,
 139.234595,   35.480631,       12.69,
 139.239099,   35.480631,       11.99,
 139.243604,   35.480631,       11.33,
 139.248108,   35.480631,       10.71,
 139.252613,   35.480631,       10.12,
 139.257117,   35.480631,        9.57,
 139.261622,   35.480631,        9.06,
 139.266126,   35.480631,        8.58,
 139.270631,   35.480631,        8.14,
 139.275135,   35.480631,        7.74,
 139.279640,   35.480631,        7.37,
 139.284144,   35.480631,        7.05,
 139.288649,   35.480631,        6.75,
 139.293153,   35.480631,        6.50,
 139.297658,   35.480631,        6.28,
 139.302162,   35.480631,        6.11,
 139.306667,   35.480631,        5.96,
 139.311171,   35.480631,        5.86,
 139.315676,   35.480631,        5.79,
 139.320180,   35.480631,        5.76,
 139.324685,   35.480631,        5.76,
 139.329189,   35.480631,        5.81,
 139.333694,   35.480631,        5.89,
 139.338198,   35.480631,        6.01,
 139.342703,   35.480631,        6.16,
 139.347207,   35.480631,        6.35,
 139.351712,   35.480631,        6.58,
 139.356216,   35.480631,        6.85,
 139.360721,   35.480631,        7.15,
 139.365225,   35.480631,        7.49,
 139.369730,   35.480631,        7.87,
 139.374234,   35.480631,        8.28,
 139.378739,   35.480631,        8.73,
 139.383243,   35.480631,        9.22,
 139.387748,   35.480631,        9.75,
 139.392252,   35.480631,       10.31,
 139.396757,   35.480631,       10.91,
 139.401261,   35.480631,       11.54,
 139.405766,   35.480631,       12.22,
 139.410270,   35.480631,       12.93,
 139.414775,   35.480631,       13.68,
 139.419279,   35.480631,       14.46,
 139.423784,   35.480631,       15.28,
 139.428288,   35.480631,       16.14,
 139.432793,   35.480631,       17.04,
 139.437297,   35.480631,       17.97,
 139.441802,   35.480631,       18.94,
 139.446306,   35.480631,       19.95,
 139.450811,   35.480631,       21.00,
 139.455315,   35.480631,       22.08,
 139.459820,   35.480631,       23.20,
 139.464324,   35.480631,       24.35,
 139.468829,   35.480631,       25.55,
 139.473333,   35.480631,       26.78,
 139.477838,   35.480631,       28.04,
 139.482342,   35.480631,       29.35,
 139.486847,   35.480631,       30.69,
 139.491351,   35.480631,       32.07,
 139.495856,   35.480631,       33.48,
 139.500360,   35.480631,       34.76,
 139.504865,   35.480631,       35.85,
 139.509369,   35.480631,       36.55,
 139.513874,   35.480631,       36.28,
 139.518378,   35.480631,       35.17,
 139.522883,   35.480631,       34.07,
 139.527387,   35.480631,       33.00,
 139.531892,   35.480631,       31.97,
 139.536396,   35.480631,       30.98,
 139.540901,   35.480631,       30.03,
 139.545405,   35.480631,       29.13,
 139.549910,   35.480631,       28.28,
 139.554414,   35.480631,       27.50,
 139.558919,   35.480631,       26.78,
 139.563423,   35.480631,       26.13,
 139.567928,   35.480631,       25.59,
 139.572432,   35.480631,       25.15,
 139.576937,   35.480631,       24.78,
 139.581441,   35.480631,       24.48,
 139.585946,   35.480631,       24.26,
 139.590450,   35.480631,       24.11,
 139.594955,   35.480631,       23.98,
 139.599459,   35.480631,       23.81,
 139.603964,   35.480631,       23.61,
 139.608468,   35.480631,       23.36,
 139.612973,   35.480631,       23.08,
 139.617477,   35.480631,       22.74,
 139.621982,   35.480631,       22.40,
 139.626486,   35.480631,       22.09,
 139.630991,   35.480631,       21.75,
 139.635495,   35.480631,       21.28,
 139.640000,   35.480631,       20.85,
 139.644505,   35.480631,       21.13,
 139.649009,   35.480631,       21.45,
 139.653514,   35.480631,       21.68,
 139.658018,   35.480631,       22.01,
 139.662523,   35.480631,       22.60,
 139.667027,   35.480631,       23.21,
 139.671532,   35.480631,       24.21,
 139.676036,   35.480631,       25.45,
 139.680541,   35.480631,       26.51,
 139.685045,   35.480631,       27.37,
 139.689550,   35.480631,       28.39,
 139.694054,   35.480631,       29.12,
 139.698559,   35.480631,       30.02,
 139.703063,   35.480631,       30.85,
 139.707568,   35.480631,       31.53,
 139.712072,   35.480631,       32.20,
 139.716577,   35.480631,       32.86,
 139.721081,   35.480631,       33.52,
 139.725586,   35.480631,       34.07,
 139.730090,   35.480631,       34.56,
 139.734595,   35.480631,       34.94,
 139.739099,   35.480631,       35.21,
 139.743604,   35.480631,       35.28,
 139.748108,   35.480631,       35.36,
 139.752613,   35.480631,       35.39,
 139.757117,   35.480631,       35.51,
 139.761622,   35.480631,       35.80,
 139.766126,   35.480631,       36.24,
 139.770631,   35.480631,       36.65,
 139.775135,   35.480631,       37.03,
 139.779640,   35.480631,       37.37,
 139.784144,   35.480631,       37.66,
 139.788649,   35.480631,       37.94,
 139.793153,   35.480631,       38.19,
 139.797658,   35.480631,       38.42,
 139.802162,   35.480631,       38.65,
 139.806667,   35.480631,       38.82,
 139.811171,   35.480631,       38.98,
 139.815676,   35.480631,       39.15,
 139.820180,   35.480631,       39.32,
 139.824685,   35.480631,       39.48,
 139.829189,   35.480631,       39.63,
 139.833694,   35.480631,       39.76,
 139.838198,   35.480631,       39.90,
 139.842703,   35.480631,       40.03,
 139.847207,   35.480631,       40.11,
 139.851712,   35.480631,       40.18,
 139.856216,   35.480631,       40.24,
 139.860721,   35.480631,       40.28,
 139.865225,   35.480631,       40.30,
 139.869730,   35.480631,       40.33,
 139.874234,   35.480631,       40.35,
 139.878739,   35.480631,       40.36,
 139.883243,   35.480631,       40.39,
 139.887748,   35.480631,       40.41,
 139.892252,   35.480631,       40.62,
 139.896757,   35.480631,       40.77,
 139.901261,   35.480631,       41.09,
 139.905766,   35.480631,       41.58,
 139.910270,   35.480631,       42.02,
 139.914775,   35.480631,       42.41,
 139.919279,   35.480631,       42.81,
 139.923784,   35.480631,       43.16,
 139.928288,   35.480631,       43.44,
 139.932793,   35.480631,       43.71,
 139.937297,   35.480631,       43.98,
 139.941802,   35.480631,       44.22,
 139.946306,   35.480631,       44.45,
 139.950811,   35.480631,       44.66,
 139.955315,   35.480631,       44.88,
 139.959820,   35.480631,       45.11,
 139.964324,   35.480631,       45.36,
 139.968829,   35.480631,       45.61,
 139.973333,   35.480631,       45.88,
 139.977838,   35.480631,       46.14,
 139.982342,   35.480631,       46.40,
 139.986847,   35.480631,       46.71,
 139.991351,   35.480631,       47.03,
 139.995856,   35.480631,       47.36,
 140.000360,   35.480631,       47.70,
 140.004865,   35.480631,       48.07,
 140.009369,   35.480631,       48.45,
 140.013874,   35.480631,       48.82,
 140.018378,   35.480631,       49.13,
 140.022883,   35.480631,       49.44,
 140.027387,   35.480631,       49.76,
 140.031892,   35.480631,       50.08,
 140.036396,   35.480631,       50.27,
 140.040901,   35.480631,       50.23,
 140.045405,   35.480631,       50.20,
 140.049910,   35.480631,       50.17,
 140.054414,   35.480631,       50.15,
 140.058919,   35.480631,       50.14,
 140.063423,   35.480631,       50.12,
 140.067928,   35.480631,       50.11,
 140.072432,   35.480631,       50.09,
 140.076937,   35.480631,       50.08,
 140.081441,   35.480631,       50.06,
 140.085946,   35.480631,       50.05,
 140.090450,   35.480631,       50.04,
 140.094955,   35.480631,       50.02,
 140.099459,   35.480631,       50.01,
 140.103964,   35.480631,       49.99,
 140.108468,   35.480631,       49.97,
 140.112973,   35.480631,       49.93,
 140.117477,   35.480631,       49.87,
 140.121982,   35.480631,       49.80,
 140.126486,   35.480631,       49.73,
 140.130991,   35.480631,       49.65,
 140.135495,   35.480631,       49.56,
 140.140000,   35.480631,       49.48,
 140.144505,   35.480631,       49.39,
 140.149009,   35.480631,       49.30,
 140.153514,   35.480631,       49.21,
 140.158018,   35.480631,       49.09,
 140.162523,   35.480631,       48.97,
 140.167027,   35.480631,       48.84,
 140.171532,   35.480631,       48.71,
 140.176036,   35.480631,       48.58,
 140.180541,   35.480631,       48.36,
 140.185045,   35.480631,       48.11,
 140.189550,   35.480631,       47.83,
 140.194054,   35.480631,       47.55,
 140.198559,   35.480631,       47.44,
 140.203063,   35.480631,       47.42,
 140.207568,   35.480631,       47.40,
 140.212072,   35.480631,       47.38,
 140.216577,   35.480631,       47.36,
 140.221081,   35.480631,       47.34,
 140.225586,   35.480631,       47.32,
 140.230090,   35.480631,       47.30,
 140.234595,   35.480631,       47.28,
 140.239099,   35.480631,       47.26,
 140.243604,   35.480631,       47.23,
 140.248108,   35.480631,       47.21,
 140.252613,   35.480631,       47.18,
 140.257117,   35.480631,       47.16,
 140.261622,   35.480631,       47.13,
 140.266126,   35.480631,       47.10,
 140.270631,   35.480631,       47.08,
 140.275135,   35.480631,       47.05,
 140.279640,   35.480631,       47.02,
 140.284144,   35.480631,       46.99,
 140.288649,   35.480631,       46.96,
 140.293153,   35.480631,       46.93,
 140.297658,   35.480631,       46.90,
 140.302162,   35.480631,       46.86,
 140.306667,   35.480631,       46.83,
 140.311171,   35.480631,       46.80,
 140.315676,   35.480631,       46.76,
 140.320180,   35.480631,       46.73,
 140.324685,   35.480631,       46.69,
 140.329189,   35.480631,       46.66,
 140.333694,   35.480631,       46.62,
 140.338198,   35.480631,       46.58,
 140.342703,   35.480631,       46.54,
 140.347207,   35.480631,       46.50,
 140.351712,   35.480631,       46.46,
 140.356216,   35.480631,       46.42,
 140.360721,   35.480631,       46.38,
 140.365225,   35.480631,       46.34,
 140.369730,   35.480631,       46.30,
 140.374234,   35.480631,       46.25,
 140.378739,   35.480631,       46.21,
 140.383243,   35.480631,       46.17,
 140.387748,   35.480631,       46.12,
 139.140000,   35.485135,       34.19,
 139.144505,   35.485135,       32.70,
 139.149009,   35.485135,       31.24,
 139.153514,   35.485135,       29.83,
 139.158018,   35.485135,       28.44,
 139.162523,   35.485135,       27.10,
 139.167027,   35.485135,       25.79,
 139.171532,   35.485135,       24.52,
 139.176036,   35.485135,       23.29,
 139.180541,   35.485135,       22.09,
 139.185045,   35.485135,       20.94,
 139.189550,   35.485135,       19.81,
 139.194054,   35.485135,       18.73,
 139.198559,   35.485135,       17.68,
 139.203063,   35.485135,       16.67,
 139.207568,   35.485135,       15.70,
 139.212072,   35.485135,       14.76,
 139.216577,   35.485135,       13.87,
 139.221081,   35.485135,       13.00,
 139.225586,   35.485135,       12.18,
 139.230090,   35.485135,       11.39,
 139.234595,   35.485135,       10.64,
 139.239099,   35.485135,        9.93,
 139.243604,   35.485135,        9.25,
 139.248108,   35.485135,        8.61,
 139.252613,   35.485135,        8.01,
 139.257117,   35.485135,        7.44,
 139.261622,   35.485135,        6.92,
 139.266126,   35.485135,        6.43,
 139.270631,   35.485135,        5.97,
 139.275135,   35.485135,        5.55,
 139.279640,   35.485135,        5.18,
 139.284144,   35.485135,        4.83,
 139.288649,   35.485135,        4.53,
 139.293153,   35.485135,        4.26,
 139.297658,   35.485135,        4.03,
 139.302162,   35.485135,        3.83,
 139.306667,   35.485135,        3.68,
 139.311171,   35.485135,        3.56,
 139.315676,   35.485135,        3.47,
 139.320180,   35.485135,        3.43,
 139.324685,   35.485135,        3.42,
 139.329189,   35.485135,        3.45,
 139.333694,   35.485135,        3.51,
 139.338198,   35.485135,        3.62,
 139.342703,   35.485135,        3.76,
 139.347207,   35.485135,        3.93,
 139.351712,   35.485135,        4.15,
 139.356216,   35.485135,        4.40,
 139.360721,   35.485135,        4.69,
 139.365225,   35.485135,        5.01,
 139.369730,   35.485135,        5.37,
 139.374234,   35.485135,        5.77,
 139.378739,   35.485135,        6.21,
 139.383243,   35.485135,        6.68,
 139.387748,   35.485135,        7.19,
 139.392252,   35.485135,        7.74,
 139.396757,   35.485135,        8.33,
 139.401261,   35.485135,        8.95,
 139.405766,   35.485135,        9.61,
 139.410270,   35.485135,       10.30,
 139.414775,   35.485135,       11.04,
 139.419279,   35.485135,       11.81,
 139.423784,   35.485135,       12.62,
 139.428288,   35.485135,       13.46,
 139.432793,   35.485135,       14.34,
 139.437297,   35.485135,       15.26,
 139.441802,   35.485135,       16.22,
 139.446306,   35.485135,       17.21,
 139.450811,   35.485135,       18.24,
 139.455315,   35.485135,       19.31,
 139.459820,   35.485135,       20.41,
 139.464324,   35.485135,       21.55,
 139.468829,   35.485135,       22.73,
 139.473333,   35.485135,       23.95,
 139.477838,   35.485135,       25.20,
 139.482342,   35.485135,       26.49,
 139.486847,   35.485135,       27.82,
 139.491351,   35.485135,       29.18,
 139.495856,   35.485135,       30.58,
 139.500360,   35.485135,       32.02,
 139.504865,   35.485135,       33.41,
 139.509369,   35.485135,       34.63,
 139.513874,   35.485135,       35.58,
 139.518378,   35.485135,       35.90,
 139.522883,   35.485135,       34.99,
 139.527387,   35.485135,       33.89,
 139.531892,   35.485135,       32.82,
 139.536396,   35.485135,       31.78,
 139.540901,   35.485135,       30.79,
 139.545405,   35.485135,       29.83,
 139.549910,   35.485135,       28.92,
 139.554414,   35.485135,       28.06,
 139.558919,   35.485135,       27.26,
 139.563423,   35.485135,       26.53,
 139.567928,   35.485135,       25.87,
 139.572432,   35.485135,       25.30,
 139.576937,   35.485135,       24.84,
 139.581441,   35.485135,       24.46,
 139.585946,   35.485135,       24.14,
 139.590450,   35.485135,       23.89,
 139.594955,   35.485135,       23.73,
 139.599459,   35.485135,       23.58,
 139.603964,   35.485135,       23.40,
 139.608468,   35.485135,       23.19,
 139.612973,   35.485135,       22.94,
 139.617477,   35.485135,       22.65,
 139.621982,   35.485135,       22.32,
 139.626486,   35.485135,       22.00,
 139.630991,   35.485135,       21.67,
 139.635495,   35.485135,       21.30,
 139.640000,   35.485135,       20.77,
 139.644505,   35.485135,       20.20,
 139.649009,   35.485135,       20.15,
 139.653514,   35.485135,       20.08,
 139.658018,   35.485135,       20.22,
 139.662523,   35.485135,       20.56,
 139.667027,   35.485135,       21.00,
 139.671532,   35.485135,       21.77,
 139.676036,   35.485135,       22.90,
 139.680541,   35.485135,       24.31,
 139.685045,   35.485135,       25.66,
 139.689550,   35.485135,       26.84,
 139.694054,   35.485135,       28.04,
 139.698559,   35.485135,       28.99,
 139.703063,   35.485135,       29.93,
 139.707568,   35.485135,       30.77,
 139.712072,   35.485135,       31.68,
 139.716577,   35.485135,       32.34,
 139.721081,   35.485135,       33.02,
 139.725586,   35.485135,       33.72,
 139.730090,   35.485135,       34.23,
 139.734595,   35.485135,       34.68,
 139.739099,   35.485135,       35.10,
 139.743604,   35.485135,       35.29,
 139.748108,   35.485135,       35.40,
 139.752613,   35.485135,       35.47,
 139.757117,   35.485135,       35.55,
 139.761622,   35.485135,       35.82,
 139.766126,   35.485135,       36.16,
 139.770631,   35.485135,       36.55,
 139.775135,   35.485135,       36.90,
 139.779640,   35.485135,       37.24,
 139.784144,   35.485135,       37.54,
 139.788649,   35.485135,       37.82,
 139.793153,   35.485135,       38.08,
 139.797658,   35.485135,       38.30,
 139.802162,   35.485135,       38.52,
 139.806667,   35.485135,       38.73,
 139.811171,   35.485135,       38.91,
 139.815676,   35.485135,       39.08,
 139.820180,   35.485135,       39.26,
 139.824685,   35.485135,       39.43,
 139.829189,   35.485135,       39.60,
 139.833694,   35.485135,       39.74,
 139.838198,   35.485135,       39.87,
 139.842703,   35.485135,       40.00,
 139.847207,   35.485135,       40.11,
 139.851712,   35.485135,       40.19,
 139.856216,   35.485135,       40.24,
 139.860721,   35.485135,       40.27,
 139.865225,   35.485135,       40.29,
 139.869730,   35.485135,       40.30,
 139.874234,   35.485135,       40.32,
 139.878739,   35.485135,       40.32,
 139.883243,   35.485135,       40.27,
 139.887748,   35.485135,       40.22,
 139.892252,   35.485135,       40.21,
 139.896757,   35.485135,       40.29,
 139.901261,   35.485135,       40.48,
 139.905766,   35.485135,       40.81,
 139.910270,   35.485135,       41.21,
 139.914775,   35.485135,       41.66,
 139.919279,   35.485135,       42.14,
 139.923784,   35.485135,       42.58,
 139.928288,   35.485135,       42.94,
 139.932793,   35.485135,       43.30,
 139.937297,   35.485135,       43.59,
 139.941802,   35.485135,       43.90,
 139.946306,   35.485135,       44.13,
 139.950811,   35.485135,       44.37,
 139.955315,   35.485135,       44.61,
 139.959820,   35.485135,       44.85,
 139.964324,   35.485135,       45.10,
 139.968829,   35.485135,       45.36,
 139.973333,   35.485135,       45.63,
 139.977838,   35.485135,       45.90,
 139.982342,   35.485135,       46.18,
 139.986847,   35.485135,       46.48,
 139.991351,   35.485135,       46.79,
 139.995856,   35.485135,       47.11,
 140.000360,   35.485135,       47.43,
 140.004865,   35.485135,       47.76,
 140.009369,   35.485135,       48.13,
 140.013874,   35.485135,       48.53,
 140.018378,   35.485135,       48.90,
 140.022883,   35.485135,       49.24,
 140.027387,   35.485135,       49.58,
 140.031892,   35.485135,       49.90,
 140.036396,   35.485135,       50.20,
 140.040901,   35.485135,       50.39,
 140.045405,   35.485135,       50.39,
 140.049910,   35.485135,       50.37,
 140.054414,   35.485135,       50.36,
 140.058919,   35.485135,       50.35,
 140.063423,   35.485135,       50.34,
 140.067928,   35.485135,       50.32,
 140.072432,   35.485135,       50.31,
 140.076937,   35.485135,       50.30,
 140.081441,   35.485135,       50.29,
 140.085946,   35.485135,       50.28,
 140.090450,   35.485135,       50.27,
 140.094955,   35.485135,       50.26,
 140.099459,   35.485135,       50.25,
 140.103964,   35.485135,       50.24,
 140.108468,   35.485135,       50.22,
 140.112973,   35.485135,       50.17,
 140.117477,   35.485135,       50.11,
 140.121982,   35.485135,       50.04,
 140.126486,   35.485135,       49.96,
 140.130991,   35.485135,       49.88,
 140.135495,   35.485135,       49.79,
 140.140000,   35.485135,       49.70,
 140.144505,   35.485135,       49.61,
 140.149009,   35.485135,       49.52,
 140.153514,   35.485135,       49.41,
 140.158018,   35.485135,       49.29,
 140.162523,   35.485135,       49.16,
 140.167027,   35.485135,       49.02,
 140.171532,   35.485135,       48.89,
 140.176036,   35.485135,       48.71,
 140.180541,   35.485135,       48.45,
 140.185045,   35.485135,       48.18,
 140.189550,   35.485135,       47.89,
 140.194054,   35.485135,       47.68,
 140.198559,   35.485135,       47.66,
 140.203063,   35.485135,       47.64,
 140.207568,   35.485135,       47.63,
 140.212072,   35.485135,       47.61,
 140.216577,   35.485135,       47.59,
 140.221081,   35.485135,       47.57,
 140.225586,   35.485135,       47.55,
 140.230090,   35.485135,       47.52,
 140.234595,   35.485135,       47.50,
 140.239099,   35.485135,       47.48,
 140.243604,   35.485135,       47.46,
 140.248108,   35.485135,       47.43,
 140.252613,   35.485135,       47.41,
 140.257117,   35.485135,       47.38,
 140.261622,   35.485135,       47.36,
 140.266126,   35.485135,       47.33,
 140.270631,   35.485135,       47.30,
 140.275135,   35.485135,       47.27,
 140.279640,   35.485135,       47.25,
 140.284144,   35.485135,       47.22,
 140.288649,   35.485135,       47.19,
 140.293153,   35.485135,       47.15,
 140.297658,   35.485135,       47.12,
 140.302162,   35.485135,       47.09,
 140.306667,   35.485135,       47.06,
 140.311171,   35.485135,       47.03,
 140.315676,   35.485135,       46.99,
 140.320180,   35.485135,       46.96,
 140.324685,   35.485135,       46.92,
 140.329189,   35.485135,       46.88,
 140.333694,   35.485135,       46.85,
 140.338198,   35.485135,       46.81,
 140.342703,   35.485135,       46.77,
 140.347207,   35.485135,       46.73,
 140.351712,   35.485135,       46.69,
 140.356216,   35.485135,       46.65,
 140.360721,   35.485135,       46.61,
 140.365225,   35.485135,       46.57,
 140.369730,   35.485135,       46.53,
 140.374234,   35.485135,       46.49,
 140.378739,   35.485135,       46.44,
 140.383243,   35.485135,       46.40,
 140.387748,   35.485135,       46.35,
 139.140000,   35.489640,       32.41,
 139.144505,   35.489640,       30.91,
 139.149009,   35.489640,       29.44,
 139.153514,   35.489640,       28.00,
 139.158018,   35.489640,       26.61,
 139.162523,   35.489640,       25.25,
 139.167027,   35.489640,       23.93,
 139.171532,   35.489640,       22.64,
 139.176036,   35.489640,       21.39,
 139.180541,   35.489640,       20.18,
 139.185045,   35.489640,       19.01,
 139.189550,   35.489640,       17.87,
 139.194054,   35.489640,       16.77,
 139.198559,   35.489640,       15.71,
 139.203063,   35.489640,       14.69,
 139.207568,   35.489640,       13.70,
 139.212072,   35.489640,       12.75,
 139.216577,   35.489640,       11.84,
 139.221081,   35.489640,       10.96,
 139.225586,   35.489640,       10.12,
 139.230090,   35.489640,        9.32,
 139.234595,   35.489640,        8.55,
 139.239099,   35.489640,        7.82,
 139.243604,   35.489640,        7.13,
 139.248108,   35.489640,        6.48,
 139.252613,   35.489640,        5.86,
 139.257117,   35.489640,        5.28,
 139.261622,   35.489640,        4.74,
 139.266126,   35.489640,        4.23,
 139.270631,   35.489640,        3.77,
 139.275135,   35.489640,        3.33,
 139.279640,   35.489640,        2.94,
 139.284144,   35.489640,        2.58,
 139.288649,   35.489640,        2.26,
 139.293153,   35.489640,        1.98,
 139.297658,   35.489640,        1.73,
 139.302162,   35.489640,        1.53,
 139.306667,   35.489640,        1.35,
 139.311171,   35.489640,        1.22,
 139.315676,   35.489640,        1.12,
 139.320180,   35.489640,        1.06,
 139.324685,   35.489640,        1.04,
 139.329189,   35.489640,        1.05,
 139.333694,   35.489640,        1.10,
 139.338198,   35.489640,        1.19,
 139.342703,   35.489640,        1.32,
 139.347207,   35.489640,        1.48,
 139.351712,   35.489640,        1.68,
 139.356216,   35.489640,        1.91,
 139.360721,   35.489640,        2.19,
 139.365225,   35.489640,        2.50,
 139.369730,   35.489640,        2.85,
 139.374234,   35.489640,        3.23,
 139.378739,   35.489640,        3.65,
 139.383243,   35.489640,        4.11,
 139.387748,   35.489640,        4.61,
 139.392252,   35.489640,        5.14,
 139.396757,   35.489640,        5.71,
 139.401261,   35.489640,        6.32,
 139.405766,   35.489640,        6.96,
 139.410270,   35.489640,        7.64,
 139.414775,   35.489640,        8.36,
 139.419279,   35.489640,        9.12,
 139.423784,   35.489640,        9.91,
 139.428288,   35.489640,       10.74,
 139.432793,   35.489640,       11.61,
 139.437297,   35.489640,       12.51,
 139.441802,   35.489640,       13.45,
 139.446306,   35.489640,       14.43,
 139.450811,   35.489640,       15.45,
 139.455315,   35.489640,       16.50,
 139.459820,   35.489640,       17.59,
 139.464324,   35.489640,       18.71,
 139.468829,   35.489640,       19.88,
 139.473333,   35.489640,       21.08,
 139.477838,   35.489640,       22.32,
 139.482342,   35.489640,       23.59,
 139.486847,   35.489640,       24.90,
 139.491351,   35.489640,       26.25,
 139.495856,   35.489640,       27.64,
 139.500360,   35.489640,       29.06,
 139.504865,   35.489640,       30.52,
 139.509369,   35.489640,       32.01,
 139.513874,   35.489640,       33.33,
 139.518378,   35.489640,       34.46,
 139.522883,   35.489640,       35.17,
 139.527387,   35.489640,       34.80,
 139.531892,   35.489640,       33.70,
 139.536396,   35.489640,       32.63,
 139.540901,   35.489640,       31.59,
 139.545405,   35.489640,       30.59,
 139.549910,   35.489640,       29.63,
 139.554414,   35.489640,       28.71,
 139.558919,   35.489640,       27.84,
 139.563423,   35.489640,       27.03,
 139.567928,   35.489640,       26.28,
 139.572432,   35.489640,       25.60,
 139.576937,   35.489640,       25.01,
 139.581441,   35.489640,       24.53,
 139.585946,   35.489640,       24.13,
 139.590450,   35.489640,       23.79,
 139.594955,   35.489640,       23.53,
 139.599459,   35.489640,       23.34,
 139.603964,   35.489640,       23.18,
 139.608468,   35.489640,       23.00,
 139.612973,   35.489640,       22.78,
 139.617477,   35.489640,       22.53,
 139.621982,   35.489640,       22.25,
 139.626486,   35.489640,       21.93,
 139.630991,   35.489640,       21.59,
 139.635495,   35.489640,       21.22,
 139.640000,   35.489640,       20.81,
 139.644505,   35.489640,       20.15,
 139.649009,   35.489640,       19.35,
 139.653514,   35.489640,       18.03,
 139.658018,   35.489640,       18.20,
 139.662523,   35.489640,       18.05,
 139.667027,   35.489640,       18.06,
 139.671532,   35.489640,       18.74,
 139.676036,   35.489640,       19.99,
 139.680541,   35.489640,       21.58,
 139.685045,   35.489640,       23.54,
 139.689550,   35.489640,       24.97,
 139.694054,   35.489640,       26.44,
 139.698559,   35.489640,       27.66,
 139.703063,   35.489640,       28.69,
 139.707568,   35.489640,       29.68,
 139.712072,   35.489640,       30.68,
 139.716577,   35.489640,       31.56,
 139.721081,   35.489640,       32.27,
 139.725586,   35.489640,       33.03,
 139.730090,   35.489640,       33.73,
 139.734595,   35.489640,       34.33,
 139.739099,   35.489640,       34.81,
 139.743604,   35.489640,       35.12,
 139.748108,   35.489640,       35.32,
 139.752613,   35.489640,       35.41,
 139.757117,   35.489640,       35.55,
 139.761622,   35.489640,       35.79,
 139.766126,   35.489640,       36.09,
 139.770631,   35.489640,       36.43,
 139.775135,   35.489640,       36.77,
 139.779640,   35.489640,       37.07,
 139.784144,   35.489640,       37.33,
 139.788649,   35.489640,       37.60,
 139.793153,   35.489640,       37.88,
 139.797658,   35.489640,       38.12,
 139.802162,   35.489640,       38.34,
 139.806667,   35.489640,       38.58,
 139.811171,   35.489640,       38.82,
 139.815676,   35.489640,       39.01,
 139.820180,   35.489640,       39.18,
 139.824685,   35.489640,       39.36,
 139.829189,   35.489640,       39.55,
 139.833694,   35.489640,       39.71,
 139.838198,   35.489640,       39.83,
 139.842703,   35.489640,       39.96,
 139.847207,   35.489640,       40.09,
 139.851712,   35.489640,       40.21,
 139.856216,   35.489640,       40.26,
 139.860721,   35.489640,       40.29,
 139.865225,   35.489640,       40.30,
 139.869730,   35.489640,       40.30,
 139.874234,   35.489640,       40.30,
 139.878739,   35.489640,       40.25,
 139.883243,   35.489640,       40.19,
 139.887748,   35.489640,       40.08,
 139.892252,   35.489640,       39.97,
 139.896757,   35.489640,       40.04,
 139.901261,   35.489640,       40.21,
 139.905766,   35.489640,       40.40,
 139.910270,   35.489640,       40.62,
 139.914775,   35.489640,       41.07,
 139.919279,   35.489640,       41.55,
 139.923784,   35.489640,       42.03,
 139.928288,   35.489640,       42.44,
 139.932793,   35.489640,       42.85,
 139.937297,   35.489640,       43.24,
 139.941802,   35.489640,       43.57,
 139.946306,   35.489640,       43.86,
 139.950811,   35.489640,       44.13,
 139.955315,   35.489640,       44.38,
 139.959820,   35.489640,       44.63,
 139.964324,   35.489640,       44.89,
 139.968829,   35.489640,       45.17,
 139.973333,   35.489640,       45.45,
 139.977838,   35.489640,       45.73,
 139.982342,   35.489640,       46.01,
 139.986847,   35.489640,       46.31,
 139.991351,   35.489640,       46.61,
 139.995856,   35.489640,       46.91,
 140.000360,   35.489640,       47.22,
 140.004865,   35.489640,       47.56,
 140.009369,   35.489640,       47.91,
 140.013874,   35.489640,       48.30,
 140.018378,   35.489640,       48.69,
 140.022883,   35.489640,       49.07,
 140.027387,   35.489640,       49.41,
 140.031892,   35.489640,       49.73,
 140.036396,   35.489640,       50.03,
 140.040901,   35.489640,       50.32,
 140.045405,   35.489640,       50.53,
 140.049910,   35.489640,       50.55,
 140.054414,   35.489640,       50.55,
 140.058919,   35.489640,       50.55,
 140.063423,   35.489640,       50.54,
 140.067928,   35.489640,       50.54,
 140.072432,   35.489640,       50.53,
 140.076937,   35.489640,       50.53,
 140.081441,   35.489640,       50.52,
 140.085946,   35.489640,       50.51,
 140.090450,   35.489640,       50.51,
 140.094955,   35.489640,       50.50,
 140.099459,   35.489640,       50.49,
 140.103964,   35.489640,       50.48,
 140.108468,   35.489640,       50.46,
 140.112973,   35.489640,       50.42,
 140.117477,   35.489640,       50.36,
 140.121982,   35.489640,       50.28,
 140.126486,   35.489640,       50.20,
 140.130991,   35.489640,       50.11,
 140.135495,   35.489640,       50.02,
 140.140000,   35.489640,       49.93,
 140.144505,   35.489640,       49.83,
 140.149009,   35.489640,       49.73,
 140.153514,   35.489640,       49.61,
 140.158018,   35.489640,       49.48,
 140.162523,   35.489640,       49.34,
 140.167027,   35.489640,       49.20,
 140.171532,   35.489640,       49.05,
 140.176036,   35.489640,       48.81,
 140.180541,   35.489640,       48.53,
 140.185045,   35.489640,       48.24,
 140.189550,   35.489640,       47.94,
 140.194054,   35.489640,       47.90,
 140.198559,   35.489640,       47.88,
 140.203063,   35.489640,       47.86,
 140.207568,   35.489640,       47.85,
 140.212072,   35.489640,       47.83,
 140.216577,   35.489640,       47.81,
 140.221081,   35.489640,       47.79,
 140.225586,   35.489640,       47.77,
 140.230090,   35.489640,       47.75,
 140.234595,   35.489640,       47.73,
 140.239099,   35.489640,       47.70,
 140.243604,   35.489640,       47.68,
 140.248108,   35.489640,       47.66,
 140.252613,   35.489640,       47.63,
 140.257117,   35.489640,       47.61,
 140.261622,   35.489640,       47.58,
 140.266126,   35.489640,       47.56,
 140.270631,   35.489640,       47.53,
 140.275135,   35.489640,       47.50,
 140.279640,   35.489640,       47.47,
 140.284144,   35.489640,       47.44,
 140.288649,   35.489640,       47.41,
 140.293153,   35.489640,       47.38,
 140.297658,   35.489640,       47.35,
 140.302162,   35.489640,       47.32,
 140.306667,   35.489640,       47.29,
 140.311171,   35.489640,       47.25,
 140.315676,   35.489640,       47.22,
 140.320180,   35.489640,       47.19,
 140.324685,   35.489640,       47.15,
 140.329189,   35.489640,       47.11,
 140.333694,   35.489640,       47.08,
 140.338198,   35.489640,       47.04,
 140.342703,   35.489640,       47.00,
 140.347207,   35.489640,       46.96,
 140.351712,   35.489640,       46.93,
 140.356216,   35.489640,       46.89,
 140.360721,   35.489640,       46.85,
 140.365225,   35.489640,       46.80,
 140.369730,   35.489640,       46.76,
 140.374234,   35.489640,       46.72,
 140.378739,   35.489640,       46.68,
 140.383243,   35.489640,       46.63,
 140.387748,   35.489640,       46.59,
 139.140000,   35.494144,       30.60,
 139.144505,   35.494144,       29.07,
 139.149009,   35.494144,       27.59,
 139.153514,   35.494144,       26.14,
 139.158018,   35.494144,       24.73,
 139.162523,   35.494144,       23.36,
 139.167027,   35.494144,       22.02,
 139.171532,   35.494144,       20.72,
 139.176036,   35.494144,       19.46,
 139.180541,   35.494144,       18.23,
 139.185045,   35.494144,       17.05,
 139.189550,   35.494144,       15.90,
 139.194054,   35.494144,       14.78,
 139.198559,   35.494144,       13.71,
 139.203063,   35.494144,       12.67,
 139.207568,   35.494144,       11.66,
 139.212072,   35.494144,       10.70,
 139.216577,   35.494144,        9.77,
 139.221081,   35.494144,        8.88,
 139.225586,   35.494144,        8.02,
 139.230090,   35.494144,        7.21,
 139.234595,   35.494144,        6.43,
 139.239099,   35.494144,        5.68,
 139.243604,   35.494144,        4.98,
 139.248108,   35.494144,        4.31,
 139.252613,   35.494144,        3.68,
 139.257117,   35.494144,        3.08,
 139.261622,   35.494144,        2.53,
 139.266126,   35.494144,        2.01,
 139.270631,   35.494144,        1.52,
 139.275135,   35.494144,        1.08,
 139.279640,   35.494144,        0.67,
 139.284144,   35.494144,        0.30,
 139.288649,   35.494144,       -0.04,
 139.293153,   35.494144,       -0.34,
 139.297658,   35.494144,       -0.60,
 139.302162,   35.494144,       -0.82,
 139.306667,   35.494144,       -1.01,
 139.311171,   35.494144,       -1.16,
 139.315676,   35.494144,       -1.27,
 139.320180,   35.494144,       -1.34,
 139.324685,   35.494144,       -1.38,
 139.329189,   35.494144,       -1.38,
 139.333694,   35.494144,       -1.35,
 139.338198,   35.494144,       -1.27,
 139.342703,   35.494144,       -1.16,
 139.347207,   35.494144,       -1.01,
 139.351712,   35.494144,       -0.83,
 139.356216,   35.494144,       -0.61,
 139.360721,   35.494144,       -0.35,
 139.365225,   35.494144,       -0.05,
 139.369730,   35.494144,        0.28,
 139.374234,   35.494144,        0.65,
 139.378739,   35.494144,        1.06,
 139.383243,   35.494144,        1.50,
 139.387748,   35.494144,        1.98,
 139.392252,   35.494144,        2.50,
 139.396757,   35.494144,        3.06,
 139.401261,   35.494144,        3.65,
 139.405766,   35.494144,        4.28,
 139.410270,   35.494144,        4.94,
 139.414775,   35.494144,        5.65,
 139.419279,   35.494144,        6.39,
 139.423784,   35.494144,        7.17,
 139.428288,   35.494144,        7.98,
 139.432793,   35.494144,        8.84,
 139.437297,   35.494144,        9.72,
 139.441802,   35.494144,       10.65,
 139.446306,   35.494144,       11.61,
 139.450811,   35.494144,       12.62,
 139.455315,   35.494144,       13.65,
 139.459820,   35.494144,       14.73,
 139.464324,   35.494144,       15.84,
 139.468829,   35.494144,       16.99,
 139.473333,   35.494144,       18.17,
 139.477838,   35.494144,       19.40,
 139.482342,   35.494144,       20.66,
 139.486847,   35.494144,       21.96,
 139.491351,   35.494144,       23.29,
 139.495856,   35.494144,       24.66,
 139.500360,   35.494144,       26.07,
 139.504865,   35.494144,       27.52,
 139.509369,   35.494144,       29.00,
 139.513874,   35.494144,       30.52,
 139.518378,   35.494144,       31.97,
 139.522883,   35.494144,       33.23,
 139.527387,   35.494144,       34.21,
 139.531892,   35.494144,       34.49,
 139.536396,   35.494144,       33.51,
 139.540901,   35.494144,       32.43,
 139.545405,   35.494144,       31.39,
 139.549910,   35.494144,       30.38,
 139.554414,   35.494144,       29.42,
 139.558919,   35.494144,       28.49,
 139.563423,   35.494144,       27.61,
 139.567928,   35.494144,       26.79,
 139.572432,   35.494144,       26.03,
 139.576937,   35.494144,       25.34,
 139.581441,   35.494144,       24.73,
 139.585946,   35.494144,       24.22,
 139.590450,   35.494144,       23.80,
 139.594955,   35.494144,       23.45,
 139.599459,   35.494144,       23.16,
 139.603964,   35.494144,       22.95,
 139.608468,   35.494144,       22.79,
 139.612973,   35.494144,       22.60,
 139.617477,   35.494144,       22.38,
 139.621982,   35.494144,       22.13,
 139.626486,   35.494144,       21.84,
 139.630991,   35.494144,       21.50,
 139.635495,   35.494144,       21.12,
 139.640000,   35.494144,       20.71,
 139.644505,   35.494144,       20.19,
 139.649009,   35.494144,       19.31,
 139.653514,   35.494144,       18.22,
 139.658018,   35.494144,       16.45,
 139.662523,   35.494144,       15.13,
 139.667027,   35.494144,       14.72,
 139.671532,   35.494144,       13.35,
 139.676036,   35.494144,       13.88,
 139.680541,   35.494144,       19.63,
 139.685045,   35.494144,       22.20,
 139.689550,   35.494144,       23.73,
 139.694054,   35.494144,       25.29,
 139.698559,   35.494144,       26.58,
 139.703063,   35.494144,       27.78,
 139.707568,   35.494144,       28.84,
 139.712072,   35.494144,       29.76,
 139.716577,   35.494144,       30.61,
 139.721081,   35.494144,       31.39,
 139.725586,   35.494144,       32.14,
 139.730090,   35.494144,       32.90,
 139.734595,   35.494144,       33.57,
 139.739099,   35.494144,       34.15,
 139.743604,   35.494144,       34.52,
 139.748108,   35.494144,       34.81,
 139.752613,   35.494144,       35.14,
 139.757117,   35.494144,       35.30,
 139.761622,   35.494144,       35.54,
 139.766126,   35.494144,       35.85,
 139.770631,   35.494144,       36.15,
 139.775135,   35.494144,       36.48,
 139.779640,   35.494144,       36.76,
 139.784144,   35.494144,       37.03,
 139.788649,   35.494144,       37.31,
 139.793153,   35.494144,       37.59,
 139.797658,   35.494144,       37.90,
 139.802162,   35.494144,       38.14,
 139.806667,   35.494144,       38.38,
 139.811171,   35.494144,       38.63,
 139.815676,   35.494144,       38.87,
 139.820180,   35.494144,       39.06,
 139.824685,   35.494144,       39.24,
 139.829189,   35.494144,       39.43,
 139.833694,   35.494144,       39.63,
 139.838198,   35.494144,       39.78,
 139.842703,   35.494144,       39.91,
 139.847207,   35.494144,       40.04,
 139.851712,   35.494144,       40.19,
 139.856216,   35.494144,       40.29,
 139.860721,   35.494144,       40.33,
 139.865225,   35.494144,       40.34,
 139.869730,   35.494144,       40.34,
 139.874234,   35.494144,       40.31,
 139.878739,   35.494144,       40.24,
 139.883243,   35.494144,       40.16,
 139.887748,   35.494144,       40.04,
 139.892252,   35.494144,       39.89,
 139.896757,   35.494144,       39.83,
 139.901261,   35.494144,       39.94,
 139.905766,   35.494144,       40.11,
 139.910270,   35.494144,       40.34,
 139.914775,   35.494144,       40.70,
 139.919279,   35.494144,       41.10,
 139.923784,   35.494144,       41.49,
 139.928288,   35.494144,       41.95,
 139.932793,   35.494144,       42.41,
 139.937297,   35.494144,       42.85,
 139.941802,   35.494144,       43.22,
 139.946306,   35.494144,       43.54,
 139.950811,   35.494144,       43.86,
 139.955315,   35.494144,       44.15,
 139.959820,   35.494144,       44.41,
 139.964324,   35.494144,       44.72,
 139.968829,   35.494144,       45.01,
 139.973333,   35.494144,       45.29,
 139.977838,   35.494144,       45.58,
 139.982342,   35.494144,       45.87,
 139.986847,   35.494144,       46.17,
 139.991351,   35.494144,       46.47,
 139.995856,   35.494144,       46.77,
 140.000360,   35.494144,       47.08,
 140.004865,   35.494144,       47.41,
 140.009369,   35.494144,       47.76,
 140.013874,   35.494144,       48.12,
 140.018378,   35.494144,       48.50,
 140.022883,   35.494144,       48.88,
 140.027387,   35.494144,       49.25,
 140.031892,   35.494144,       49.55,
 140.036396,   35.494144,       49.85,
 140.040901,   35.494144,       50.15,
 140.045405,   35.494144,       50.45,
 140.049910,   35.494144,       50.68,
 140.054414,   35.494144,       50.72,
 140.058919,   35.494144,       50.74,
 140.063423,   35.494144,       50.74,
 140.067928,   35.494144,       50.75,
 140.072432,   35.494144,       50.75,
 140.076937,   35.494144,       50.75,
 140.081441,   35.494144,       50.75,
 140.085946,   35.494144,       50.74,
 140.090450,   35.494144,       50.74,
 140.094955,   35.494144,       50.74,
 140.099459,   35.494144,       50.73,
 140.103964,   35.494144,       50.72,
 140.108468,   35.494144,       50.71,
 140.112973,   35.494144,       50.66,
 140.117477,   35.494144,       50.60,
 140.121982,   35.494144,       50.52,
 140.126486,   35.494144,       50.43,
 140.130991,   35.494144,       50.34,
 140.135495,   35.494144,       50.24,
 140.140000,   35.494144,       50.15,
 140.144505,   35.494144,       50.05,
 140.149009,   35.494144,       49.94,
 140.153514,   35.494144,       49.80,
 140.158018,   35.494144,       49.66,
 140.162523,   35.494144,       49.52,
 140.167027,   35.494144,       49.37,
 140.171532,   35.494144,       49.17,
 140.176036,   35.494144,       48.89,
 140.180541,   35.494144,       48.59,
 140.185045,   35.494144,       48.28,
 140.189550,   35.494144,       48.14,
 140.194054,   35.494144,       48.12,
 140.198559,   35.494144,       48.10,
 140.203063,   35.494144,       48.09,
 140.207568,   35.494144,       48.07,
 140.212072,   35.494144,       48.05,
 140.216577,   35.494144,       48.03,
 140.221081,   35.494144,       48.01,
 140.225586,   35.494144,       47.99,
 140.230090,   35.494144,       47.97,
 140.234595,   35.494144,       47.95,
 140.239099,   35.494144,       47.93,
 140.243604,   35.494144,       47.91,
 140.248108,   35.494144,       47.88,
 140.252613,   35.494144,       47.86,
 140.257117,   35.494144,       47.83,
 140.261622,   35.494144,       47.81,
 140.266126,   35.494144,       47.78,
 140.270631,   35.494144,       47.76,
 140.275135,   35.494144,       47.73,
 140.279640,   35.494144,       47.70,
 140.284144,   35.494144,       47.67,
 140.288649,   35.494144,       47.64,
 140.293153,   35.494144,       47.61,
 140.297658,   35.494144,       47.58,
 140.302162,   35.494144,       47.55,
 140.306667,   35.494144,       47.52,
 140.311171,   35.494144,       47.48,
 140.315676,   35.494144,       47.45,
 140.320180,   35.494144,       47.42,
 140.324685,   35.494144,       47.38,
 140.329189,   35.494144,       47.35,
 140.333694,   35.494144,       47.31,
 140.338198,   35.494144,       47.27,
 140.342703,   35.494144,       47.24,
 140.347207,   35.494144,       47.20,
 140.351712,   35.494144,       47.16,
 140.356216,   35.494144,       47.12,
 140.360721,   35.494144,       47.08,
 140.365225,   35.494144,       47.04,
 140.369730,   35.494144,       47.00,
 140.374234,   35.494144,       46.95,
 140.378739,   35.494144,       46.91,
 140.383243,   35.494144,       46.87,
 140.387748,   35.494144,       46.82,
 139.140000,   35.498649,       28.74,
 139.144505,   35.498649,       27.21,
 139.149009,   35.498649,       25.71,
 139.153514,   35.498649,       24.24,
 139.158018,   35.498649,       22.82,
 139.162523,   35.498649,       21.43,
 139.167027,   35.498649,       20.08,
 139.171532,   35.498649,       18.77,
 139.176036,   35.498649,       17.49,
 139.180541,   35.498649,       16.25,
 139.185045,   35.498649,       15.05,
 139.189550,   35.498649,       13.88,
 139.194054,   35.498649,       12.75,
 139.198559,   35.498649,       11.66,
 139.203063,   35.498649,       10.61,
 139.207568,   35.498649,        9.59,
 139.212072,   35.498649,        8.61,
 139.216577,   35.498649,        7.67,
 139.221081,   35.498649,        6.76,
 139.225586,   35.498649,        5.89,
 139.230090,   35.498649,        5.06,
 139.234595,   35.498649,        4.27,
 139.239099,   35.498649,        3.51,
 139.243604,   35.498649,        2.79,
 139.248108,   35.498649,        2.10,
 139.252613,   35.498649,        1.46,
 139.257117,   35.498649,        0.85,
 139.261622,   35.498649,        0.28,
 139.266126,   35.498649,       -0.26,
 139.270631,   35.498649,       -0.76,
 139.275135,   35.498649,       -1.22,
 139.279640,   35.498649,       -1.64,
 139.284144,   35.498649,       -2.03,
 139.288649,   35.498649,       -2.38,
 139.293153,   35.498649,       -2.69,
 139.297658,   35.498649,       -2.96,
 139.302162,   35.498649,       -3.20,
 139.306667,   35.498649,       -3.40,
 139.311171,   35.498649,       -3.57,
 139.315676,   35.498649,       -3.69,
 139.320180,   35.498649,       -3.78,
 139.324685,   35.498649,       -3.84,
 139.329189,   35.498649,       -3.85,
 139.333694,   35.498649,       -3.83,
 139.338198,   35.498649,       -3.77,
 139.342703,   35.498649,       -3.68,
 139.347207,   35.498649,       -3.54,
 139.351712,   35.498649,       -3.37,
 139.356216,   35.498649,       -3.17,
 139.360721,   35.498649,       -2.92,
 139.365225,   35.498649,       -2.64,
 139.369730,   35.498649,       -2.32,
 139.374234,   35.498649,       -1.97,
 139.378739,   35.498649,       -1.58,
 139.383243,   35.498649,       -1.15,
 139.387748,   35.498649,       -0.68,
 139.392252,   35.498649,       -0.18,
 139.396757,   35.498649,        0.36,
 139.401261,   35.498649,        0.94,
 139.405766,   35.498649,        1.56,
 139.410270,   35.498649,        2.21,
 139.414775,   35.498649,        2.90,
 139.419279,   35.498649,        3.62,
 139.423784,   35.498649,        4.39,
 139.428288,   35.498649,        5.19,
 139.432793,   35.498649,        6.03,
 139.437297,   35.498649,        6.90,
 139.441802,   35.498649,        7.81,
 139.446306,   35.498649,        8.76,
 139.450811,   35.498649,        9.75,
 139.455315,   35.498649,       10.77,
 139.459820,   35.498649,       11.83,
 139.464324,   35.498649,       12.93,
 139.468829,   35.498649,       14.06,
 139.473333,   35.498649,       15.23,
 139.477838,   35.498649,       16.44,
 139.482342,   35.498649,       17.69,
 139.486847,   35.498649,       18.97,
 139.491351,   35.498649,       20.29,
 139.495856,   35.498649,       21.65,
 139.500360,   35.498649,       23.04,
 139.504865,   35.498649,       24.47,
 139.509369,   35.498649,       25.94,
 139.513874,   35.498649,       27.45,
 139.518378,   35.498649,       28.99,
 139.522883,   35.498649,       30.55,
 139.527387,   35.498649,       31.91,
 139.531892,   35.498649,       33.08,
 139.536396,   35.498649,       33.80,
 139.540901,   35.498649,       33.31,
 139.545405,   35.498649,       32.23,
 139.549910,   35.498649,       31.19,
 139.554414,   35.498649,       30.17,
 139.558919,   35.498649,       29.20,
 139.563423,   35.498649,       28.27,
 139.567928,   35.498649,       27.38,
 139.572432,   35.498649,       26.55,
 139.576937,   35.498649,       25.78,
 139.581441,   35.498649,       25.07,
 139.585946,   35.498649,       24.44,
 139.590450,   35.498649,       23.90,
 139.594955,   35.498649,       23.47,
 139.599459,   35.498649,       23.10,
 139.603964,   35.498649,       22.79,
 139.608468,   35.498649,       22.56,
 139.612973,   35.498649,       22.39,
 139.617477,   35.498649,       22.20,
 139.621982,   35.498649,       21.98,
 139.626486,   35.498649,       21.72,
 139.630991,   35.498649,       21.42,
 139.635495,   35.498649,       21.04,
 139.640000,   35.498649,       20.63,
 139.644505,   35.498649,       20.16,
 139.649009,   35.498649,       19.52,
 139.653514,   35.498649,       18.38,
 139.658018,   35.498649,       16.93,
 139.662523,   35.498649,       14.52,
 139.667027,   35.498649,       11.46,
 139.671532,   35.498649,        7.24,
 139.676036,   35.498649,        3.94,
 139.680541,   35.498649,       15.38,
 139.685045,   35.498649,       22.12,
 139.689550,   35.498649,       23.40,
 139.694054,   35.498649,       24.75,
 139.698559,   35.498649,       26.23,
 139.703063,   35.498649,       27.45,
 139.707568,   35.498649,       28.35,
 139.712072,   35.498649,       29.14,
 139.716577,   35.498649,       29.82,
 139.721081,   35.498649,       30.56,
 139.725586,   35.498649,       31.32,
 139.730090,   35.498649,       32.05,
 139.734595,   35.498649,       32.74,
 139.739099,   35.498649,       33.32,
 139.743604,   35.498649,       33.78,
 139.748108,   35.498649,       34.06,
 139.752613,   35.498649,       34.36,
 139.757117,   35.498649,       34.68,
 139.761622,   35.498649,       34.97,
 139.766126,   35.498649,       35.29,
 139.770631,   35.498649,       35.66,
 139.775135,   35.498649,       35.96,
 139.779640,   35.498649,       36.27,
 139.784144,   35.498649,       36.56,
 139.788649,   35.498649,       36.91,
 139.793153,   35.498649,       37.23,
 139.797658,   35.498649,       37.51,
 139.802162,   35.498649,       37.85,
 139.806667,   35.498649,       38.14,
 139.811171,   35.498649,       38.39,
 139.815676,   35.498649,       38.65,
 139.820180,   35.498649,       38.89,
 139.824685,   35.498649,       39.08,
 139.829189,   35.498649,       39.29,
 139.833694,   35.498649,       39.51,
 139.838198,   35.498649,       39.71,
 139.842703,   35.498649,       39.85,
 139.847207,   35.498649,       40.00,
 139.851712,   35.498649,       40.16,
 139.856216,   35.498649,       40.31,
 139.860721,   35.498649,       40.39,
 139.865225,   35.498649,       40.40,
 139.869730,   35.498649,       40.39,
 139.874234,   35.498649,       40.35,
 139.878739,   35.498649,       40.27,
 139.883243,   35.498649,       40.19,
 139.887748,   35.498649,       40.07,
 139.892252,   35.498649,       39.94,
 139.896757,   35.498649,       39.82,
 139.901261,   35.498649,       39.79,
 139.905766,   35.498649,       39.81,
 139.910270,   35.498649,       40.03,
 139.914775,   35.498649,       40.38,
 139.919279,   35.498649,       40.74,
 139.923784,   35.498649,       41.10,
 139.928288,   35.498649,       41.51,
 139.932793,   35.498649,       41.97,
 139.937297,   35.498649,       42.43,
 139.941802,   35.498649,       42.87,
 139.946306,   35.498649,       43.21,
 139.950811,   35.498649,       43.56,
 139.955315,   35.498649,       43.89,
 139.959820,   35.498649,       44.21,
 139.964324,   35.498649,       44.53,
 139.968829,   35.498649,       44.86,
 139.973333,   35.498649,       45.16,
 139.977838,   35.498649,       45.45,
 139.982342,   35.498649,       45.75,
 139.986847,   35.498649,       46.06,
 139.991351,   35.498649,       46.36,
 139.995856,   35.498649,       46.67,
 140.000360,   35.498649,       46.98,
 140.004865,   35.498649,       47.29,
 140.009369,   35.498649,       47.63,
 140.013874,   35.498649,       47.95,
 140.018378,   35.498649,       48.31,
 140.022883,   35.498649,       48.69,
 140.027387,   35.498649,       49.05,
 140.031892,   35.498649,       49.37,
 140.036396,   35.498649,       49.67,
 140.040901,   35.498649,       49.98,
 140.045405,   35.498649,       50.30,
 140.049910,   35.498649,       50.60,
 140.054414,   35.498649,       50.83,
 140.058919,   35.498649,       50.90,
 140.063423,   35.498649,       50.93,
 140.067928,   35.498649,       50.95,
 140.072432,   35.498649,       50.96,
 140.076937,   35.498649,       50.97,
 140.081441,   35.498649,       50.97,
 140.085946,   35.498649,       50.97,
 140.090450,   35.498649,       50.97,
 140.094955,   35.498649,       50.97,
 140.099459,   35.498649,       50.97,
 140.103964,   35.498649,       50.97,
 140.108468,   35.498649,       50.96,
 140.112973,   35.498649,       50.91,
 140.117477,   35.498649,       50.85,
 140.121982,   35.498649,       50.76,
 140.126486,   35.498649,       50.67,
 140.130991,   35.498649,       50.57,
 140.135495,   35.498649,       50.47,
 140.140000,   35.498649,       50.37,
 140.144505,   35.498649,       50.26,
 140.149009,   35.498649,       50.14,
 140.153514,   35.498649,       49.99,
 140.158018,   35.498649,       49.84,
 140.162523,   35.498649,       49.69,
 140.167027,   35.498649,       49.52,
 140.171532,   35.498649,       49.25,
 140.176036,   35.498649,       48.94,
 140.180541,   35.498649,       48.63,
 140.185045,   35.498649,       48.37,
 140.189550,   35.498649,       48.36,
 140.194054,   35.498649,       48.34,
 140.198559,   35.498649,       48.33,
 140.203063,   35.498649,       48.31,
 140.207568,   35.498649,       48.29,
 140.212072,   35.498649,       48.28,
 140.216577,   35.498649,       48.26,
 140.221081,   35.498649,       48.24,
 140.225586,   35.498649,       48.22,
 140.230090,   35.498649,       48.20,
 140.234595,   35.498649,       48.18,
 140.239099,   35.498649,       48.15,
 140.243604,   35.498649,       48.13,
 140.248108,   35.498649,       48.11,
 140.252613,   35.498649,       48.09,
 140.257117,   35.498649,       48.06,
 140.261622,   35.498649,       48.04,
 140.266126,   35.498649,       48.01,
 140.270631,   35.498649,       47.98,
 140.275135,   35.498649,       47.96,
 140.279640,   35.498649,       47.93,
 140.284144,   35.498649,       47.90,
 140.288649,   35.498649,       47.87,
 140.293153,   35.498649,       47.84,
 140.297658,   35.498649,       47.81,
 140.302162,   35.498649,       47.78,
 140.306667,   35.498649,       47.75,
 140.311171,   35.498649,       47.71,
 140.315676,   35.498649,       47.68,
 140.320180,   35.498649,       47.65,
 140.324685,   35.498649,       47.61,
 140.329189,   35.498649,       47.58,
 140.333694,   35.498649,       47.54,
 140.338198,   35.498649,       47.50,
 140.342703,   35.498649,       47.47,
 140.347207,   35.498649,       47.43,
 140.351712,   35.498649,       47.39,
 140.356216,   35.498649,       47.35,
 140.360721,   35.498649,       47.31,
 140.365225,   35.498649,       47.27,
 140.369730,   35.498649,       47.23,
 140.374234,   35.498649,       47.19,
 140.378739,   35.498649,       47.15,
 140.383243,   35.498649,       47.10,
 140.387748,   35.498649,       47.06,
 139.140000,   35.503153,       26.85,
 139.144505,   35.503153,       25.30,
 139.149009,   35.503153,       23.79,
 139.153514,   35.503153,       22.31,
 139.158018,   35.503153,       20.87,
 139.162523,   35.503153,       19.47,
 139.167027,   35.503153,       18.10,
 139.171532,   35.503153,       16.77,
 139.176036,   35.503153,       15.48,
 139.180541,   35.503153,       14.23,
 139.185045,   35.503153,       13.01,
 139.189550,   35.503153,       11.83,
 139.194054,   35.503153,       10.69,
 139.198559,   35.503153,        9.58,
 139.203063,   35.503153,        8.51,
 139.207568,   35.503153,        7.48,
 139.212072,   35.503153,        6.48,
 139.216577,   35.503153,        5.53,
 139.221081,   35.503153,        4.61,
 139.225586,   35.503153,        3.72,
 139.230090,   35.503153,        2.88,
 139.234595,   35.503153,        2.07,
 139.239099,   35.503153,        1.29,
 139.243604,   35.503153,        0.56,
 139.248108,   35.503153,       -0.14,
 139.252613,   35.503153,       -0.80,
 139.257117,   35.503153,       -1.42,
 139.261622,   35.503153,       -2.01,
 139.266126,   35.503153,       -2.56,
 139.270631,   35.503153,       -3.07,
 139.275135,   35.503153,       -3.55,
 139.279640,   35.503153,       -3.99,
 139.284144,   35.503153,       -4.39,
 139.288649,   35.503153,       -4.75,
 139.293153,   35.503153,       -5.08,
 139.297658,   35.503153,       -5.37,
 139.302162,   35.503153,       -5.62,
 139.306667,   35.503153,       -5.84,
 139.311171,   35.503153,       -6.02,
 139.315676,   35.503153,       -6.16,
 139.320180,   35.503153,       -6.26,
 139.324685,   35.503153,       -6.33,
 139.329189,   35.503153,       -6.36,
 139.333694,   35.503153,       -6.35,
 139.338198,   35.503153,       -6.31,
 139.342703,   35.503153,       -6.23,
 139.347207,   35.503153,       -6.11,
 139.351712,   35.503153,       -5.96,
 139.356216,   35.503153,       -5.76,
 139.360721,   35.503153,       -5.53,
 139.365225,   35.503153,       -5.27,
 139.369730,   35.503153,       -4.96,
 139.374234,   35.503153,       -4.62,
 139.378739,   35.503153,       -4.25,
 139.383243,   35.503153,       -3.83,
 139.387748,   35.503153,       -3.38,
 139.392252,   35.503153,       -2.89,
 139.396757,   35.503153,       -2.36,
 139.401261,   35.503153,       -1.80,
 139.405766,   35.503153,       -1.20,
 139.410270,   35.503153,       -0.56,
 139.414775,   35.503153,        0.11,
 139.419279,   35.503153,        0.82,
 139.423784,   35.503153,        1.57,
 139.428288,   35.503153,        2.36,
 139.432793,   35.503153,        3.18,
 139.437297,   35.503153,        4.04,
 139.441802,   35.503153,        4.94,
 139.446306,   35.503153,        5.87,
 139.450811,   35.503153,        6.84,
 139.455315,   35.503153,        7.85,
 139.459820,   35.503153,        8.90,
 139.464324,   35.503153,        9.98,
 139.468829,   35.503153,       11.10,
 139.473333,   35.503153,       12.26,
 139.477838,   35.503153,       13.45,
 139.482342,   35.503153,       14.68,
 139.486847,   35.503153,       15.95,
 139.491351,   35.503153,       17.25,
 139.495856,   35.503153,       18.60,
 139.500360,   35.503153,       19.97,
 139.504865,   35.503153,       21.39,
 139.509369,   35.503153,       22.84,
 139.513874,   35.503153,       24.33,
 139.518378,   35.503153,       25.86,
 139.522883,   35.503153,       27.43,
 139.527387,   35.503153,       29.03,
 139.531892,   35.503153,       30.53,
 139.536396,   35.503153,       31.84,
 139.540901,   35.503153,       32.85,
 139.545405,   35.503153,       33.06,
 139.549910,   35.503153,       32.03,
 139.554414,   35.503153,       30.98,
 139.558919,   35.503153,       29.96,
 139.563423,   35.503153,       28.98,
 139.567928,   35.503153,       28.04,
 139.572432,   35.503153,       27.15,
 139.576937,   35.503153,       26.31,
 139.581441,   35.503153,       25.52,
 139.585946,   35.503153,       24.80,
 139.590450,   35.503153,       24.15,
 139.594955,   35.503153,       23.59,
 139.599459,   35.503153,       23.14,
 139.603964,   35.503153,       22.75,
 139.608468,   35.503153,       22.43,
 139.612973,   35.503153,       22.18,
 139.617477,   35.503153,       22.01,
 139.621982,   35.503153,       21.81,
 139.626486,   35.503153,       21.59,
 139.630991,   35.503153,       21.31,
 139.635495,   35.503153,       20.98,
 139.640000,   35.503153,       20.59,
 139.644505,   35.503153,       20.14,
 139.649009,   35.503153,       19.60,
 139.653514,   35.503153,       18.84,
 139.658018,   35.503153,       17.59,
 139.662523,   35.503153,       16.17,
 139.667027,   35.503153,       14.26,
 139.671532,   35.503153,       12.30,
 139.676036,   35.503153,       10.28,
 139.680541,   35.503153,        8.09,
 139.685045,   35.503153,       11.40,
 139.689550,   35.503153,       17.13,
 139.694054,   35.503153,       22.33,
 139.698559,   35.503153,       26.00,
 139.703063,   35.503153,       27.29,
 139.707568,   35.503153,       28.05,
 139.712072,   35.503153,       28.78,
 139.716577,   35.503153,       29.49,
 139.721081,   35.503153,       30.13,
 139.725586,   35.503153,       30.75,
 139.730090,   35.503153,       31.33,
 139.734595,   35.503153,       31.93,
 139.739099,   35.503153,       32.43,
 139.743604,   35.503153,       32.81,
 139.748108,   35.503153,       33.19,
 139.752613,   35.503153,       33.49,
 139.757117,   35.503153,       33.73,
 139.761622,   35.503153,       34.02,
 139.766126,   35.503153,       34.37,
 139.770631,   35.503153,       34.72,
 139.775135,   35.503153,       35.12,
 139.779640,   35.503153,       35.45,
 139.784144,   35.503153,       35.85,
 139.788649,   35.503153,       36.26,
 139.793153,   35.503153,       36.66,
 139.797658,   35.503153,       37.09,
 139.802162,   35.503153,       37.43,
 139.806667,   35.503153,       37.81,
 139.811171,   35.503153,       38.10,
 139.815676,   35.503153,       38.38,
 139.820180,   35.503153,       38.69,
 139.824685,   35.503153,       38.92,
 139.829189,   35.503153,       39.13,
 139.833694,   35.503153,       39.36,
 139.838198,   35.503153,       39.60,
 139.842703,   35.503153,       39.80,
 139.847207,   35.503153,       39.96,
 139.851712,   35.503153,       40.13,
 139.856216,   35.503153,       40.31,
 139.860721,   35.503153,       40.46,
 139.865225,   35.503153,       40.48,
 139.869730,   35.503153,       40.45,
 139.874234,   35.503153,       40.40,
 139.878739,   35.503153,       40.33,
 139.883243,   35.503153,       40.25,
 139.887748,   35.503153,       40.13,
 139.892252,   35.503153,       39.98,
 139.896757,   35.503153,       39.83,
 139.901261,   35.503153,       39.71,
 139.905766,   35.503153,       39.62,
 139.910270,   35.503153,       39.70,
 139.914775,   35.503153,       40.05,
 139.919279,   35.503153,       40.39,
 139.923784,   35.503153,       40.73,
 139.928288,   35.503153,       41.09,
 139.932793,   35.503153,       41.55,
 139.937297,   35.503153,       42.02,
 139.941802,   35.503153,       42.48,
 139.946306,   35.503153,       42.87,
 139.950811,   35.503153,       43.23,
 139.955315,   35.503153,       43.63,
 139.959820,   35.503153,       44.00,
 139.964324,   35.503153,       44.33,
 139.968829,   35.503153,       44.68,
 139.973333,   35.503153,       45.03,
 139.977838,   35.503153,       45.36,
 139.982342,   35.503153,       45.67,
 139.986847,   35.503153,       45.98,
 139.991351,   35.503153,       46.29,
 139.995856,   35.503153,       46.60,
 140.000360,   35.503153,       46.90,
 140.004865,   35.503153,       47.21,
 140.009369,   35.503153,       47.51,
 140.013874,   35.503153,       47.83,
 140.018378,   35.503153,       48.13,
 140.022883,   35.503153,       48.50,
 140.027387,   35.503153,       48.86,
 140.031892,   35.503153,       49.19,
 140.036396,   35.503153,       49.50,
 140.040901,   35.503153,       49.82,
 140.045405,   35.503153,       50.15,
 140.049910,   35.503153,       50.48,
 140.054414,   35.503153,       50.75,
 140.058919,   35.503153,       51.00,
 140.063423,   35.503153,       51.08,
 140.067928,   35.503153,       51.13,
 140.072432,   35.503153,       51.16,
 140.076937,   35.503153,       51.18,
 140.081441,   35.503153,       51.19,
 140.085946,   35.503153,       51.20,
 140.090450,   35.503153,       51.21,
 140.094955,   35.503153,       51.21,
 140.099459,   35.503153,       51.21,
 140.103964,   35.503153,       51.21,
 140.108468,   35.503153,       51.21,
 140.112973,   35.503153,       51.17,
 140.117477,   35.503153,       51.09,
 140.121982,   35.503153,       51.01,
 140.126486,   35.503153,       50.91,
 140.130991,   35.503153,       50.80,
 140.135495,   35.503153,       50.69,
 140.140000,   35.503153,       50.59,
 140.144505,   35.503153,       50.47,
 140.149009,   35.503153,       50.33,
 140.153514,   35.503153,       50.17,
 140.158018,   35.503153,       50.02,
 140.162523,   35.503153,       49.86,
 140.167027,   35.503153,       49.62,
 140.171532,   35.503153,       49.31,
 140.176036,   35.503153,       48.99,
 140.180541,   35.503153,       48.65,
 140.185045,   35.503153,       48.59,
 140.189550,   35.503153,       48.58,
 140.194054,   35.503153,       48.57,
 140.198559,   35.503153,       48.55,
 140.203063,   35.503153,       48.53,
 140.207568,   35.503153,       48.52,
 140.212072,   35.503153,       48.50,
 140.216577,   35.503153,       48.48,
 140.221081,   35.503153,       48.46,
 140.225586,   35.503153,       48.44,
 140.230090,   35.503153,       48.42,
 140.234595,   35.503153,       48.40,
 140.239099,   35.503153,       48.38,
 140.243604,   35.503153,       48.36,
 140.248108,   35.503153,       48.34,
 140.252613,   35.503153,       48.31,
 140.257117,   35.503153,       48.29,
 140.261622,   35.503153,       48.26,
 140.266126,   35.503153,       48.24,
 140.270631,   35.503153,       48.21,
 140.275135,   35.503153,       48.18,
 140.279640,   35.503153,       48.16,
 140.284144,   35.503153,       48.13,
 140.288649,   35.503153,       48.10,
 140.293153,   35.503153,       48.07,
 140.297658,   35.503153,       48.04,
 140.302162,   35.503153,       48.01,
 140.306667,   35.503153,       47.98,
 140.311171,   35.503153,       47.95,
 140.315676,   35.503153,       47.91,
 140.320180,   35.503153,       47.88,
 140.324685,   35.503153,       47.84,
 140.329189,   35.503153,       47.81,
 140.333694,   35.503153,       47.77,
 140.338198,   35.503153,       47.74,
 140.342703,   35.503153,       47.70,
 140.347207,   35.503153,       47.66,
 140.351712,   35.503153,       47.63,
 140.356216,   35.503153,       47.59,
 140.360721,   35.503153,       47.55,
 140.365225,   35.503153,       47.51,
 140.369730,   35.503153,       47.47,
 140.374234,   35.503153,       47.42,
 140.378739,   35.503153,       47.38,
 140.383243,   35.503153,       47.34,
 140.387748,   35.503153,       47.29,
 139.140000,   35.507658,       24.92,
 139.144505,   35.507658,       23.36,
 139.149009,   35.507658,       21.83,
 139.153514,   35.507658,       20.34,
 139.158018,   35.507658,       18.88,
 139.162523,   35.507658,       17.47,
 139.167027,   35.507658,       16.09,
 139.171532,   35.507658,       14.74,
 139.176036,   35.507658,       13.44,
 139.180541,   35.507658,       12.17,
 139.185045,   35.507658,       10.93,
 139.189550,   35.507658,        9.74,
 139.194054,   35.507658,        8.58,
 139.198559,   35.507658,        7.46,
 139.203063,   35.507658,        6.38,
 139.207568,   35.507658,        5.33,
 139.212072,   35.507658,        4.32,
 139.216577,   35.507658,        3.35,
 139.221081,   35.507658,        2.41,
 139.225586,   35.507658,        1.52,
 139.230090,   35.507658,        0.65,
 139.234595,   35.507658,       -0.17,
 139.239099,   35.507658,       -0.96,
 139.243604,   35.507658,       -1.71,
 139.248108,   35.507658,       -2.42,
 139.252613,   35.507658,       -3.10,
 139.257117,   35.507658,       -3.73,
 139.261622,   35.507658,       -4.34,
 139.266126,   35.507658,       -4.90,
 139.270631,   35.507658,       -5.43,
 139.275135,   35.507658,       -5.92,
 139.279640,   35.507658,       -6.37,
 139.284144,   35.507658,       -6.79,
 139.288649,   35.507658,       -7.16,
 139.293153,   35.507658,       -7.51,
 139.297658,   35.507658,       -7.81,
 139.302162,   35.507658,       -8.08,
 139.306667,   35.507658,       -8.31,
 139.311171,   35.507658,       -8.50,
 139.315676,   35.507658,       -8.66,
 139.320180,   35.507658,       -8.78,
 139.324685,   35.507658,       -8.86,
 139.329189,   35.507658,       -8.91,
 139.333694,   35.507658,       -8.91,
 139.338198,   35.507658,       -8.88,
 139.342703,   35.507658,       -8.82,
 139.347207,   35.507658,       -8.71,
 139.351712,   35.507658,       -8.57,
 139.356216,   35.507658,       -8.40,
 139.360721,   35.507658,       -8.18,
 139.365225,   35.507658,       -7.93,
 139.369730,   35.507658,       -7.64,
 139.374234,   35.507658,       -7.32,
 139.378739,   35.507658,       -6.95,
 139.383243,   35.507658,       -6.55,
 139.387748,   35.507658,       -6.12,
 139.392252,   35.507658,       -5.64,
 139.396757,   35.507658,       -5.13,
 139.401261,   35.507658,       -4.58,
 139.405766,   35.507658,       -4.00,
 139.410270,   35.507658,       -3.37,
 139.414775,   35.507658,       -2.71,
 139.419279,   35.507658,       -2.02,
 139.423784,   35.507658,       -1.28,
 139.428288,   35.507658,       -0.51,
 139.432793,   35.507658,        0.30,
 139.437297,   35.507658,        1.14,
 139.441802,   35.507658,        2.02,
 139.446306,   35.507658,        2.94,
 139.450811,   35.507658,        3.90,
 139.455315,   35.507658,        4.89,
 139.459820,   35.507658,        5.92,
 139.464324,   35.507658,        6.99,
 139.468829,   35.507658,        8.10,
 139.473333,   35.507658,        9.24,
 139.477838,   35.507658,       10.42,
 139.482342,   35.507658,       11.63,
 139.486847,   35.507658,       12.89,
 139.491351,   35.507658,       14.18,
 139.495856,   35.507658,       15.51,
 139.500360,   35.507658,       16.87,
 139.504865,   35.507658,       18.27,
 139.509369,   35.507658,       19.71,
 139.513874,   35.507658,       21.19,
 139.518378,   35.507658,       22.70,
 139.522883,   35.507658,       24.25,
 139.527387,   35.507658,       25.84,
 139.531892,   35.507658,       27.46,
 139.536396,   35.507658,       29.09,
 139.540901,   35.507658,       30.51,
 139.545405,   35.507658,       31.72,
 139.549910,   35.507658,       32.45,
 139.554414,   35.507658,       31.82,
 139.558919,   35.507658,       30.76,
 139.563423,   35.507658,       29.74,
 139.567928,   35.507658,       28.76,
 139.572432,   35.507658,       27.81,
 139.576937,   35.507658,       26.91,
 139.581441,   35.507658,       26.06,
 139.585946,   35.507658,       25.26,
 139.590450,   35.507658,       24.52,
 139.594955,   35.507658,       23.86,
 139.599459,   35.507658,       23.27,
 139.603964,   35.507658,       22.80,
 139.608468,   35.507658,       22.40,
 139.612973,   35.507658,       22.07,
 139.617477,   35.507658,       21.81,
 139.621982,   35.507658,       21.63,
 139.626486,   35.507658,       21.43,
 139.630991,   35.507658,       21.19,
 139.635495,   35.507658,       20.90,
 139.640000,   35.507658,       20.56,
 139.644505,   35.507658,       20.14,
 139.649009,   35.507658,       19.68,
 139.653514,   35.507658,       19.14,
 139.658018,   35.507658,       18.39,
 139.662523,   35.507658,       17.32,
 139.667027,   35.507658,       16.21,
 139.671532,   35.507658,       14.91,
 139.676036,   35.507658,       13.66,
 139.680541,   35.507658,       12.50,
 139.685045,   35.507658,       11.67,
 139.689550,   35.507658,       12.73,
 139.694054,   35.507658,       17.45,
 139.698559,   35.507658,       21.79,
 139.703063,   35.507658,       25.70,
 139.707568,   35.507658,       27.80,
 139.712072,   35.507658,       28.51,
 139.716577,   35.507658,       29.19,
 139.721081,   35.507658,       29.76,
 139.725586,   35.507658,       30.26,
 139.730090,   35.507658,       30.74,
 139.734595,   35.507658,       31.18,
 139.739099,   35.507658,       31.49,
 139.743604,   35.507658,       31.78,
 139.748108,   35.507658,       32.11,
 139.752613,   35.507658,       32.35,
 139.757117,   35.507658,       32.51,
 139.761622,   35.507658,       32.72,
 139.766126,   35.507658,       33.11,
 139.770631,   35.507658,       33.50,
 139.775135,   35.507658,       33.92,
 139.779640,   35.507658,       34.43,
 139.784144,   35.507658,       34.87,
 139.788649,   35.507658,       35.37,
 139.793153,   35.507658,       35.89,
 139.797658,   35.507658,       36.38,
 139.802162,   35.507658,       36.92,
 139.806667,   35.507658,       37.33,
 139.811171,   35.507658,       37.71,
 139.815676,   35.507658,       38.04,
 139.820180,   35.507658,       38.37,
 139.824685,   35.507658,       38.69,
 139.829189,   35.507658,       38.93,
 139.833694,   35.507658,       39.17,
 139.838198,   35.507658,       39.42,
 139.842703,   35.507658,       39.70,
 139.847207,   35.507658,       39.90,
 139.851712,   35.507658,       40.08,
 139.856216,   35.507658,       40.26,
 139.860721,   35.507658,       40.46,
 139.865225,   35.507658,       40.57,
 139.869730,   35.507658,       40.54,
 139.874234,   35.507658,       40.49,
 139.878739,   35.507658,       40.41,
 139.883243,   35.507658,       40.32,
 139.887748,   35.507658,       40.18,
 139.892252,   35.507658,       39.99,
 139.896757,   35.507658,       39.82,
 139.901261,   35.507658,       39.68,
 139.905766,   35.507658,       39.56,
 139.910270,   35.507658,       39.51,
 139.914775,   35.507658,       39.73,
 139.919279,   35.507658,       40.05,
 139.923784,   35.507658,       40.37,
 139.928288,   35.507658,       40.68,
 139.932793,   35.507658,       41.13,
 139.937297,   35.507658,       41.60,
 139.941802,   35.507658,       42.08,
 139.946306,   35.507658,       42.52,
 139.950811,   35.507658,       42.92,
 139.955315,   35.507658,       43.34,
 139.959820,   35.507658,       43.77,
 139.964324,   35.507658,       44.14,
 139.968829,   35.507658,       44.50,
 139.973333,   35.507658,       44.87,
 139.977838,   35.507658,       45.25,
 139.982342,   35.507658,       45.59,
 139.986847,   35.507658,       45.91,
 139.991351,   35.507658,       46.23,
 139.995856,   35.507658,       46.54,
 140.000360,   35.507658,       46.84,
 140.004865,   35.507658,       47.14,
 140.009369,   35.507658,       47.43,
 140.013874,   35.507658,       47.72,
 140.018378,   35.507658,       48.02,
 140.022883,   35.507658,       48.34,
 140.027387,   35.507658,       48.69,
 140.031892,   35.507658,       49.02,
 140.036396,   35.507658,       49.34,
 140.040901,   35.507658,       49.68,
 140.045405,   35.507658,       50.01,
 140.049910,   35.507658,       50.34,
 140.054414,   35.507658,       50.65,
 140.058919,   35.507658,       50.90,
 140.063423,   35.507658,       51.17,
 140.067928,   35.507658,       51.28,
 140.072432,   35.507658,       51.34,
 140.076937,   35.507658,       51.38,
 140.081441,   35.507658,       51.40,
 140.085946,   35.507658,       51.42,
 140.090450,   35.507658,       51.44,
 140.094955,   35.507658,       51.45,
 140.099459,   35.507658,       51.46,
 140.103964,   35.507658,       51.46,
 140.108468,   35.507658,       51.46,
 140.112973,   35.507658,       51.42,
 140.117477,   35.507658,       51.35,
 140.121982,   35.507658,       51.25,
 140.126486,   35.507658,       51.14,
 140.130991,   35.507658,       51.03,
 140.135495,   35.507658,       50.92,
 140.140000,   35.507658,       50.80,
 140.144505,   35.507658,       50.68,
 140.149009,   35.507658,       50.52,
 140.153514,   35.507658,       50.35,
 140.158018,   35.507658,       50.18,
 140.162523,   35.507658,       50.00,
 140.167027,   35.507658,       49.69,
 140.171532,   35.507658,       49.35,
 140.176036,   35.507658,       49.01,
 140.180541,   35.507658,       48.83,
 140.185045,   35.507658,       48.82,
 140.189550,   35.507658,       48.80,
 140.194054,   35.507658,       48.79,
 140.198559,   35.507658,       48.77,
 140.203063,   35.507658,       48.76,
 140.207568,   35.507658,       48.74,
 140.212072,   35.507658,       48.73,
 140.216577,   35.507658,       48.71,
 140.221081,   35.507658,       48.69,
 140.225586,   35.507658,       48.67,
 140.230090,   35.507658,       48.65,
 140.234595,   35.507658,       48.63,
 140.239099,   35.507658,       48.61,
 140.243604,   35.507658,       48.59,
 140.248108,   35.507658,       48.56,
 140.252613,   35.507658,       48.54,
 140.257117,   35.507658,       48.52,
 140.261622,   35.507658,       48.49,
 140.266126,   35.507658,       48.47,
 140.270631,   35.507658,       48.44,
 140.275135,   35.507658,       48.41,
 140.279640,   35.507658,       48.39,
 140.284144,   35.507658,       48.36,
 140.288649,   35.507658,       48.33,
 140.293153,   35.507658,       48.30,
 140.297658,   35.507658,       48.27,
 140.302162,   35.507658,       48.24,
 140.306667,   35.507658,       48.21,
 140.311171,   35.507658,       48.18,
 140.315676,   35.507658,       48.14,
 140.320180,   35.507658,       48.11,
 140.324685,   35.507658,       48.08,
 140.329189,   35.507658,       48.04,
 140.333694,   35.507658,       48.01,
 140.338198,   35.507658,       47.97,
 140.342703,   35.507658,       47.93,
 140.347207,   35.507658,       47.90,
 140.351712,   35.507658,       47.86,
 140.356216,   35.507658,       47.82,
 140.360721,   35.507658,       47.78,
 140.365225,   35.507658,       47.74,
 140.369730,   35.507658,       47.70,
 140.374234,   35.507658,       47.66,
 140.378739,   35.507658,       47.62,
 140.383243,   35.507658,       47.57,
 140.387748,   35.507658,       47.53,
 139.140000,   35.512162,       22.96,
 139.144505,   35.512162,       21.38,
 139.149009,   35.512162,       19.84,
 139.153514,   35.512162,       18.33,
 139.158018,   35.512162,       16.86,
 139.162523,   35.512162,       15.43,
 139.167027,   35.512162,       14.03,
 139.171532,   35.512162,       12.67,
 139.176036,   35.512162,       11.35,
 139.180541,   35.512162,       10.07,
 139.185045,   35.512162,        8.82,
 139.189550,   35.512162,        7.61,
 139.194054,   35.512162,        6.44,
 139.198559,   35.512162,        5.31,
 139.203063,   35.512162,        4.21,
 139.207568,   35.512162,        3.15,
 139.212072,   35.512162,        2.12,
 139.216577,   35.512162,        1.13,
 139.221081,   35.512162,        0.18,
 139.225586,   35.512162,       -0.73,
 139.230090,   35.512162,       -1.60,
 139.234595,   35.512162,       -2.44,
 139.239099,   35.512162,       -3.24,
 139.243604,   35.512162,       -4.01,
 139.248108,   35.512162,       -4.74,
 139.252613,   35.512162,       -5.43,
 139.257117,   35.512162,       -6.08,
 139.261622,   35.512162,       -6.70,
 139.266126,   35.512162,       -7.28,
 139.270631,   35.512162,       -7.82,
 139.275135,   35.512162,       -8.32,
 139.279640,   35.512162,       -8.79,
 139.284144,   35.512162,       -9.22,
 139.288649,   35.512162,       -9.61,
 139.293153,   35.512162,       -9.97,
 139.297658,   35.512162,      -10.29,
 139.302162,   35.512162,      -10.57,
 139.306667,   35.512162,      -10.82,
 139.311171,   35.512162,      -11.03,
 139.315676,   35.512162,      -11.20,
 139.320180,   35.512162,      -11.33,
 139.324685,   35.512162,      -11.43,
 139.329189,   35.512162,      -11.49,
 139.333694,   35.512162,      -11.51,
 139.338198,   35.512162,      -11.50,
 139.342703,   35.512162,      -11.44,
 139.347207,   35.512162,      -11.36,
 139.351712,   35.512162,      -11.23,
 139.356216,   35.512162,      -11.07,
 139.360721,   35.512162,      -10.87,
 139.365225,   35.512162,      -10.63,
 139.369730,   35.512162,      -10.36,
 139.374234,   35.512162,      -10.04,
 139.378739,   35.512162,       -9.70,
 139.383243,   35.512162,       -9.31,
 139.387748,   35.512162,       -8.89,
 139.392252,   35.512162,       -8.43,
 139.396757,   35.512162,       -7.93,
 139.401261,   35.512162,       -7.40,
 139.405766,   35.512162,       -6.83,
 139.410270,   35.512162,       -6.22,
 139.414775,   35.512162,       -5.57,
 139.419279,   35.512162,       -4.89,
 139.423784,   35.512162,       -4.17,
 139.428288,   35.512162,       -3.42,
 139.432793,   35.512162,       -2.62,
 139.437297,   35.512162,       -1.79,
 139.441802,   35.512162,       -0.93,
 139.446306,   35.512162,       -0.02,
 139.450811,   35.512162,        0.92,
 139.455315,   35.512162,        1.90,
 139.459820,   35.512162,        2.92,
 139.464324,   35.512162,        3.97,
 139.468829,   35.512162,        5.06,
 139.473333,   35.512162,        6.19,
 139.477838,   35.512162,        7.35,
 139.482342,   35.512162,        8.55,
 139.486847,   35.512162,        9.79,
 139.491351,   35.512162,       11.07,
 139.495856,   35.512162,       12.38,
 139.500360,   35.512162,       13.73,
 139.504865,   35.512162,       15.12,
 139.509369,   35.512162,       16.54,
 139.513874,   35.512162,       18.00,
 139.518378,   35.512162,       19.50,
 139.522883,   35.512162,       21.04,
 139.527387,   35.512162,       22.61,
 139.531892,   35.512162,       24.22,
 139.536396,   35.512162,       25.86,
 139.540901,   35.512162,       27.55,
 139.545405,   35.512162,       29.10,
 139.549910,   35.512162,       30.47,
 139.554414,   35.512162,       31.52,
 139.558919,   35.512162,       31.59,
 139.563423,   35.512162,       30.55,
 139.567928,   35.512162,       29.52,
 139.572432,   35.512162,       28.53,
 139.576937,   35.512162,       27.58,
 139.581441,   35.512162,       26.67,
 139.585946,   35.512162,       25.80,
 139.590450,   35.512162,       24.99,
 139.594955,   35.512162,       24.25,
 139.599459,   35.512162,       23.56,
 139.603964,   35.512162,       22.96,
 139.608468,   35.512162,       22.47,
 139.612973,   35.512162,       22.06,
 139.617477,   35.512162,       21.72,
 139.621982,   35.512162,       21.45,
 139.626486,   35.512162,       21.25,
 139.630991,   35.512162,       21.04,
 139.635495,   35.512162,       20.80,
 139.640000,   35.512162,       20.51,
 139.644505,   35.512162,       20.17,
 139.649009,   35.512162,       19.76,
 139.653514,   35.512162,       19.32,
 139.658018,   35.512162,       18.81,
 139.662523,   35.512162,       18.10,
 139.667027,   35.512162,       17.23,
 139.671532,   35.512162,       16.37,
 139.676036,   35.512162,       15.49,
 139.680541,   35.512162,       14.71,
 139.685045,   35.512162,       14.09,
 139.689550,   35.512162,       13.88,
 139.694054,   35.512162,       14.91,
 139.698559,   35.512162,       18.63,
 139.703063,   35.512162,       22.41,
 139.707568,   35.512162,       25.69,
 139.712072,   35.512162,       28.18,
 139.716577,   35.512162,       28.93,
 139.721081,   35.512162,       29.37,
 139.725586,   35.512162,       29.76,
 139.730090,   35.512162,       30.16,
 139.734595,   35.512162,       30.50,
 139.739099,   35.512162,       30.67,
 139.743604,   35.512162,       30.83,
 139.748108,   35.512162,       30.99,
 139.752613,   35.512162,       31.18,
 139.757117,   35.512162,       31.28,
 139.761622,   35.512162,       31.40,
 139.766126,   35.512162,       31.73,
 139.770631,   35.512162,       32.08,
 139.775135,   35.512162,       32.51,
 139.779640,   35.512162,       32.97,
 139.784144,   35.512162,       33.63,
 139.788649,   35.512162,       34.30,
 139.793153,   35.512162,       34.88,
 139.797658,   35.512162,       35.53,
 139.802162,   35.512162,       36.12,
 139.806667,   35.512162,       36.67,
 139.811171,   35.512162,       37.22,
 139.815676,   35.512162,       37.67,
 139.820180,   35.512162,       38.05,
 139.824685,   35.512162,       38.39,
 139.829189,   35.512162,       38.68,
 139.833694,   35.512162,       38.95,
 139.838198,   35.512162,       39.24,
 139.842703,   35.512162,       39.55,
 139.847207,   35.512162,       39.81,
 139.851712,   35.512162,       40.01,
 139.856216,   35.512162,       40.21,
 139.860721,   35.512162,       40.43,
 139.865225,   35.512162,       40.64,
 139.869730,   35.512162,       40.67,
 139.874234,   35.512162,       40.61,
 139.878739,   35.512162,       40.55,
 139.883243,   35.512162,       40.48,
 139.887748,   35.512162,       40.29,
 139.892252,   35.512162,       40.04,
 139.896757,   35.512162,       39.81,
 139.901261,   35.512162,       39.64,
 139.905766,   35.512162,       39.51,
 139.910270,   35.512162,       39.41,
 139.914775,   35.512162,       39.49,
 139.919279,   35.512162,       39.71,
 139.923784,   35.512162,       40.04,
 139.928288,   35.512162,       40.36,
 139.932793,   35.512162,       40.74,
 139.937297,   35.512162,       41.20,
 139.941802,   35.512162,       41.67,
 139.946306,   35.512162,       42.15,
 139.950811,   35.512162,       42.59,
 139.955315,   35.512162,       43.02,
 139.959820,   35.512162,       43.46,
 139.964324,   35.512162,       43.90,
 139.968829,   35.512162,       44.28,
 139.973333,   35.512162,       44.65,
 139.977838,   35.512162,       45.04,
 139.982342,   35.512162,       45.47,
 139.986847,   35.512162,       45.83,
 139.991351,   35.512162,       46.15,
 139.995856,   35.512162,       46.48,
 140.000360,   35.512162,       46.79,
 140.004865,   35.512162,       47.09,
 140.009369,   35.512162,       47.38,
 140.013874,   35.512162,       47.66,
 140.018378,   35.512162,       47.93,
 140.022883,   35.512162,       48.22,
 140.027387,   35.512162,       48.55,
 140.031892,   35.512162,       48.87,
 140.036396,   35.512162,       49.21,
 140.040901,   35.512162,       49.54,
 140.045405,   35.512162,       49.87,
 140.049910,   35.512162,       50.20,
 140.054414,   35.512162,       50.52,
 140.058919,   35.512162,       50.81,
 140.063423,   35.512162,       51.06,
 140.067928,   35.512162,       51.33,
 140.072432,   35.512162,       51.48,
 140.076937,   35.512162,       51.56,
 140.081441,   35.512162,       51.61,
 140.085946,   35.512162,       51.64,
 140.090450,   35.512162,       51.67,
 140.094955,   35.512162,       51.69,
 140.099459,   35.512162,       51.70,
 140.103964,   35.512162,       51.71,
 140.108468,   35.512162,       51.71,
 140.112973,   35.512162,       51.68,
 140.117477,   35.512162,       51.60,
 140.121982,   35.512162,       51.50,
 140.126486,   35.512162,       51.38,
 140.130991,   35.512162,       51.26,
 140.135495,   35.512162,       51.14,
 140.140000,   35.512162,       51.02,
 140.144505,   35.512162,       50.87,
 140.149009,   35.512162,       50.70,
 140.153514,   35.512162,       50.52,
 140.158018,   35.512162,       50.34,
 140.162523,   35.512162,       50.08,
 140.167027,   35.512162,       49.73,
 140.171532,   35.512162,       49.37,
 140.176036,   35.512162,       49.07,
 140.180541,   35.512162,       49.06,
 140.185045,   35.512162,       49.04,
 140.189550,   35.512162,       49.03,
 140.194054,   35.512162,       49.01,
 140.198559,   35.512162,       49.00,
 140.203063,   35.512162,       48.98,
 140.207568,   35.512162,       48.97,
 140.212072,   35.512162,       48.95,
 140.216577,   35.512162,       48.93,
 140.221081,   35.512162,       48.91,
 140.225586,   35.512162,       48.90,
 140.230090,   35.512162,       48.88,
 140.234595,   35.512162,       48.86,
 140.239099,   35.512162,       48.84,
 140.243604,   35.512162,       48.81,
 140.248108,   35.512162,       48.79,
 140.252613,   35.512162,       48.77,
 140.257117,   35.512162,       48.74,
 140.261622,   35.512162,       48.72,
 140.266126,   35.512162,       48.70,
 140.270631,   35.512162,       48.67,
 140.275135,   35.512162,       48.64,
 140.279640,   35.512162,       48.62,
 140.284144,   35.512162,       48.59,
 140.288649,   35.512162,       48.56,
 140.293153,   35.512162,       48.53,
 140.297658,   35.512162,       48.50,
 140.302162,   35.512162,       48.47,
 140.306667,   35.512162,       48.44,
 140.311171,   35.512162,       48.41,
 140.315676,   35.512162,       48.38,
 140.320180,   35.512162,       48.34,
 140.324685,   35.512162,       48.31,
 140.329189,   35.512162,       48.28,
 140.333694,   35.512162,       48.24,
 140.338198,   35.512162,       48.21,
 140.342703,   35.512162,       48.17,
 140.347207,   35.512162,       48.13,
 140.351712,   35.512162,       48.09,
 140.356216,   35.512162,       48.06,
 140.360721,   35.512162,       48.02,
 140.365225,   35.512162,       47.98,
 140.369730,   35.512162,       47.94,
 140.374234,   35.512162,       47.90,
 140.378739,   35.512162,       47.85,
 140.383243,   35.512162,       47.81,
 140.387748,   35.512162,       47.77,
 139.140000,   35.516667,       20.96,
 139.144505,   35.516667,       19.36,
 139.149009,   35.516667,       17.81,
 139.153514,   35.516667,       16.28,
 139.158018,   35.516667,       14.80,
 139.162523,   35.516667,       13.35,
 139.167027,   35.516667,       11.94,
 139.171532,   35.516667,       10.57,
 139.176036,   35.516667,        9.23,
 139.180541,   35.516667,        7.94,
 139.185045,   35.516667,        6.67,
 139.189550,   35.516667,        5.45,
 139.194054,   35.516667,        4.26,
 139.198559,   35.516667,        3.11,
 139.203063,   35.516667,        2.00,
 139.207568,   35.516667,        0.92,
 139.212072,   35.516667,       -0.12,
 139.216577,   35.516667,       -1.12,
 139.221081,   35.516667,       -2.08,
 139.225586,   35.516667,       -3.01,
 139.230090,   35.516667,       -3.90,
 139.234595,   35.516667,       -4.75,
 139.239099,   35.516667,       -5.57,
 139.243604,   35.516667,       -6.35,
 139.248108,   35.516667,       -7.09,
 139.252613,   35.516667,       -7.80,
 139.257117,   35.516667,       -8.46,
 139.261622,   35.516667,       -9.10,
 139.266126,   35.516667,       -9.69,
 139.270631,   35.516667,      -10.25,
 139.275135,   35.516667,      -10.77,
 139.279640,   35.516667,      -11.25,
 139.284144,   35.516667,      -11.69,
 139.288649,   35.516667,      -12.10,
 139.293153,   35.516667,      -12.47,
 139.297658,   35.516667,      -12.81,
 139.302162,   35.516667,      -13.10,
 139.306667,   35.516667,      -13.36,
 139.311171,   35.516667,      -13.59,
 139.315676,   35.516667,      -13.77,
 139.320180,   35.516667,      -13.92,
 139.324685,   35.516667,      -14.03,
 139.329189,   35.516667,      -14.11,
 139.333694,   35.516667,      -14.14,
 139.338198,   35.516667,      -14.14,
 139.342703,   35.516667,      -14.11,
 139.347207,   35.516667,      -14.03,
 139.351712,   35.516667,      -13.92,
 139.356216,   35.516667,      -13.77,
 139.360721,   35.516667,      -13.59,
 139.365225,   35.516667,      -13.37,
 139.369730,   35.516667,      -13.11,
 139.374234,   35.516667,      -12.81,
 139.378739,   35.516667,      -12.48,
 139.383243,   35.516667,      -12.11,
 139.387748,   35.516667,      -11.70,
 139.392252,   35.516667,      -11.25,
 139.396757,   35.516667,      -10.77,
 139.401261,   35.516667,      -10.25,
 139.405766,   35.516667,       -9.70,
 139.410270,   35.516667,       -9.10,
 139.414775,   35.516667,       -8.47,
 139.419279,   35.516667,       -7.81,
 139.423784,   35.516667,       -7.10,
 139.428288,   35.516667,       -6.36,
 139.432793,   35.516667,       -5.58,
 139.437297,   35.516667,       -4.76,
 139.441802,   35.516667,       -3.91,
 139.446306,   35.516667,       -3.02,
 139.450811,   35.516667,       -2.09,
 139.455315,   35.516667,       -1.13,
 139.459820,   35.516667,       -0.13,
 139.464324,   35.516667,        0.91,
 139.468829,   35.516667,        1.98,
 139.473333,   35.516667,        3.10,
 139.477838,   35.516667,        4.25,
 139.482342,   35.516667,        5.43,
 139.486847,   35.516667,        6.66,
 139.491351,   35.516667,        7.92,
 139.495856,   35.516667,        9.22,
 139.500360,   35.516667,       10.55,
 139.504865,   35.516667,       11.92,
 139.509369,   35.516667,       13.33,
 139.513874,   35.516667,       14.78,
 139.518378,   35.516667,       16.26,
 139.522883,   35.516667,       17.78,
 139.527387,   35.516667,       19.34,
 139.531892,   35.516667,       20.94,
 139.536396,   35.516667,       22.57,
 139.540901,   35.516667,       24.24,
 139.545405,   35.516667,       25.94,
 139.549910,   35.516667,       27.64,
 139.554414,   35.516667,       29.12,
 139.558919,   35.516667,       30.39,
 139.563423,   35.516667,       31.10,
 139.567928,   35.516667,       30.33,
 139.572432,   35.516667,       29.30,
 139.576937,   35.516667,       28.30,
 139.581441,   35.516667,       27.34,
 139.585946,   35.516667,       26.42,
 139.590450,   35.516667,       25.55,
 139.594955,   35.516667,       24.73,
 139.599459,   35.516667,       23.97,
 139.603964,   35.516667,       23.27,
 139.608468,   35.516667,       22.66,
 139.612973,   35.516667,       22.15,
 139.617477,   35.516667,       21.73,
 139.621982,   35.516667,       21.38,
 139.626486,   35.516667,       21.09,
 139.630991,   35.516667,       20.88,
 139.635495,   35.516667,       20.68,
 139.640000,   35.516667,       20.43,
 139.644505,   35.516667,       20.15,
 139.649009,   35.516667,       19.82,
 139.653514,   35.516667,       19.44,
 139.658018,   35.516667,       19.02,
 139.662523,   35.516667,       18.54,
 139.667027,   35.516667,       17.89,
 139.671532,   35.516667,       17.20,
 139.676036,   35.516667,       16.57,
 139.680541,   35.516667,       16.02,
 139.685045,   35.516667,       15.61,
 139.689550,   35.516667,       15.40,
 139.694054,   35.516667,       15.62,
 139.698559,   35.516667,       16.90,
 139.703063,   35.516667,       20.09,
 139.707568,   35.516667,       23.45,
 139.712072,   35.516667,       26.28,
 139.716577,   35.516667,       28.37,
 139.721081,   35.516667,       28.95,
 139.725586,   35.516667,       29.19,
 139.730090,   35.516667,       29.55,
 139.734595,   35.516667,       29.87,
 139.739099,   35.516667,       29.94,
 139.743604,   35.516667,       29.93,
 139.748108,   35.516667,       29.93,
 139.752613,   35.516667,       29.98,
 139.757117,   35.516667,       30.04,
 139.761622,   35.516667,       30.10,
 139.766126,   35.516667,       30.33,
 139.770631,   35.516667,       30.49,
 139.775135,   35.516667,       30.74,
 139.779640,   35.516667,       31.32,
 139.784144,   35.516667,       32.11,
 139.788649,   35.516667,       32.86,
 139.793153,   35.516667,       33.66,
 139.797658,   35.516667,       34.38,
 139.802162,   35.516667,       35.23,
 139.806667,   35.516667,       35.91,
 139.811171,   35.516667,       36.59,
 139.815676,   35.516667,       37.12,
 139.820180,   35.516667,       37.62,
 139.824685,   35.516667,       37.99,
 139.829189,   35.516667,       38.37,
 139.833694,   35.516667,       38.71,
 139.838198,   35.516667,       39.03,
 139.842703,   35.516667,       39.38,
 139.847207,   35.516667,       39.70,
 139.851712,   35.516667,       39.93,
 139.856216,   35.516667,       40.16,
 139.860721,   35.516667,       40.41,
 139.865225,   35.516667,       40.67,
 139.869730,   35.516667,       40.83,
 139.874234,   35.516667,       40.78,
 139.878739,   35.516667,       40.73,
 139.883243,   35.516667,       40.66,
 139.887748,   35.516667,       40.47,
 139.892252,   35.516667,       40.16,
 139.896757,   35.516667,       39.84,
 139.901261,   35.516667,       39.57,
 139.905766,   35.516667,       39.48,
 139.910270,   35.516667,       39.37,
 139.914775,   35.516667,       39.27,
 139.919279,   35.516667,       39.39,
 139.923784,   35.516667,       39.73,
 139.928288,   35.516667,       40.06,
 139.932793,   35.516667,       40.38,
 139.937297,   35.516667,       40.79,
 139.941802,   35.516667,       41.27,
 139.946306,   35.516667,       41.76,
 139.950811,   35.516667,       42.24,
 139.955315,   35.516667,       42.68,
 139.959820,   35.516667,       43.13,
 139.964324,   35.516667,       43.58,
 139.968829,   35.516667,       44.01,
 139.973333,   35.516667,       44.41,
 139.977838,   35.516667,       44.82,
 139.982342,   35.516667,       45.27,
 139.986847,   35.516667,       45.73,
 139.991351,   35.516667,       46.07,
 139.995856,   35.516667,       46.41,
 140.000360,   35.516667,       46.75,
 140.004865,   35.516667,       47.04,
 140.009369,   35.516667,       47.33,
 140.013874,   35.516667,       47.61,
 140.018378,   35.516667,       47.88,
 140.022883,   35.516667,       48.15,
 140.027387,   35.516667,       48.43,
 140.031892,   35.516667,       48.73,
 140.036396,   35.516667,       49.07,
 140.040901,   35.516667,       49.41,
 140.045405,   35.516667,       49.74,
 140.049910,   35.516667,       50.07,
 140.054414,   35.516667,       50.39,
 140.058919,   35.516667,       50.71,
 140.063423,   35.516667,       50.97,
 140.067928,   35.516667,       51.22,
 140.072432,   35.516667,       51.48,
 140.076937,   35.516667,       51.68,
 140.081441,   35.516667,       51.78,
 140.085946,   35.516667,       51.85,
 140.090450,   35.516667,       51.89,
 140.094955,   35.516667,       51.92,
 140.099459,   35.516667,       51.94,
 140.103964,   35.516667,       51.96,
 140.108468,   35.516667,       51.97,
 140.112973,   35.516667,       51.95,
 140.117477,   35.516667,       51.86,
 140.121982,   35.516667,       51.75,
 140.126486,   35.516667,       51.62,
 140.130991,   35.516667,       51.49,
 140.135495,   35.516667,       51.36,
 140.140000,   35.516667,       51.23,
 140.144505,   35.516667,       51.06,
 140.149009,   35.516667,       50.87,
 140.153514,   35.516667,       50.68,
 140.158018,   35.516667,       50.47,
 140.162523,   35.516667,       50.12,
 140.167027,   35.516667,       49.75,
 140.171532,   35.516667,       49.37,
 140.176036,   35.516667,       49.29,
 140.180541,   35.516667,       49.28,
 140.185045,   35.516667,       49.27,
 140.189550,   35.516667,       49.25,
 140.194054,   35.516667,       49.24,
 140.198559,   35.516667,       49.23,
 140.203063,   35.516667,       49.21,
 140.207568,   35.516667,       49.19,
 140.212072,   35.516667,       49.18,
 140.216577,   35.516667,       49.16,
 140.221081,   35.516667,       49.14,
 140.225586,   35.516667,       49.12,
 140.230090,   35.516667,       49.10,
 140.234595,   35.516667,       49.08,
 140.239099,   35.516667,       49.06,
 140.243604,   35.516667,       49.04,
 140.248108,   35.516667,       49.02,
 140.252613,   35.516667,       49.00,
 140.257117,   35.516667,       48.97,
 140.261622,   35.516667,       48.95,
 140.266126,   35.516667,       48.93,
 140.270631,   35.516667,       48.90,
 140.275135,   35.516667,       48.87,
 140.279640,   35.516667,       48.85,
 140.284144,   35.516667,       48.82,
 140.288649,   35.516667,       48.79,
 140.293153,   35.516667,       48.76,
 140.297658,   35.516667,       48.73,
 140.302162,   35.516667,       48.70,
 140.306667,   35.516667,       48.67,
 140.311171,   35.516667,       48.64,
 140.315676,   35.516667,       48.61,
 140.320180,   35.516667,       48.58,
 140.324685,   35.516667,       48.54,
 140.329189,   35.516667,       48.51,
 140.333694,   35.516667,       48.48,
 140.338198,   35.516667,       48.44,
 140.342703,   35.516667,       48.40,
 140.347207,   35.516667,       48.37,
 140.351712,   35.516667,       48.33,
 140.356216,   35.516667,       48.29,
 140.360721,   35.516667,       48.25,
 140.365225,   35.516667,       48.21,
 140.369730,   35.516667,       48.17,
 140.374234,   35.516667,       48.13,
 140.378739,   35.516667,       48.09,
 140.383243,   35.516667,       48.05,
 140.387748,   35.516667,       48.01,
 139.140000,   35.521171,       18.92,
 139.144505,   35.521171,       17.31,
 139.149009,   35.521171,       15.74,
 139.153514,   35.521171,       14.20,
 139.158018,   35.521171,       12.70,
 139.162523,   35.521171,       11.24,
 139.167027,   35.521171,        9.82,
 139.171532,   35.521171,        8.43,
 139.176036,   35.521171,        7.08,
 139.180541,   35.521171,        5.76,
 139.185045,   35.521171,        4.49,
 139.189550,   35.521171,        3.25,
 139.194054,   35.521171,        2.05,
 139.198559,   35.521171,        0.88,
 139.203063,   35.521171,       -0.25,
 139.207568,   35.521171,       -1.34,
 139.212072,   35.521171,       -2.39,
 139.216577,   35.521171,       -3.41,
 139.221081,   35.521171,       -4.39,
 139.225586,   35.521171,       -5.33,
 139.230090,   35.521171,       -6.23,
 139.234595,   35.521171,       -7.10,
 139.239099,   35.521171,       -7.93,
 139.243604,   35.521171,       -8.73,
 139.248108,   35.521171,       -9.48,
 139.252613,   35.521171,      -10.20,
 139.257117,   35.521171,      -10.89,
 139.261622,   35.521171,      -11.53,
 139.266126,   35.521171,      -12.14,
 139.270631,   35.521171,      -12.71,
 139.275135,   35.521171,      -13.25,
 139.279640,   35.521171,      -13.74,
 139.284144,   35.521171,      -14.20,
 139.288649,   35.521171,      -14.63,
 139.293153,   35.521171,      -15.01,
 139.297658,   35.521171,      -15.36,
 139.302162,   35.521171,      -15.67,
 139.306667,   35.521171,      -15.95,
 139.311171,   35.521171,      -16.18,
 139.315676,   35.521171,      -16.38,
 139.320180,   35.521171,      -16.55,
 139.324685,   35.521171,      -16.67,
 139.329189,   35.521171,      -16.76,
 139.333694,   35.521171,      -16.82,
 139.338198,   35.521171,      -16.83,
 139.342703,   35.521171,      -16.81,
 139.347207,   35.521171,      -16.75,
 139.351712,   35.521171,      -16.65,
 139.356216,   35.521171,      -16.52,
 139.360721,   35.521171,      -16.35,
 139.365225,   35.521171,      -16.14,
 139.369730,   35.521171,      -15.90,
 139.374234,   35.521171,      -15.61,
 139.378739,   35.521171,      -15.30,
 139.383243,   35.521171,      -14.94,
 139.387748,   35.521171,      -14.55,
 139.392252,   35.521171,      -14.12,
 139.396757,   35.521171,      -13.65,
 139.401261,   35.521171,      -13.14,
 139.405766,   35.521171,      -12.60,
 139.410270,   35.521171,      -12.02,
 139.414775,   35.521171,      -11.41,
 139.419279,   35.521171,      -10.76,
 139.423784,   35.521171,      -10.07,
 139.428288,   35.521171,       -9.34,
 139.432793,   35.521171,       -8.58,
 139.437297,   35.521171,       -7.77,
 139.441802,   35.521171,       -6.94,
 139.446306,   35.521171,       -6.06,
 139.450811,   35.521171,       -5.15,
 139.455315,   35.521171,       -4.20,
 139.459820,   35.521171,       -3.21,
 139.464324,   35.521171,       -2.19,
 139.468829,   35.521171,       -1.13,
 139.473333,   35.521171,       -0.03,
 139.477838,   35.521171,        1.11,
 139.482342,   35.521171,        2.28,
 139.486847,   35.521171,        3.49,
 139.491351,   35.521171,        4.73,
 139.495856,   35.521171,        6.02,
 139.500360,   35.521171,        7.34,
 139.504865,   35.521171,        8.69,
 139.509369,   35.521171,       10.09,
 139.513874,   35.521171,       11.52,
 139.518378,   35.521171,       12.99,
 139.522883,   35.521171,       14.50,
 139.527387,   35.521171,       16.04,
 139.531892,   35.521171,       17.62,
 139.536396,   35.521171,       19.24,
 139.540901,   35.521171,       20.89,
 139.545405,   35.521171,       22.58,
 139.549910,   35.521171,       24.31,
 139.554414,   35.521171,       26.08,
 139.558919,   35.521171,       27.69,
 139.563423,   35.521171,       29.12,
 139.567928,   35.521171,       30.21,
 139.572432,   35.521171,       30.10,
 139.576937,   35.521171,       29.07,
 139.581441,   35.521171,       28.06,
 139.585946,   35.521171,       27.10,
 139.590450,   35.521171,       26.17,
 139.594955,   35.521171,       25.29,
 139.599459,   35.521171,       24.46,
 139.603964,   35.521171,       23.69,
 139.608468,   35.521171,       22.98,
 139.612973,   35.521171,       22.36,
 139.617477,   35.521171,       21.83,
 139.621982,   35.521171,       21.40,
 139.626486,   35.521171,       21.03,
 139.630991,   35.521171,       20.74,
 139.635495,   35.521171,       20.53,
 139.640000,   35.521171,       20.33,
 139.644505,   35.521171,       20.10,
 139.649009,   35.521171,       19.83,
 139.653514,   35.521171,       19.51,
 139.658018,   35.521171,       19.14,
 139.662523,   35.521171,       18.75,
 139.667027,   35.521171,       18.30,
 139.671532,   35.521171,       17.75,
 139.676036,   35.521171,       17.23,
 139.680541,   35.521171,       16.81,
 139.685045,   35.521171,       16.54,
 139.689550,   35.521171,       16.43,
 139.694054,   35.521171,       16.55,
 139.698559,   35.521171,       17.11,
 139.703063,   35.521171,       18.55,
 139.707568,   35.521171,       21.43,
 139.712072,   35.521171,       24.38,
 139.716577,   35.521171,       26.83,
 139.721081,   35.521171,       28.52,
 139.725586,   35.521171,       28.92,
 139.730090,   35.521171,       29.07,
 139.734595,   35.521171,       29.26,
 139.739099,   35.521171,       29.17,
 139.743604,   35.521171,       29.00,
 139.748108,   35.521171,       28.84,
 139.752613,   35.521171,       28.78,
 139.757117,   35.521171,       28.81,
 139.761622,   35.521171,       28.75,
 139.766126,   35.521171,       28.56,
 139.770631,   35.521171,       28.63,
 139.775135,   35.521171,       28.81,
 139.779640,   35.521171,       29.48,
 139.784144,   35.521171,       30.32,
 139.788649,   35.521171,       31.19,
 139.793153,   35.521171,       32.09,
 139.797658,   35.521171,       33.02,
 139.802162,   35.521171,       34.10,
 139.806667,   35.521171,       35.04,
 139.811171,   35.521171,       35.82,
 139.815676,   35.521171,       36.46,
 139.820180,   35.521171,       37.08,
 139.824685,   35.521171,       37.52,
 139.829189,   35.521171,       37.96,
 139.833694,   35.521171,       38.38,
 139.838198,   35.521171,       38.75,
 139.842703,   35.521171,       39.14,
 139.847207,   35.521171,       39.54,
 139.851712,   35.521171,       39.87,
 139.856216,   35.521171,       40.15,
 139.860721,   35.521171,       40.42,
 139.865225,   35.521171,       40.69,
 139.869730,   35.521171,       40.92,
 139.874234,   35.521171,       40.94,
 139.878739,   35.521171,       40.91,
 139.883243,   35.521171,       40.87,
 139.887748,   35.521171,       40.70,
 139.892252,   35.521171,       40.39,
 139.896757,   35.521171,       40.08,
 139.901261,   35.521171,       39.80,
 139.905766,   35.521171,       39.63,
 139.910270,   35.521171,       39.50,
 139.914775,   35.521171,       39.32,
 139.919279,   35.521171,       39.24,
 139.923784,   35.521171,       39.57,
 139.928288,   35.521171,       39.90,
 139.932793,   35.521171,       40.17,
 139.937297,   35.521171,       40.40,
 139.941802,   35.521171,       40.91,
 139.946306,   35.521171,       41.41,
 139.950811,   35.521171,       41.88,
 139.955315,   35.521171,       42.34,
 139.959820,   35.521171,       42.81,
 139.964324,   35.521171,       43.27,
 139.968829,   35.521171,       43.72,
 139.973333,   35.521171,       44.15,
 139.977838,   35.521171,       44.60,
 139.982342,   35.521171,       45.07,
 139.986847,   35.521171,       45.54,
 139.991351,   35.521171,       45.94,
 139.995856,   35.521171,       46.29,
 140.000360,   35.521171,       46.65,
 140.004865,   35.521171,       46.99,
 140.009369,   35.521171,       47.29,
 140.013874,   35.521171,       47.57,
 140.018378,   35.521171,       47.84,
 140.022883,   35.521171,       48.11,
 140.027387,   35.521171,       48.38,
 140.031892,   35.521171,       48.67,
 140.036396,   35.521171,       48.98,
 140.040901,   35.521171,       49.31,
 140.045405,   35.521171,       49.63,
 140.049910,   35.521171,       49.96,
 140.054414,   35.521171,       50.28,
 140.058919,   35.521171,       50.59,
 140.063423,   35.521171,       50.87,
 140.067928,   35.521171,       51.12,
 140.072432,   35.521171,       51.38,
 140.076937,   35.521171,       51.63,
 140.081441,   35.521171,       51.88,
 140.085946,   35.521171,       52.02,
 140.090450,   35.521171,       52.10,
 140.094955,   35.521171,       52.15,
 140.099459,   35.521171,       52.19,
 140.103964,   35.521171,       52.21,
 140.108468,   35.521171,       52.22,
 140.112973,   35.521171,       52.22,
 140.117477,   35.521171,       52.13,
 140.121982,   35.521171,       52.00,
 140.126486,   35.521171,       51.86,
 140.130991,   35.521171,       51.72,
 140.135495,   35.521171,       51.58,
 140.140000,   35.521171,       51.43,
 140.144505,   35.521171,       51.23,
 140.149009,   35.521171,       51.03,
 140.153514,   35.521171,       50.83,
 140.158018,   35.521171,       50.53,
 140.162523,   35.521171,       50.14,
 140.167027,   35.521171,       49.75,
 140.171532,   35.521171,       49.53,
 140.176036,   35.521171,       49.52,
 140.180541,   35.521171,       49.50,
 140.185045,   35.521171,       49.49,
 140.189550,   35.521171,       49.48,
 140.194054,   35.521171,       49.47,
 140.198559,   35.521171,       49.45,
 140.203063,   35.521171,       49.44,
 140.207568,   35.521171,       49.42,
 140.212072,   35.521171,       49.40,
 140.216577,   35.521171,       49.39,
 140.221081,   35.521171,       49.37,
 140.225586,   35.521171,       49.35,
 140.230090,   35.521171,       49.33,
 140.234595,   35.521171,       49.31,
 140.239099,   35.521171,       49.29,
 140.243604,   35.521171,       49.27,
 140.248108,   35.521171,       49.25,
 140.252613,   35.521171,       49.23,
 140.257117,   35.521171,       49.20,
 140.261622,   35.521171,       49.18,
 140.266126,   35.521171,       49.16,
 140.270631,   35.521171,       49.13,
 140.275135,   35.521171,       49.11,
 140.279640,   35.521171,       49.08,
 140.284144,   35.521171,       49.05,
 140.288649,   35.521171,       49.02,
 140.293153,   35.521171,       49.00,
 140.297658,   35.521171,       48.97,
 140.302162,   35.521171,       48.94,
 140.306667,   35.521171,       48.91,
 140.311171,   35.521171,       48.88,
 140.315676,   35.521171,       48.84,
 140.320180,   35.521171,       48.81,
 140.324685,   35.521171,       48.78,
 140.329189,   35.521171,       48.75,
 140.333694,   35.521171,       48.71,
 140.338198,   35.521171,       48.68,
 140.342703,   35.521171,       48.64,
 140.347207,   35.521171,       48.60,
 140.351712,   35.521171,       48.57,
 140.356216,   35.521171,       48.53,
 140.360721,   35.521171,       48.49,
 140.365225,   35.521171,       48.45,
 140.369730,   35.521171,       48.41,
 140.374234,   35.521171,       48.37,
 140.378739,   35.521171,       48.33,
 140.383243,   35.521171,       48.29,
 140.387748,   35.521171,       48.25,
 139.140000,   35.525676,       16.84,
 139.144505,   35.525676,       15.22,
 139.149009,   35.525676,       13.63,
 139.153514,   35.525676,       12.08,
 139.158018,   35.525676,       10.57,
 139.162523,   35.525676,        9.09,
 139.167027,   35.525676,        7.65,
 139.171532,   35.525676,        6.25,
 139.176036,   35.525676,        4.88,
 139.180541,   35.525676,        3.56,
 139.185045,   35.525676,        2.27,
 139.189550,   35.525676,        1.01,
 139.194054,   35.525676,       -0.20,
 139.198559,   35.525676,       -1.38,
 139.203063,   35.525676,       -2.53,
 139.207568,   35.525676,       -3.63,
 139.212072,   35.525676,       -4.70,
 139.216577,   35.525676,       -5.73,
 139.221081,   35.525676,       -6.73,
 139.225586,   35.525676,       -7.68,
 139.230090,   35.525676,       -8.60,
 139.234595,   35.525676,       -9.49,
 139.239099,   35.525676,      -10.33,
 139.243604,   35.525676,      -11.14,
 139.248108,   35.525676,      -11.91,
 139.252613,   35.525676,      -12.65,
 139.257117,   35.525676,      -13.34,
 139.261622,   35.525676,      -14.00,
 139.266126,   35.525676,      -14.63,
 139.270631,   35.525676,      -15.21,
 139.275135,   35.525676,      -15.76,
 139.279640,   35.525676,      -16.27,
 139.284144,   35.525676,      -16.75,
 139.288649,   35.525676,      -17.19,
 139.293153,   35.525676,      -17.59,
 139.297658,   35.525676,      -17.95,
 139.302162,   35.525676,      -18.28,
 139.306667,   35.525676,      -18.57,
 139.311171,   35.525676,      -18.82,
 139.315676,   35.525676,      -19.03,
 139.320180,   35.525676,      -19.21,
 139.324685,   35.525676,      -19.35,
 139.329189,   35.525676,      -19.46,
 139.333694,   35.525676,      -19.52,
 139.338198,   35.525676,      -19.55,
 139.342703,   35.525676,      -19.55,
 139.347207,   35.525676,      -19.50,
 139.351712,   35.525676,      -19.42,
 139.356216,   35.525676,      -19.30,
 139.360721,   35.525676,      -19.14,
 139.365225,   35.525676,      -18.95,
 139.369730,   35.525676,      -18.72,
 139.374234,   35.525676,      -18.45,
 139.378739,   35.525676,      -18.15,
 139.383243,   35.525676,      -17.81,
 139.387748,   35.525676,      -17.43,
 139.392252,   35.525676,      -17.02,
 139.396757,   35.525676,      -16.56,
 139.401261,   35.525676,      -16.07,
 139.405766,   35.525676,      -15.55,
 139.410270,   35.525676,      -14.98,
 139.414775,   35.525676,      -14.38,
 139.419279,   35.525676,      -13.74,
 139.423784,   35.525676,      -13.07,
 139.428288,   35.525676,      -12.36,
 139.432793,   35.525676,      -11.61,
 139.437297,   35.525676,      -10.82,
 139.441802,   35.525676,      -10.00,
 139.446306,   35.525676,       -9.14,
 139.450811,   35.525676,       -8.24,
 139.455315,   35.525676,       -7.30,
 139.459820,   35.525676,       -6.33,
 139.464324,   35.525676,       -5.32,
 139.468829,   35.525676,       -4.28,
 139.473333,   35.525676,       -3.19,
 139.477838,   35.525676,       -2.07,
 139.482342,   35.525676,       -0.92,
 139.486847,   35.525676,        0.28,
 139.491351,   35.525676,        1.51,
 139.495856,   35.525676,        2.78,
 139.500360,   35.525676,        4.08,
 139.504865,   35.525676,        5.43,
 139.509369,   35.525676,        6.81,
 139.513874,   35.525676,        8.22,
 139.518378,   35.525676,        9.68,
 139.522883,   35.525676,       11.17,
 139.527387,   35.525676,       12.70,
 139.531892,   35.525676,       14.26,
 139.536396,   35.525676,       15.87,
 139.540901,   35.525676,       17.51,
 139.545405,   35.525676,       19.18,
 139.549910,   35.525676,       20.90,
 139.554414,   35.525676,       22.65,
 139.558919,   35.525676,       24.44,
 139.563423,   35.525676,       26.20,
 139.567928,   35.525676,       27.74,
 139.572432,   35.525676,       29.08,
 139.576937,   35.525676,       29.73,
 139.581441,   35.525676,       28.83,
 139.585946,   35.525676,       27.82,
 139.590450,   35.525676,       26.85,
 139.594955,   35.525676,       25.92,
 139.599459,   35.525676,       25.03,
 139.603964,   35.525676,       24.19,
 139.608468,   35.525676,       23.41,
 139.612973,   35.525676,       22.70,
 139.617477,   35.525676,       22.06,
 139.621982,   35.525676,       21.51,
 139.626486,   35.525676,       21.07,
 139.630991,   35.525676,       20.70,
 139.635495,   35.525676,       20.41,
 139.640000,   35.525676,       20.20,
 139.644505,   35.525676,       20.01,
 139.649009,   35.525676,       19.78,
 139.653514,   35.525676,       19.53,
 139.658018,   35.525676,       19.22,
 139.662523,   35.525676,       18.86,
 139.667027,   35.525676,       18.50,
 139.671532,   35.525676,       18.10,
 139.676036,   35.525676,       17.65,
 139.680541,   35.525676,       17.30,
 139.685045,   35.525676,       17.10,
 139.689550,   35.525676,       17.06,
 139.694054,   35.525676,       17.20,
 139.698559,   35.525676,       17.59,
 139.703063,   35.525676,       18.41,
 139.707568,   35.525676,       20.00,
 139.712072,   35.525676,       22.70,
 139.716577,   35.525676,       25.28,
 139.721081,   35.525676,       27.35,
 139.725586,   35.525676,       28.51,
 139.730090,   35.525676,       28.57,
 139.734595,   35.525676,       28.43,
 139.739099,   35.525676,       28.05,
 139.743604,   35.525676,       27.80,
 139.748108,   35.525676,       27.66,
 139.752613,   35.525676,       27.58,
 139.757117,   35.525676,       27.50,
 139.761622,   35.525676,       26.87,
 139.766126,   35.525676,       26.47,
 139.770631,   35.525676,       26.63,
 139.775135,   35.525676,       26.93,
 139.779640,   35.525676,       27.59,
 139.784144,   35.525676,       28.40,
 139.788649,   35.525676,       29.31,
 139.793153,   35.525676,       30.34,
 139.797658,   35.525676,       31.53,
 139.802162,   35.525676,       32.78,
 139.806667,   35.525676,       33.93,
 139.811171,   35.525676,       34.98,
 139.815676,   35.525676,       35.71,
 139.820180,   35.525676,       36.41,
 139.824685,   35.525676,       37.00,
 139.829189,   35.525676,       37.55,
 139.833694,   35.525676,       38.01,
 139.838198,   35.525676,       38.45,
 139.842703,   35.525676,       38.87,
 139.847207,   35.525676,       39.30,
 139.851712,   35.525676,       39.74,
 139.856216,   35.525676,       40.10,
 139.860721,   35.525676,       40.43,
 139.865225,   35.525676,       40.73,
 139.869730,   35.525676,       40.93,
 139.874234,   35.525676,       40.99,
 139.878739,   35.525676,       41.02,
 139.883243,   35.525676,       41.04,
 139.887748,   35.525676,       40.96,
 139.892252,   35.525676,       40.68,
 139.896757,   35.525676,       40.41,
 139.901261,   35.525676,       40.15,
 139.905766,   35.525676,       39.94,
 139.910270,   35.525676,       39.79,
 139.914775,   35.525676,       39.65,
 139.919279,   35.525676,       39.55,
 139.923784,   35.525676,       39.64,
 139.928288,   35.525676,       39.89,
 139.932793,   35.525676,       40.15,
 139.937297,   35.525676,       40.35,
 139.941802,   35.525676,       40.62,
 139.946306,   35.525676,       41.08,
 139.950811,   35.525676,       41.56,
 139.955315,   35.525676,       42.05,
 139.959820,   35.525676,       42.51,
 139.964324,   35.525676,       42.97,
 139.968829,   35.525676,       43.44,
 139.973333,   35.525676,       43.92,
 139.977838,   35.525676,       44.41,
 139.982342,   35.525676,       44.88,
 139.986847,   35.525676,       45.35,
 139.991351,   35.525676,       45.80,
 139.995856,   35.525676,       46.17,
 140.000360,   35.525676,       46.55,
 140.004865,   35.525676,       46.92,
 140.009369,   35.525676,       47.22,
 140.013874,   35.525676,       47.53,
 140.018378,   35.525676,       47.81,
 140.022883,   35.525676,       48.09,
 140.027387,   35.525676,       48.37,
 140.031892,   35.525676,       48.65,
 140.036396,   35.525676,       48.92,
 140.040901,   35.525676,       49.24,
 140.045405,   35.525676,       49.55,
 140.049910,   35.525676,       49.86,
 140.054414,   35.525676,       50.18,
 140.058919,   35.525676,       50.49,
 140.063423,   35.525676,       50.77,
 140.067928,   35.525676,       51.03,
 140.072432,   35.525676,       51.28,
 140.076937,   35.525676,       51.53,
 140.081441,   35.525676,       51.79,
 140.085946,   35.525676,       52.04,
 140.090450,   35.525676,       52.25,
 140.094955,   35.525676,       52.36,
 140.099459,   35.525676,       52.42,
 140.103964,   35.525676,       52.46,
 140.108468,   35.525676,       52.48,
 140.112973,   35.525676,       52.49,
 140.117477,   35.525676,       52.40,
 140.121982,   35.525676,       52.26,
 140.126486,   35.525676,       52.10,
 140.130991,   35.525676,       51.95,
 140.135495,   35.525676,       51.79,
 140.140000,   35.525676,       51.62,
 140.144505,   35.525676,       51.40,
 140.149009,   35.525676,       51.18,
 140.153514,   35.525676,       50.95,
 140.158018,   35.525676,       50.55,
 140.162523,   35.525676,       50.14,
 140.167027,   35.525676,       49.76,
 140.171532,   35.525676,       49.75,
 140.176036,   35.525676,       49.74,
 140.180541,   35.525676,       49.73,
 140.185045,   35.525676,       49.72,
 140.189550,   35.525676,       49.71,
 140.194054,   35.525676,       49.69,
 140.198559,   35.525676,       49.68,
 140.203063,   35.525676,       49.66,
 140.207568,   35.525676,       49.65,
 140.212072,   35.525676,       49.63,
 140.216577,   35.525676,       49.62,
 140.221081,   35.525676,       49.60,
 140.225586,   35.525676,       49.58,
 140.230090,   35.525676,       49.56,
 140.234595,   35.525676,       49.54,
 140.239099,   35.525676,       49.52,
 140.243604,   35.525676,       49.50,
 140.248108,   35.525676,       49.48,
 140.252613,   35.525676,       49.46,
 140.257117,   35.525676,       49.44,
 140.261622,   35.525676,       49.41,
 140.266126,   35.525676,       49.39,
 140.270631,   35.525676,       49.36,
 140.275135,   35.525676,       49.34,
 140.279640,   35.525676,       49.31,
 140.284144,   35.525676,       49.28,
 140.288649,   35.525676,       49.26,
 140.293153,   35.525676,       49.23,
 140.297658,   35.525676,       49.20,
 140.302162,   35.525676,       49.17,
 140.306667,   35.525676,       49.14,
 140.311171,   35.525676,       49.11,
 140.315676,   35.525676,       49.08,
 140.320180,   35.525676,       49.05,
 140.324685,   35.525676,       49.01,
 140.329189,   35.525676,       48.98,
 140.333694,   35.525676,       48.95,
 140.338198,   35.525676,       48.91,
 140.342703,   35.525676,       48.88,
 140.347207,   35.525676,       48.84,
 140.351712,   35.525676,       48.80,
 140.356216,   35.525676,       48.77,
 140.360721,   35.525676,       48.73,
 140.365225,   35.525676,       48.69,
 140.369730,   35.525676,       48.65,
 140.374234,   35.525676,       48.61,
 140.378739,   35.525676,       48.57,
 140.383243,   35.525676,       48.53,
 140.387748,   35.525676,       48.49,
 139.140000,   35.530180,       14.73,
 139.144505,   35.530180,       13.09,
 139.149009,   35.530180,       11.49,
 139.153514,   35.530180,        9.92,
 139.158018,   35.530180,        8.40,
 139.162523,   35.530180,        6.90,
 139.167027,   35.530180,        5.45,
 139.171532,   35.530180,        4.03,
 139.176036,   35.530180,        2.65,
 139.180541,   35.530180,        1.31,
 139.185045,   35.530180,        0.01,
 139.189550,   35.530180,       -1.26,
 139.194054,   35.530180,       -2.49,
 139.198559,   35.530180,       -3.69,
 139.203063,   35.530180,       -4.85,
 139.207568,   35.530180,       -5.97,
 139.212072,   35.530180,       -7.05,
 139.216577,   35.530180,       -8.09,
 139.221081,   35.530180,       -9.10,
 139.225586,   35.530180,      -10.08,
 139.230090,   35.530180,      -11.01,
 139.234595,   35.530180,      -11.91,
 139.239099,   35.530180,      -12.77,
 139.243604,   35.530180,      -13.59,
 139.248108,   35.530180,      -14.38,
 139.252613,   35.530180,      -15.13,
 139.257117,   35.530180,      -15.84,
 139.261622,   35.530180,      -16.51,
 139.266126,   35.530180,      -17.15,
 139.270631,   35.530180,      -17.75,
 139.275135,   35.530180,      -18.32,
 139.279640,   35.530180,      -18.84,
 139.284144,   35.530180,      -19.33,
 139.288649,   35.530180,      -19.78,
 139.293153,   35.530180,      -20.20,
 139.297658,   35.530180,      -20.58,
 139.302162,   35.530180,      -20.92,
 139.306667,   35.530180,      -21.22,
 139.311171,   35.530180,      -21.49,
 139.315676,   35.530180,      -21.72,
 139.320180,   35.530180,      -21.91,
 139.324685,   35.530180,      -22.07,
 139.329189,   35.530180,      -22.19,
 139.333694,   35.530180,      -22.27,
 139.338198,   35.530180,      -22.31,
 139.342703,   35.530180,      -22.32,
 139.347207,   35.530180,      -22.29,
 139.351712,   35.530180,      -22.22,
 139.356216,   35.530180,      -22.12,
 139.360721,   35.530180,      -21.98,
 139.365225,   35.530180,      -21.80,
 139.369730,   35.530180,      -21.58,
 139.374234,   35.530180,      -21.33,
 139.378739,   35.530180,      -21.04,
 139.383243,   35.530180,      -20.72,
 139.387748,   35.530180,      -20.35,
 139.392252,   35.530180,      -19.95,
 139.396757,   35.530180,      -19.51,
 139.401261,   35.530180,      -19.04,
 139.405766,   35.530180,      -18.53,
 139.410270,   35.530180,      -17.98,
 139.414775,   35.530180,      -17.39,
 139.419279,   35.530180,      -16.77,
 139.423784,   35.530180,      -16.11,
 139.428288,   35.530180,      -15.41,
 139.432793,   35.530180,      -14.68,
 139.437297,   35.530180,      -13.90,
 139.441802,   35.530180,      -13.09,
 139.446306,   35.530180,      -12.25,
 139.450811,   35.530180,      -11.37,
 139.455315,   35.530180,      -10.45,
 139.459820,   35.530180,       -9.49,
 139.464324,   35.530180,       -8.49,
 139.468829,   35.530180,       -7.46,
 139.473333,   35.530180,       -6.39,
 139.477838,   35.530180,       -5.29,
 139.482342,   35.530180,       -4.15,
 139.486847,   35.530180,       -2.97,
 139.491351,   35.530180,       -1.75,
 139.495856,   35.530180,       -0.50,
 139.500360,   35.530180,        0.80,
 139.504865,   35.530180,        2.12,
 139.509369,   35.530180,        3.49,
 139.513874,   35.530180,        4.89,
 139.518378,   35.530180,        6.33,
 139.522883,   35.530180,        7.81,
 139.527387,   35.530180,        9.32,
 139.531892,   35.530180,       10.87,
 139.536396,   35.530180,       12.46,
 139.540901,   35.530180,       14.08,
 139.545405,   35.530180,       15.75,
 139.549910,   35.530180,       17.45,
 139.554414,   35.530180,       19.18,
 139.558919,   35.530180,       20.96,
 139.563423,   35.530180,       22.77,
 139.567928,   35.530180,       24.61,
 139.572432,   35.530180,       26.29,
 139.576937,   35.530180,       27.79,
 139.581441,   35.530180,       28.91,
 139.585946,   35.530180,       28.60,
 139.590450,   35.530180,       27.58,
 139.594955,   35.530180,       26.60,
 139.599459,   35.530180,       25.66,
 139.603964,   35.530180,       24.77,
 139.608468,   35.530180,       23.92,
 139.612973,   35.530180,       23.13,
 139.617477,   35.530180,       22.41,
 139.621982,   35.530180,       21.76,
 139.626486,   35.530180,       21.20,
 139.630991,   35.530180,       20.75,
 139.635495,   35.530180,       20.38,
 139.640000,   35.530180,       20.08,
 139.644505,   35.530180,       19.88,
 139.649009,   35.530180,       19.69,
 139.653514,   35.530180,       19.48,
 139.658018,   35.530180,       19.23,
 139.662523,   35.530180,       18.93,
 139.667027,   35.530180,       18.60,
 139.671532,   35.530180,       18.27,
 139.676036,   35.530180,       17.93,
 139.680541,   35.530180,       17.61,
 139.685045,   35.530180,       17.42,
 139.689550,   35.530180,       17.42,
 139.694054,   35.530180,       17.60,
 139.698559,   35.530180,       17.96,
 139.703063,   35.530180,       18.58,
 139.707568,   35.530180,       19.63,
 139.712072,   35.530180,       21.34,
 139.716577,   35.530180,       23.89,
 139.721081,   35.530180,       26.12,
 139.725586,   35.530180,       27.75,
 139.730090,   35.530180,       28.29,
 139.734595,   35.530180,       28.07,
 139.739099,   35.530180,       27.56,
 139.743604,   35.530180,       26.32,
 139.748108,   35.530180,       25.47,
 139.752613,   35.530180,       25.24,
 139.757117,   35.530180,       24.70,
 139.761622,   35.530180,       24.25,
 139.766126,   35.530180,       24.28,
 139.770631,   35.530180,       24.71,
 139.775135,   35.530180,       25.09,
 139.779640,   35.530180,       25.70,
 139.784144,   35.530180,       26.44,
 139.788649,   35.530180,       27.30,
 139.793153,   35.530180,       28.51,
 139.797658,   35.530180,       29.88,
 139.802162,   35.530180,       31.28,
 139.806667,   35.530180,       32.68,
 139.811171,   35.530180,       33.87,
 139.815676,   35.530180,       34.90,
 139.820180,   35.530180,       35.70,
 139.824685,   35.530180,       36.38,
 139.829189,   35.530180,       37.03,
 139.833694,   35.530180,       37.65,
 139.838198,   35.530180,       38.16,
 139.842703,   35.530180,       38.63,
 139.847207,   35.530180,       39.10,
 139.851712,   35.530180,       39.57,
 139.856216,   35.530180,       40.00,
 139.860721,   35.530180,       40.40,
 139.865225,   35.530180,       40.77,
 139.869730,   35.530180,       40.96,
 139.874234,   35.530180,       41.06,
 139.878739,   35.530180,       41.15,
 139.883243,   35.530180,       41.23,
 139.887748,   35.530180,       41.25,
 139.892252,   35.530180,       41.03,
 139.896757,   35.530180,       40.77,
 139.901261,   35.530180,       40.50,
 139.905766,   35.530180,       40.26,
 139.910270,   35.530180,       40.14,
 139.914775,   35.530180,       40.01,
 139.919279,   35.530180,       39.87,
 139.923784,   35.530180,       39.83,
 139.928288,   35.530180,       39.96,
 139.932793,   35.530180,       40.18,
 139.937297,   35.530180,       40.34,
 139.941802,   35.530180,       40.48,
 139.946306,   35.530180,       40.79,
 139.950811,   35.530180,       41.29,
 139.955315,   35.530180,       41.76,
 139.959820,   35.530180,       42.23,
 139.964324,   35.530180,       42.70,
 139.968829,   35.530180,       43.19,
 139.973333,   35.530180,       43.70,
 139.977838,   35.530180,       44.20,
 139.982342,   35.530180,       44.68,
 139.986847,   35.530180,       45.15,
 139.991351,   35.530180,       45.62,
 139.995856,   35.530180,       46.04,
 140.000360,   35.530180,       46.42,
 140.004865,   35.530180,       46.81,
 140.009369,   35.530180,       47.18,
 140.013874,   35.530180,       47.49,
 140.018378,   35.530180,       47.80,
 140.022883,   35.530180,       48.09,
 140.027387,   35.530180,       48.38,
 140.031892,   35.530180,       48.65,
 140.036396,   35.530180,       48.92,
 140.040901,   35.530180,       49.20,
 140.045405,   35.530180,       49.50,
 140.049910,   35.530180,       49.79,
 140.054414,   35.530180,       50.11,
 140.058919,   35.530180,       50.41,
 140.063423,   35.530180,       50.68,
 140.067928,   35.530180,       50.93,
 140.072432,   35.530180,       51.19,
 140.076937,   35.530180,       51.45,
 140.081441,   35.530180,       51.70,
 140.085946,   35.530180,       51.95,
 140.090450,   35.530180,       52.20,
 140.094955,   35.530180,       52.46,
 140.099459,   35.530180,       52.63,
 140.103964,   35.530180,       52.71,
 140.108468,   35.530180,       52.75,
 140.112973,   35.530180,       52.76,
 140.117477,   35.530180,       52.68,
 140.121982,   35.530180,       52.52,
 140.126486,   35.530180,       52.35,
 140.130991,   35.530180,       52.17,
 140.135495,   35.530180,       52.00,
 140.140000,   35.530180,       51.79,
 140.144505,   35.530180,       51.56,
 140.149009,   35.530180,       51.32,
 140.153514,   35.530180,       50.98,
 140.158018,   35.530180,       50.54,
 140.162523,   35.530180,       50.10,
 140.167027,   35.530180,       49.99,
 140.171532,   35.530180,       49.98,
 140.176036,   35.530180,       49.97,
 140.180541,   35.530180,       49.96,
 140.185045,   35.530180,       49.94,
 140.189550,   35.530180,       49.93,
 140.194054,   35.530180,       49.92,
 140.198559,   35.530180,       49.91,
 140.203063,   35.530180,       49.89,
 140.207568,   35.530180,       49.88,
 140.212072,   35.530180,       49.86,
 140.216577,   35.530180,       49.84,
 140.221081,   35.530180,       49.83,
 140.225586,   35.530180,       49.81,
 140.230090,   35.530180,       49.79,
 140.234595,   35.530180,       49.77,
 140.239099,   35.530180,       49.75,
 140.243604,   35.530180,       49.73,
 140.248108,   35.530180,       49.71,
 140.252613,   35.530180,       49.69,
 140.257117,   35.530180,       49.67,
 140.261622,   35.530180,       49.64,
 140.266126,   35.530180,       49.62,
 140.270631,   35.530180,       49.60,
 140.275135,   35.530180,       49.57,
 140.279640,   35.530180,       49.54,
 140.284144,   35.530180,       49.52,
 140.288649,   35.530180,       49.49,
 140.293153,   35.530180,       49.46,
 140.297658,   35.530180,       49.43,
 140.302162,   35.530180,       49.41,
 140.306667,   35.530180,       49.38,
 140.311171,   35.530180,       49.35,
 140.315676,   35.530180,       49.31,
 140.320180,   35.530180,       49.28,
 140.324685,   35.530180,       49.25,
 140.329189,   35.530180,       49.22,
 140.333694,   35.530180,       49.18,
 140.338198,   35.530180,       49.15,
 140.342703,   35.530180,       49.11,
 140.347207,   35.530180,       49.08,
 140.351712,   35.530180,       49.04,
 140.356216,   35.530180,       49.00,
 140.360721,   35.530180,       48.97,
 140.365225,   35.530180,       48.93,
 140.369730,   35.530180,       48.89,
 140.374234,   35.530180,       48.85,
 140.378739,   35.530180,       48.81,
 140.383243,   35.530180,       48.77,
 140.387748,   35.530180,       48.73,
 139.140000,   35.534685,       12.58,
 139.144505,   35.534685,       10.93,
 139.149009,   35.534685,        9.31,
 139.153514,   35.534685,        7.73,
 139.158018,   35.534685,        6.19,
 139.162523,   35.534685,        4.68,
 139.167027,   35.534685,        3.21,
 139.171532,   35.534685,        1.78,
 139.176036,   35.534685,        0.39,
 139.180541,   35.534685,       -0.97,
 139.185045,   35.534685,       -2.29,
 139.189550,   35.534685,       -3.57,
 139.194054,   35.534685,       -4.82,
 139.198559,   35.534685,       -6.03,
 139.203063,   35.534685,       -7.20,
 139.207568,   35.534685,       -8.34,
 139.212072,   35.534685,       -9.43,
 139.216577,   35.534685,      -10.49,
 139.221081,   35.534685,      -11.52,
 139.225586,   35.534685,      -12.50,
 139.230090,   35.534685,      -13.45,
 139.234595,   35.534685,      -14.37,
 139.239099,   35.534685,      -15.24,
 139.243604,   35.534685,      -16.08,
 139.248108,   35.534685,      -16.88,
 139.252613,   35.534685,      -17.64,
 139.257117,   35.534685,      -18.37,
 139.261622,   35.534685,      -19.06,
 139.266126,   35.534685,      -19.71,
 139.270631,   35.534685,      -20.33,
 139.275135,   35.534685,      -20.91,
 139.279640,   35.534685,      -21.45,
 139.284144,   35.534685,      -21.95,
 139.288649,   35.534685,      -22.42,
 139.293153,   35.534685,      -22.85,
 139.297658,   35.534685,      -23.24,
 139.302162,   35.534685,      -23.60,
 139.306667,   35.534685,      -23.92,
 139.311171,   35.534685,      -24.20,
 139.315676,   35.534685,      -24.44,
 139.320180,   35.534685,      -24.65,
 139.324685,   35.534685,      -24.82,
 139.329189,   35.534685,      -24.95,
 139.333694,   35.534685,      -25.05,
 139.338198,   35.534685,      -25.11,
 139.342703,   35.534685,      -25.13,
 139.347207,   35.534685,      -25.12,
 139.351712,   35.534685,      -25.06,
 139.356216,   35.534685,      -24.98,
 139.360721,   35.534685,      -24.85,
 139.365225,   35.534685,      -24.69,
 139.369730,   35.534685,      -24.48,
 139.374234,   35.534685,      -24.25,
 139.378739,   35.534685,      -23.97,
 139.383243,   35.534685,      -23.66,
 139.387748,   35.534685,      -23.31,
 139.392252,   35.534685,      -22.93,
 139.396757,   35.534685,      -22.50,
 139.401261,   35.534685,      -22.04,
 139.405766,   35.534685,      -21.54,
 139.410270,   35.534685,      -21.01,
 139.414775,   35.534685,      -20.44,
 139.419279,   35.534685,      -19.83,
 139.423784,   35.534685,      -19.18,
 139.428288,   35.534685,      -18.50,
 139.432793,   35.534685,      -17.78,
 139.437297,   35.534685,      -17.02,
 139.441802,   35.534685,      -16.23,
 139.446306,   35.534685,      -15.40,
 139.450811,   35.534685,      -14.53,
 139.455315,   35.534685,      -13.63,
 139.459820,   35.534685,      -12.68,
 139.464324,   35.534685,      -11.70,
 139.468829,   35.534685,      -10.69,
 139.473333,   35.534685,       -9.63,
 139.477838,   35.534685,       -8.54,
 139.482342,   35.534685,       -7.41,
 139.486847,   35.534685,       -6.25,
 139.491351,   35.534685,       -5.05,
 139.495856,   35.534685,       -3.81,
 139.500360,   35.534685,       -2.53,
 139.504865,   35.534685,       -1.22,
 139.509369,   35.534685,        0.13,
 139.513874,   35.534685,        1.52,
 139.518378,   35.534685,        2.95,
 139.522883,   35.534685,        4.41,
 139.527387,   35.534685,        5.91,
 139.531892,   35.534685,        7.44,
 139.536396,   35.534685,        9.02,
 139.540901,   35.534685,       10.63,
 139.545405,   35.534685,       12.27,
 139.549910,   35.534685,       13.96,
 139.554414,   35.534685,       15.68,
 139.558919,   35.534685,       17.44,
 139.563423,   35.534685,       19.23,
 139.567928,   35.534685,       21.07,
 139.572432,   35.534685,       22.94,
 139.576937,   35.534685,       24.77,
 139.581441,   35.534685,       26.39,
 139.585946,   35.534685,       27.79,
 139.590450,   35.534685,       28.33,
 139.594955,   35.534685,       27.34,
 139.599459,   35.534685,       26.36,
 139.603964,   35.534685,       25.41,
 139.608468,   35.534685,       24.51,
 139.612973,   35.534685,       23.66,
 139.617477,   35.534685,       22.86,
 139.621982,   35.534685,       22.12,
 139.626486,   35.534685,       21.46,
 139.630991,   35.534685,       20.89,
 139.635495,   35.534685,       20.44,
 139.640000,   35.534685,       20.06,
 139.644505,   35.534685,       19.77,
 139.649009,   35.534685,       19.57,
 139.653514,   35.534685,       19.39,
 139.658018,   35.534685,       19.19,
 139.662523,   35.534685,       18.95,
 139.667027,   35.534685,       18.66,
 139.671532,   35.534685,       18.36,
 139.676036,   35.534685,       18.06,
 139.680541,   35.534685,       17.80,
 139.685045,   35.534685,       17.62,
 139.689550,   35.534685,       17.60,
 139.694054,   35.534685,       17.80,
 139.698559,   35.534685,       18.16,
 139.703063,   35.534685,       18.72,
 139.707568,   35.534685,       19.55,
 139.712072,   35.534685,       20.82,
 139.716577,   35.534685,       22.66,
 139.721081,   35.534685,       25.00,
 139.725586,   35.534685,       26.87,
 139.730090,   35.534685,       27.96,
 139.734595,   35.534685,       27.93,
 139.739099,   35.534685,       27.45,
 139.743604,   35.534685,       26.41,
 139.748108,   35.534685,       23.85,
 139.752613,   35.534685,       23.25,
 139.757117,   35.534685,       23.18,
 139.761622,   35.534685,       22.24,
 139.766126,   35.534685,       22.42,
 139.770631,   35.534685,       22.81,
 139.775135,   35.534685,       22.98,
 139.779640,   35.534685,       23.35,
 139.784144,   35.534685,       24.18,
 139.788649,   35.534685,       25.15,
 139.793153,   35.534685,       26.57,
 139.797658,   35.534685,       28.18,
 139.802162,   35.534685,       29.70,
 139.806667,   35.534685,       31.31,
 139.811171,   35.534685,       32.75,
 139.815676,   35.534685,       33.94,
 139.820180,   35.534685,       35.02,
 139.824685,   35.534685,       35.79,
 139.829189,   35.534685,       36.51,
 139.833694,   35.534685,       37.20,
 139.838198,   35.534685,       37.83,
 139.842703,   35.534685,       38.40,
 139.847207,   35.534685,       38.89,
 139.851712,   35.534685,       39.39,
 139.856216,   35.534685,       39.87,
 139.860721,   35.534685,       40.34,
 139.865225,   35.534685,       40.79,
 139.869730,   35.534685,       41.04,
 139.874234,   35.534685,       41.17,
 139.878739,   35.534685,       41.31,
 139.883243,   35.534685,       41.45,
 139.887748,   35.534685,       41.54,
 139.892252,   35.534685,       41.38,
 139.896757,   35.534685,       41.13,
 139.901261,   35.534685,       40.90,
 139.905766,   35.534685,       40.70,
 139.910270,   35.534685,       40.57,
 139.914775,   35.534685,       40.43,
 139.919279,   35.534685,       40.27,
 139.923784,   35.534685,       40.09,
 139.928288,   35.534685,       40.05,
 139.932793,   35.534685,       40.24,
 139.937297,   35.534685,       40.39,
 139.941802,   35.534685,       40.52,
 139.946306,   35.534685,       40.73,
 139.950811,   35.534685,       41.18,
 139.955315,   35.534685,       41.60,
 139.959820,   35.534685,       41.97,
 139.964324,   35.534685,       42.47,
 139.968829,   35.534685,       43.00,
 139.973333,   35.534685,       43.50,
 139.977838,   35.534685,       44.00,
 139.982342,   35.534685,       44.48,
 139.986847,   35.534685,       44.95,
 139.991351,   35.534685,       45.42,
 139.995856,   35.534685,       45.88,
 140.000360,   35.534685,       46.28,
 140.004865,   35.534685,       46.69,
 140.009369,   35.534685,       47.09,
 140.013874,   35.534685,       47.47,
 140.018378,   35.534685,       47.79,
 140.022883,   35.534685,       48.10,
 140.027387,   35.534685,       48.40,
 140.031892,   35.534685,       48.67,
 140.036396,   35.534685,       48.94,
 140.040901,   35.534685,       49.20,
 140.045405,   35.534685,       49.48,
 140.049910,   35.534685,       49.77,
 140.054414,   35.534685,       50.06,
 140.058919,   35.534685,       50.33,
 140.063423,   35.534685,       50.60,
 140.067928,   35.534685,       50.85,
 140.072432,   35.534685,       51.10,
 140.076937,   35.534685,       51.36,
 140.081441,   35.534685,       51.62,
 140.085946,   35.534685,       51.87,
 140.090450,   35.534685,       52.12,
 140.094955,   35.534685,       52.36,
 140.099459,   35.534685,       52.60,
 140.103964,   35.534685,       52.88,
 140.108468,   35.534685,       53.01,
 140.112973,   35.534685,       53.03,
 140.117477,   35.534685,       52.98,
 140.121982,   35.534685,       52.80,
 140.126486,   35.534685,       52.59,
 140.130991,   35.534685,       52.39,
 140.135495,   35.534685,       52.21,
 140.140000,   35.534685,       51.96,
 140.144505,   35.534685,       51.70,
 140.149009,   35.534685,       51.43,
 140.153514,   35.534685,       50.97,
 140.158018,   35.534685,       50.51,
 140.162523,   35.534685,       50.22,
 140.167027,   35.534685,       50.21,
 140.171532,   35.534685,       50.20,
 140.176036,   35.534685,       50.19,
 140.180541,   35.534685,       50.18,
 140.185045,   35.534685,       50.17,
 140.189550,   35.534685,       50.16,
 140.194054,   35.534685,       50.15,
 140.198559,   35.534685,       50.13,
 140.203063,   35.534685,       50.12,
 140.207568,   35.534685,       50.11,
 140.212072,   35.534685,       50.09,
 140.216577,   35.534685,       50.07,
 140.221081,   35.534685,       50.06,
 140.225586,   35.534685,       50.04,
 140.230090,   35.534685,       50.02,
 140.234595,   35.534685,       50.00,
 140.239099,   35.534685,       49.98,
 140.243604,   35.534685,       49.96,
 140.248108,   35.534685,       49.94,
 140.252613,   35.534685,       49.92,
 140.257117,   35.534685,       49.90,
 140.261622,   35.534685,       49.88,
 140.266126,   35.534685,       49.85,
 140.270631,   35.534685,       49.83,
 140.275135,   35.534685,       49.80,
 140.279640,   35.534685,       49.78,
 140.284144,   35.534685,       49.75,
 140.288649,   35.534685,       49.73,
 140.293153,   35.534685,       49.70,
 140.297658,   35.534685,       49.67,
 140.302162,   35.534685,       49.64,
 140.306667,   35.534685,       49.61,
 140.311171,   35.534685,       49.58,
 140.315676,   35.534685,       49.55,
 140.320180,   35.534685,       49.52,
 140.324685,   35.534685,       49.49,
 140.329189,   35.534685,       49.45,
 140.333694,   35.534685,       49.42,
 140.338198,   35.534685,       49.39,
 140.342703,   35.534685,       49.35,
 140.347207,   35.534685,       49.32,
 140.351712,   35.534685,       49.28,
 140.356216,   35.534685,       49.24,
 140.360721,   35.534685,       49.21,
 140.365225,   35.534685,       49.17,
 140.369730,   35.534685,       49.13,
 140.374234,   35.534685,       49.09,
 140.378739,   35.534685,       49.05,
 140.383243,   35.534685,       49.01,
 140.387748,   35.534685,       48.97,
 139.140000,   35.539189,       10.39,
 139.144505,   35.539189,        8.73,
 139.149009,   35.539189,        7.09,
 139.153514,   35.539189,        5.50,
 139.158018,   35.539189,        3.94,
 139.162523,   35.539189,        2.42,
 139.167027,   35.539189,        0.94,
 139.171532,   35.539189,       -0.51,
 139.176036,   35.539189,       -1.92,
 139.180541,   35.539189,       -3.29,
 139.185045,   35.539189,       -4.63,
 139.189550,   35.539189,       -5.92,
 139.194054,   35.539189,       -7.18,
 139.198559,   35.539189,       -8.41,
 139.203063,   35.539189,       -9.59,
 139.207568,   35.539189,      -10.74,
 139.212072,   35.539189,      -11.86,
 139.216577,   35.539189,      -12.93,
 139.221081,   35.539189,      -13.97,
 139.225586,   35.539189,      -14.97,
 139.230090,   35.539189,      -15.94,
 139.234595,   35.539189,      -16.86,
 139.239099,   35.539189,      -17.75,
 139.243604,   35.539189,      -18.60,
 139.248108,   35.539189,      -19.42,
 139.252613,   35.539189,      -20.20,
 139.257117,   35.539189,      -20.94,
 139.261622,   35.539189,      -21.64,
 139.266126,   35.539189,      -22.31,
 139.270631,   35.539189,      -22.94,
 139.275135,   35.539189,      -23.54,
 139.279640,   35.539189,      -24.09,
 139.284144,   35.539189,      -24.61,
 139.288649,   35.539189,      -25.09,
 139.293153,   35.539189,      -25.54,
 139.297658,   35.539189,      -25.94,
 139.302162,   35.539189,      -26.32,
 139.306667,   35.539189,      -26.65,
 139.311171,   35.539189,      -26.94,
 139.315676,   35.539189,      -27.20,
 139.320180,   35.539189,      -27.43,
 139.324685,   35.539189,      -27.61,
 139.329189,   35.539189,      -27.76,
 139.333694,   35.539189,      -27.87,
 139.338198,   35.539189,      -27.94,
 139.342703,   35.539189,      -27.98,
 139.347207,   35.539189,      -27.98,
 139.351712,   35.539189,      -27.94,
 139.356216,   35.539189,      -27.87,
 139.360721,   35.539189,      -27.76,
 139.365225,   35.539189,      -27.61,
 139.369730,   35.539189,      -27.42,
 139.374234,   35.539189,      -27.20,
 139.378739,   35.539189,      -26.94,
 139.383243,   35.539189,      -26.64,
 139.387748,   35.539189,      -26.31,
 139.392252,   35.539189,      -25.94,
 139.396757,   35.539189,      -25.53,
 139.401261,   35.539189,      -25.08,
 139.405766,   35.539189,      -24.60,
 139.410270,   35.539189,      -24.08,
 139.414775,   35.539189,      -23.52,
 139.419279,   35.539189,      -22.93,
 139.423784,   35.539189,      -22.30,
 139.428288,   35.539189,      -21.63,
 139.432793,   35.539189,      -20.92,
 139.437297,   35.539189,      -20.18,
 139.441802,   35.539189,      -19.40,
 139.446306,   35.539189,      -18.59,
 139.450811,   35.539189,      -17.73,
 139.455315,   35.539189,      -16.84,
 139.459820,   35.539189,      -15.91,
 139.464324,   35.539189,      -14.95,
 139.468829,   35.539189,      -13.95,
 139.473333,   35.539189,      -12.91,
 139.477838,   35.539189,      -11.83,
 139.482342,   35.539189,      -10.72,
 139.486847,   35.539189,       -9.57,
 139.491351,   35.539189,       -8.38,
 139.495856,   35.539189,       -7.16,
 139.500360,   35.539189,       -5.89,
 139.504865,   35.539189,       -4.60,
 139.509369,   35.539189,       -3.26,
 139.513874,   35.539189,       -1.89,
 139.518378,   35.539189,       -0.48,
 139.522883,   35.539189,        0.97,
 139.527387,   35.539189,        2.45,
 139.531892,   35.539189,        3.98,
 139.536396,   35.539189,        5.53,
 139.540901,   35.539189,        7.13,
 139.545405,   35.539189,        8.76,
 139.549910,   35.539189,       10.43,
 139.554414,   35.539189,       12.14,
 139.558919,   35.539189,       13.88,
 139.563423,   35.539189,       15.66,
 139.567928,   35.539189,       17.48,
 139.572432,   35.539189,       19.34,
 139.576937,   35.539189,       21.23,
 139.581441,   35.539189,       23.16,
 139.585946,   35.539189,       24.91,
 139.590450,   35.539189,       26.49,
 139.594955,   35.539189,       27.64,
 139.599459,   35.539189,       27.10,
 139.603964,   35.539189,       26.11,
 139.608468,   35.539189,       25.16,
 139.612973,   35.539189,       24.25,
 139.617477,   35.539189,       23.39,
 139.621982,   35.539189,       22.58,
 139.626486,   35.539189,       21.84,
 139.630991,   35.539189,       21.17,
 139.635495,   35.539189,       20.59,
 139.640000,   35.539189,       20.12,
 139.644505,   35.539189,       19.75,
 139.649009,   35.539189,       19.46,
 139.653514,   35.539189,       19.27,
 139.658018,   35.539189,       19.10,
 139.662523,   35.539189,       18.90,
 139.667027,   35.539189,       18.67,
 139.671532,   35.539189,       18.40,
 139.676036,   35.539189,       18.13,
 139.680541,   35.539189,       17.89,
 139.685045,   35.539189,       17.72,
 139.689550,   35.539189,       17.69,
 139.694054,   35.539189,       17.84,
 139.698559,   35.539189,       18.22,
 139.703063,   35.539189,       18.77,
 139.707568,   35.539189,       19.52,
 139.712072,   35.539189,       20.57,
 139.716577,   35.539189,       22.02,
 139.721081,   35.539189,       24.01,
 139.725586,   35.539189,       26.04,
 139.730090,   35.539189,       27.46,
 139.734595,   35.539189,       27.87,
 139.739099,   35.539189,       27.52,
 139.743604,   35.539189,       26.83,
 139.748108,   35.539189,       25.28,
 139.752613,   35.539189,       23.94,
 139.757117,   35.539189,       27.27,
 139.761622,   35.539189,       20.03,
 139.766126,   35.539189,       19.31,
 139.770631,   35.539189,       19.86,
 139.775135,   35.539189,       19.94,
 139.779640,   35.539189,       20.51,
 139.784144,   35.539189,       21.88,
 139.788649,   35.539189,       23.31,
 139.793153,   35.539189,       24.84,
 139.797658,   35.539189,       26.44,
 139.802162,   35.539189,       28.21,
 139.806667,   35.539189,       29.94,
 139.811171,   35.539189,       31.71,
 139.815676,   35.539189,       33.07,
 139.820180,   35.539189,       34.27,
 139.824685,   35.539189,       35.19,
 139.829189,   35.539189,       36.04,
 139.833694,   35.539189,       36.73,
 139.838198,   35.539189,       37.40,
 139.842703,   35.539189,       38.08,
 139.847207,   35.539189,       38.71,
 139.851712,   35.539189,       39.23,
 139.856216,   35.539189,       39.72,
 139.860721,   35.539189,       40.22,
 139.865225,   35.539189,       40.72,
 139.869730,   35.539189,       41.12,
 139.874234,   35.539189,       41.31,
 139.878739,   35.539189,       41.48,
 139.883243,   35.539189,       41.67,
 139.887748,   35.539189,       41.85,
 139.892252,   35.539189,       41.74,
 139.896757,   35.539189,       41.55,
 139.901261,   35.539189,       41.37,
 139.905766,   35.539189,       41.21,
 139.910270,   35.539189,       41.06,
 139.914775,   35.539189,       40.90,
 139.919279,   35.539189,       40.74,
 139.923784,   35.539189,       40.56,
 139.928288,   35.539189,       40.43,
 139.932793,   35.539189,       40.50,
 139.937297,   35.539189,       40.59,
 139.941802,   35.539189,       40.66,
 139.946306,   35.539189,       40.82,
 139.950811,   35.539189,       41.20,
 139.955315,   35.539189,       41.57,
 139.959820,   35.539189,       41.94,
 139.964324,   35.539189,       42.36,
 139.968829,   35.539189,       42.86,
 139.973333,   35.539189,       43.36,
 139.977838,   35.539189,       43.83,
 139.982342,   35.539189,       44.30,
 139.986847,   35.539189,       44.78,
 139.991351,   35.539189,       45.25,
 139.995856,   35.539189,       45.71,
 140.000360,   35.539189,       46.16,
 140.004865,   35.539189,       46.59,
 140.009369,   35.539189,       47.00,
 140.013874,   35.539189,       47.41,
 140.018378,   35.539189,       47.77,
 140.022883,   35.539189,       48.11,
 140.027387,   35.539189,       48.41,
 140.031892,   35.539189,       48.70,
 140.036396,   35.539189,       48.98,
 140.040901,   35.539189,       49.24,
 140.045405,   35.539189,       49.49,
 140.049910,   35.539189,       49.76,
 140.054414,   35.539189,       50.04,
 140.058919,   35.539189,       50.29,
 140.063423,   35.539189,       50.56,
 140.067928,   35.539189,       50.82,
 140.072432,   35.539189,       51.06,
 140.076937,   35.539189,       51.30,
 140.081441,   35.539189,       51.55,
 140.085946,   35.539189,       51.80,
 140.090450,   35.539189,       52.06,
 140.094955,   35.539189,       52.30,
 140.099459,   35.539189,       52.54,
 140.103964,   35.539189,       52.81,
 140.108468,   35.539189,       53.10,
 140.112973,   35.539189,       53.33,
 140.117477,   35.539189,       53.31,
 140.121982,   35.539189,       53.08,
 140.126486,   35.539189,       52.84,
 140.130991,   35.539189,       52.61,
 140.135495,   35.539189,       52.39,
 140.140000,   35.539189,       52.10,
 140.144505,   35.539189,       51.83,
 140.149009,   35.539189,       51.43,
 140.153514,   35.539189,       50.93,
 140.158018,   35.539189,       50.46,
 140.162523,   35.539189,       50.45,
 140.167027,   35.539189,       50.44,
 140.171532,   35.539189,       50.43,
 140.176036,   35.539189,       50.42,
 140.180541,   35.539189,       50.41,
 140.185045,   35.539189,       50.40,
 140.189550,   35.539189,       50.39,
 140.194054,   35.539189,       50.38,
 140.198559,   35.539189,       50.36,
 140.203063,   35.539189,       50.35,
 140.207568,   35.539189,       50.33,
 140.212072,   35.539189,       50.32,
 140.216577,   35.539189,       50.30,
 140.221081,   35.539189,       50.29,
 140.225586,   35.539189,       50.27,
 140.230090,   35.539189,       50.25,
 140.234595,   35.539189,       50.23,
 140.239099,   35.539189,       50.21,
 140.243604,   35.539189,       50.19,
 140.248108,   35.539189,       50.17,
 140.252613,   35.539189,       50.15,
 140.257117,   35.539189,       50.13,
 140.261622,   35.539189,       50.11,
 140.266126,   35.539189,       50.09,
 140.270631,   35.539189,       50.06,
 140.275135,   35.539189,       50.04,
 140.279640,   35.539189,       50.01,
 140.284144,   35.539189,       49.99,
 140.288649,   35.539189,       49.96,
 140.293153,   35.539189,       49.93,
 140.297658,   35.539189,       49.91,
 140.302162,   35.539189,       49.88,
 140.306667,   35.539189,       49.85,
 140.311171,   35.539189,       49.82,
 140.315676,   35.539189,       49.79,
 140.320180,   35.539189,       49.76,
 140.324685,   35.539189,       49.72,
 140.329189,   35.539189,       49.69,
 140.333694,   35.539189,       49.66,
 140.338198,   35.539189,       49.62,
 140.342703,   35.539189,       49.59,
 140.347207,   35.539189,       49.55,
 140.351712,   35.539189,       49.52,
 140.356216,   35.539189,       49.48,
 140.360721,   35.539189,       49.45,
 140.365225,   35.539189,       49.41,
 140.369730,   35.539189,       49.37,
 140.374234,   35.539189,       49.33,
 140.378739,   35.539189,       49.29,
 140.383243,   35.539189,       49.25,
 140.387748,   35.539189,       49.21,
 139.140000,   35.543694,        8.17,
 139.144505,   35.543694,        6.49,
 139.149009,   35.543694,        4.84,
 139.153514,   35.543694,        3.23,
 139.158018,   35.543694,        1.66,
 139.162523,   35.543694,        0.12,
 139.167027,   35.543694,       -1.38,
 139.171532,   35.543694,       -2.84,
 139.176036,   35.543694,       -4.26,
 139.180541,   35.543694,       -5.65,
 139.185045,   35.543694,       -7.00,
 139.189550,   35.543694,       -8.31,
 139.194054,   35.543694,       -9.58,
 139.198559,   35.543694,      -10.82,
 139.203063,   35.543694,      -12.02,
 139.207568,   35.543694,      -13.19,
 139.212072,   35.543694,      -14.32,
 139.216577,   35.543694,      -15.41,
 139.221081,   35.543694,      -16.46,
 139.225586,   35.543694,      -17.47,
 139.230090,   35.543694,      -18.45,
 139.234595,   35.543694,      -19.40,
 139.239099,   35.543694,      -20.30,
 139.243604,   35.543694,      -21.17,
 139.248108,   35.543694,      -22.00,
 139.252613,   35.543694,      -22.79,
 139.257117,   35.543694,      -23.55,
 139.261622,   35.543694,      -24.27,
 139.266126,   35.543694,      -24.95,
 139.270631,   35.543694,      -25.59,
 139.275135,   35.543694,      -26.20,
 139.279640,   35.543694,      -26.77,
 139.284144,   35.543694,      -27.31,
 139.288649,   35.543694,      -27.80,
 139.293153,   35.543694,      -28.26,
 139.297658,   35.543694,      -28.68,
 139.302162,   35.543694,      -29.07,
 139.306667,   35.543694,      -29.42,
 139.311171,   35.543694,      -29.73,
 139.315676,   35.543694,      -30.00,
 139.320180,   35.543694,      -30.24,
 139.324685,   35.543694,      -30.44,
 139.329189,   35.543694,      -30.60,
 139.333694,   35.543694,      -30.73,
 139.338198,   35.543694,      -30.82,
 139.342703,   35.543694,      -30.87,
 139.347207,   35.543694,      -30.88,
 139.351712,   35.543694,      -30.86,
 139.356216,   35.543694,      -30.80,
 139.360721,   35.543694,      -30.70,
 139.365225,   35.543694,      -30.57,
 139.369730,   35.543694,      -30.40,
 139.374234,   35.543694,      -30.19,
 139.378739,   35.543694,      -29.94,
 139.383243,   35.543694,      -29.66,
 139.387748,   35.543694,      -29.34,
 139.392252,   35.543694,      -28.98,
 139.396757,   35.543694,      -28.59,
 139.401261,   35.543694,      -28.16,
 139.405766,   35.543694,      -27.69,
 139.410270,   35.543694,      -27.19,
 139.414775,   35.543694,      -26.64,
 139.419279,   35.543694,      -26.06,
 139.423784,   35.543694,      -25.45,
 139.428288,   35.543694,      -24.79,
 139.432793,   35.543694,      -24.10,
 139.437297,   35.543694,      -23.38,
 139.441802,   35.543694,      -22.61,
 139.446306,   35.543694,      -21.81,
 139.450811,   35.543694,      -20.97,
 139.455315,   35.543694,      -20.09,
 139.459820,   35.543694,      -19.18,
 139.464324,   35.543694,      -18.23,
 139.468829,   35.543694,      -17.24,
 139.473333,   35.543694,      -16.22,
 139.477838,   35.543694,      -15.16,
 139.482342,   35.543694,      -14.06,
 139.486847,   35.543694,      -12.92,
 139.491351,   35.543694,      -11.75,
 139.495856,   35.543694,      -10.54,
 139.500360,   35.543694,       -9.29,
 139.504865,   35.543694,       -8.01,
 139.509369,   35.543694,       -6.69,
 139.513874,   35.543694,       -5.33,
 139.518378,   35.543694,       -3.94,
 139.522883,   35.543694,       -2.50,
 139.527387,   35.543694,       -1.03,
 139.531892,   35.543694,        0.47,
 139.536396,   35.543694,        2.02,
 139.540901,   35.543694,        3.60,
 139.545405,   35.543694,        5.22,
 139.549910,   35.543694,        6.87,
 139.554414,   35.543694,        8.56,
 139.558919,   35.543694,       10.29,
 139.563423,   35.543694,       12.06,
 139.567928,   35.543694,       13.86,
 139.572432,   35.543694,       15.70,
 139.576937,   35.543694,       17.58,
 139.581441,   35.543694,       19.49,
 139.585946,   35.543694,       21.45,
 139.590450,   35.543694,       23.35,
 139.594955,   35.543694,       25.07,
 139.599459,   35.543694,       26.55,
 139.603964,   35.543694,       26.85,
 139.608468,   35.543694,       25.86,
 139.612973,   35.543694,       24.90,
 139.617477,   35.543694,       23.98,
 139.621982,   35.543694,       23.11,
 139.626486,   35.543694,       22.30,
 139.630991,   35.543694,       21.55,
 139.635495,   35.543694,       20.87,
 139.640000,   35.543694,       20.29,
 139.644505,   35.543694,       19.82,
 139.649009,   35.543694,       19.44,
 139.653514,   35.543694,       19.15,
 139.658018,   35.543694,       18.97,
 139.662523,   35.543694,       18.80,
 139.667027,   35.543694,       18.62,
 139.671532,   35.543694,       18.40,
 139.676036,   35.543694,       18.15,
 139.680541,   35.543694,       17.91,
 139.685045,   35.543694,       17.74,
 139.689550,   35.543694,       17.70,
 139.694054,   35.543694,       17.81,
 139.698559,   35.543694,       18.15,
 139.703063,   35.543694,       18.70,
 139.707568,   35.543694,       19.43,
 139.712072,   35.543694,       20.40,
 139.716577,   35.543694,       21.67,
 139.721081,   35.543694,       23.25,
 139.725586,   35.543694,       25.30,
 139.730090,   35.543694,       26.95,
 139.734595,   35.543694,       27.79,
 139.739099,   35.543694,       27.66,
 139.743604,   35.543694,       27.15,
 139.748108,   35.543694,       25.93,
 139.752613,   35.543694,       23.40,
 139.757117,   35.543694,       18.78,
 139.761622,   35.543694,        8.50,
 139.766126,   35.543694,       10.47,
 139.770631,   35.543694,       14.70,
 139.775135,   35.543694,       16.19,
 139.779640,   35.543694,       18.54,
 139.784144,   35.543694,       20.26,
 139.788649,   35.543694,       21.90,
 139.793153,   35.543694,       23.41,
 139.797658,   35.543694,       25.02,
 139.802162,   35.543694,       26.75,
 139.806667,   35.543694,       28.59,
 139.811171,   35.543694,       30.48,
 139.815676,   35.543694,       32.04,
 139.820180,   35.543694,       33.47,
 139.824685,   35.543694,       34.45,
 139.829189,   35.543694,       35.45,
 139.833694,   35.543694,       36.26,
 139.838198,   35.543694,       36.96,
 139.842703,   35.543694,       37.70,
 139.847207,   35.543694,       38.46,
 139.851712,   35.543694,       39.07,
 139.856216,   35.543694,       39.59,
 139.860721,   35.543694,       40.11,
 139.865225,   35.543694,       40.65,
 139.869730,   35.543694,       41.12,
 139.874234,   35.543694,       41.43,
 139.878739,   35.543694,       41.63,
 139.883243,   35.543694,       41.85,
 139.887748,   35.543694,       42.08,
 139.892252,   35.543694,       42.13,
 139.896757,   35.543694,       41.97,
 139.901261,   35.543694,       41.83,
 139.905766,   35.543694,       41.71,
 139.910270,   35.543694,       41.57,
 139.914775,   35.543694,       41.41,
 139.919279,   35.543694,       41.25,
 139.923784,   35.543694,       41.08,
 139.928288,   35.543694,       40.95,
 139.932793,   35.543694,       40.91,
 139.937297,   35.543694,       40.93,
 139.941802,   35.543694,       40.91,
 139.946306,   35.543694,       40.87,
 139.950811,   35.543694,       41.27,
 139.955315,   35.543694,       41.62,
 139.959820,   35.543694,       41.93,
 139.964324,   35.543694,       42.31,
 139.968829,   35.543694,       42.78,
 139.973333,   35.543694,       43.26,
 139.977838,   35.543694,       43.72,
 139.982342,   35.543694,       44.16,
 139.986847,   35.543694,       44.62,
 139.991351,   35.543694,       45.09,
 139.995856,   35.543694,       45.56,
 140.000360,   35.543694,       46.03,
 140.004865,   35.543694,       46.48,
 140.009369,   35.543694,       46.93,
 140.013874,   35.543694,       47.33,
 140.018378,   35.543694,       47.71,
 140.022883,   35.543694,       48.09,
 140.027387,   35.543694,       48.45,
 140.031892,   35.543694,       48.74,
 140.036396,   35.543694,       49.02,
 140.040901,   35.543694,       49.29,
 140.045405,   35.543694,       49.55,
 140.049910,   35.543694,       49.79,
 140.054414,   35.543694,       50.03,
 140.058919,   35.543694,       50.29,
 140.063423,   35.543694,       50.54,
 140.067928,   35.543694,       50.79,
 140.072432,   35.543694,       51.03,
 140.076937,   35.543694,       51.25,
 140.081441,   35.543694,       51.49,
 140.085946,   35.543694,       51.74,
 140.090450,   35.543694,       51.98,
 140.094955,   35.543694,       52.23,
 140.099459,   35.543694,       52.48,
 140.103964,   35.543694,       52.75,
 140.108468,   35.543694,       53.05,
 140.112973,   35.543694,       53.36,
 140.117477,   35.543694,       53.60,
 140.121982,   35.543694,       53.36,
 140.126486,   35.543694,       53.08,
 140.130991,   35.543694,       52.82,
 140.135495,   35.543694,       52.55,
 140.140000,   35.543694,       52.23,
 140.144505,   35.543694,       51.91,
 140.149009,   35.543694,       51.38,
 140.153514,   35.543694,       50.85,
 140.158018,   35.543694,       50.68,
 140.162523,   35.543694,       50.68,
 140.167027,   35.543694,       50.67,
 140.171532,   35.543694,       50.66,
 140.176036,   35.543694,       50.65,
 140.180541,   35.543694,       50.64,
 140.185045,   35.543694,       50.63,
 140.189550,   35.543694,       50.62,
 140.194054,   35.543694,       50.61,
 140.198559,   35.543694,       50.59,
 140.203063,   35.543694,       50.58,
 140.207568,   35.543694,       50.56,
 140.212072,   35.543694,       50.55,
 140.216577,   35.543694,       50.53,
 140.221081,   35.543694,       50.52,
 140.225586,   35.543694,       50.50,
 140.230090,   35.543694,       50.48,
 140.234595,   35.543694,       50.47,
 140.239099,   35.543694,       50.45,
 140.243604,   35.543694,       50.43,
 140.248108,   35.543694,       50.41,
 140.252613,   35.543694,       50.39,
 140.257117,   35.543694,       50.36,
 140.261622,   35.543694,       50.34,
 140.266126,   35.543694,       50.32,
 140.270631,   35.543694,       50.30,
 140.275135,   35.543694,       50.27,
 140.279640,   35.543694,       50.25,
 140.284144,   35.543694,       50.22,
 140.288649,   35.543694,       50.20,
 140.293153,   35.543694,       50.17,
 140.297658,   35.543694,       50.14,
 140.302162,   35.543694,       50.11,
 140.306667,   35.543694,       50.08,
 140.311171,   35.543694,       50.05,
 140.315676,   35.543694,       50.02,
 140.320180,   35.543694,       49.99,
 140.324685,   35.543694,       49.96,
 140.329189,   35.543694,       49.93,
 140.333694,   35.543694,       49.90,
 140.338198,   35.543694,       49.86,
 140.342703,   35.543694,       49.83,
 140.347207,   35.543694,       49.79,
 140.351712,   35.543694,       49.76,
 140.356216,   35.543694,       49.72,
 140.360721,   35.543694,       49.69,
 140.365225,   35.543694,       49.65,
 140.369730,   35.543694,       49.61,
 140.374234,   35.543694,       49.57,
 140.378739,   35.543694,       49.53,
 140.383243,   35.543694,       49.49,
 140.387748,   35.543694,       49.45,
 139.140000,   35.548198,        5.91,
 139.144505,   35.548198,        4.21,
 139.149009,   35.548198,        2.55,
 139.153514,   35.548198,        0.92,
 139.158018,   35.548198,       -0.66,
 139.162523,   35.548198,       -2.21,
 139.167027,   35.548198,       -3.72,
 139.171532,   35.548198,       -5.20,
 139.176036,   35.548198,       -6.64,
 139.180541,   35.548198,       -8.04,
 139.185045,   35.548198,       -9.40,
 139.189550,   35.548198,      -10.73,
 139.194054,   35.548198,      -12.02,
 139.198559,   35.548198,      -13.28,
 139.203063,   35.548198,      -14.49,
 139.207568,   35.548198,      -15.67,
 139.212072,   35.548198,      -16.81,
 139.216577,   35.548198,      -17.92,
 139.221081,   35.548198,      -18.98,
 139.225586,   35.548198,      -20.02,
 139.230090,   35.548198,      -21.01,
 139.234595,   35.548198,      -21.97,
 139.239099,   35.548198,      -22.88,
 139.243604,   35.548198,      -23.77,
 139.248108,   35.548198,      -24.61,
 139.252613,   35.548198,      -25.42,
 139.257117,   35.548198,      -26.19,
 139.261622,   35.548198,      -26.92,
 139.266126,   35.548198,      -27.62,
 139.270631,   35.548198,      -28.28,
 139.275135,   35.548198,      -28.90,
 139.279640,   35.548198,      -29.49,
 139.284144,   35.548198,      -30.04,
 139.288649,   35.548198,      -30.55,
 139.293153,   35.548198,      -31.02,
 139.297658,   35.548198,      -31.46,
 139.302162,   35.548198,      -31.86,
 139.306667,   35.548198,      -32.22,
 139.311171,   35.548198,      -32.55,
 139.315676,   35.548198,      -32.84,
 139.320180,   35.548198,      -33.09,
 139.324685,   35.548198,      -33.30,
 139.329189,   35.548198,      -33.48,
 139.333694,   35.548198,      -33.62,
 139.338198,   35.548198,      -33.72,
 139.342703,   35.548198,      -33.79,
 139.347207,   35.548198,      -33.82,
 139.351712,   35.548198,      -33.81,
 139.356216,   35.548198,      -33.77,
 139.360721,   35.548198,      -33.68,
 139.365225,   35.548198,      -33.56,
 139.369730,   35.548198,      -33.41,
 139.374234,   35.548198,      -33.21,
 139.378739,   35.548198,      -32.98,
 139.383243,   35.548198,      -32.71,
 139.387748,   35.548198,      -32.41,
 139.392252,   35.548198,      -32.07,
 139.396757,   35.548198,      -31.69,
 139.401261,   35.548198,      -31.27,
 139.405766,   35.548198,      -30.82,
 139.410270,   35.548198,      -30.33,
 139.414775,   35.548198,      -29.80,
 139.419279,   35.548198,      -29.24,
 139.423784,   35.548198,      -28.64,
 139.428288,   35.548198,      -28.00,
 139.432793,   35.548198,      -27.32,
 139.437297,   35.548198,      -26.61,
 139.441802,   35.548198,      -25.86,
 139.446306,   35.548198,      -25.07,
 139.450811,   35.548198,      -24.25,
 139.455315,   35.548198,      -23.39,
 139.459820,   35.548198,      -22.49,
 139.464324,   35.548198,      -21.55,
 139.468829,   35.548198,      -20.58,
 139.473333,   35.548198,      -19.57,
 139.477838,   35.548198,      -18.52,
 139.482342,   35.548198,      -17.44,
 139.486847,   35.548198,      -16.32,
 139.491351,   35.548198,      -15.16,
 139.495856,   35.548198,      -13.96,
 139.500360,   35.548198,      -12.73,
 139.504865,   35.548198,      -11.46,
 139.509369,   35.548198,      -10.16,
 139.513874,   35.548198,       -8.81,
 139.518378,   35.548198,       -7.43,
 139.522883,   35.548198,       -6.01,
 139.527387,   35.548198,       -4.56,
 139.531892,   35.548198,       -3.07,
 139.536396,   35.548198,       -1.54,
 139.540901,   35.548198,        0.03,
 139.545405,   35.548198,        1.63,
 139.549910,   35.548198,        3.27,
 139.554414,   35.548198,        4.95,
 139.558919,   35.548198,        6.66,
 139.563423,   35.548198,        8.41,
 139.567928,   35.548198,       10.20,
 139.572432,   35.548198,       12.03,
 139.576937,   35.548198,       13.89,
 139.581441,   35.548198,       15.79,
 139.585946,   35.548198,       17.73,
 139.590450,   35.548198,       19.70,
 139.594955,   35.548198,       21.71,
 139.599459,   35.548198,       23.55,
 139.603964,   35.548198,       25.24,
 139.608468,   35.548198,       26.37,
 139.612973,   35.548198,       25.61,
 139.617477,   35.548198,       24.64,
 139.621982,   35.548198,       23.72,
 139.626486,   35.548198,       22.84,
 139.630991,   35.548198,       22.02,
 139.635495,   35.548198,       21.26,
 139.640000,   35.548198,       20.58,
 139.644505,   35.548198,       19.99,
 139.649009,   35.548198,       19.51,
 139.653514,   35.548198,       19.14,
 139.658018,   35.548198,       18.85,
 139.662523,   35.548198,       18.67,
 139.667027,   35.548198,       18.52,
 139.671532,   35.548198,       18.34,
 139.676036,   35.548198,       18.14,
 139.680541,   35.548198,       17.91,
 139.685045,   35.548198,       17.72,
 139.689550,   35.548198,       17.64,
 139.694054,   35.548198,       17.74,
 139.698559,   35.548198,       18.01,
 139.703063,   35.548198,       18.54,
 139.707568,   35.548198,       19.26,
 139.712072,   35.548198,       20.19,
 139.716577,   35.548198,       21.38,
 139.721081,   35.548198,       22.89,
 139.725586,   35.548198,       24.64,
 139.730090,   35.548198,       26.46,
 139.734595,   35.548198,       27.62,
 139.739099,   35.548198,       27.79,
 139.743604,   35.548198,       27.46,
 139.748108,   35.548198,       26.55,
 139.752613,   35.548198,       24.18,
 139.757117,   35.548198,       18.03,
 139.761622,   35.548198,        4.73,
 139.766126,   35.548198,        8.66,
 139.770631,   35.548198,       13.19,
 139.775135,   35.548198,       15.26,
 139.779640,   35.548198,       17.75,
 139.784144,   35.548198,       19.49,
 139.788649,   35.548198,       21.10,
 139.793153,   35.548198,       22.63,
 139.797658,   35.548198,       23.98,
 139.802162,   35.548198,       25.72,
 139.806667,   35.548198,       27.47,
 139.811171,   35.548198,       29.35,
 139.815676,   35.548198,       31.02,
 139.820180,   35.548198,       32.55,
 139.824685,   35.548198,       33.75,
 139.829189,   35.548198,       34.80,
 139.833694,   35.548198,       35.77,
 139.838198,   35.548198,       36.55,
 139.842703,   35.548198,       37.33,
 139.847207,   35.548198,       38.14,
 139.851712,   35.548198,       38.88,
 139.856216,   35.548198,       39.47,
 139.860721,   35.548198,       40.02,
 139.865225,   35.548198,       40.58,
 139.869730,   35.548198,       41.12,
 139.874234,   35.548198,       41.50,
 139.878739,   35.548198,       41.75,
 139.883243,   35.548198,       42.00,
 139.887748,   35.548198,       42.26,
 139.892252,   35.548198,       42.42,
 139.896757,   35.548198,       42.35,
 139.901261,   35.548198,       42.24,
 139.905766,   35.548198,       42.15,
 139.910270,   35.548198,       42.09,
 139.914775,   35.548198,       41.93,
 139.919279,   35.548198,       41.77,
 139.923784,   35.548198,       41.61,
 139.928288,   35.548198,       41.46,
 139.932793,   35.548198,       41.39,
 139.937297,   35.548198,       41.36,
 139.941802,   35.548198,       41.32,
 139.946306,   35.548198,       41.30,
 139.950811,   35.548198,       41.52,
 139.955315,   35.548198,       41.80,
 139.959820,   35.548198,       42.02,
 139.964324,   35.548198,       42.26,
 139.968829,   35.548198,       42.70,
 139.973333,   35.548198,       43.18,
 139.977838,   35.548198,       43.64,
 139.982342,   35.548198,       44.06,
 139.986847,   35.548198,       44.48,
 139.991351,   35.548198,       44.93,
 139.995856,   35.548198,       45.42,
 140.000360,   35.548198,       45.90,
 140.004865,   35.548198,       46.37,
 140.009369,   35.548198,       46.84,
 140.013874,   35.548198,       47.27,
 140.018378,   35.548198,       47.67,
 140.022883,   35.548198,       48.07,
 140.027387,   35.548198,       48.46,
 140.031892,   35.548198,       48.78,
 140.036396,   35.548198,       49.07,
 140.040901,   35.548198,       49.35,
 140.045405,   35.548198,       49.61,
 140.049910,   35.548198,       49.86,
 140.054414,   35.548198,       50.09,
 140.058919,   35.548198,       50.32,
 140.063423,   35.548198,       50.56,
 140.067928,   35.548198,       50.80,
 140.072432,   35.548198,       51.02,
 140.076937,   35.548198,       51.24,
 140.081441,   35.548198,       51.46,
 140.085946,   35.548198,       51.68,
 140.090450,   35.548198,       51.92,
 140.094955,   35.548198,       52.16,
 140.099459,   35.548198,       52.41,
 140.103964,   35.548198,       52.67,
 140.108468,   35.548198,       52.98,
 140.112973,   35.548198,       53.32,
 140.117477,   35.548198,       53.65,
 140.121982,   35.548198,       53.62,
 140.126486,   35.548198,       53.27,
 140.130991,   35.548198,       52.98,
 140.135495,   35.548198,       52.67,
 140.140000,   35.548198,       52.33,
 140.144505,   35.548198,       51.87,
 140.149009,   35.548198,       51.29,
 140.153514,   35.548198,       50.92,
 140.158018,   35.548198,       50.91,
 140.162523,   35.548198,       50.90,
 140.167027,   35.548198,       50.90,
 140.171532,   35.548198,       50.89,
 140.176036,   35.548198,       50.88,
 140.180541,   35.548198,       50.87,
 140.185045,   35.548198,       50.86,
 140.189550,   35.548198,       50.85,
 140.194054,   35.548198,       50.83,
 140.198559,   35.548198,       50.82,
 140.203063,   35.548198,       50.81,
 140.207568,   35.548198,       50.80,
 140.212072,   35.548198,       50.78,
 140.216577,   35.548198,       50.77,
 140.221081,   35.548198,       50.75,
 140.225586,   35.548198,       50.73,
 140.230090,   35.548198,       50.72,
 140.234595,   35.548198,       50.70,
 140.239099,   35.548198,       50.68,
 140.243604,   35.548198,       50.66,
 140.248108,   35.548198,       50.64,
 140.252613,   35.548198,       50.62,
 140.257117,   35.548198,       50.60,
 140.261622,   35.548198,       50.58,
 140.266126,   35.548198,       50.55,
 140.270631,   35.548198,       50.53,
 140.275135,   35.548198,       50.51,
 140.279640,   35.548198,       50.48,
 140.284144,   35.548198,       50.46,
 140.288649,   35.548198,       50.43,
 140.293153,   35.548198,       50.41,
 140.297658,   35.548198,       50.38,
 140.302162,   35.548198,       50.35,
 140.306667,   35.548198,       50.32,
 140.311171,   35.548198,       50.29,
 140.315676,   35.548198,       50.26,
 140.320180,   35.548198,       50.23,
 140.324685,   35.548198,       50.20,
 140.329189,   35.548198,       50.17,
 140.333694,   35.548198,       50.14,
 140.338198,   35.548198,       50.10,
 140.342703,   35.548198,       50.07,
 140.347207,   35.548198,       50.03,
 140.351712,   35.548198,       50.00,
 140.356216,   35.548198,       49.96,
 140.360721,   35.548198,       49.93,
 140.365225,   35.548198,       49.89,
 140.369730,   35.548198,       49.85,
 140.374234,   35.548198,       49.81,
 140.378739,   35.548198,       49.77,
 140.383243,   35.548198,       49.73,
 140.387748,   35.548198,       49.69,
 139.140000,   35.552703,        3.61,
 139.144505,   35.552703,        1.90,
 139.149009,   35.552703,        0.22,
 139.153514,   35.552703,       -1.42,
 139.158018,   35.552703,       -3.02,
 139.162523,   35.552703,       -4.58,
 139.167027,   35.552703,       -6.11,
 139.171532,   35.552703,       -7.60,
 139.176036,   35.552703,       -9.06,
 139.180541,   35.552703,      -10.47,
 139.185045,   35.552703,      -11.85,
 139.189550,   35.552703,      -13.19,
 139.194054,   35.552703,      -14.50,
 139.198559,   35.552703,      -15.77,
 139.203063,   35.552703,      -17.00,
 139.207568,   35.552703,      -18.19,
 139.212072,   35.552703,      -19.35,
 139.216577,   35.552703,      -20.47,
 139.221081,   35.552703,      -21.55,
 139.225586,   35.552703,      -22.59,
 139.230090,   35.552703,      -23.60,
 139.234595,   35.552703,      -24.57,
 139.239099,   35.552703,      -25.51,
 139.243604,   35.552703,      -26.40,
 139.248108,   35.552703,      -27.26,
 139.252613,   35.552703,      -28.09,
 139.257117,   35.552703,      -28.87,
 139.261622,   35.552703,      -29.62,
 139.266126,   35.552703,      -30.33,
 139.270631,   35.552703,      -31.01,
 139.275135,   35.552703,      -31.64,
 139.279640,   35.552703,      -32.24,
 139.284144,   35.552703,      -32.81,
 139.288649,   35.552703,      -33.33,
 139.293153,   35.552703,      -33.82,
 139.297658,   35.552703,      -34.27,
 139.302162,   35.552703,      -34.69,
 139.306667,   35.552703,      -35.06,
 139.311171,   35.552703,      -35.41,
 139.315676,   35.552703,      -35.71,
 139.320180,   35.552703,      -35.97,
 139.324685,   35.552703,      -36.20,
 139.329189,   35.552703,      -36.40,
 139.333694,   35.552703,      -36.55,
 139.338198,   35.552703,      -36.67,
 139.342703,   35.552703,      -36.75,
 139.347207,   35.552703,      -36.79,
 139.351712,   35.552703,      -36.80,
 139.356216,   35.552703,      -36.77,
 139.360721,   35.552703,      -36.70,
 139.365225,   35.552703,      -36.60,
 139.369730,   35.552703,      -36.46,
 139.374234,   35.552703,      -36.28,
 139.378739,   35.552703,      -36.06,
 139.383243,   35.552703,      -35.81,
 139.387748,   35.552703,      -35.52,
 139.392252,   35.552703,      -35.19,
 139.396757,   35.552703,      -34.83,
 139.401261,   35.552703,      -34.42,
 139.405766,   35.552703,      -33.99,
 139.410270,   35.552703,      -33.51,
 139.414775,   35.552703,      -33.00,
 139.419279,   35.552703,      -32.45,
 139.423784,   35.552703,      -31.86,
 139.428288,   35.552703,      -31.24,
 139.432793,   35.552703,      -30.58,
 139.437297,   35.552703,      -29.88,
 139.441802,   35.552703,      -29.14,
 139.446306,   35.552703,      -28.37,
 139.450811,   35.552703,      -27.56,
 139.455315,   35.552703,      -26.71,
 139.459820,   35.552703,      -25.83,
 139.464324,   35.552703,      -24.91,
 139.468829,   35.552703,      -23.95,
 139.473333,   35.552703,      -22.96,
 139.477838,   35.552703,      -21.92,
 139.482342,   35.552703,      -20.85,
 139.486847,   35.552703,      -19.75,
 139.491351,   35.552703,      -18.60,
 139.495856,   35.552703,      -17.42,
 139.500360,   35.552703,      -16.21,
 139.504865,   35.552703,      -14.95,
 139.509369,   35.552703,      -13.66,
 139.513874,   35.552703,      -12.33,
 139.518378,   35.552703,      -10.97,
 139.522883,   35.552703,       -9.56,
 139.527387,   35.552703,       -8.12,
 139.531892,   35.552703,       -6.65,
 139.536396,   35.552703,       -5.13,
 139.540901,   35.552703,       -3.58,
 139.545405,   35.552703,       -1.99,
 139.549910,   35.552703,       -0.37,
 139.554414,   35.552703,        1.30,
 139.558919,   35.552703,        3.00,
 139.563423,   35.552703,        4.73,
 139.567928,   35.552703,        6.51,
 139.572432,   35.552703,        8.32,
 139.576937,   35.552703,       10.17,
 139.581441,   35.552703,       12.05,
 139.585946,   35.552703,       13.97,
 139.590450,   35.552703,       15.93,
 139.594955,   35.552703,       17.93,
 139.599459,   35.552703,       19.96,
 139.603964,   35.552703,       21.95,
 139.608468,   35.552703,       23.78,
 139.612973,   35.552703,       25.34,
 139.617477,   35.552703,       25.35,
 139.621982,   35.552703,       24.38,
 139.626486,   35.552703,       23.45,
 139.630991,   35.552703,       22.57,
 139.635495,   35.552703,       21.74,
 139.640000,   35.552703,       20.98,
 139.644505,   35.552703,       20.29,
 139.649009,   35.552703,       19.68,
 139.653514,   35.552703,       19.20,
 139.658018,   35.552703,       18.83,
 139.662523,   35.552703,       18.55,
 139.667027,   35.552703,       18.38,
 139.671532,   35.552703,       18.24,
 139.676036,   35.552703,       18.07,
 139.680541,   35.552703,       17.88,
 139.685045,   35.552703,       17.68,
 139.689550,   35.552703,       17.56,
 139.694054,   35.552703,       17.61,
 139.698559,   35.552703,       17.84,
 139.703063,   35.552703,       18.30,
 139.707568,   35.552703,       19.01,
 139.712072,   35.552703,       19.93,
 139.716577,   35.552703,       21.08,
 139.721081,   35.552703,       22.54,
 139.725586,   35.552703,       24.17,
 139.730090,   35.552703,       26.02,
 139.734595,   35.552703,       27.43,
 139.739099,   35.552703,       27.92,
 139.743604,   35.552703,       27.82,
 139.748108,   35.552703,       27.32,
 139.752613,   35.552703,       25.59,
 139.757117,   35.552703,       20.28,
 139.761622,   35.552703,       14.37,
 139.766126,   35.552703,       14.86,
 139.770631,   35.552703,       16.00,
 139.775135,   35.552703,       16.57,
 139.779640,   35.552703,       17.62,
 139.784144,   35.552703,       19.41,
 139.788649,   35.552703,       20.94,
 139.793153,   35.552703,       22.29,
 139.797658,   35.552703,       23.44,
 139.802162,   35.552703,       24.85,
 139.806667,   35.552703,       26.50,
 139.811171,   35.552703,       28.35,
 139.815676,   35.552703,       30.09,
 139.820180,   35.552703,       31.69,
 139.824685,   35.552703,       32.98,
 139.829189,   35.552703,       34.09,
 139.833694,   35.552703,       35.19,
 139.838198,   35.552703,       36.17,
 139.842703,   35.552703,       37.00,
 139.847207,   35.552703,       37.81,
 139.851712,   35.552703,       38.60,
 139.856216,   35.552703,       39.34,
 139.860721,   35.552703,       39.90,
 139.865225,   35.552703,       40.48,
 139.869730,   35.552703,       41.08,
 139.874234,   35.552703,       41.59,
 139.878739,   35.552703,       41.86,
 139.883243,   35.552703,       42.15,
 139.887748,   35.552703,       42.45,
 139.892252,   35.552703,       42.67,
 139.896757,   35.552703,       42.68,
 139.901261,   35.552703,       42.62,
 139.905766,   35.552703,       42.57,
 139.910270,   35.552703,       42.54,
 139.914775,   35.552703,       42.45,
 139.919279,   35.552703,       42.29,
 139.923784,   35.552703,       42.13,
 139.928288,   35.552703,       41.97,
 139.932793,   35.552703,       41.89,
 139.937297,   35.552703,       41.86,
 139.941802,   35.552703,       41.81,
 139.946306,   35.552703,       41.79,
 139.950811,   35.552703,       41.90,
 139.955315,   35.552703,       42.08,
 139.959820,   35.552703,       42.25,
 139.964324,   35.552703,       42.38,
 139.968829,   35.552703,       42.68,
 139.973333,   35.552703,       43.15,
 139.977838,   35.552703,       43.59,
 139.982342,   35.552703,       44.00,
 139.986847,   35.552703,       44.36,
 139.991351,   35.552703,       44.79,
 139.995856,   35.552703,       45.30,
 140.000360,   35.552703,       45.79,
 140.004865,   35.552703,       46.28,
 140.009369,   35.552703,       46.75,
 140.013874,   35.552703,       47.21,
 140.018378,   35.552703,       47.64,
 140.022883,   35.552703,       48.06,
 140.027387,   35.552703,       48.44,
 140.031892,   35.552703,       48.80,
 140.036396,   35.552703,       49.13,
 140.040901,   35.552703,       49.42,
 140.045405,   35.552703,       49.68,
 140.049910,   35.552703,       49.93,
 140.054414,   35.552703,       50.17,
 140.058919,   35.552703,       50.39,
 140.063423,   35.552703,       50.60,
 140.067928,   35.552703,       50.82,
 140.072432,   35.552703,       51.04,
 140.076937,   35.552703,       51.24,
 140.081441,   35.552703,       51.44,
 140.085946,   35.552703,       51.66,
 140.090450,   35.552703,       51.87,
 140.094955,   35.552703,       52.09,
 140.099459,   35.552703,       52.36,
 140.103964,   35.552703,       52.61,
 140.108468,   35.552703,       52.92,
 140.112973,   35.552703,       53.24,
 140.117477,   35.552703,       53.51,
 140.121982,   35.552703,       53.77,
 140.126486,   35.552703,       53.44,
 140.130991,   35.552703,       53.12,
 140.135495,   35.552703,       52.75,
 140.140000,   35.552703,       52.38,
 140.144505,   35.552703,       51.77,
 140.149009,   35.552703,       51.16,
 140.153514,   35.552703,       51.15,
 140.158018,   35.552703,       51.14,
 140.162523,   35.552703,       51.13,
 140.167027,   35.552703,       51.12,
 140.171532,   35.552703,       51.12,
 140.176036,   35.552703,       51.11,
 140.180541,   35.552703,       51.10,
 140.185045,   35.552703,       51.09,
 140.189550,   35.552703,       51.08,
 140.194054,   35.552703,       51.07,
 140.198559,   35.552703,       51.05,
 140.203063,   35.552703,       51.04,
 140.207568,   35.552703,       51.03,
 140.212072,   35.552703,       51.01,
 140.216577,   35.552703,       51.00,
 140.221081,   35.552703,       50.98,
 140.225586,   35.552703,       50.97,
 140.230090,   35.552703,       50.95,
 140.234595,   35.552703,       50.93,
 140.239099,   35.552703,       50.91,
 140.243604,   35.552703,       50.89,
 140.248108,   35.552703,       50.88,
 140.252613,   35.552703,       50.85,
 140.257117,   35.552703,       50.83,
 140.261622,   35.552703,       50.81,
 140.266126,   35.552703,       50.79,
 140.270631,   35.552703,       50.77,
 140.275135,   35.552703,       50.74,
 140.279640,   35.552703,       50.72,
 140.284144,   35.552703,       50.69,
 140.288649,   35.552703,       50.67,
 140.293153,   35.552703,       50.64,
 140.297658,   35.552703,       50.62,
 140.302162,   35.552703,       50.59,
 140.306667,   35.552703,       50.56,
 140.311171,   35.552703,       50.53,
 140.315676,   35.552703,       50.50,
 140.320180,   35.552703,       50.47,
 140.324685,   35.552703,       50.44,
 140.329189,   35.552703,       50.41,
 140.333694,   35.552703,       50.38,
 140.338198,   35.552703,       50.34,
 140.342703,   35.552703,       50.31,
 140.347207,   35.552703,       50.28,
 140.351712,   35.552703,       50.24,
 140.356216,   35.552703,       50.20,
 140.360721,   35.552703,       50.17,
 140.365225,   35.552703,       50.13,
 140.369730,   35.552703,       50.09,
 140.374234,   35.552703,       50.06,
 140.378739,   35.552703,       50.02,
 140.383243,   35.552703,       49.98,
 140.387748,   35.552703,       49.94,
 139.140000,   35.557207,        1.27,
 139.144505,   35.557207,       -0.45,
 139.149009,   35.557207,       -2.14,
 139.153514,   35.557207,       -3.80,
 139.158018,   35.557207,       -5.41,
 139.162523,   35.557207,       -6.99,
 139.167027,   35.557207,       -8.54,
 139.171532,   35.557207,      -10.04,
 139.176036,   35.557207,      -11.51,
 139.180541,   35.557207,      -12.94,
 139.185045,   35.557207,      -14.33,
 139.189550,   35.557207,      -15.69,
 139.194054,   35.557207,      -17.01,
 139.198559,   35.557207,      -18.29,
 139.203063,   35.557207,      -19.54,
 139.207568,   35.557207,      -20.75,
 139.212072,   35.557207,      -21.92,
 139.216577,   35.557207,      -23.05,
 139.221081,   35.557207,      -24.15,
 139.225586,   35.557207,      -25.21,
 139.230090,   35.557207,      -26.23,
 139.234595,   35.557207,      -27.22,
 139.239099,   35.557207,      -28.17,
 139.243604,   35.557207,      -29.08,
 139.248108,   35.557207,      -29.95,
 139.252613,   35.557207,      -30.79,
 139.257117,   35.557207,      -31.59,
 139.261622,   35.557207,      -32.35,
 139.266126,   35.557207,      -33.08,
 139.270631,   35.557207,      -33.77,
 139.275135,   35.557207,      -34.42,
 139.279640,   35.557207,      -35.03,
 139.284144,   35.557207,      -35.61,
 139.288649,   35.557207,      -36.15,
 139.293153,   35.557207,      -36.66,
 139.297658,   35.557207,      -37.12,
 139.302162,   35.557207,      -37.55,
 139.306667,   35.557207,      -37.94,
 139.311171,   35.557207,      -38.30,
 139.315676,   35.557207,      -38.62,
 139.320180,   35.557207,      -38.90,
 139.324685,   35.557207,      -39.14,
 139.329189,   35.557207,      -39.35,
 139.333694,   35.557207,      -39.52,
 139.338198,   35.557207,      -39.65,
 139.342703,   35.557207,      -39.75,
 139.347207,   35.557207,      -39.81,
 139.351712,   35.557207,      -39.83,
 139.356216,   35.557207,      -39.81,
 139.360721,   35.557207,      -39.76,
 139.365225,   35.557207,      -39.67,
 139.369730,   35.557207,      -39.54,
 139.374234,   35.557207,      -39.38,
 139.378739,   35.557207,      -39.18,
 139.383243,   35.557207,      -38.94,
 139.387748,   35.557207,      -38.66,
 139.392252,   35.557207,      -38.35,
 139.396757,   35.557207,      -38.00,
 139.401261,   35.557207,      -37.61,
 139.405766,   35.557207,      -37.19,
 139.410270,   35.557207,      -36.73,
 139.414775,   35.557207,      -36.23,
 139.419279,   35.557207,      -35.69,
 139.423784,   35.557207,      -35.12,
 139.428288,   35.557207,      -34.51,
 139.432793,   35.557207,      -33.87,
 139.437297,   35.557207,      -33.18,
 139.441802,   35.557207,      -32.46,
 139.446306,   35.557207,      -31.70,
 139.450811,   35.557207,      -30.91,
 139.455315,   35.557207,      -30.08,
 139.459820,   35.557207,      -29.21,
 139.464324,   35.557207,      -28.30,
 139.468829,   35.557207,      -27.36,
 139.473333,   35.557207,      -26.38,
 139.477838,   35.557207,      -25.36,
 139.482342,   35.557207,      -24.31,
 139.486847,   35.557207,      -23.22,
 139.491351,   35.557207,      -22.09,
 139.495856,   35.557207,      -20.92,
 139.500360,   35.557207,      -19.72,
 139.504865,   35.557207,      -18.48,
 139.509369,   35.557207,      -17.20,
 139.513874,   35.557207,      -15.89,
 139.518378,   35.557207,      -14.54,
 139.522883,   35.557207,      -13.15,
 139.527387,   35.557207,      -11.72,
 139.531892,   35.557207,      -10.26,
 139.536396,   35.557207,       -8.76,
 139.540901,   35.557207,       -7.22,
 139.545405,   35.557207,       -5.65,
 139.549910,   35.557207,       -4.04,
 139.554414,   35.557207,       -2.39,
 139.558919,   35.557207,       -0.71,
 139.563423,   35.557207,        1.02,
 139.567928,   35.557207,        2.78,
 139.572432,   35.557207,        4.57,
 139.576937,   35.557207,        6.41,
 139.581441,   35.557207,        8.28,
 139.585946,   35.557207,       10.18,
 139.590450,   35.557207,       12.13,
 139.594955,   35.557207,       14.11,
 139.599459,   35.557207,       16.13,
 139.603964,   35.557207,       18.19,
 139.608468,   35.557207,       20.28,
 139.612973,   35.557207,       22.22,
 139.617477,   35.557207,       24.02,
 139.621982,   35.557207,       25.06,
 139.626486,   35.557207,       24.12,
 139.630991,   35.557207,       23.18,
 139.635495,   35.557207,       22.29,
 139.640000,   35.557207,       21.46,
 139.644505,   35.557207,       20.69,
 139.649009,   35.557207,       19.99,
 139.653514,   35.557207,       19.38,
 139.658018,   35.557207,       18.89,
 139.662523,   35.557207,       18.53,
 139.667027,   35.557207,       18.25,
 139.671532,   35.557207,       18.09,
 139.676036,   35.557207,       17.96,
 139.680541,   35.557207,       17.81,
 139.685045,   35.557207,       17.63,
 139.689550,   35.557207,       17.48,
 139.694054,   35.557207,       17.44,
 139.698559,   35.557207,       17.64,
 139.703063,   35.557207,       18.03,
 139.707568,   35.557207,       18.69,
 139.712072,   35.557207,       19.59,
 139.716577,   35.557207,       20.73,
 139.721081,   35.557207,       22.15,
 139.725586,   35.557207,       23.89,
 139.730090,   35.557207,       25.62,
 139.734595,   35.557207,       27.23,
 139.739099,   35.557207,       28.03,
 139.743604,   35.557207,       28.21,
 139.748108,   35.557207,       28.22,
 139.752613,   35.557207,       27.39,
 139.757117,   35.557207,       24.04,
 139.761622,   35.557207,       21.11,
 139.766126,   35.557207,       18.43,
 139.770631,   35.557207,       17.67,
 139.775135,   35.557207,       18.00,
 139.779640,   35.557207,       19.07,
 139.784144,   35.557207,       20.39,
 139.788649,   35.557207,       21.67,
 139.793153,   35.557207,       22.44,
 139.797658,   35.557207,       23.37,
 139.802162,   35.557207,       24.36,
 139.806667,   35.557207,       25.84,
 139.811171,   35.557207,       27.57,
 139.815676,   35.557207,       29.31,
 139.820180,   35.557207,       30.89,
 139.824685,   35.557207,       32.26,
 139.829189,   35.557207,       33.45,
 139.833694,   35.557207,       34.61,
 139.838198,   35.557207,       35.71,
 139.842703,   35.557207,       36.66,
 139.847207,   35.557207,       37.49,
 139.851712,   35.557207,       38.30,
 139.856216,   35.557207,       39.08,
 139.860721,   35.557207,       39.73,
 139.865225,   35.557207,       40.33,
 139.869730,   35.557207,       40.95,
 139.874234,   35.557207,       41.57,
 139.878739,   35.557207,       41.95,
 139.883243,   35.557207,       42.26,
 139.887748,   35.557207,       42.60,
 139.892252,   35.557207,       42.93,
 139.896757,   35.557207,       43.01,
 139.901261,   35.557207,       43.00,
 139.905766,   35.557207,       43.00,
 139.910270,   35.557207,       43.02,
 139.914775,   35.557207,       42.96,
 139.919279,   35.557207,       42.81,
 139.923784,   35.557207,       42.67,
 139.928288,   35.557207,       42.54,
 139.932793,   35.557207,       42.45,
 139.937297,   35.557207,       42.40,
 139.941802,   35.557207,       42.33,
 139.946306,   35.557207,       42.27,
 139.950811,   35.557207,       42.34,
 139.955315,   35.557207,       42.46,
 139.959820,   35.557207,       42.59,
 139.964324,   35.557207,       42.71,
 139.968829,   35.557207,       42.85,
 139.973333,   35.557207,       43.19,
 139.977838,   35.557207,       43.60,
 139.982342,   35.557207,       43.99,
 139.986847,   35.557207,       44.36,
 139.991351,   35.557207,       44.77,
 139.995856,   35.557207,       45.24,
 140.000360,   35.557207,       45.72,
 140.004865,   35.557207,       46.20,
 140.009369,   35.557207,       46.68,
 140.013874,   35.557207,       47.15,
 140.018378,   35.557207,       47.60,
 140.022883,   35.557207,       48.04,
 140.027387,   35.557207,       48.44,
 140.031892,   35.557207,       48.80,
 140.036396,   35.557207,       49.16,
 140.040901,   35.557207,       49.49,
 140.045405,   35.557207,       49.75,
 140.049910,   35.557207,       50.02,
 140.054414,   35.557207,       50.24,
 140.058919,   35.557207,       50.47,
 140.063423,   35.557207,       50.68,
 140.067928,   35.557207,       50.88,
 140.072432,   35.557207,       51.08,
 140.076937,   35.557207,       51.26,
 140.081441,   35.557207,       51.44,
 140.085946,   35.557207,       51.65,
 140.090450,   35.557207,       51.87,
 140.094955,   35.557207,       52.09,
 140.099459,   35.557207,       52.34,
 140.103964,   35.557207,       52.59,
 140.108468,   35.557207,       52.85,
 140.112973,   35.557207,       53.13,
 140.117477,   35.557207,       53.36,
 140.121982,   35.557207,       53.61,
 140.126486,   35.557207,       53.54,
 140.130991,   35.557207,       53.24,
 140.135495,   35.557207,       52.81,
 140.140000,   35.557207,       52.28,
 140.144505,   35.557207,       51.62,
 140.149009,   35.557207,       51.38,
 140.153514,   35.557207,       51.37,
 140.158018,   35.557207,       51.37,
 140.162523,   35.557207,       51.36,
 140.167027,   35.557207,       51.35,
 140.171532,   35.557207,       51.35,
 140.176036,   35.557207,       51.34,
 140.180541,   35.557207,       51.33,
 140.185045,   35.557207,       51.32,
 140.189550,   35.557207,       51.31,
 140.194054,   35.557207,       51.30,
 140.198559,   35.557207,       51.28,
 140.203063,   35.557207,       51.27,
 140.207568,   35.557207,       51.26,
 140.212072,   35.557207,       51.25,
 140.216577,   35.557207,       51.23,
 140.221081,   35.557207,       51.22,
 140.225586,   35.557207,       51.20,
 140.230090,   35.557207,       51.18,
 140.234595,   35.557207,       51.17,
 140.239099,   35.557207,       51.15,
 140.243604,   35.557207,       51.13,
 140.248108,   35.557207,       51.11,
 140.252613,   35.557207,       51.09,
 140.257117,   35.557207,       51.07,
 140.261622,   35.557207,       51.05,
 140.266126,   35.557207,       51.03,
 140.270631,   35.557207,       51.00,
 140.275135,   35.557207,       50.98,
 140.279640,   35.557207,       50.96,
 140.284144,   35.557207,       50.93,
 140.288649,   35.557207,       50.91,
 140.293153,   35.557207,       50.88,
 140.297658,   35.557207,       50.85,
 140.302162,   35.557207,       50.83,
 140.306667,   35.557207,       50.80,
 140.311171,   35.557207,       50.77,
 140.315676,   35.557207,       50.74,
 140.320180,   35.557207,       50.71,
 140.324685,   35.557207,       50.68,
 140.329189,   35.557207,       50.65,
 140.333694,   35.557207,       50.62,
 140.338198,   35.557207,       50.58,
 140.342703,   35.557207,       50.55,
 140.347207,   35.557207,       50.52,
 140.351712,   35.557207,       50.48,
 140.356216,   35.557207,       50.45,
 140.360721,   35.557207,       50.41,
 140.365225,   35.557207,       50.37,
 140.369730,   35.557207,       50.34,
 140.374234,   35.557207,       50.30,
 140.378739,   35.557207,       50.26,
 140.383243,   35.557207,       50.22,
 140.387748,   35.557207,       50.18,
 139.140000,   35.561712,       -1.10,
 139.144505,   35.561712,       -2.84,
 139.149009,   35.561712,       -4.55,
 139.153514,   35.561712,       -6.21,
 139.158018,   35.561712,       -7.84,
 139.162523,   35.561712,       -9.44,
 139.167027,   35.561712,      -11.00,
 139.171532,   35.561712,      -12.52,
 139.176036,   35.561712,      -14.00,
 139.180541,   35.561712,      -15.44,
 139.185045,   35.561712,      -16.85,
 139.189550,   35.561712,      -18.22,
 139.194054,   35.561712,      -19.56,
 139.198559,   35.561712,      -20.86,
 139.203063,   35.561712,      -22.12,
 139.207568,   35.561712,      -23.34,
 139.212072,   35.561712,      -24.52,
 139.216577,   35.561712,      -25.67,
 139.221081,   35.561712,      -26.79,
 139.225586,   35.561712,      -27.86,
 139.230090,   35.561712,      -28.90,
 139.234595,   35.561712,      -29.90,
 139.239099,   35.561712,      -30.86,
 139.243604,   35.561712,      -31.79,
 139.248108,   35.561712,      -32.68,
 139.252613,   35.561712,      -33.53,
 139.257117,   35.561712,      -34.34,
 139.261622,   35.561712,      -35.12,
 139.266126,   35.561712,      -35.86,
 139.270631,   35.561712,      -36.57,
 139.275135,   35.561712,      -37.23,
 139.279640,   35.561712,      -37.86,
 139.284144,   35.561712,      -38.46,
 139.288649,   35.561712,      -39.01,
 139.293153,   35.561712,      -39.53,
 139.297658,   35.561712,      -40.01,
 139.302162,   35.561712,      -40.45,
 139.306667,   35.561712,      -40.86,
 139.311171,   35.561712,      -41.23,
 139.315676,   35.561712,      -41.56,
 139.320180,   35.561712,      -41.86,
 139.324685,   35.561712,      -42.12,
 139.329189,   35.561712,      -42.34,
 139.333694,   35.561712,      -42.52,
 139.338198,   35.561712,      -42.67,
 139.342703,   35.561712,      -42.78,
 139.347207,   35.561712,      -42.85,
 139.351712,   35.561712,      -42.89,
 139.356216,   35.561712,      -42.89,
 139.360721,   35.561712,      -42.85,
 139.365225,   35.561712,      -42.78,
 139.369730,   35.561712,      -42.66,
 139.374234,   35.561712,      -42.51,
 139.378739,   35.561712,      -42.33,
 139.383243,   35.561712,      -42.10,
 139.387748,   35.561712,      -41.84,
 139.392252,   35.561712,      -41.54,
 139.396757,   35.561712,      -41.21,
 139.401261,   35.561712,      -40.84,
 139.405766,   35.561712,      -40.43,
 139.410270,   35.561712,      -39.98,
 139.414775,   35.561712,      -39.50,
 139.419279,   35.561712,      -38.98,
 139.423784,   35.561712,      -38.42,
 139.428288,   35.561712,      -37.83,
 139.432793,   35.561712,      -37.19,
 139.437297,   35.561712,      -36.53,
 139.441802,   35.561712,      -35.82,
 139.446306,   35.561712,      -35.08,
 139.450811,   35.561712,      -34.30,
 139.455315,   35.561712,      -33.48,
 139.459820,   35.561712,      -32.63,
 139.464324,   35.561712,      -31.73,
 139.468829,   35.561712,      -30.81,
 139.473333,   35.561712,      -29.84,
 139.477838,   35.561712,      -28.84,
 139.482342,   35.561712,      -27.80,
 139.486847,   35.561712,      -26.72,
 139.491351,   35.561712,      -25.61,
 139.495856,   35.561712,      -24.46,
 139.500360,   35.561712,      -23.27,
 139.504865,   35.561712,      -22.04,
 139.509369,   35.561712,      -20.78,
 139.513874,   35.561712,      -19.48,
 139.518378,   35.561712,      -18.14,
 139.522883,   35.561712,      -16.77,
 139.527387,   35.561712,      -15.36,
 139.531892,   35.561712,      -13.91,
 139.536396,   35.561712,      -12.43,
 139.540901,   35.561712,      -10.90,
 139.545405,   35.561712,       -9.35,
 139.549910,   35.561712,       -7.75,
 139.554414,   35.561712,       -6.12,
 139.558919,   35.561712,       -4.45,
 139.563423,   35.561712,       -2.74,
 139.567928,   35.561712,       -0.99,
 139.572432,   35.561712,        0.79,
 139.576937,   35.561712,        2.61,
 139.581441,   35.561712,        4.46,
 139.585946,   35.561712,        6.36,
 139.590450,   35.561712,        8.29,
 139.594955,   35.561712,       10.25,
 139.599459,   35.561712,       12.26,
 139.603964,   35.561712,       14.30,
 139.608468,   35.561712,       16.38,
 139.612973,   35.561712,       18.49,
 139.617477,   35.561712,       20.57,
 139.621982,   35.561712,       22.53,
 139.626486,   35.561712,       24.18,
 139.630991,   35.561712,       23.85,
 139.635495,   35.561712,       22.91,
 139.640000,   35.561712,       22.02,
 139.644505,   35.561712,       21.17,
 139.649009,   35.561712,       20.40,
 139.653514,   35.561712,       19.69,
 139.658018,   35.561712,       19.08,
 139.662523,   35.561712,       18.58,
 139.667027,   35.561712,       18.22,
 139.671532,   35.561712,       17.96,
 139.676036,   35.561712,       17.81,
 139.680541,   35.561712,       17.69,
 139.685045,   35.561712,       17.55,
 139.689550,   35.561712,       17.39,
 139.694054,   35.561712,       17.30,
 139.698559,   35.561712,       17.40,
 139.703063,   35.561712,       17.74,
 139.707568,   35.561712,       18.32,
 139.712072,   35.561712,       19.19,
 139.716577,   35.561712,       20.31,
 139.721081,   35.561712,       21.72,
 139.725586,   35.561712,       23.48,
 139.730090,   35.561712,       25.28,
 139.734595,   35.561712,       27.03,
 139.739099,   35.561712,       28.09,
 139.743604,   35.561712,       28.56,
 139.748108,   35.561712,       29.14,
 139.752613,   35.561712,       28.93,
 139.757117,   35.561712,       25.59,
 139.761622,   35.561712,       22.53,
 139.766126,   35.561712,       20.22,
 139.770631,   35.561712,       19.47,
 139.775135,   35.561712,       19.38,
 139.779640,   35.561712,       20.62,
 139.784144,   35.561712,       21.79,
 139.788649,   35.561712,       22.49,
 139.793153,   35.561712,       23.02,
 139.797658,   35.561712,       23.64,
 139.802162,   35.561712,       24.45,
 139.806667,   35.561712,       25.56,
 139.811171,   35.561712,       27.14,
 139.815676,   35.561712,       28.72,
 139.820180,   35.561712,       30.30,
 139.824685,   35.561712,       31.64,
 139.829189,   35.561712,       32.89,
 139.833694,   35.561712,       34.06,
 139.838198,   35.561712,       35.16,
 139.842703,   35.561712,       36.24,
 139.847207,   35.561712,       37.20,
 139.851712,   35.561712,       37.99,
 139.856216,   35.561712,       38.80,
 139.860721,   35.561712,       39.52,
 139.865225,   35.561712,       40.15,
 139.869730,   35.561712,       40.81,
 139.874234,   35.561712,       41.45,
 139.878739,   35.561712,       41.95,
 139.883243,   35.561712,       42.31,
 139.887748,   35.561712,       42.67,
 139.892252,   35.561712,       43.06,
 139.896757,   35.561712,       43.34,
 139.901261,   35.561712,       43.36,
 139.905766,   35.561712,       43.40,
 139.910270,   35.561712,       43.47,
 139.914775,   35.561712,       43.48,
 139.919279,   35.561712,       43.35,
 139.923784,   35.561712,       43.24,
 139.928288,   35.561712,       43.13,
 139.932793,   35.561712,       43.04,
 139.937297,   35.561712,       42.97,
 139.941802,   35.561712,       42.89,
 139.946306,   35.561712,       42.81,
 139.950811,   35.561712,       42.79,
 139.955315,   35.561712,       42.87,
 139.959820,   35.561712,       42.93,
 139.964324,   35.561712,       43.04,
 139.968829,   35.561712,       43.15,
 139.973333,   35.561712,       43.31,
 139.977838,   35.561712,       43.66,
 139.982342,   35.561712,       44.04,
 139.986847,   35.561712,       44.41,
 139.991351,   35.561712,       44.81,
 139.995856,   35.561712,       45.24,
 140.000360,   35.561712,       45.68,
 140.004865,   35.561712,       46.14,
 140.009369,   35.561712,       46.61,
 140.013874,   35.561712,       47.08,
 140.018378,   35.561712,       47.54,
 140.022883,   35.561712,       48.00,
 140.027387,   35.561712,       48.43,
 140.031892,   35.561712,       48.81,
 140.036396,   35.561712,       49.20,
 140.040901,   35.561712,       49.53,
 140.045405,   35.561712,       49.81,
 140.049910,   35.561712,       50.09,
 140.054414,   35.561712,       50.33,
 140.058919,   35.561712,       50.55,
 140.063423,   35.561712,       50.76,
 140.067928,   35.561712,       50.95,
 140.072432,   35.561712,       51.13,
 140.076937,   35.561712,       51.31,
 140.081441,   35.561712,       51.49,
 140.085946,   35.561712,       51.67,
 140.090450,   35.561712,       51.87,
 140.094955,   35.561712,       52.09,
 140.099459,   35.561712,       52.32,
 140.103964,   35.561712,       52.56,
 140.108468,   35.561712,       52.80,
 140.112973,   35.561712,       53.04,
 140.117477,   35.561712,       53.27,
 140.121982,   35.561712,       53.48,
 140.126486,   35.561712,       53.60,
 140.130991,   35.561712,       53.28,
 140.135495,   35.561712,       52.83,
 140.140000,   35.561712,       52.12,
 140.144505,   35.561712,       51.61,
 140.149009,   35.561712,       51.61,
 140.153514,   35.561712,       51.60,
 140.158018,   35.561712,       51.60,
 140.162523,   35.561712,       51.59,
 140.167027,   35.561712,       51.58,
 140.171532,   35.561712,       51.58,
 140.176036,   35.561712,       51.57,
 140.180541,   35.561712,       51.56,
 140.185045,   35.561712,       51.55,
 140.189550,   35.561712,       51.54,
 140.194054,   35.561712,       51.53,
 140.198559,   35.561712,       51.52,
 140.203063,   35.561712,       51.50,
 140.207568,   35.561712,       51.49,
 140.212072,   35.561712,       51.48,
 140.216577,   35.561712,       51.46,
 140.221081,   35.561712,       51.45,
 140.225586,   35.561712,       51.43,
 140.230090,   35.561712,       51.42,
 140.234595,   35.561712,       51.40,
 140.239099,   35.561712,       51.38,
 140.243604,   35.561712,       51.36,
 140.248108,   35.561712,       51.35,
 140.252613,   35.561712,       51.33,
 140.257117,   35.561712,       51.31,
 140.261622,   35.561712,       51.28,
 140.266126,   35.561712,       51.26,
 140.270631,   35.561712,       51.24,
 140.275135,   35.561712,       51.22,
 140.279640,   35.561712,       51.19,
 140.284144,   35.561712,       51.17,
 140.288649,   35.561712,       51.14,
 140.293153,   35.561712,       51.12,
 140.297658,   35.561712,       51.09,
 140.302162,   35.561712,       51.07,
 140.306667,   35.561712,       51.04,
 140.311171,   35.561712,       51.01,
 140.315676,   35.561712,       50.98,
 140.320180,   35.561712,       50.95,
 140.324685,   35.561712,       50.92,
 140.329189,   35.561712,       50.89,
 140.333694,   35.561712,       50.86,
 140.338198,   35.561712,       50.83,
 140.342703,   35.561712,       50.79,
 140.347207,   35.561712,       50.76,
 140.351712,   35.561712,       50.72,
 140.356216,   35.561712,       50.69,
 140.360721,   35.561712,       50.65,
 140.365225,   35.561712,       50.62,
 140.369730,   35.561712,       50.58,
 140.374234,   35.561712,       50.54,
 140.378739,   35.561712,       50.50,
 140.383243,   35.561712,       50.47,
 140.387748,   35.561712,       50.43,
 139.140000,   35.566216,       -3.51,
 139.144505,   35.566216,       -5.26,
 139.149009,   35.566216,       -6.98,
 139.153514,   35.566216,       -8.67,
 139.158018,   35.566216,      -10.31,
 139.162523,   35.566216,      -11.92,
 139.167027,   35.566216,      -13.49,
 139.171532,   35.566216,      -15.03,
 139.176036,   35.566216,      -16.53,
 139.180541,   35.566216,      -17.99,
 139.185045,   35.566216,      -19.41,
 139.189550,   35.566216,      -20.80,
 139.194054,   35.566216,      -22.14,
 139.198559,   35.566216,      -23.46,
 139.203063,   35.566216,      -24.73,
 139.207568,   35.566216,      -25.97,
 139.212072,   35.566216,      -27.17,
 139.216577,   35.566216,      -28.33,
 139.221081,   35.566216,      -29.46,
 139.225586,   35.566216,      -30.55,
 139.230090,   35.566216,      -31.60,
 139.234595,   35.566216,      -32.62,
 139.239099,   35.566216,      -33.59,
 139.243604,   35.566216,      -34.54,
 139.248108,   35.566216,      -35.44,
 139.252613,   35.566216,      -36.31,
 139.257117,   35.566216,      -37.14,
 139.261622,   35.566216,      -37.93,
 139.266126,   35.566216,      -38.68,
 139.270631,   35.566216,      -39.40,
 139.275135,   35.566216,      -40.08,
 139.279640,   35.566216,      -40.73,
 139.284144,   35.566216,      -41.34,
 139.288649,   35.566216,      -41.91,
 139.293153,   35.566216,      -42.44,
 139.297658,   35.566216,      -42.93,
 139.302162,   35.566216,      -43.39,
 139.306667,   35.566216,      -43.81,
 139.311171,   35.566216,      -44.20,
 139.315676,   35.566216,      -44.55,
 139.320180,   35.566216,      -44.86,
 139.324685,   35.566216,      -45.13,
 139.329189,   35.566216,      -45.37,
 139.333694,   35.566216,      -45.57,
 139.338198,   35.566216,      -45.73,
 139.342703,   35.566216,      -45.85,
 139.347207,   35.566216,      -45.94,
 139.351712,   35.566216,      -45.99,
 139.356216,   35.566216,      -46.00,
 139.360721,   35.566216,      -45.98,
 139.365225,   35.566216,      -45.92,
 139.369730,   35.566216,      -45.82,
 139.374234,   35.566216,      -45.69,
 139.378739,   35.566216,      -45.52,
 139.383243,   35.566216,      -45.31,
 139.387748,   35.566216,      -45.06,
 139.392252,   35.566216,      -44.78,
 139.396757,   35.566216,      -44.46,
 139.401261,   35.566216,      -44.10,
 139.405766,   35.566216,      -43.71,
 139.410270,   35.566216,      -43.27,
 139.414775,   35.566216,      -42.81,
 139.419279,   35.566216,      -42.30,
 139.423784,   35.566216,      -41.76,
 139.428288,   35.566216,      -41.18,
 139.432793,   35.566216,      -40.56,
 139.437297,   35.566216,      -39.91,
 139.441802,   35.566216,      -39.21,
 139.446306,   35.566216,      -38.49,
 139.450811,   35.566216,      -37.72,
 139.455315,   35.566216,      -36.92,
 139.459820,   35.566216,      -36.08,
 139.464324,   35.566216,      -35.20,
 139.468829,   35.566216,      -34.29,
 139.473333,   35.566216,      -33.34,
 139.477838,   35.566216,      -32.35,
 139.482342,   35.566216,      -31.32,
 139.486847,   35.566216,      -30.26,
 139.491351,   35.566216,      -29.16,
 139.495856,   35.566216,      -28.03,
 139.500360,   35.566216,      -26.85,
 139.504865,   35.566216,      -25.64,
 139.509369,   35.566216,      -24.40,
 139.513874,   35.566216,      -23.11,
 139.518378,   35.566216,      -21.79,
 139.522883,   35.566216,      -20.43,
 139.527387,   35.566216,      -19.03,
 139.531892,   35.566216,      -17.60,
 139.536396,   35.566216,      -16.13,
 139.540901,   35.566216,      -14.62,
 139.545405,   35.566216,      -13.08,
 139.549910,   35.566216,      -11.50,
 139.554414,   35.566216,       -9.88,
 139.558919,   35.566216,       -8.22,
 139.563423,   35.566216,       -6.53,
 139.567928,   35.566216,       -4.80,
 139.572432,   35.566216,       -3.03,
 139.576937,   35.566216,       -1.23,
 139.581441,   35.566216,        0.61,
 139.585946,   35.566216,        2.49,
 139.590450,   35.566216,        4.41,
 139.594955,   35.566216,        6.36,
 139.599459,   35.566216,        8.35,
 139.603964,   35.566216,       10.37,
 139.608468,   35.566216,       12.44,
 139.612973,   35.566216,       14.54,
 139.617477,   35.566216,       16.68,
 139.621982,   35.566216,       18.85,
 139.626486,   35.566216,       20.92,
 139.630991,   35.566216,       22.87,
 139.635495,   35.566216,       23.59,
 139.640000,   35.566216,       22.64,
 139.644505,   35.566216,       21.74,
 139.649009,   35.566216,       20.89,
 139.653514,   35.566216,       20.10,
 139.658018,   35.566216,       19.39,
 139.662523,   35.566216,       18.77,
 139.667027,   35.566216,       18.27,
 139.671532,   35.566216,       17.91,
 139.676036,   35.566216,       17.66,
 139.680541,   35.566216,       17.53,
 139.685045,   35.566216,       17.42,
 139.689550,   35.566216,       17.29,
 139.694054,   35.566216,       17.17,
 139.698559,   35.566216,       17.17,
 139.703063,   35.566216,       17.43,
 139.707568,   35.566216,       17.93,
 139.712072,   35.566216,       18.74,
 139.716577,   35.566216,       19.83,
 139.721081,   35.566216,       21.21,
 139.725586,   35.566216,       22.97,
 139.730090,   35.566216,       25.06,
 139.734595,   35.566216,       26.83,
 139.739099,   35.566216,       28.10,
 139.743604,   35.566216,       28.77,
 139.748108,   35.566216,       29.64,
 139.752613,   35.566216,       29.12,
 139.757117,   35.566216,       26.38,
 139.761622,   35.566216,       24.34,
 139.766126,   35.566216,       22.39,
 139.770631,   35.566216,       21.77,
 139.775135,   35.566216,       21.44,
 139.779640,   35.566216,       22.14,
 139.784144,   35.566216,       22.74,
 139.788649,   35.566216,       23.10,
 139.793153,   35.566216,       23.51,
 139.797658,   35.566216,       23.95,
 139.802162,   35.566216,       24.55,
 139.806667,   35.566216,       25.61,
 139.811171,   35.566216,       26.83,
 139.815676,   35.566216,       28.34,
 139.820180,   35.566216,       29.77,
 139.824685,   35.566216,       31.10,
 139.829189,   35.566216,       32.36,
 139.833694,   35.566216,       33.53,
 139.838198,   35.566216,       34.64,
 139.842703,   35.566216,       35.74,
 139.847207,   35.566216,       36.77,
 139.851712,   35.566216,       37.62,
 139.856216,   35.566216,       38.46,
 139.860721,   35.566216,       39.31,
 139.865225,   35.566216,       39.97,
 139.869730,   35.566216,       40.66,
 139.874234,   35.566216,       41.36,
 139.878739,   35.566216,       41.91,
 139.883243,   35.566216,       42.31,
 139.887748,   35.566216,       42.72,
 139.892252,   35.566216,       43.14,
 139.896757,   35.566216,       43.50,
 139.901261,   35.566216,       43.66,
 139.905766,   35.566216,       43.73,
 139.910270,   35.566216,       43.83,
 139.914775,   35.566216,       43.94,
 139.919279,   35.566216,       43.87,
 139.923784,   35.566216,       43.78,
 139.928288,   35.566216,       43.71,
 139.932793,   35.566216,       43.64,
 139.937297,   35.566216,       43.56,
 139.941802,   35.566216,       43.48,
 139.946306,   35.566216,       43.41,
 139.950811,   35.566216,       43.36,
 139.955315,   35.566216,       43.35,
 139.959820,   35.566216,       43.35,
 139.964324,   35.566216,       43.40,
 139.968829,   35.566216,       43.54,
 139.973333,   35.566216,       43.67,
 139.977838,   35.566216,       43.85,
 139.982342,   35.566216,       44.12,
 139.986847,   35.566216,       44.46,
 139.991351,   35.566216,       44.87,
 139.995856,   35.566216,       45.29,
 140.000360,   35.566216,       45.69,
 140.004865,   35.566216,       46.09,
 140.009369,   35.566216,       46.55,
 140.013874,   35.566216,       47.02,
 140.018378,   35.566216,       47.48,
 140.022883,   35.566216,       47.95,
 140.027387,   35.566216,       48.39,
 140.031892,   35.566216,       48.80,
 140.036396,   35.566216,       49.21,
 140.040901,   35.566216,       49.58,
 140.045405,   35.566216,       49.86,
 140.049910,   35.566216,       50.15,
 140.054414,   35.566216,       50.41,
 140.058919,   35.566216,       50.62,
 140.063423,   35.566216,       50.82,
 140.067928,   35.566216,       51.02,
 140.072432,   35.566216,       51.20,
 140.076937,   35.566216,       51.37,
 140.081441,   35.566216,       51.54,
 140.085946,   35.566216,       51.72,
 140.090450,   35.566216,       51.91,
 140.094955,   35.566216,       52.11,
 140.099459,   35.566216,       52.32,
 140.103964,   35.566216,       52.55,
 140.108468,   35.566216,       52.78,
 140.112973,   35.566216,       53.01,
 140.117477,   35.566216,       53.22,
 140.121982,   35.566216,       53.43,
 140.126486,   35.566216,       53.60,
 140.130991,   35.566216,       53.28,
 140.135495,   35.566216,       52.67,
 140.140000,   35.566216,       51.90,
 140.144505,   35.566216,       51.84,
 140.149009,   35.566216,       51.84,
 140.153514,   35.566216,       51.83,
 140.158018,   35.566216,       51.83,
 140.162523,   35.566216,       51.82,
 140.167027,   35.566216,       51.81,
 140.171532,   35.566216,       51.81,
 140.176036,   35.566216,       51.80,
 140.180541,   35.566216,       51.79,
 140.185045,   35.566216,       51.78,
 140.189550,   35.566216,       51.77,
 140.194054,   35.566216,       51.76,
 140.198559,   35.566216,       51.75,
 140.203063,   35.566216,       51.74,
 140.207568,   35.566216,       51.73,
 140.212072,   35.566216,       51.71,
 140.216577,   35.566216,       51.70,
 140.221081,   35.566216,       51.68,
 140.225586,   35.566216,       51.67,
 140.230090,   35.566216,       51.65,
 140.234595,   35.566216,       51.64,
 140.239099,   35.566216,       51.62,
 140.243604,   35.566216,       51.60,
 140.248108,   35.566216,       51.58,
 140.252613,   35.566216,       51.56,
 140.257117,   35.566216,       51.54,
 140.261622,   35.566216,       51.52,
 140.266126,   35.566216,       51.50,
 140.270631,   35.566216,       51.48,
 140.275135,   35.566216,       51.46,
 140.279640,   35.566216,       51.43,
 140.284144,   35.566216,       51.41,
 140.288649,   35.566216,       51.38,
 140.293153,   35.566216,       51.36,
 140.297658,   35.566216,       51.33,
 140.302162,   35.566216,       51.31,
 140.306667,   35.566216,       51.28,
 140.311171,   35.566216,       51.25,
 140.315676,   35.566216,       51.22,
 140.320180,   35.566216,       51.19,
 140.324685,   35.566216,       51.16,
 140.329189,   35.566216,       51.13,
 140.333694,   35.566216,       51.10,
 140.338198,   35.566216,       51.07,
 140.342703,   35.566216,       51.04,
 140.347207,   35.566216,       51.00,
 140.351712,   35.566216,       50.97,
 140.356216,   35.566216,       50.93,
 140.360721,   35.566216,       50.90,
 140.365225,   35.566216,       50.86,
 140.369730,   35.566216,       50.82,
 140.374234,   35.566216,       50.79,
 140.378739,   35.566216,       50.75,
 140.383243,   35.566216,       50.71,
 140.387748,   35.566216,       50.67,
 139.140000,   35.570721,       -5.95,
 139.144505,   35.570721,       -7.73,
 139.149009,   35.570721,       -9.46,
 139.153514,   35.570721,      -11.16,
 139.158018,   35.570721,      -12.82,
 139.162523,   35.570721,      -14.44,
 139.167027,   35.570721,      -16.03,
 139.171532,   35.570721,      -17.58,
 139.176036,   35.570721,      -19.09,
 139.180541,   35.570721,      -20.57,
 139.185045,   35.570721,      -22.00,
 139.189550,   35.570721,      -23.40,
 139.194054,   35.570721,      -24.77,
 139.198559,   35.570721,      -26.09,
 139.203063,   35.570721,      -27.38,
 139.207568,   35.570721,      -28.64,
 139.212072,   35.570721,      -29.85,
 139.216577,   35.570721,      -31.03,
 139.221081,   35.570721,      -32.17,
 139.225586,   35.570721,      -33.28,
 139.230090,   35.570721,      -34.34,
 139.234595,   35.570721,      -35.37,
 139.239099,   35.570721,      -36.36,
 139.243604,   35.570721,      -37.32,
 139.248108,   35.570721,      -38.24,
 139.252613,   35.570721,      -39.12,
 139.257117,   35.570721,      -39.97,
 139.261622,   35.570721,      -40.77,
 139.266126,   35.570721,      -41.54,
 139.270631,   35.570721,      -42.28,
 139.275135,   35.570721,      -42.97,
 139.279640,   35.570721,      -43.63,
 139.284144,   35.570721,      -44.25,
 139.288649,   35.570721,      -44.84,
 139.293153,   35.570721,      -45.39,
 139.297658,   35.570721,      -45.90,
 139.302162,   35.570721,      -46.37,
 139.306667,   35.570721,      -46.81,
 139.311171,   35.570721,      -47.20,
 139.315676,   35.570721,      -47.57,
 139.320180,   35.570721,      -47.89,
 139.324685,   35.570721,      -48.18,
 139.329189,   35.570721,      -48.43,
 139.333694,   35.570721,      -48.64,
 139.338198,   35.570721,      -48.82,
 139.342703,   35.570721,      -48.96,
 139.347207,   35.570721,      -49.06,
 139.351712,   35.570721,      -49.13,
 139.356216,   35.570721,      -49.16,
 139.360721,   35.570721,      -49.15,
 139.365225,   35.570721,      -49.10,
 139.369730,   35.570721,      -49.02,
 139.374234,   35.570721,      -48.90,
 139.378739,   35.570721,      -48.74,
 139.383243,   35.570721,      -48.55,
 139.387748,   35.570721,      -48.32,
 139.392252,   35.570721,      -48.05,
 139.396757,   35.570721,      -47.74,
 139.401261,   35.570721,      -47.40,
 139.405766,   35.570721,      -47.02,
 139.410270,   35.570721,      -46.60,
 139.414775,   35.570721,      -46.15,
 139.419279,   35.570721,      -45.66,
 139.423784,   35.570721,      -45.13,
 139.428288,   35.570721,      -44.57,
 139.432793,   35.570721,      -43.96,
 139.437297,   35.570721,      -43.32,
 139.441802,   35.570721,      -42.65,
 139.446306,   35.570721,      -41.93,
 139.450811,   35.570721,      -41.18,
 139.455315,   35.570721,      -40.39,
 139.459820,   35.570721,      -39.57,
 139.464324,   35.570721,      -38.71,
 139.468829,   35.570721,      -37.81,
 139.473333,   35.570721,      -36.87,
 139.477838,   35.570721,      -35.90,
 139.482342,   35.570721,      -34.89,
 139.486847,   35.570721,      -33.84,
 139.491351,   35.570721,      -32.76,
 139.495856,   35.570721,      -31.64,
 139.500360,   35.570721,      -30.48,
 139.504865,   35.570721,      -29.28,
 139.509369,   35.570721,      -28.05,
 139.513874,   35.570721,      -26.78,
 139.518378,   35.570721,      -25.47,
 139.522883,   35.570721,      -24.13,
 139.527387,   35.570721,      -22.75,
 139.531892,   35.570721,      -21.33,
 139.536396,   35.570721,      -19.87,
 139.540901,   35.570721,      -18.38,
 139.545405,   35.570721,      -16.85,
 139.549910,   35.570721,      -15.28,
 139.554414,   35.570721,      -13.68,
 139.558919,   35.570721,      -12.04,
 139.563423,   35.570721,      -10.36,
 139.567928,   35.570721,       -8.64,
 139.572432,   35.570721,       -6.89,
 139.576937,   35.570721,       -5.10,
 139.581441,   35.570721,       -3.28,
 139.585946,   35.570721,       -1.41,
 139.590450,   35.570721,        0.49,
 139.594955,   35.570721,        2.43,
 139.599459,   35.570721,        4.40,
 139.603964,   35.570721,        6.41,
 139.608468,   35.570721,        8.46,
 139.612973,   35.570721,       10.55,
 139.617477,   35.570721,       12.67,
 139.621982,   35.570721,       14.83,
 139.626486,   35.570721,       17.03,
 139.630991,   35.570721,       19.22,
 139.635495,   35.570721,       21.34,
 139.640000,   35.570721,       23.04,
 139.644505,   35.570721,       22.36,
 139.649009,   35.570721,       21.45,
 139.653514,   35.570721,       20.60,
 139.658018,   35.570721,       19.80,
 139.662523,   35.570721,       19.09,
 139.667027,   35.570721,       18.46,
 139.671532,   35.570721,       17.96,
 139.676036,   35.570721,       17.61,
 139.680541,   35.570721,       17.36,
 139.685045,   35.570721,       17.25,
 139.689550,   35.570721,       17.15,
 139.694054,   35.570721,       17.05,
 139.698559,   35.570721,       16.98,
 139.703063,   35.570721,       17.10,
 139.707568,   35.570721,       17.54,
 139.712072,   35.570721,       18.25,
 139.716577,   35.570721,       19.30,
 139.721081,   35.570721,       20.65,
 139.725586,   35.570721,       22.37,
 139.730090,   35.570721,       24.59,
 139.734595,   35.570721,       26.61,
 139.739099,   35.570721,       28.03,
 139.743604,   35.570721,       28.86,
 139.748108,   35.570721,       29.12,
 139.752613,   35.570721,       28.32,
 139.757117,   35.570721,       26.98,
 139.761622,   35.570721,       25.32,
 139.766126,   35.570721,       23.94,
 139.770631,   35.570721,       23.41,
 139.775135,   35.570721,       23.18,
 139.779640,   35.570721,       23.16,
 139.784144,   35.570721,       23.45,
 139.788649,   35.570721,       23.70,
 139.793153,   35.570721,       23.90,
 139.797658,   35.570721,       24.28,
 139.802162,   35.570721,       24.74,
 139.806667,   35.570721,       25.64,
 139.811171,   35.570721,       26.64,
 139.815676,   35.570721,       28.03,
 139.820180,   35.570721,       29.38,
 139.824685,   35.570721,       30.66,
 139.829189,   35.570721,       31.91,
 139.833694,   35.570721,       33.08,
 139.838198,   35.570721,       34.18,
 139.842703,   35.570721,       35.28,
 139.847207,   35.570721,       36.32,
 139.851712,   35.570721,       37.21,
 139.856216,   35.570721,       38.10,
 139.860721,   35.570721,       38.99,
 139.865225,   35.570721,       39.76,
 139.869730,   35.570721,       40.48,
 139.874234,   35.570721,       41.22,
 139.878739,   35.570721,       41.90,
 139.883243,   35.570721,       42.32,
 139.887748,   35.570721,       42.76,
 139.892252,   35.570721,       43.22,
 139.896757,   35.570721,       43.65,
 139.901261,   35.570721,       43.89,
 139.905766,   35.570721,       44.00,
 139.910270,   35.570721,       44.13,
 139.914775,   35.570721,       44.28,
 139.919279,   35.570721,       44.33,
 139.923784,   35.570721,       44.27,
 139.928288,   35.570721,       44.22,
 139.932793,   35.570721,       44.19,
 139.937297,   35.570721,       44.13,
 139.941802,   35.570721,       44.06,
 139.946306,   35.570721,       43.99,
 139.950811,   35.570721,       43.94,
 139.955315,   35.570721,       43.93,
 139.959820,   35.570721,       43.92,
 139.964324,   35.570721,       43.93,
 139.968829,   35.570721,       44.01,
 139.973333,   35.570721,       44.15,
 139.977838,   35.570721,       44.31,
 139.982342,   35.570721,       44.47,
 139.986847,   35.570721,       44.63,
 139.991351,   35.570721,       45.00,
 139.995856,   35.570721,       45.42,
 140.000360,   35.570721,       45.81,
 140.004865,   35.570721,       46.18,
 140.009369,   35.570721,       46.55,
 140.013874,   35.570721,       47.01,
 140.018378,   35.570721,       47.46,
 140.022883,   35.570721,       47.90,
 140.027387,   35.570721,       48.34,
 140.031892,   35.570721,       48.76,
 140.036396,   35.570721,       49.18,
 140.040901,   35.570721,       49.58,
 140.045405,   35.570721,       49.89,
 140.049910,   35.570721,       50.18,
 140.054414,   35.570721,       50.47,
 140.058919,   35.570721,       50.68,
 140.063423,   35.570721,       50.88,
 140.067928,   35.570721,       51.08,
 140.072432,   35.570721,       51.26,
 140.076937,   35.570721,       51.43,
 140.081441,   35.570721,       51.59,
 140.085946,   35.570721,       51.77,
 140.090450,   35.570721,       51.95,
 140.094955,   35.570721,       52.15,
 140.099459,   35.570721,       52.35,
 140.103964,   35.570721,       52.56,
 140.108468,   35.570721,       52.77,
 140.112973,   35.570721,       52.99,
 140.117477,   35.570721,       53.20,
 140.121982,   35.570721,       53.38,
 140.126486,   35.570721,       53.55,
 140.130991,   35.570721,       53.26,
 140.135495,   35.570721,       52.42,
 140.140000,   35.570721,       52.07,
 140.144505,   35.570721,       52.07,
 140.149009,   35.570721,       52.07,
 140.153514,   35.570721,       52.06,
 140.158018,   35.570721,       52.06,
 140.162523,   35.570721,       52.05,
 140.167027,   35.570721,       52.05,
 140.171532,   35.570721,       52.04,
 140.176036,   35.570721,       52.03,
 140.180541,   35.570721,       52.02,
 140.185045,   35.570721,       52.01,
 140.189550,   35.570721,       52.00,
 140.194054,   35.570721,       51.99,
 140.198559,   35.570721,       51.98,
 140.203063,   35.570721,       51.97,
 140.207568,   35.570721,       51.96,
 140.212072,   35.570721,       51.95,
 140.216577,   35.570721,       51.93,
 140.221081,   35.570721,       51.92,
 140.225586,   35.570721,       51.90,
 140.230090,   35.570721,       51.89,
 140.234595,   35.570721,       51.87,
 140.239099,   35.570721,       51.85,
 140.243604,   35.570721,       51.84,
 140.248108,   35.570721,       51.82,
 140.252613,   35.570721,       51.80,
 140.257117,   35.570721,       51.78,
 140.261622,   35.570721,       51.76,
 140.266126,   35.570721,       51.74,
 140.270631,   35.570721,       51.72,
 140.275135,   35.570721,       51.69,
 140.279640,   35.570721,       51.67,
 140.284144,   35.570721,       51.65,
 140.288649,   35.570721,       51.62,
 140.293153,   35.570721,       51.60,
 140.297658,   35.570721,       51.57,
 140.302162,   35.570721,       51.55,
 140.306667,   35.570721,       51.52,
 140.311171,   35.570721,       51.49,
 140.315676,   35.570721,       51.46,
 140.320180,   35.570721,       51.43,
 140.324685,   35.570721,       51.40,
 140.329189,   35.570721,       51.37,
 140.333694,   35.570721,       51.34,
 140.338198,   35.570721,       51.31,
 140.342703,   35.570721,       51.28,
 140.347207,   35.570721,       51.25,
 140.351712,   35.570721,       51.21,
 140.356216,   35.570721,       51.18,
 140.360721,   35.570721,       51.14,
 140.365225,   35.570721,       51.11,
 140.369730,   35.570721,       51.07,
 140.374234,   35.570721,       51.03,
 140.378739,   35.570721,       50.99,
 140.383243,   35.570721,       50.96,
 140.387748,   35.570721,       50.92,
 139.140000,   35.575225,       -8.44,
 139.144505,   35.575225,      -10.22,
 139.149009,   35.575225,      -11.97,
 139.153514,   35.575225,      -13.69,
 139.158018,   35.575225,      -15.36,
 139.162523,   35.575225,      -17.00,
 139.167027,   35.575225,      -18.60,
 139.171532,   35.575225,      -20.16,
 139.176036,   35.575225,      -21.69,
 139.180541,   35.575225,      -23.18,
 139.185045,   35.575225,      -24.63,
 139.189550,   35.575225,      -26.05,
 139.194054,   35.575225,      -27.43,
 139.198559,   35.575225,      -28.77,
 139.203063,   35.575225,      -30.07,
 139.207568,   35.575225,      -31.34,
 139.212072,   35.575225,      -32.57,
 139.216577,   35.575225,      -33.76,
 139.221081,   35.575225,      -34.92,
 139.225586,   35.575225,      -36.04,
 139.230090,   35.575225,      -37.12,
 139.234595,   35.575225,      -38.16,
 139.239099,   35.575225,      -39.17,
 139.243604,   35.575225,      -40.14,
 139.248108,   35.575225,      -41.08,
 139.252613,   35.575225,      -41.97,
 139.257117,   35.575225,      -42.83,
 139.261622,   35.575225,      -43.65,
 139.266126,   35.575225,      -44.44,
 139.270631,   35.575225,      -45.19,
 139.275135,   35.575225,      -45.90,
 139.279640,   35.575225,      -46.57,
 139.284144,   35.575225,      -47.21,
 139.288649,   35.575225,      -47.81,
 139.293153,   35.575225,      -48.37,
 139.297658,   35.575225,      -48.89,
 139.302162,   35.575225,      -49.38,
 139.306667,   35.575225,      -49.83,
 139.311171,   35.575225,      -50.25,
 139.315676,   35.575225,      -50.62,
 139.320180,   35.575225,      -50.96,
 139.324685,   35.575225,      -51.27,
 139.329189,   35.575225,      -51.53,
 139.333694,   35.575225,      -51.76,
 139.338198,   35.575225,      -51.95,
 139.342703,   35.575225,      -52.11,
 139.347207,   35.575225,      -52.22,
 139.351712,   35.575225,      -52.30,
 139.356216,   35.575225,      -52.35,
 139.360721,   35.575225,      -52.35,
 139.365225,   35.575225,      -52.32,
 139.369730,   35.575225,      -52.25,
 139.374234,   35.575225,      -52.15,
 139.378739,   35.575225,      -52.01,
 139.383243,   35.575225,      -51.83,
 139.387748,   35.575225,      -51.61,
 139.392252,   35.575225,      -51.36,
 139.396757,   35.575225,      -51.06,
 139.401261,   35.575225,      -50.74,
 139.405766,   35.575225,      -50.37,
 139.410270,   35.575225,      -49.97,
 139.414775,   35.575225,      -49.53,
 139.419279,   35.575225,      -49.05,
 139.423784,   35.575225,      -48.54,
 139.428288,   35.575225,      -47.99,
 139.432793,   35.575225,      -47.40,
 139.437297,   35.575225,      -46.78,
 139.441802,   35.575225,      -46.12,
 139.446306,   35.575225,      -45.42,
 139.450811,   35.575225,      -44.68,
 139.455315,   35.575225,      -43.91,
 139.459820,   35.575225,      -43.10,
 139.464324,   35.575225,      -42.25,
 139.468829,   35.575225,      -41.37,
 139.473333,   35.575225,      -40.44,
 139.477838,   35.575225,      -39.49,
 139.482342,   35.575225,      -38.49,
 139.486847,   35.575225,      -37.46,
 139.491351,   35.575225,      -36.39,
 139.495856,   35.575225,      -35.28,
 139.500360,   35.575225,      -34.14,
 139.504865,   35.575225,      -32.96,
 139.509369,   35.575225,      -31.74,
 139.513874,   35.575225,      -30.48,
 139.518378,   35.575225,      -29.19,
 139.522883,   35.575225,      -27.86,
 139.527387,   35.575225,      -26.49,
 139.531892,   35.575225,      -25.09,
 139.536396,   35.575225,      -23.65,
 139.540901,   35.575225,      -22.17,
 139.545405,   35.575225,      -20.66,
 139.549910,   35.575225,      -19.10,
 139.554414,   35.575225,      -17.51,
 139.558919,   35.575225,      -15.89,
 139.563423,   35.575225,      -14.23,
 139.567928,   35.575225,      -12.52,
 139.572432,   35.575225,      -10.79,
 139.576937,   35.575225,       -9.01,
 139.581441,   35.575225,       -7.20,
 139.585946,   35.575225,       -5.35,
 139.590450,   35.575225,       -3.47,
 139.594955,   35.575225,       -1.54,
 139.599459,   35.575225,        0.42,
 139.603964,   35.575225,        2.41,
 139.608468,   35.575225,        4.45,
 139.612973,   35.575225,        6.52,
 139.617477,   35.575225,        8.63,
 139.621982,   35.575225,       10.77,
 139.626486,   35.575225,       12.96,
 139.630991,   35.575225,       15.18,
 139.635495,   35.575225,       17.43,
 139.640000,   35.575225,       19.67,
 139.644505,   35.575225,       21.79,
 139.649009,   35.575225,       22.08,
 139.653514,   35.575225,       21.17,
 139.658018,   35.575225,       20.30,
 139.662523,   35.575225,       19.50,
 139.667027,   35.575225,       18.78,
 139.671532,   35.575225,       18.15,
 139.676036,   35.575225,       17.65,
 139.680541,   35.575225,       17.30,
 139.685045,   35.575225,       17.07,
 139.689550,   35.575225,       16.98,
 139.694054,   35.575225,       16.89,
 139.698559,   35.575225,       16.82,
 139.703063,   35.575225,       16.83,
 139.707568,   35.575225,       17.13,
 139.712072,   35.575225,       17.76,
 139.716577,   35.575225,       18.72,
 139.721081,   35.575225,       20.04,
 139.725586,   35.575225,       21.71,
 139.730090,   35.575225,       23.92,
 139.734595,   35.575225,       26.37,
 139.739099,   35.575225,       27.88,
 139.743604,   35.575225,       28.72,
 139.748108,   35.575225,       28.23,
 139.752613,   35.575225,       27.66,
 139.757117,   35.575225,       26.86,
 139.761622,   35.575225,       25.84,
 139.766126,   35.575225,       25.03,
 139.770631,   35.575225,       24.56,
 139.775135,   35.575225,       24.20,
 139.779640,   35.575225,       23.99,
 139.784144,   35.575225,       24.08,
 139.788649,   35.575225,       24.08,
 139.793153,   35.575225,       24.23,
 139.797658,   35.575225,       24.49,
 139.802162,   35.575225,       24.92,
 139.806667,   35.575225,       25.70,
 139.811171,   35.575225,       26.60,
 139.815676,   35.575225,       27.83,
 139.820180,   35.575225,       29.07,
 139.824685,   35.575225,       30.27,
 139.829189,   35.575225,       31.47,
 139.833694,   35.575225,       32.64,
 139.838198,   35.575225,       33.74,
 139.842703,   35.575225,       34.84,
 139.847207,   35.575225,       35.91,
 139.851712,   35.575225,       36.85,
 139.856216,   35.575225,       37.77,
 139.860721,   35.575225,       38.69,
 139.865225,   35.575225,       39.50,
 139.869730,   35.575225,       40.27,
 139.874234,   35.575225,       41.03,
 139.878739,   35.575225,       41.78,
 139.883243,   35.575225,       42.31,
 139.887748,   35.575225,       42.78,
 139.892252,   35.575225,       43.27,
 139.896757,   35.575225,       43.78,
 139.901261,   35.575225,       44.13,
 139.905766,   35.575225,       44.26,
 139.910270,   35.575225,       44.42,
 139.914775,   35.575225,       44.61,
 139.919279,   35.575225,       44.74,
 139.923784,   35.575225,       44.72,
 139.928288,   35.575225,       44.70,
 139.932793,   35.575225,       44.70,
 139.937297,   35.575225,       44.67,
 139.941802,   35.575225,       44.61,
 139.946306,   35.575225,       44.55,
 139.950811,   35.575225,       44.51,
 139.955315,   35.575225,       44.49,
 139.959820,   35.575225,       44.48,
 139.964324,   35.575225,       44.48,
 139.968829,   35.575225,       44.50,
 139.973333,   35.575225,       44.62,
 139.977838,   35.575225,       44.75,
 139.982342,   35.575225,       44.89,
 139.986847,   35.575225,       45.01,
 139.991351,   35.575225,       45.22,
 139.995856,   35.575225,       45.60,
 140.000360,   35.575225,       45.96,
 140.004865,   35.575225,       46.29,
 140.009369,   35.575225,       46.62,
 140.013874,   35.575225,       47.03,
 140.018378,   35.575225,       47.46,
 140.022883,   35.575225,       47.89,
 140.027387,   35.575225,       48.30,
 140.031892,   35.575225,       48.73,
 140.036396,   35.575225,       49.16,
 140.040901,   35.575225,       49.57,
 140.045405,   35.575225,       49.90,
 140.049910,   35.575225,       50.19,
 140.054414,   35.575225,       50.48,
 140.058919,   35.575225,       50.72,
 140.063423,   35.575225,       50.93,
 140.067928,   35.575225,       51.13,
 140.072432,   35.575225,       51.32,
 140.076937,   35.575225,       51.49,
 140.081441,   35.575225,       51.65,
 140.085946,   35.575225,       51.83,
 140.090450,   35.575225,       52.01,
 140.094955,   35.575225,       52.19,
 140.099459,   35.575225,       52.38,
 140.103964,   35.575225,       52.59,
 140.108468,   35.575225,       52.79,
 140.112973,   35.575225,       52.99,
 140.117477,   35.575225,       53.20,
 140.121982,   35.575225,       53.37,
 140.126486,   35.575225,       53.51,
 140.130991,   35.575225,       53.05,
 140.135495,   35.575225,       52.31,
 140.140000,   35.575225,       52.30,
 140.144505,   35.575225,       52.30,
 140.149009,   35.575225,       52.30,
 140.153514,   35.575225,       52.29,
 140.158018,   35.575225,       52.29,
 140.162523,   35.575225,       52.28,
 140.167027,   35.575225,       52.28,
 140.171532,   35.575225,       52.27,
 140.176036,   35.575225,       52.26,
 140.180541,   35.575225,       52.26,
 140.185045,   35.575225,       52.25,
 140.189550,   35.575225,       52.24,
 140.194054,   35.575225,       52.23,
 140.198559,   35.575225,       52.22,
 140.203063,   35.575225,       52.21,
 140.207568,   35.575225,       52.19,
 140.212072,   35.575225,       52.18,
 140.216577,   35.575225,       52.17,
 140.221081,   35.575225,       52.15,
 140.225586,   35.575225,       52.14,
 140.230090,   35.575225,       52.12,
 140.234595,   35.575225,       52.11,
 140.239099,   35.575225,       52.09,
 140.243604,   35.575225,       52.07,
 140.248108,   35.575225,       52.06,
 140.252613,   35.575225,       52.04,
 140.257117,   35.575225,       52.02,
 140.261622,   35.575225,       52.00,
 140.266126,   35.575225,       51.98,
 140.270631,   35.575225,       51.96,
 140.275135,   35.575225,       51.93,
 140.279640,   35.575225,       51.91,
 140.284144,   35.575225,       51.89,
 140.288649,   35.575225,       51.86,
 140.293153,   35.575225,       51.84,
 140.297658,   35.575225,       51.81,
 140.302162,   35.575225,       51.79,
 140.306667,   35.575225,       51.76,
 140.311171,   35.575225,       51.73,
 140.315676,   35.575225,       51.70,
 140.320180,   35.575225,       51.68,
 140.324685,   35.575225,       51.65,
 140.329189,   35.575225,       51.62,
 140.333694,   35.575225,       51.59,
 140.338198,   35.575225,       51.55,
 140.342703,   35.575225,       51.52,
 140.347207,   35.575225,       51.49,
 140.351712,   35.575225,       51.46,
 140.356216,   35.575225,       51.42,
 140.360721,   35.575225,       51.39,
 140.365225,   35.575225,       51.35,
 140.369730,   35.575225,       51.32,
 140.374234,   35.575225,       51.28,
 140.378739,   35.575225,       51.24,
 140.383243,   35.575225,       51.20,
 140.387748,   35.575225,       51.16,
 139.140000,   35.579730,      -10.96,
 139.144505,   35.579730,      -12.76,
 139.149009,   35.579730,      -14.52,
 139.153514,   35.579730,      -16.25,
 139.158018,   35.579730,      -17.94,
 139.162523,   35.579730,      -19.59,
 139.167027,   35.579730,      -21.21,
 139.171532,   35.579730,      -22.79,
 139.176036,   35.579730,      -24.33,
 139.180541,   35.579730,      -25.83,
 139.185045,   35.579730,      -27.30,
 139.189550,   35.579730,      -28.73,
 139.194054,   35.579730,      -30.13,
 139.198559,   35.579730,      -31.48,
 139.203063,   35.579730,      -32.80,
 139.207568,   35.579730,      -34.08,
 139.212072,   35.579730,      -35.33,
 139.216577,   35.579730,      -36.53,
 139.221081,   35.579730,      -37.71,
 139.225586,   35.579730,      -38.84,
 139.230090,   35.579730,      -39.94,
 139.234595,   35.579730,      -40.99,
 139.239099,   35.579730,      -42.02,
 139.243604,   35.579730,      -43.00,
 139.248108,   35.579730,      -43.95,
 139.252613,   35.579730,      -44.86,
 139.257117,   35.579730,      -45.73,
 139.261622,   35.579730,      -46.57,
 139.266126,   35.579730,      -47.37,
 139.270631,   35.579730,      -48.13,
 139.275135,   35.579730,      -48.86,
 139.279640,   35.579730,      -49.55,
 139.284144,   35.579730,      -50.20,
 139.288649,   35.579730,      -50.81,
 139.293153,   35.579730,      -51.39,
 139.297658,   35.579730,      -51.93,
 139.302162,   35.579730,      -52.43,
 139.306667,   35.579730,      -52.90,
 139.311171,   35.579730,      -53.33,
 139.315676,   35.579730,      -53.72,
 139.320180,   35.579730,      -54.07,
 139.324685,   35.579730,      -54.39,
 139.329189,   35.579730,      -54.67,
 139.333694,   35.579730,      -54.91,
 139.338198,   35.579730,      -55.12,
 139.342703,   35.579730,      -55.29,
 139.347207,   35.579730,      -55.42,
 139.351712,   35.579730,      -55.52,
 139.356216,   35.579730,      -55.57,
 139.360721,   35.579730,      -55.59,
 139.365225,   35.579730,      -55.58,
 139.369730,   35.579730,      -55.52,
 139.374234,   35.579730,      -55.43,
 139.378739,   35.579730,      -55.31,
 139.383243,   35.579730,      -55.14,
 139.387748,   35.579730,      -54.94,
 139.392252,   35.579730,      -54.70,
 139.396757,   35.579730,      -54.42,
 139.401261,   35.579730,      -54.11,
 139.405766,   35.579730,      -53.76,
 139.410270,   35.579730,      -53.37,
 139.414775,   35.579730,      -52.95,
 139.419279,   35.579730,      -52.49,
 139.423784,   35.579730,      -51.99,
 139.428288,   35.579730,      -51.45,
 139.432793,   35.579730,      -50.88,
 139.437297,   35.579730,      -50.27,
 139.441802,   35.579730,      -49.62,
 139.446306,   35.579730,      -48.94,
 139.450811,   35.579730,      -48.22,
 139.455315,   35.579730,      -47.46,
 139.459820,   35.579730,      -46.66,
 139.464324,   35.579730,      -45.83,
 139.468829,   35.579730,      -44.96,
 139.473333,   35.579730,      -44.05,
 139.477838,   35.579730,      -43.11,
 139.482342,   35.579730,      -42.13,
 139.486847,   35.579730,      -41.11,
 139.491351,   35.579730,      -40.06,
 139.495856,   35.579730,      -38.96,
 139.500360,   35.579730,      -37.83,
 139.504865,   35.579730,      -36.67,
 139.509369,   35.579730,      -35.46,
 139.513874,   35.579730,      -34.22,
 139.518378,   35.579730,      -32.95,
 139.522883,   35.579730,      -31.63,
 139.527387,   35.579730,      -30.28,
 139.531892,   35.579730,      -28.89,
 139.536396,   35.579730,      -27.46,
 139.540901,   35.579730,      -26.00,
 139.545405,   35.579730,      -24.50,
 139.549910,   35.579730,      -22.96,
 139.554414,   35.579730,      -21.39,
 139.558919,   35.579730,      -19.78,
 139.563423,   35.579730,      -18.13,
 139.567928,   35.579730,      -16.44,
 139.572432,   35.579730,      -14.72,
 139.576937,   35.579730,      -12.96,
 139.581441,   35.579730,      -11.16,
 139.585946,   35.579730,       -9.33,
 139.590450,   35.579730,       -7.46,
 139.594955,   35.579730,       -5.55,
 139.599459,   35.579730,       -3.60,
 139.603964,   35.579730,       -1.62,
 139.608468,   35.579730,        0.40,
 139.612973,   35.579730,        2.46,
 139.617477,   35.579730,        4.55,
 139.621982,   35.579730,        6.68,
 139.626486,   35.579730,        8.85,
 139.630991,   35.579730,       11.05,
 139.635495,   35.579730,       13.30,
 139.640000,   35.579730,       15.57,
 139.644505,   35.579730,       17.90,
 139.649009,   35.579730,       20.22,
 139.653514,   35.579730,       21.79,
 139.658018,   35.579730,       20.88,
 139.662523,   35.579730,       20.01,
 139.667027,   35.579730,       19.20,
 139.671532,   35.579730,       18.47,
 139.676036,   35.579730,       17.84,
 139.680541,   35.579730,       17.33,
 139.685045,   35.579730,       16.99,
 139.689550,   35.579730,       16.78,
 139.694054,   35.579730,       16.71,
 139.698559,   35.579730,       16.64,
 139.703063,   35.579730,       16.61,
 139.707568,   35.579730,       16.74,
 139.712072,   35.579730,       17.26,
 139.716577,   35.579730,       18.12,
 139.721081,   35.579730,       19.37,
 139.725586,   35.579730,       20.98,
 139.730090,   35.579730,       23.11,
 139.734595,   35.579730,       26.04,
 139.739099,   35.579730,       27.57,
 139.743604,   35.579730,       27.51,
 139.748108,   35.579730,       27.06,
 139.752613,   35.579730,       26.69,
 139.757117,   35.579730,       26.37,
 139.761622,   35.579730,       25.71,
 139.766126,   35.579730,       25.16,
 139.770631,   35.579730,       25.01,
 139.775135,   35.579730,       24.79,
 139.779640,   35.579730,       24.58,
 139.784144,   35.579730,       24.51,
 139.788649,   35.579730,       24.47,
 139.793153,   35.579730,       24.45,
 139.797658,   35.579730,       24.58,
 139.802162,   35.579730,       25.02,
 139.806667,   35.579730,       25.73,
 139.811171,   35.579730,       26.54,
 139.815676,   35.579730,       27.65,
 139.820180,   35.579730,       28.79,
 139.824685,   35.579730,       29.93,
 139.829189,   35.579730,       31.08,
 139.833694,   35.579730,       32.22,
 139.838198,   35.579730,       33.33,
 139.842703,   35.579730,       34.44,
 139.847207,   35.579730,       35.52,
 139.851712,   35.579730,       36.52,
 139.856216,   35.579730,       37.45,
 139.860721,   35.579730,       38.38,
 139.865225,   35.579730,       39.24,
 139.869730,   35.579730,       40.05,
 139.874234,   35.579730,       40.83,
 139.878739,   35.579730,       41.58,
 139.883243,   35.579730,       42.23,
 139.887748,   35.579730,       42.76,
 139.892252,   35.579730,       43.27,
 139.896757,   35.579730,       43.80,
 139.901261,   35.579730,       44.28,
 139.905766,   35.579730,       44.50,
 139.910270,   35.579730,       44.69,
 139.914775,   35.579730,       44.89,
 139.919279,   35.579730,       45.13,
 139.923784,   35.579730,       45.14,
 139.928288,   35.579730,       45.15,
 139.932793,   35.579730,       45.19,
 139.937297,   35.579730,       45.19,
 139.941802,   35.579730,       45.15,
 139.946306,   35.579730,       45.10,
 139.950811,   35.579730,       45.07,
 139.955315,   35.579730,       45.05,
 139.959820,   35.579730,       45.03,
 139.964324,   35.579730,       45.02,
 139.968829,   35.579730,       45.02,
 139.973333,   35.579730,       45.06,
 139.977838,   35.579730,       45.17,
 139.982342,   35.579730,       45.29,
 139.986847,   35.579730,       45.40,
 139.991351,   35.579730,       45.50,
 139.995856,   35.579730,       45.79,
 140.000360,   35.579730,       46.11,
 140.004865,   35.579730,       46.40,
 140.009369,   35.579730,       46.69,
 140.013874,   35.579730,       47.07,
 140.018378,   35.579730,       47.48,
 140.022883,   35.579730,       47.88,
 140.027387,   35.579730,       48.28,
 140.031892,   35.579730,       48.70,
 140.036396,   35.579730,       49.13,
 140.040901,   35.579730,       49.56,
 140.045405,   35.579730,       49.89,
 140.049910,   35.579730,       50.19,
 140.054414,   35.579730,       50.49,
 140.058919,   35.579730,       50.76,
 140.063423,   35.579730,       50.97,
 140.067928,   35.579730,       51.18,
 140.072432,   35.579730,       51.38,
 140.076937,   35.579730,       51.56,
 140.081441,   35.579730,       51.72,
 140.085946,   35.579730,       51.89,
 140.090450,   35.579730,       52.07,
 140.094955,   35.579730,       52.25,
 140.099459,   35.579730,       52.43,
 140.103964,   35.579730,       52.63,
 140.108468,   35.579730,       52.83,
 140.112973,   35.579730,       53.02,
 140.117477,   35.579730,       53.21,
 140.121982,   35.579730,       53.35,
 140.126486,   35.579730,       53.47,
 140.130991,   35.579730,       52.67,
 140.135495,   35.579730,       52.54,
 140.140000,   35.579730,       52.54,
 140.144505,   35.579730,       52.53,
 140.149009,   35.579730,       52.53,
 140.153514,   35.579730,       52.53,
 140.158018,   35.579730,       52.52,
 140.162523,   35.579730,       52.52,
 140.167027,   35.579730,       52.51,
 140.171532,   35.579730,       52.50,
 140.176036,   35.579730,       52.50,
 140.180541,   35.579730,       52.49,
 140.185045,   35.579730,       52.48,
 140.189550,   35.579730,       52.47,
 140.194054,   35.579730,       52.46,
 140.198559,   35.579730,       52.45,
 140.203063,   35.579730,       52.44,
 140.207568,   35.579730,       52.43,
 140.212072,   35.579730,       52.42,
 140.216577,   35.579730,       52.40,
 140.221081,   35.579730,       52.39,
 140.225586,   35.579730,       52.38,
 140.230090,   35.579730,       52.36,
 140.234595,   35.579730,       52.35,
 140.239099,   35.579730,       52.33,
 140.243604,   35.579730,       52.31,
 140.248108,   35.579730,       52.29,
 140.252613,   35.579730,       52.28,
 140.257117,   35.579730,       52.26,
 140.261622,   35.579730,       52.24,
 140.266126,   35.579730,       52.22,
 140.270631,   35.579730,       52.20,
 140.275135,   35.579730,       52.17,
 140.279640,   35.579730,       52.15,
 140.284144,   35.579730,       52.13,
 140.288649,   35.579730,       52.10,
 140.293153,   35.579730,       52.08,
 140.297658,   35.579730,       52.05,
 140.302162,   35.579730,       52.03,
 140.306667,   35.579730,       52.00,
 140.311171,   35.579730,       51.98,
 140.315676,   35.579730,       51.95,
 140.320180,   35.579730,       51.92,
 140.324685,   35.579730,       51.89,
 140.329189,   35.579730,       51.86,
 140.333694,   35.579730,       51.83,
 140.338198,   35.579730,       51.80,
 140.342703,   35.579730,       51.77,
 140.347207,   35.579730,       51.73,
 140.351712,   35.579730,       51.70,
 140.356216,   35.579730,       51.67,
 140.360721,   35.579730,       51.63,
 140.365225,   35.579730,       51.60,
 140.369730,   35.579730,       51.56,
 140.374234,   35.579730,       51.53,
 140.378739,   35.579730,       51.49,
 140.383243,   35.579730,       51.45,
 140.387748,   35.579730,       51.41,
 139.140000,   35.584234,      -13.52,
 139.144505,   35.584234,      -15.33,
 139.149009,   35.584234,      -17.11,
 139.153514,   35.584234,      -18.85,
 139.158018,   35.584234,      -20.56,
 139.162523,   35.584234,      -22.23,
 139.167027,   35.584234,      -23.86,
 139.171532,   35.584234,      -25.45,
 139.176036,   35.584234,      -27.01,
 139.180541,   35.584234,      -28.53,
 139.185045,   35.584234,      -30.01,
 139.189550,   35.584234,      -31.45,
 139.194054,   35.584234,      -32.86,
 139.198559,   35.584234,      -34.23,
 139.203063,   35.584234,      -35.56,
 139.207568,   35.584234,      -36.86,
 139.212072,   35.584234,      -38.12,
 139.216577,   35.584234,      -39.34,
 139.221081,   35.584234,      -40.53,
 139.225586,   35.584234,      -41.68,
 139.230090,   35.584234,      -42.79,
 139.234595,   35.584234,      -43.86,
 139.239099,   35.584234,      -44.90,
 139.243604,   35.584234,      -45.90,
 139.248108,   35.584234,      -46.86,
 139.252613,   35.584234,      -47.79,
 139.257117,   35.584234,      -48.68,
 139.261622,   35.584234,      -49.53,
 139.266126,   35.584234,      -50.34,
 139.270631,   35.584234,      -51.12,
 139.275135,   35.584234,      -51.86,
 139.279640,   35.584234,      -52.56,
 139.284144,   35.584234,      -53.23,
 139.288649,   35.584234,      -53.86,
 139.293153,   35.584234,      -54.45,
 139.297658,   35.584234,      -55.00,
 139.302162,   35.584234,      -55.52,
 139.306667,   35.584234,      -56.00,
 139.311171,   35.584234,      -56.44,
 139.315676,   35.584234,      -56.85,
 139.320180,   35.584234,      -57.22,
 139.324685,   35.584234,      -57.55,
 139.329189,   35.584234,      -57.85,
 139.333694,   35.584234,      -58.10,
 139.338198,   35.584234,      -58.33,
 139.342703,   35.584234,      -58.51,
 139.347207,   35.584234,      -58.66,
 139.351712,   35.584234,      -58.76,
 139.356216,   35.584234,      -58.84,
 139.360721,   35.584234,      -58.87,
 139.365225,   35.584234,      -58.87,
 139.369730,   35.584234,      -58.83,
 139.374234,   35.584234,      -58.76,
 139.378739,   35.584234,      -58.64,
 139.383243,   35.584234,      -58.49,
 139.387748,   35.584234,      -58.31,
 139.392252,   35.584234,      -58.08,
 139.396757,   35.584234,      -57.82,
 139.401261,   35.584234,      -57.52,
 139.405766,   35.584234,      -57.19,
 139.410270,   35.584234,      -56.81,
 139.414775,   35.584234,      -56.40,
 139.419279,   35.584234,      -55.96,
 139.423784,   35.584234,      -55.47,
 139.428288,   35.584234,      -54.95,
 139.432793,   35.584234,      -54.39,
 139.437297,   35.584234,      -53.80,
 139.441802,   35.584234,      -53.17,
 139.446306,   35.584234,      -52.50,
 139.450811,   35.584234,      -51.79,
 139.455315,   35.584234,      -51.05,
 139.459820,   35.584234,      -50.26,
 139.464324,   35.584234,      -49.45,
 139.468829,   35.584234,      -48.59,
 139.473333,   35.584234,      -47.70,
 139.477838,   35.584234,      -46.77,
 139.482342,   35.584234,      -45.80,
 139.486847,   35.584234,      -44.80,
 139.491351,   35.584234,      -43.76,
 139.495856,   35.584234,      -42.68,
 139.500360,   35.584234,      -41.57,
 139.504865,   35.584234,      -40.42,
 139.509369,   35.584234,      -39.23,
 139.513874,   35.584234,      -38.00,
 139.518378,   35.584234,      -36.74,
 139.522883,   35.584234,      -35.44,
 139.527387,   35.584234,      -34.10,
 139.531892,   35.584234,      -32.73,
 139.536396,   35.584234,      -31.32,
 139.540901,   35.584234,      -29.87,
 139.545405,   35.584234,      -28.38,
 139.549910,   35.584234,      -26.86,
 139.554414,   35.584234,      -25.30,
 139.558919,   35.584234,      -23.70,
 139.563423,   35.584234,      -22.07,
 139.567928,   35.584234,      -20.40,
 139.572432,   35.584234,      -18.69,
 139.576937,   35.584234,      -16.94,
 139.581441,   35.584234,      -15.16,
 139.585946,   35.584234,      -13.34,
 139.590450,   35.584234,      -11.49,
 139.594955,   35.584234,       -9.59,
 139.599459,   35.584234,       -7.66,
 139.603964,   35.584234,       -5.69,
 139.608468,   35.584234,       -3.69,
 139.612973,   35.584234,       -1.65,
 139.617477,   35.584234,        0.43,
 139.621982,   35.584234,        2.55,
 139.626486,   35.584234,        4.70,
 139.630991,   35.584234,        6.89,
 139.635495,   35.584234,        9.12,
 139.640000,   35.584234,       11.38,
 139.644505,   35.584234,       13.69,
 139.649009,   35.584234,       16.03,
 139.653514,   35.584234,       18.48,
 139.658018,   35.584234,       20.78,
 139.662523,   35.584234,       20.59,
 139.667027,   35.584234,       19.71,
 139.671532,   35.584234,       18.89,
 139.676036,   35.584234,       18.15,
 139.680541,   35.584234,       17.52,
 139.685045,   35.584234,       17.01,
 139.689550,   35.584234,       16.68,
 139.694054,   35.584234,       16.50,
 139.698559,   35.584234,       16.44,
 139.703063,   35.584234,       16.40,
 139.707568,   35.584234,       16.43,
 139.712072,   35.584234,       16.75,
 139.716577,   35.584234,       17.52,
 139.721081,   35.584234,       18.66,
 139.725586,   35.584234,       20.21,
 139.730090,   35.584234,       22.23,
 139.734595,   35.584234,       25.15,
 139.739099,   35.584234,       26.77,
 139.743604,   35.584234,       26.21,
 139.748108,   35.584234,       25.71,
 139.752613,   35.584234,       25.40,
 139.757117,   35.584234,       25.38,
 139.761622,   35.584234,       25.09,
 139.766126,   35.584234,       24.80,
 139.770631,   35.584234,       24.89,
 139.775135,   35.584234,       24.97,
 139.779640,   35.584234,       24.86,
 139.784144,   35.584234,       24.83,
 139.788649,   35.584234,       24.83,
 139.793153,   35.584234,       24.74,
 139.797658,   35.584234,       24.74,
 139.802162,   35.584234,       25.15,
 139.806667,   35.584234,       25.75,
 139.811171,   35.584234,       26.57,
 139.815676,   35.584234,       27.52,
 139.820180,   35.584234,       28.52,
 139.824685,   35.584234,       29.60,
 139.829189,   35.584234,       30.71,
 139.833694,   35.584234,       31.83,
 139.838198,   35.584234,       32.95,
 139.842703,   35.584234,       34.06,
 139.847207,   35.584234,       35.13,
 139.851712,   35.584234,       36.18,
 139.856216,   35.584234,       37.13,
 139.860721,   35.584234,       38.06,
 139.865225,   35.584234,       38.96,
 139.869730,   35.584234,       39.83,
 139.874234,   35.584234,       40.65,
 139.878739,   35.584234,       41.37,
 139.883243,   35.584234,       42.09,
 139.887748,   35.584234,       42.70,
 139.892252,   35.584234,       43.23,
 139.896757,   35.584234,       43.78,
 139.901261,   35.584234,       44.26,
 139.905766,   35.584234,       44.62,
 139.910270,   35.584234,       44.89,
 139.914775,   35.584234,       45.09,
 139.919279,   35.584234,       45.31,
 139.923784,   35.584234,       45.44,
 139.928288,   35.584234,       45.50,
 139.932793,   35.584234,       45.59,
 139.937297,   35.584234,       45.69,
 139.941802,   35.584234,       45.65,
 139.946306,   35.584234,       45.63,
 139.950811,   35.584234,       45.62,
 139.955315,   35.584234,       45.59,
 139.959820,   35.584234,       45.56,
 139.964324,   35.584234,       45.53,
 139.968829,   35.584234,       45.51,
 139.973333,   35.584234,       45.52,
 139.977838,   35.584234,       45.59,
 139.982342,   35.584234,       45.68,
 139.986847,   35.584234,       45.79,
 139.991351,   35.584234,       45.88,
 139.995856,   35.584234,       46.02,
 140.000360,   35.584234,       46.29,
 140.004865,   35.584234,       46.56,
 140.009369,   35.584234,       46.81,
 140.013874,   35.584234,       47.11,
 140.018378,   35.584234,       47.51,
 140.022883,   35.584234,       47.88,
 140.027387,   35.584234,       48.25,
 140.031892,   35.584234,       48.66,
 140.036396,   35.584234,       49.08,
 140.040901,   35.584234,       49.49,
 140.045405,   35.584234,       49.85,
 140.049910,   35.584234,       50.16,
 140.054414,   35.584234,       50.47,
 140.058919,   35.584234,       50.77,
 140.063423,   35.584234,       51.00,
 140.067928,   35.584234,       51.21,
 140.072432,   35.584234,       51.43,
 140.076937,   35.584234,       51.62,
 140.081441,   35.584234,       51.79,
 140.085946,   35.584234,       51.96,
 140.090450,   35.584234,       52.14,
 140.094955,   35.584234,       52.31,
 140.099459,   35.584234,       52.50,
 140.103964,   35.584234,       52.68,
 140.108468,   35.584234,       52.86,
 140.112973,   35.584234,       53.04,
 140.117477,   35.584234,       53.20,
 140.121982,   35.584234,       53.35,
 140.126486,   35.584234,       53.33,
 140.130991,   35.584234,       52.77,
 140.135495,   35.584234,       52.77,
 140.140000,   35.584234,       52.77,
 140.144505,   35.584234,       52.76,
 140.149009,   35.584234,       52.76,
 140.153514,   35.584234,       52.76,
 140.158018,   35.584234,       52.75,
 140.162523,   35.584234,       52.75,
 140.167027,   35.584234,       52.74,
 140.171532,   35.584234,       52.74,
 140.176036,   35.584234,       52.73,
 140.180541,   35.584234,       52.72,
 140.185045,   35.584234,       52.72,
 140.189550,   35.584234,       52.71,
 140.194054,   35.584234,       52.70,
 140.198559,   35.584234,       52.69,
 140.203063,   35.584234,       52.68,
 140.207568,   35.584234,       52.67,
 140.212072,   35.584234,       52.65,
 140.216577,   35.584234,       52.64,
 140.221081,   35.584234,       52.63,
 140.225586,   35.584234,       52.61,
 140.230090,   35.584234,       52.60,
 140.234595,   35.584234,       52.58,
 140.239099,   35.584234,       52.57,
 140.243604,   35.584234,       52.55,
 140.248108,   35.584234,       52.53,
 140.252613,   35.584234,       52.51,
 140.257117,   35.584234,       52.50,
 140.261622,   35.584234,       52.48,
 140.266126,   35.584234,       52.46,
 140.270631,   35.584234,       52.44,
 140.275135,   35.584234,       52.41,
 140.279640,   35.584234,       52.39,
 140.284144,   35.584234,       52.37,
 140.288649,   35.584234,       52.35,
 140.293153,   35.584234,       52.32,
 140.297658,   35.584234,       52.30,
 140.302162,   35.584234,       52.27,
 140.306667,   35.584234,       52.25,
 140.311171,   35.584234,       52.22,
 140.315676,   35.584234,       52.19,
 140.320180,   35.584234,       52.16,
 140.324685,   35.584234,       52.13,
 140.329189,   35.584234,       52.10,
 140.333694,   35.584234,       52.07,
 140.338198,   35.584234,       52.04,
 140.342703,   35.584234,       52.01,
 140.347207,   35.584234,       51.98,
 140.351712,   35.584234,       51.95,
 140.356216,   35.584234,       51.91,
 140.360721,   35.584234,       51.88,
 140.365225,   35.584234,       51.84,
 140.369730,   35.584234,       51.81,
 140.374234,   35.584234,       51.77,
 140.378739,   35.584234,       51.74,
 140.383243,   35.584234,       51.70,
 140.387748,   35.584234,       51.66,
 139.140000,   35.588739,      -16.11,
 139.144505,   35.588739,      -17.94,
 139.149009,   35.588739,      -19.74,
 139.153514,   35.588739,      -21.49,
 139.158018,   35.588739,      -23.21,
 139.162523,   35.588739,      -24.89,
 139.167027,   35.588739,      -26.54,
 139.171532,   35.588739,      -28.15,
 139.176036,   35.588739,      -29.72,
 139.180541,   35.588739,      -31.25,
 139.185045,   35.588739,      -32.75,
 139.189550,   35.588739,      -34.21,
 139.194054,   35.588739,      -35.63,
 139.198559,   35.588739,      -37.02,
 139.203063,   35.588739,      -38.37,
 139.207568,   35.588739,      -39.68,
 139.212072,   35.588739,      -40.95,
 139.216577,   35.588739,      -42.19,
 139.221081,   35.588739,      -43.39,
 139.225586,   35.588739,      -44.55,
 139.230090,   35.588739,      -45.68,
 139.234595,   35.588739,      -46.77,
 139.239099,   35.588739,      -47.82,
 139.243604,   35.588739,      -48.83,
 139.248108,   35.588739,      -49.81,
 139.252613,   35.588739,      -50.75,
 139.257117,   35.588739,      -51.65,
 139.261622,   35.588739,      -52.52,
 139.266126,   35.588739,      -53.35,
 139.270631,   35.588739,      -54.14,
 139.275135,   35.588739,      -54.89,
 139.279640,   35.588739,      -55.61,
 139.284144,   35.588739,      -56.29,
 139.288649,   35.588739,      -56.94,
 139.293153,   35.588739,      -57.54,
 139.297658,   35.588739,      -58.11,
 139.302162,   35.588739,      -58.64,
 139.306667,   35.588739,      -59.14,
 139.311171,   35.588739,      -59.60,
 139.315676,   35.588739,      -60.02,
 139.320180,   35.588739,      -60.40,
 139.324685,   35.588739,      -60.75,
 139.329189,   35.588739,      -61.06,
 139.333694,   35.588739,      -61.33,
 139.338198,   35.588739,      -61.57,
 139.342703,   35.588739,      -61.77,
 139.347207,   35.588739,      -61.93,
 139.351712,   35.588739,      -62.05,
 139.356216,   35.588739,      -62.14,
 139.360721,   35.588739,      -62.19,
 139.365225,   35.588739,      -62.20,
 139.369730,   35.588739,      -62.18,
 139.374234,   35.588739,      -62.12,
 139.378739,   35.588739,      -62.02,
 139.383243,   35.588739,      -61.88,
 139.387748,   35.588739,      -61.71,
 139.392252,   35.588739,      -61.50,
 139.396757,   35.588739,      -61.25,
 139.401261,   35.588739,      -60.97,
 139.405766,   35.588739,      -60.65,
 139.410270,   35.588739,      -60.29,
 139.414775,   35.588739,      -59.90,
 139.419279,   35.588739,      -59.46,
 139.423784,   35.588739,      -58.99,
 139.428288,   35.588739,      -58.49,
 139.432793,   35.588739,      -57.94,
 139.437297,   35.588739,      -57.36,
 139.441802,   35.588739,      -56.75,
 139.446306,   35.588739,      -56.09,
 139.450811,   35.588739,      -55.40,
 139.455315,   35.588739,      -54.67,
 139.459820,   35.588739,      -53.90,
 139.464324,   35.588739,      -53.10,
 139.468829,   35.588739,      -52.26,
 139.473333,   35.588739,      -51.38,
 139.477838,   35.588739,      -50.47,
 139.482342,   35.588739,      -49.52,
 139.486847,   35.588739,      -48.53,
 139.491351,   35.588739,      -47.50,
 139.495856,   35.588739,      -46.44,
 139.500360,   35.588739,      -45.34,
 139.504865,   35.588739,      -44.20,
 139.509369,   35.588739,      -43.03,
 139.513874,   35.588739,      -41.82,
 139.518378,   35.588739,      -40.57,
 139.522883,   35.588739,      -39.28,
 139.527387,   35.588739,      -37.96,
 139.531892,   35.588739,      -36.60,
 139.536396,   35.588739,      -35.21,
 139.540901,   35.588739,      -33.77,
 139.545405,   35.588739,      -32.30,
 139.549910,   35.588739,      -30.79,
 139.554414,   35.588739,      -29.25,
 139.558919,   35.588739,      -27.67,
 139.563423,   35.588739,      -26.05,
 139.567928,   35.588739,      -24.39,
 139.572432,   35.588739,      -22.70,
 139.576937,   35.588739,      -20.97,
 139.581441,   35.588739,      -19.20,
 139.585946,   35.588739,      -17.39,
 139.590450,   35.588739,      -15.55,
 139.594955,   35.588739,      -13.67,
 139.599459,   35.588739,      -11.76,
 139.603964,   35.588739,       -9.80,
 139.608468,   35.588739,       -7.81,
 139.612973,   35.588739,       -5.79,
 139.617477,   35.588739,       -3.72,
 139.621982,   35.588739,       -1.62,
 139.626486,   35.588739,        0.52,
 139.630991,   35.588739,        2.69,
 139.635495,   35.588739,        4.91,
 139.640000,   35.588739,        7.16,
 139.644505,   35.588739,        9.44,
 139.649009,   35.588739,       11.77,
 139.653514,   35.588739,       14.13,
 139.658018,   35.588739,       16.63,
 139.662523,   35.588739,       19.19,
 139.667027,   35.588739,       20.30,
 139.671532,   35.588739,       19.41,
 139.676036,   35.588739,       18.58,
 139.680541,   35.588739,       17.84,
 139.685045,   35.588739,       17.19,
 139.689550,   35.588739,       16.69,
 139.694054,   35.588739,       16.37,
 139.698559,   35.588739,       16.22,
 139.703063,   35.588739,       16.18,
 139.707568,   35.588739,       16.18,
 139.712072,   35.588739,       16.32,
 139.716577,   35.588739,       16.91,
 139.721081,   35.588739,       17.92,
 139.725586,   35.588739,       19.39,
 139.730090,   35.588739,       21.31,
 139.734595,   35.588739,       23.96,
 139.739099,   35.588739,       25.62,
 139.743604,   35.588739,       25.00,
 139.748108,   35.588739,       24.37,
 139.752613,   35.588739,       24.20,
 139.757117,   35.588739,       24.25,
 139.761622,   35.588739,       24.32,
 139.766126,   35.588739,       24.36,
 139.770631,   35.588739,       24.52,
 139.775135,   35.588739,       24.75,
 139.779640,   35.588739,       24.95,
 139.784144,   35.588739,       25.02,
 139.788649,   35.588739,       24.99,
 139.793153,   35.588739,       24.94,
 139.797658,   35.588739,       24.92,
 139.802162,   35.588739,       25.37,
 139.806667,   35.588739,       25.88,
 139.811171,   35.588739,       26.54,
 139.815676,   35.588739,       27.41,
 139.820180,   35.588739,       28.30,
 139.824685,   35.588739,       29.29,
 139.829189,   35.588739,       30.34,
 139.833694,   35.588739,       31.43,
 139.838198,   35.588739,       32.55,
 139.842703,   35.588739,       33.66,
 139.847207,   35.588739,       34.73,
 139.851712,   35.588739,       35.78,
 139.856216,   35.588739,       36.78,
 139.860721,   35.588739,       37.75,
 139.865225,   35.588739,       38.65,
 139.869730,   35.588739,       39.52,
 139.874234,   35.588739,       40.37,
 139.878739,   35.588739,       41.12,
 139.883243,   35.588739,       41.84,
 139.887748,   35.588739,       42.53,
 139.892252,   35.588739,       43.14,
 139.896757,   35.588739,       43.76,
 139.901261,   35.588739,       44.21,
 139.905766,   35.588739,       44.63,
 139.910270,   35.588739,       45.03,
 139.914775,   35.588739,       45.22,
 139.919279,   35.588739,       45.46,
 139.923784,   35.588739,       45.66,
 139.928288,   35.588739,       45.77,
 139.932793,   35.588739,       45.90,
 139.937297,   35.588739,       46.04,
 139.941802,   35.588739,       46.09,
 139.946306,   35.588739,       46.09,
 139.950811,   35.588739,       46.12,
 139.955315,   35.588739,       46.11,
 139.959820,   35.588739,       46.06,
 139.964324,   35.588739,       46.02,
 139.968829,   35.588739,       45.99,
 139.973333,   35.588739,       45.99,
 139.977838,   35.588739,       46.02,
 139.982342,   35.588739,       46.08,
 139.986847,   35.588739,       46.18,
 139.991351,   35.588739,       46.25,
 139.995856,   35.588739,       46.35,
 140.000360,   35.588739,       46.53,
 140.004865,   35.588739,       46.78,
 140.009369,   35.588739,       47.01,
 140.013874,   35.588739,       47.24,
 140.018378,   35.588739,       47.57,
 140.022883,   35.588739,       47.92,
 140.027387,   35.588739,       48.25,
 140.031892,   35.588739,       48.63,
 140.036396,   35.588739,       49.04,
 140.040901,   35.588739,       49.43,
 140.045405,   35.588739,       49.80,
 140.049910,   35.588739,       50.13,
 140.054414,   35.588739,       50.44,
 140.058919,   35.588739,       50.74,
 140.063423,   35.588739,       51.01,
 140.067928,   35.588739,       51.23,
 140.072432,   35.588739,       51.46,
 140.076937,   35.588739,       51.68,
 140.081441,   35.588739,       51.86,
 140.085946,   35.588739,       52.03,
 140.090450,   35.588739,       52.21,
 140.094955,   35.588739,       52.38,
 140.099459,   35.588739,       52.56,
 140.103964,   35.588739,       52.74,
 140.108468,   35.588739,       52.90,
 140.112973,   35.588739,       53.05,
 140.117477,   35.588739,       53.21,
 140.121982,   35.588739,       53.35,
 140.126486,   35.588739,       53.00,
 140.130991,   35.588739,       53.00,
 140.135495,   35.588739,       53.00,
 140.140000,   35.588739,       53.00,
 140.144505,   35.588739,       53.00,
 140.149009,   35.588739,       53.00,
 140.153514,   35.588739,       52.99,
 140.158018,   35.588739,       52.99,
 140.162523,   35.588739,       52.98,
 140.167027,   35.588739,       52.98,
 140.171532,   35.588739,       52.97,
 140.176036,   35.588739,       52.97,
 140.180541,   35.588739,       52.96,
 140.185045,   35.588739,       52.95,
 140.189550,   35.588739,       52.94,
 140.194054,   35.588739,       52.93,
 140.198559,   35.588739,       52.92,
 140.203063,   35.588739,       52.91,
 140.207568,   35.588739,       52.90,
 140.212072,   35.588739,       52.89,
 140.216577,   35.588739,       52.88,
 140.221081,   35.588739,       52.87,
 140.225586,   35.588739,       52.85,
 140.230090,   35.588739,       52.84,
 140.234595,   35.588739,       52.82,
 140.239099,   35.588739,       52.81,
 140.243604,   35.588739,       52.79,
 140.248108,   35.588739,       52.77,
 140.252613,   35.588739,       52.75,
 140.257117,   35.588739,       52.74,
 140.261622,   35.588739,       52.72,
 140.266126,   35.588739,       52.70,
 140.270631,   35.588739,       52.68,
 140.275135,   35.588739,       52.66,
 140.279640,   35.588739,       52.63,
 140.284144,   35.588739,       52.61,
 140.288649,   35.588739,       52.59,
 140.293153,   35.588739,       52.56,
 140.297658,   35.588739,       52.54,
 140.302162,   35.588739,       52.51,
 140.306667,   35.588739,       52.49,
 140.311171,   35.588739,       52.46,
 140.315676,   35.588739,       52.44,
 140.320180,   35.588739,       52.41,
 140.324685,   35.588739,       52.38,
 140.329189,   35.588739,       52.35,
 140.333694,   35.588739,       52.32,
 140.338198,   35.588739,       52.29,
 140.342703,   35.588739,       52.26,
 140.347207,   35.588739,       52.23,
 140.351712,   35.588739,       52.19,
 140.356216,   35.588739,       52.16,
 140.360721,   35.588739,       52.13,
 140.365225,   35.588739,       52.09,
 140.369730,   35.588739,       52.06,
 140.374234,   35.588739,       52.02,
 140.378739,   35.588739,       51.98,
 140.383243,   35.588739,       51.95,
 140.387748,   35.588739,       51.91,
 139.140000,   35.593243,      -18.74,
 139.144505,   35.593243,      -20.59,
 139.149009,   35.593243,      -22.40,
 139.153514,   35.593243,      -24.17,
 139.158018,   35.593243,      -25.90,
 139.162523,   35.593243,      -27.60,
 139.167027,   35.593243,      -29.26,
 139.171532,   35.593243,      -30.88,
 139.176036,   35.593243,      -32.47,
 139.180541,   35.593243,      -34.02,
 139.185045,   35.593243,      -35.53,
 139.189550,   35.593243,      -37.00,
 139.194054,   35.593243,      -38.44,
 139.198559,   35.593243,      -39.84,
 139.203063,   35.593243,      -41.20,
 139.207568,   35.593243,      -42.53,
 139.212072,   35.593243,      -43.82,
 139.216577,   35.593243,      -45.07,
 139.221081,   35.593243,      -46.28,
 139.225586,   35.593243,      -47.46,
 139.230090,   35.593243,      -48.60,
 139.234595,   35.593243,      -49.71,
 139.239099,   35.593243,      -50.77,
 139.243604,   35.593243,      -51.80,
 139.248108,   35.593243,      -52.79,
 139.252613,   35.593243,      -53.75,
 139.257117,   35.593243,      -54.67,
 139.261622,   35.593243,      -55.55,
 139.266126,   35.593243,      -56.39,
 139.270631,   35.593243,      -57.20,
 139.275135,   35.593243,      -57.97,
 139.279640,   35.593243,      -58.70,
 139.284144,   35.593243,      -59.40,
 139.288649,   35.593243,      -60.05,
 139.293153,   35.593243,      -60.68,
 139.297658,   35.593243,      -61.26,
 139.302162,   35.593243,      -61.81,
 139.306667,   35.593243,      -62.32,
 139.311171,   35.593243,      -62.79,
 139.315676,   35.593243,      -63.22,
 139.320180,   35.593243,      -63.62,
 139.324685,   35.593243,      -63.98,
 139.329189,   35.593243,      -64.31,
 139.333694,   35.593243,      -64.60,
 139.338198,   35.593243,      -64.85,
 139.342703,   35.593243,      -65.06,
 139.347207,   35.593243,      -65.24,
 139.351712,   35.593243,      -65.37,
 139.356216,   35.593243,      -65.48,
 139.360721,   35.593243,      -65.54,
 139.365225,   35.593243,      -65.57,
 139.369730,   35.593243,      -65.56,
 139.374234,   35.593243,      -65.51,
 139.378739,   35.593243,      -65.43,
 139.383243,   35.593243,      -65.31,
 139.387748,   35.593243,      -65.15,
 139.392252,   35.593243,      -64.96,
 139.396757,   35.593243,      -64.72,
 139.401261,   35.593243,      -64.45,
 139.405766,   35.593243,      -64.15,
 139.410270,   35.593243,      -63.80,
 139.414775,   35.593243,      -63.42,
 139.419279,   35.593243,      -63.01,
 139.423784,   35.593243,      -62.55,
 139.428288,   35.593243,      -62.06,
 139.432793,   35.593243,      -61.53,
 139.437297,   35.593243,      -60.97,
 139.441802,   35.593243,      -60.36,
 139.446306,   35.593243,      -59.72,
 139.450811,   35.593243,      -59.05,
 139.455315,   35.593243,      -58.33,
 139.459820,   35.593243,      -57.58,
 139.464324,   35.593243,      -56.79,
 139.468829,   35.593243,      -55.97,
 139.473333,   35.593243,      -55.10,
 139.477838,   35.593243,      -54.20,
 139.482342,   35.593243,      -53.27,
 139.486847,   35.593243,      -52.29,
 139.491351,   35.593243,      -51.28,
 139.495856,   35.593243,      -50.23,
 139.500360,   35.593243,      -49.15,
 139.504865,   35.593243,      -48.03,
 139.509369,   35.593243,      -46.87,
 139.513874,   35.593243,      -45.67,
 139.518378,   35.593243,      -44.44,
 139.522883,   35.593243,      -43.17,
 139.527387,   35.593243,      -41.86,
 139.531892,   35.593243,      -40.51,
 139.536396,   35.593243,      -39.13,
 139.540901,   35.593243,      -37.71,
 139.545405,   35.593243,      -36.26,
 139.549910,   35.593243,      -34.76,
 139.554414,   35.593243,      -33.23,
 139.558919,   35.593243,      -31.66,
 139.563423,   35.593243,      -30.06,
 139.567928,   35.593243,      -28.42,
 139.572432,   35.593243,      -26.74,
 139.576937,   35.593243,      -25.02,
 139.581441,   35.593243,      -23.27,
 139.585946,   35.593243,      -21.48,
 139.590450,   35.593243,      -19.65,
 139.594955,   35.593243,      -17.79,
 139.599459,   35.593243,      -15.89,
 139.603964,   35.593243,      -13.95,
 139.608468,   35.593243,      -11.97,
 139.612973,   35.593243,       -9.96,
 139.617477,   35.593243,       -7.91,
 139.621982,   35.593243,       -5.83,
 139.626486,   35.593243,       -3.70,
 139.630991,   35.593243,       -1.54,
 139.635495,   35.593243,        0.66,
 139.640000,   35.593243,        2.89,
 139.644505,   35.593243,        5.17,
 139.649009,   35.593243,        7.47,
 139.653514,   35.593243,        9.82,
 139.658018,   35.593243,       12.20,
 139.662523,   35.593243,       14.67,
 139.667027,   35.593243,       17.38,
 139.671532,   35.593243,       19.83,
 139.676036,   35.593243,       19.11,
 139.680541,   35.593243,       18.27,
 139.685045,   35.593243,       17.52,
 139.689550,   35.593243,       16.87,
 139.694054,   35.593243,       16.37,
 139.698559,   35.593243,       16.06,
 139.703063,   35.593243,       15.94,
 139.707568,   35.593243,       15.93,
 139.712072,   35.593243,       15.98,
 139.716577,   35.593243,       16.31,
 139.721081,   35.593243,       17.19,
 139.725586,   35.593243,       18.53,
 139.730090,   35.593243,       20.29,
 139.734595,   35.593243,       22.56,
 139.739099,   35.593243,       24.57,
 139.743604,   35.593243,       23.95,
 139.748108,   35.593243,       23.38,
 139.752613,   35.593243,       23.09,
 139.757117,   35.593243,       23.06,
 139.761622,   35.593243,       23.26,
 139.766126,   35.593243,       23.62,
 139.770631,   35.593243,       23.90,
 139.775135,   35.593243,       24.14,
 139.779640,   35.593243,       24.55,
 139.784144,   35.593243,       24.92,
 139.788649,   35.593243,       25.14,
 139.793153,   35.593243,       25.19,
 139.797658,   35.593243,       25.29,
 139.802162,   35.593243,       25.59,
 139.806667,   35.593243,       26.06,
 139.811171,   35.593243,       26.58,
 139.815676,   35.593243,       27.32,
 139.820180,   35.593243,       28.06,
 139.824685,   35.593243,       29.00,
 139.829189,   35.593243,       29.99,
 139.833694,   35.593243,       31.04,
 139.838198,   35.593243,       32.14,
 139.842703,   35.593243,       33.24,
 139.847207,   35.593243,       34.33,
 139.851712,   35.593243,       35.40,
 139.856216,   35.593243,       36.42,
 139.860721,   35.593243,       37.42,
 139.865225,   35.593243,       38.36,
 139.869730,   35.593243,       39.23,
 139.874234,   35.593243,       40.08,
 139.878739,   35.593243,       40.84,
 139.883243,   35.593243,       41.54,
 139.887748,   35.593243,       42.24,
 139.892252,   35.593243,       42.89,
 139.896757,   35.593243,       43.48,
 139.901261,   35.593243,       44.03,
 139.905766,   35.593243,       44.46,
 139.910270,   35.593243,       44.91,
 139.914775,   35.593243,       45.23,
 139.919279,   35.593243,       45.53,
 139.923784,   35.593243,       45.89,
 139.928288,   35.593243,       46.02,
 139.932793,   35.593243,       46.18,
 139.937297,   35.593243,       46.38,
 139.941802,   35.593243,       46.47,
 139.946306,   35.593243,       46.49,
 139.950811,   35.593243,       46.52,
 139.955315,   35.593243,       46.52,
 139.959820,   35.593243,       46.51,
 139.964324,   35.593243,       46.49,
 139.968829,   35.593243,       46.46,
 139.973333,   35.593243,       46.45,
 139.977838,   35.593243,       46.46,
 139.982342,   35.593243,       46.49,
 139.986847,   35.593243,       46.56,
 139.991351,   35.593243,       46.63,
 139.995856,   35.593243,       46.69,
 140.000360,   35.593243,       46.80,
 140.004865,   35.593243,       47.02,
 140.009369,   35.593243,       47.21,
 140.013874,   35.593243,       47.40,
 140.018378,   35.593243,       47.69,
 140.022883,   35.593243,       48.01,
 140.027387,   35.593243,       48.33,
 140.031892,   35.593243,       48.67,
 140.036396,   35.593243,       49.05,
 140.040901,   35.593243,       49.42,
 140.045405,   35.593243,       49.77,
 140.049910,   35.593243,       50.09,
 140.054414,   35.593243,       50.40,
 140.058919,   35.593243,       50.72,
 140.063423,   35.593243,       51.02,
 140.067928,   35.593243,       51.26,
 140.072432,   35.593243,       51.49,
 140.076937,   35.593243,       51.72,
 140.081441,   35.593243,       51.92,
 140.085946,   35.593243,       52.10,
 140.090450,   35.593243,       52.28,
 140.094955,   35.593243,       52.46,
 140.099459,   35.593243,       52.63,
 140.103964,   35.593243,       52.80,
 140.108468,   35.593243,       52.94,
 140.112973,   35.593243,       53.08,
 140.117477,   35.593243,       53.22,
 140.121982,   35.593243,       53.36,
 140.126486,   35.593243,       53.23,
 140.130991,   35.593243,       53.23,
 140.135495,   35.593243,       53.23,
 140.140000,   35.593243,       53.23,
 140.144505,   35.593243,       53.23,
 140.149009,   35.593243,       53.23,
 140.153514,   35.593243,       53.23,
 140.158018,   35.593243,       53.22,
 140.162523,   35.593243,       53.22,
 140.167027,   35.593243,       53.21,
 140.171532,   35.593243,       53.21,
 140.176036,   35.593243,       53.20,
 140.180541,   35.593243,       53.20,
 140.185045,   35.593243,       53.19,
 140.189550,   35.593243,       53.18,
 140.194054,   35.593243,       53.17,
 140.198559,   35.593243,       53.16,
 140.203063,   35.593243,       53.15,
 140.207568,   35.593243,       53.14,
 140.212072,   35.593243,       53.13,
 140.216577,   35.593243,       53.12,
 140.221081,   35.593243,       53.10,
 140.225586,   35.593243,       53.09,
 140.230090,   35.593243,       53.08,
 140.234595,   35.593243,       53.06,
 140.239099,   35.593243,       53.05,
 140.243604,   35.593243,       53.03,
 140.248108,   35.593243,       53.01,
 140.252613,   35.593243,       53.00,
 140.257117,   35.593243,       52.98,
 140.261622,   35.593243,       52.96,
 140.266126,   35.593243,       52.94,
 140.270631,   35.593243,       52.92,
 140.275135,   35.593243,       52.90,
 140.279640,   35.593243,       52.88,
 140.284144,   35.593243,       52.85,
 140.288649,   35.593243,       52.83,
 140.293153,   35.593243,       52.81,
 140.297658,   35.593243,       52.78,
 140.302162,   35.593243,       52.76,
 140.306667,   35.593243,       52.73,
 140.311171,   35.593243,       52.71,
 140.315676,   35.593243,       52.68,
 140.320180,   35.593243,       52.65,
 140.324685,   35.593243,       52.62,
 140.329189,   35.593243,       52.60,
 140.333694,   35.593243,       52.57,
 140.338198,   35.593243,       52.54,
 140.342703,   35.593243,       52.50,
 140.347207,   35.593243,       52.47,
 140.351712,   35.593243,       52.44,
 140.356216,   35.593243,       52.41,
 140.360721,   35.593243,       52.37,
 140.365225,   35.593243,       52.34,
 140.369730,   35.593243,       52.30,
 140.374234,   35.593243,       52.27,
 140.378739,   35.593243,       52.23,
 140.383243,   35.593243,       52.20,
 140.387748,   35.593243,       52.16,
 139.140000,   35.597748,      -21.41,
 139.144505,   35.597748,      -23.27,
 139.149009,   35.597748,      -25.10,
 139.153514,   35.597748,      -26.88,
 139.158018,   35.597748,      -28.63,
 139.162523,   35.597748,      -30.34,
 139.167027,   35.597748,      -32.02,
 139.171532,   35.597748,      -33.66,
 139.176036,   35.597748,      -35.26,
 139.180541,   35.597748,      -36.82,
 139.185045,   35.597748,      -38.35,
 139.189550,   35.597748,      -39.83,
 139.194054,   35.597748,      -41.29,
 139.198559,   35.597748,      -42.70,
 139.203063,   35.597748,      -44.08,
 139.207568,   35.597748,      -45.42,
 139.212072,   35.597748,      -46.72,
 139.216577,   35.597748,      -47.99,
 139.221081,   35.597748,      -49.22,
 139.225586,   35.597748,      -50.41,
 139.230090,   35.597748,      -51.57,
 139.234595,   35.597748,      -52.68,
 139.239099,   35.597748,      -53.77,
 139.243604,   35.597748,      -54.81,
 139.248108,   35.597748,      -55.82,
 139.252613,   35.597748,      -56.79,
 139.257117,   35.597748,      -57.72,
 139.261622,   35.597748,      -58.61,
 139.266126,   35.597748,      -59.47,
 139.270631,   35.597748,      -60.29,
 139.275135,   35.597748,      -61.08,
 139.279640,   35.597748,      -61.83,
 139.284144,   35.597748,      -62.54,
 139.288649,   35.597748,      -63.21,
 139.293153,   35.597748,      -63.84,
 139.297658,   35.597748,      -64.44,
 139.302162,   35.597748,      -65.00,
 139.306667,   35.597748,      -65.53,
 139.311171,   35.597748,      -66.02,
 139.315676,   35.597748,      -66.47,
 139.320180,   35.597748,      -66.88,
 139.324685,   35.597748,      -67.26,
 139.329189,   35.597748,      -67.60,
 139.333694,   35.597748,      -67.90,
 139.338198,   35.597748,      -68.16,
 139.342703,   35.597748,      -68.39,
 139.347207,   35.597748,      -68.58,
 139.351712,   35.597748,      -68.73,
 139.356216,   35.597748,      -68.85,
 139.360721,   35.597748,      -68.93,
 139.365225,   35.597748,      -68.97,
 139.369730,   35.597748,      -68.98,
 139.374234,   35.597748,      -68.95,
 139.378739,   35.597748,      -68.88,
 139.383243,   35.597748,      -68.77,
 139.387748,   35.597748,      -68.63,
 139.392252,   35.597748,      -68.45,
 139.396757,   35.597748,      -68.23,
 139.401261,   35.597748,      -67.98,
 139.405766,   35.597748,      -67.69,
 139.410270,   35.597748,      -67.36,
 139.414775,   35.597748,      -66.99,
 139.419279,   35.597748,      -66.59,
 139.423784,   35.597748,      -66.15,
 139.428288,   35.597748,      -65.67,
 139.432793,   35.597748,      -65.16,
 139.437297,   35.597748,      -64.61,
 139.441802,   35.597748,      -64.02,
 139.446306,   35.597748,      -63.39,
 139.450811,   35.597748,      -62.73,
 139.455315,   35.597748,      -62.03,
 139.459820,   35.597748,      -61.29,
 139.464324,   35.597748,      -60.52,
 139.468829,   35.597748,      -59.71,
 139.473333,   35.597748,      -58.86,
 139.477838,   35.597748,      -57.98,
 139.482342,   35.597748,      -57.05,
 139.486847,   35.597748,      -56.09,
 139.491351,   35.597748,      -55.10,
 139.495856,   35.597748,      -54.06,
 139.500360,   35.597748,      -52.99,
 139.504865,   35.597748,      -51.89,
 139.509369,   35.597748,      -50.74,
 139.513874,   35.597748,      -49.56,
 139.518378,   35.597748,      -48.34,
 139.522883,   35.597748,      -47.09,
 139.527387,   35.597748,      -45.79,
 139.531892,   35.597748,      -44.46,
 139.536396,   35.597748,      -43.09,
 139.540901,   35.597748,      -41.69,
 139.545405,   35.597748,      -40.25,
 139.549910,   35.597748,      -38.77,
 139.554414,   35.597748,      -37.25,
 139.558919,   35.597748,      -35.70,
 139.563423,   35.597748,      -34.11,
 139.567928,   35.597748,      -32.48,
 139.572432,   35.597748,      -30.82,
 139.576937,   35.597748,      -29.12,
 139.581441,   35.597748,      -27.38,
 139.585946,   35.597748,      -25.61,
 139.590450,   35.597748,      -23.79,
 139.594955,   35.597748,      -21.94,
 139.599459,   35.597748,      -20.06,
 139.603964,   35.597748,      -18.13,
 139.608468,   35.597748,      -16.17,
 139.612973,   35.597748,      -14.18,
 139.617477,   35.597748,      -12.14,
 139.621982,   35.597748,      -10.07,
 139.626486,   35.597748,       -7.96,
 139.630991,   35.597748,       -5.81,
 139.635495,   35.597748,       -3.63,
 139.640000,   35.597748,       -1.41,
 139.644505,   35.597748,        0.85,
 139.649009,   35.597748,        3.14,
 139.653514,   35.597748,        5.48,
 139.658018,   35.597748,        7.84,
 139.662523,   35.597748,       10.25,
 139.667027,   35.597748,       12.69,
 139.671532,   35.597748,       15.42,
 139.676036,   35.597748,       18.30,
 139.680541,   35.597748,       18.80,
 139.685045,   35.597748,       17.96,
 139.689550,   35.597748,       17.19,
 139.694054,   35.597748,       16.54,
 139.698559,   35.597748,       16.04,
 139.703063,   35.597748,       15.75,
 139.707568,   35.597748,       15.67,
 139.712072,   35.597748,       15.69,
 139.716577,   35.597748,       15.83,
 139.721081,   35.597748,       16.47,
 139.725586,   35.597748,       17.62,
 139.730090,   35.597748,       19.24,
 139.734595,   35.597748,       21.23,
 139.739099,   35.597748,       23.31,
 139.743604,   35.597748,       22.93,
 139.748108,   35.597748,       22.41,
 139.752613,   35.597748,       22.01,
 139.757117,   35.597748,       21.89,
 139.761622,   35.597748,       22.20,
 139.766126,   35.597748,       22.67,
 139.770631,   35.597748,       23.14,
 139.775135,   35.597748,       23.53,
 139.779640,   35.597748,       24.01,
 139.784144,   35.597748,       24.49,
 139.788649,   35.597748,       25.02,
 139.793153,   35.597748,       25.35,
 139.797658,   35.597748,       25.53,
 139.802162,   35.597748,       25.76,
 139.806667,   35.597748,       26.18,
 139.811171,   35.597748,       26.66,
 139.815676,   35.597748,       27.32,
 139.820180,   35.597748,       27.98,
 139.824685,   35.597748,       28.76,
 139.829189,   35.597748,       29.66,
 139.833694,   35.597748,       30.68,
 139.838198,   35.597748,       31.77,
 139.842703,   35.597748,       32.86,
 139.847207,   35.597748,       33.95,
 139.851712,   35.597748,       35.05,
 139.856216,   35.597748,       36.11,
 139.860721,   35.597748,       37.12,
 139.865225,   35.597748,       38.11,
 139.869730,   35.597748,       38.95,
 139.874234,   35.597748,       39.78,
 139.878739,   35.597748,       40.52,
 139.883243,   35.597748,       41.22,
 139.887748,   35.597748,       41.93,
 139.892252,   35.597748,       42.58,
 139.896757,   35.597748,       43.14,
 139.901261,   35.597748,       43.71,
 139.905766,   35.597748,       44.22,
 139.910270,   35.597748,       44.69,
 139.914775,   35.597748,       45.11,
 139.919279,   35.597748,       45.43,
 139.923784,   35.597748,       45.82,
 139.928288,   35.597748,       46.17,
 139.932793,   35.597748,       46.39,
 139.937297,   35.597748,       46.60,
 139.941802,   35.597748,       46.78,
 139.946306,   35.597748,       46.84,
 139.950811,   35.597748,       46.91,
 139.955315,   35.597748,       46.90,
 139.959820,   35.597748,       46.88,
 139.964324,   35.597748,       46.87,
 139.968829,   35.597748,       46.88,
 139.973333,   35.597748,       46.88,
 139.977838,   35.597748,       46.88,
 139.982342,   35.597748,       46.89,
 139.986847,   35.597748,       46.94,
 139.991351,   35.597748,       47.01,
 139.995856,   35.597748,       47.07,
 140.000360,   35.597748,       47.13,
 140.004865,   35.597748,       47.26,
 140.009369,   35.597748,       47.44,
 140.013874,   35.597748,       47.61,
 140.018378,   35.597748,       47.82,
 140.022883,   35.597748,       48.11,
 140.027387,   35.597748,       48.41,
 140.031892,   35.597748,       48.74,
 140.036396,   35.597748,       49.09,
 140.040901,   35.597748,       49.43,
 140.045405,   35.597748,       49.76,
 140.049910,   35.597748,       50.06,
 140.054414,   35.597748,       50.37,
 140.058919,   35.597748,       50.68,
 140.063423,   35.597748,       51.00,
 140.067928,   35.597748,       51.28,
 140.072432,   35.597748,       51.53,
 140.076937,   35.597748,       51.76,
 140.081441,   35.597748,       51.98,
 140.085946,   35.597748,       52.18,
 140.090450,   35.597748,       52.36,
 140.094955,   35.597748,       52.53,
 140.099459,   35.597748,       52.69,
 140.103964,   35.597748,       52.84,
 140.108468,   35.597748,       52.98,
 140.112973,   35.597748,       53.12,
 140.117477,   35.597748,       53.26,
 140.121982,   35.597748,       53.39,
 140.126486,   35.597748,       53.47,
 140.130991,   35.597748,       53.47,
 140.135495,   35.597748,       53.47,
 140.140000,   35.597748,       53.47,
 140.144505,   35.597748,       53.46,
 140.149009,   35.597748,       53.46,
 140.153514,   35.597748,       53.46,
 140.158018,   35.597748,       53.46,
 140.162523,   35.597748,       53.45,
 140.167027,   35.597748,       53.45,
 140.171532,   35.597748,       53.44,
 140.176036,   35.597748,       53.44,
 140.180541,   35.597748,       53.43,
 140.185045,   35.597748,       53.42,
 140.189550,   35.597748,       53.42,
 140.194054,   35.597748,       53.41,
 140.198559,   35.597748,       53.40,
 140.203063,   35.597748,       53.39,
 140.207568,   35.597748,       53.38,
 140.212072,   35.597748,       53.37,
 140.216577,   35.597748,       53.36,
 140.221081,   35.597748,       53.34,
 140.225586,   35.597748,       53.33,
 140.230090,   35.597748,       53.32,
 140.234595,   35.597748,       53.30,
 140.239099,   35.597748,       53.29,
 140.243604,   35.597748,       53.27,
 140.248108,   35.597748,       53.25,
 140.252613,   35.597748,       53.24,
 140.257117,   35.597748,       53.22,
 140.261622,   35.597748,       53.20,
 140.266126,   35.597748,       53.18,
 140.270631,   35.597748,       53.16,
 140.275135,   35.597748,       53.14,
 140.279640,   35.597748,       53.12,
 140.284144,   35.597748,       53.10,
 140.288649,   35.597748,       53.07,
 140.293153,   35.597748,       53.05,
 140.297658,   35.597748,       53.03,
 140.302162,   35.597748,       53.00,
 140.306667,   35.597748,       52.98,
 140.311171,   35.597748,       52.95,
 140.315676,   35.597748,       52.93,
 140.320180,   35.597748,       52.90,
 140.324685,   35.597748,       52.87,
 140.329189,   35.597748,       52.84,
 140.333694,   35.597748,       52.81,
 140.338198,   35.597748,       52.78,
 140.342703,   35.597748,       52.75,
 140.347207,   35.597748,       52.72,
 140.351712,   35.597748,       52.69,
 140.356216,   35.597748,       52.66,
 140.360721,   35.597748,       52.62,
 140.365225,   35.597748,       52.59,
 140.369730,   35.597748,       52.55,
 140.374234,   35.597748,       52.52,
 140.378739,   35.597748,       52.48,
 140.383243,   35.597748,       52.45,
 140.387748,   35.597748,       52.41,
 139.140000,   35.602252,      -24.12,
 139.144505,   35.602252,      -26.00,
 139.149009,   35.602252,      -27.83,
 139.153514,   35.602252,      -29.63,
 139.158018,   35.602252,      -31.40,
 139.162523,   35.602252,      -33.12,
 139.167027,   35.602252,      -34.81,
 139.171532,   35.602252,      -36.46,
 139.176036,   35.602252,      -38.08,
 139.180541,   35.602252,      -39.66,
 139.185045,   35.602252,      -41.20,
 139.189550,   35.602252,      -42.70,
 139.194054,   35.602252,      -44.17,
 139.198559,   35.602252,      -45.60,
 139.203063,   35.602252,      -46.99,
 139.207568,   35.602252,      -48.35,
 139.212072,   35.602252,      -49.66,
 139.216577,   35.602252,      -50.95,
 139.221081,   35.602252,      -52.19,
 139.225586,   35.602252,      -53.40,
 139.230090,   35.602252,      -54.57,
 139.234595,   35.602252,      -55.70,
 139.239099,   35.602252,      -56.80,
 139.243604,   35.602252,      -57.85,
 139.248108,   35.602252,      -58.88,
 139.252613,   35.602252,      -59.86,
 139.257117,   35.602252,      -60.81,
 139.261622,   35.602252,      -61.72,
 139.266126,   35.602252,      -62.59,
 139.270631,   35.602252,      -63.43,
 139.275135,   35.602252,      -64.23,
 139.279640,   35.602252,      -64.99,
 139.284144,   35.602252,      -65.71,
 139.288649,   35.602252,      -66.40,
 139.293153,   35.602252,      -67.05,
 139.297658,   35.602252,      -67.66,
 139.302162,   35.602252,      -68.24,
 139.306667,   35.602252,      -68.78,
 139.311171,   35.602252,      -69.28,
 139.315676,   35.602252,      -69.75,
 139.320180,   35.602252,      -70.18,
 139.324685,   35.602252,      -70.57,
 139.329189,   35.602252,      -70.92,
 139.333694,   35.602252,      -71.24,
 139.338198,   35.602252,      -71.52,
 139.342703,   35.602252,      -71.76,
 139.347207,   35.602252,      -71.96,
 139.351712,   35.602252,      -72.13,
 139.356216,   35.602252,      -72.26,
 139.360721,   35.602252,      -72.36,
 139.365225,   35.602252,      -72.41,
 139.369730,   35.602252,      -72.43,
 139.374234,   35.602252,      -72.42,
 139.378739,   35.602252,      -72.36,
 139.383243,   35.602252,      -72.27,
 139.387748,   35.602252,      -72.14,
 139.392252,   35.602252,      -71.98,
 139.396757,   35.602252,      -71.78,
 139.401261,   35.602252,      -71.54,
 139.405766,   35.602252,      -71.26,
 139.410270,   35.602252,      -70.95,
 139.414775,   35.602252,      -70.59,
 139.419279,   35.602252,      -70.21,
 139.423784,   35.602252,      -69.78,
 139.428288,   35.602252,      -69.32,
 139.432793,   35.602252,      -68.82,
 139.437297,   35.602252,      -68.28,
 139.441802,   35.602252,      -67.71,
 139.446306,   35.602252,      -67.10,
 139.450811,   35.602252,      -66.45,
 139.455315,   35.602252,      -65.77,
 139.459820,   35.602252,      -65.04,
 139.464324,   35.602252,      -64.28,
 139.468829,   35.602252,      -63.49,
 139.473333,   35.602252,      -62.66,
 139.477838,   35.602252,      -61.79,
 139.482342,   35.602252,      -60.88,
 139.486847,   35.602252,      -59.93,
 139.491351,   35.602252,      -58.95,
 139.495856,   35.602252,      -57.93,
 139.500360,   35.602252,      -56.88,
 139.504865,   35.602252,      -55.78,
 139.509369,   35.602252,      -54.65,
 139.513874,   35.602252,      -53.49,
 139.518378,   35.602252,      -52.28,
 139.522883,   35.602252,      -51.04,
 139.527387,   35.602252,      -49.76,
 139.531892,   35.602252,      -48.45,
 139.536396,   35.602252,      -47.09,
 139.540901,   35.602252,      -45.71,
 139.545405,   35.602252,      -44.28,
 139.549910,   35.602252,      -42.81,
 139.554414,   35.602252,      -41.31,
 139.558919,   35.602252,      -39.78,
 139.563423,   35.602252,      -38.20,
 139.567928,   35.602252,      -36.59,
 139.572432,   35.602252,      -34.94,
 139.576937,   35.602252,      -33.25,
 139.581441,   35.602252,      -31.53,
 139.585946,   35.602252,      -29.77,
 139.590450,   35.602252,      -27.97,
 139.594955,   35.602252,      -26.14,
 139.599459,   35.602252,      -24.26,
 139.603964,   35.602252,      -22.35,
 139.608468,   35.602252,      -20.41,
 139.612973,   35.602252,      -18.43,
 139.617477,   35.602252,      -16.41,
 139.621982,   35.602252,      -14.35,
 139.626486,   35.602252,      -12.25,
 139.630991,   35.602252,      -10.12,
 139.635495,   35.602252,       -7.95,
 139.640000,   35.602252,       -5.75,
 139.644505,   35.602252,       -3.50,
 139.649009,   35.602252,       -1.22,
 139.653514,   35.602252,        1.09,
 139.658018,   35.602252,        3.45,
 139.662523,   35.602252,        5.84,
 139.667027,   35.602252,        8.27,
 139.671532,   35.602252,       10.73,
 139.676036,   35.602252,       13.34,
 139.680541,   35.602252,       16.39,
 139.685045,   35.602252,       18.49,
 139.689550,   35.602252,       17.64,
 139.694054,   35.602252,       16.86,
 139.698559,   35.602252,       16.20,
 139.703063,   35.602252,       15.71,
 139.707568,   35.602252,       15.44,
 139.712072,   35.602252,       15.40,
 139.716577,   35.602252,       15.46,
 139.721081,   35.602252,       15.77,
 139.725586,   35.602252,       16.75,
 139.730090,   35.602252,       18.21,
 139.734595,   35.602252,       19.97,
 139.739099,   35.602252,       21.92,
 139.743604,   35.602252,       21.94,
 139.748108,   35.602252,       21.44,
 139.752613,   35.602252,       20.94,
 139.757117,   35.602252,       20.69,
 139.761622,   35.602252,       21.12,
 139.766126,   35.602252,       21.58,
 139.770631,   35.602252,       22.11,
 139.775135,   35.602252,       22.83,
 139.779640,   35.602252,       23.43,
 139.784144,   35.602252,       23.94,
 139.788649,   35.602252,       24.55,
 139.793153,   35.602252,       25.15,
 139.797658,   35.602252,       25.62,
 139.802162,   35.602252,       25.93,
 139.806667,   35.602252,       26.33,
 139.811171,   35.602252,       26.74,
 139.815676,   35.602252,       27.32,
 139.820180,   35.602252,       27.91,
 139.824685,   35.602252,       28.60,
 139.829189,   35.602252,       29.51,
 139.833694,   35.602252,       30.41,
 139.838198,   35.602252,       31.42,
 139.842703,   35.602252,       32.51,
 139.847207,   35.602252,       33.61,
 139.851712,   35.602252,       34.71,
 139.856216,   35.602252,       35.80,
 139.860721,   35.602252,       36.82,
 139.865225,   35.602252,       37.80,
 139.869730,   35.602252,       38.66,
 139.874234,   35.602252,       39.46,
 139.878739,   35.602252,       40.18,
 139.883243,   35.602252,       40.88,
 139.887748,   35.602252,       41.53,
 139.892252,   35.602252,       42.14,
 139.896757,   35.602252,       42.73,
 139.901261,   35.602252,       43.29,
 139.905766,   35.602252,       43.83,
 139.910270,   35.602252,       44.34,
 139.914775,   35.602252,       44.87,
 139.919279,   35.602252,       45.30,
 139.923784,   35.602252,       45.73,
 139.928288,   35.602252,       46.19,
 139.932793,   35.602252,       46.51,
 139.937297,   35.602252,       46.73,
 139.941802,   35.602252,       46.96,
 139.946306,   35.602252,       47.07,
 139.950811,   35.602252,       47.16,
 139.955315,   35.602252,       47.21,
 139.959820,   35.602252,       47.20,
 139.964324,   35.602252,       47.20,
 139.968829,   35.602252,       47.23,
 139.973333,   35.602252,       47.26,
 139.977838,   35.602252,       47.27,
 139.982342,   35.602252,       47.29,
 139.986847,   35.602252,       47.34,
 139.991351,   35.602252,       47.39,
 139.995856,   35.602252,       47.45,
 140.000360,   35.602252,       47.49,
 140.004865,   35.602252,       47.58,
 140.009369,   35.602252,       47.72,
 140.013874,   35.602252,       47.89,
 140.018378,   35.602252,       48.06,
 140.022883,   35.602252,       48.28,
 140.027387,   35.602252,       48.51,
 140.031892,   35.602252,       48.81,
 140.036396,   35.602252,       49.14,
 140.040901,   35.602252,       49.45,
 140.045405,   35.602252,       49.75,
 140.049910,   35.602252,       50.03,
 140.054414,   35.602252,       50.34,
 140.058919,   35.602252,       50.65,
 140.063423,   35.602252,       50.97,
 140.067928,   35.602252,       51.28,
 140.072432,   35.602252,       51.56,
 140.076937,   35.602252,       51.79,
 140.081441,   35.602252,       52.02,
 140.085946,   35.602252,       52.24,
 140.090450,   35.602252,       52.43,
 140.094955,   35.602252,       52.58,
 140.099459,   35.602252,       52.73,
 140.103964,   35.602252,       52.88,
 140.108468,   35.602252,       53.02,
 140.112973,   35.602252,       53.16,
 140.117477,   35.602252,       53.29,
 140.121982,   35.602252,       53.42,
 140.126486,   35.602252,       53.55,
 140.130991,   35.602252,       53.68,
 140.135495,   35.602252,       53.70,
 140.140000,   35.602252,       53.70,
 140.144505,   35.602252,       53.70,
 140.149009,   35.602252,       53.70,
 140.153514,   35.602252,       53.70,
 140.158018,   35.602252,       53.69,
 140.162523,   35.602252,       53.69,
 140.167027,   35.602252,       53.69,
 140.171532,   35.602252,       53.68,
 140.176036,   35.602252,       53.67,
 140.180541,   35.602252,       53.67,
 140.185045,   35.602252,       53.66,
 140.189550,   35.602252,       53.65,
 140.194054,   35.602252,       53.65,
 140.198559,   35.602252,       53.64,
 140.203063,   35.602252,       53.63,
 140.207568,   35.602252,       53.62,
 140.212072,   35.602252,       53.61,
 140.216577,   35.602252,       53.59,
 140.221081,   35.602252,       53.58,
 140.225586,   35.602252,       53.57,
 140.230090,   35.602252,       53.56,
 140.234595,   35.602252,       53.54,
 140.239099,   35.602252,       53.53,
 140.243604,   35.602252,       53.51,
 140.248108,   35.602252,       53.50,
 140.252613,   35.602252,       53.48,
 140.257117,   35.602252,       53.46,
 140.261622,   35.602252,       53.44,
 140.266126,   35.602252,       53.42,
 140.270631,   35.602252,       53.40,
 140.275135,   35.602252,       53.38,
 140.279640,   35.602252,       53.36,
 140.284144,   35.602252,       53.34,
 140.288649,   35.602252,       53.32,
 140.293153,   35.602252,       53.30,
 140.297658,   35.602252,       53.27,
 140.302162,   35.602252,       53.25,
 140.306667,   35.602252,       53.22,
 140.311171,   35.602252,       53.20,
 140.315676,   35.602252,       53.17,
 140.320180,   35.602252,       53.14,
 140.324685,   35.602252,       53.12,
 140.329189,   35.602252,       53.09,
 140.333694,   35.602252,       53.06,
 140.338198,   35.602252,       53.03,
 140.342703,   35.602252,       53.00,
 140.347207,   35.602252,       52.97,
 140.351712,   35.602252,       52.94,
 140.356216,   35.602252,       52.90,
 140.360721,   35.602252,       52.87,
 140.365225,   35.602252,       52.84,
 140.369730,   35.602252,       52.80,
 140.374234,   35.602252,       52.77,
 140.378739,   35.602252,       52.73,
 140.383243,   35.602252,       52.70,
 140.387748,   35.602252,       52.66,
 139.140000,   35.606757,      -26.86,
 139.144505,   35.606757,      -28.75,
 139.149009,   35.606757,      -30.61,
 139.153514,   35.606757,      -32.42,
 139.158018,   35.606757,      -34.20,
 139.162523,   35.606757,      -35.94,
 139.167027,   35.606757,      -37.64,
 139.171532,   35.606757,      -39.31,
 139.176036,   35.606757,      -40.94,
 139.180541,   35.606757,      -42.53,
 139.185045,   35.606757,      -44.09,
 139.189550,   35.606757,      -45.61,
 139.194054,   35.606757,      -47.09,
 139.198559,   35.606757,      -48.53,
 139.203063,   35.606757,      -49.94,
 139.207568,   35.606757,      -51.31,
 139.212072,   35.606757,      -52.64,
 139.216577,   35.606757,      -53.94,
 139.221081,   35.606757,      -55.20,
 139.225586,   35.606757,      -56.42,
 139.230090,   35.606757,      -57.60,
 139.234595,   35.606757,      -58.75,
 139.239099,   35.606757,      -59.86,
 139.243604,   35.606757,      -60.94,
 139.248108,   35.606757,      -61.97,
 139.252613,   35.606757,      -62.97,
 139.257117,   35.606757,      -63.93,
 139.261622,   35.606757,      -64.86,
 139.266126,   35.606757,      -65.75,
 139.270631,   35.606757,      -66.60,
 139.275135,   35.606757,      -67.41,
 139.279640,   35.606757,      -68.19,
 139.284144,   35.606757,      -68.93,
 139.288649,   35.606757,      -69.63,
 139.293153,   35.606757,      -70.29,
 139.297658,   35.606757,      -70.92,
 139.302162,   35.606757,      -71.51,
 139.306667,   35.606757,      -72.07,
 139.311171,   35.606757,      -72.58,
 139.315676,   35.606757,      -73.06,
 139.320180,   35.606757,      -73.51,
 139.324685,   35.606757,      -73.91,
 139.329189,   35.606757,      -74.28,
 139.333694,   35.606757,      -74.61,
 139.338198,   35.606757,      -74.91,
 139.342703,   35.606757,      -75.16,
 139.347207,   35.606757,      -75.38,
 139.351712,   35.606757,      -75.57,
 139.356216,   35.606757,      -75.71,
 139.360721,   35.606757,      -75.82,
 139.365225,   35.606757,      -75.89,
 139.369730,   35.606757,      -75.93,
 139.374234,   35.606757,      -75.93,
 139.378739,   35.606757,      -75.89,
 139.383243,   35.606757,      -75.81,
 139.387748,   35.606757,      -75.70,
 139.392252,   35.606757,      -75.55,
 139.396757,   35.606757,      -75.36,
 139.401261,   35.606757,      -75.13,
 139.405766,   35.606757,      -74.87,
 139.410270,   35.606757,      -74.57,
 139.414775,   35.606757,      -74.23,
 139.419279,   35.606757,      -73.86,
 139.423784,   35.606757,      -73.45,
 139.428288,   35.606757,      -73.00,
 139.432793,   35.606757,      -72.52,
 139.437297,   35.606757,      -72.00,
 139.441802,   35.606757,      -71.44,
 139.446306,   35.606757,      -70.84,
 139.450811,   35.606757,      -70.21,
 139.455315,   35.606757,      -69.54,
 139.459820,   35.606757,      -68.83,
 139.464324,   35.606757,      -68.09,
 139.468829,   35.606757,      -67.31,
 139.473333,   35.606757,      -66.49,
 139.477838,   35.606757,      -65.63,
 139.482342,   35.606757,      -64.74,
 139.486847,   35.606757,      -63.81,
 139.491351,   35.606757,      -62.84,
 139.495856,   35.606757,      -61.84,
 139.500360,   35.606757,      -60.80,
 139.504865,   35.606757,      -59.72,
 139.509369,   35.606757,      -58.60,
 139.513874,   35.606757,      -57.45,
 139.518378,   35.606757,      -56.26,
 139.522883,   35.606757,      -55.03,
 139.527387,   35.606757,      -53.77,
 139.531892,   35.606757,      -52.47,
 139.536396,   35.606757,      -51.13,
 139.540901,   35.606757,      -49.76,
 139.545405,   35.606757,      -48.35,
 139.549910,   35.606757,      -46.90,
 139.554414,   35.606757,      -45.41,
 139.558919,   35.606757,      -43.89,
 139.563423,   35.606757,      -42.33,
 139.567928,   35.606757,      -40.73,
 139.572432,   35.606757,      -39.09,
 139.576937,   35.606757,      -37.42,
 139.581441,   35.606757,      -35.71,
 139.585946,   35.606757,      -33.97,
 139.590450,   35.606757,      -32.18,
 139.594955,   35.606757,      -30.36,
 139.599459,   35.606757,      -28.51,
 139.603964,   35.606757,      -26.61,
 139.608468,   35.606757,      -24.68,
 139.612973,   35.606757,      -22.71,
 139.617477,   35.606757,      -20.71,
 139.621982,   35.606757,      -18.66,
 139.626486,   35.606757,      -16.58,
 139.630991,   35.606757,      -14.47,
 139.635495,   35.606757,      -12.31,
 139.640000,   35.606757,      -10.12,
 139.644505,   35.606757,       -7.89,
 139.649009,   35.606757,       -5.63,
 139.653514,   35.606757,       -3.33,
 139.658018,   35.606757,       -0.99,
 139.662523,   35.606757,        1.39,
 139.667027,   35.606757,        3.80,
 139.671532,   35.606757,        6.25,
 139.676036,   35.606757,        8.74,
 139.680541,   35.606757,       11.27,
 139.685045,   35.606757,       14.30,
 139.689550,   35.606757,       17.57,
 139.694054,   35.606757,       17.32,
 139.698559,   35.606757,       16.53,
 139.703063,   35.606757,       15.86,
 139.707568,   35.606757,       15.37,
 139.712072,   35.606757,       15.14,
 139.716577,   35.606757,       15.13,
 139.721081,   35.606757,       15.26,
 139.725586,   35.606757,       15.92,
 139.730090,   35.606757,       17.19,
 139.734595,   35.606757,       18.77,
 139.739099,   35.606757,       20.47,
 139.743604,   35.606757,       20.95,
 139.748108,   35.606757,       20.41,
 139.752613,   35.606757,       19.86,
 139.757117,   35.606757,       19.58,
 139.761622,   35.606757,       19.98,
 139.766126,   35.606757,       20.42,
 139.770631,   35.606757,       21.03,
 139.775135,   35.606757,       21.89,
 139.779640,   35.606757,       22.72,
 139.784144,   35.606757,       23.39,
 139.788649,   35.606757,       24.06,
 139.793153,   35.606757,       24.75,
 139.797658,   35.606757,       25.45,
 139.802162,   35.606757,       25.97,
 139.806667,   35.606757,       26.44,
 139.811171,   35.606757,       26.88,
 139.815676,   35.606757,       27.40,
 139.820180,   35.606757,       27.98,
 139.824685,   35.606757,       28.58,
 139.829189,   35.606757,       29.41,
 139.833694,   35.606757,       30.29,
 139.838198,   35.606757,       31.19,
 139.842703,   35.606757,       32.26,
 139.847207,   35.606757,       33.33,
 139.851712,   35.606757,       34.40,
 139.856216,   35.606757,       35.48,
 139.860721,   35.606757,       36.52,
 139.865225,   35.606757,       37.43,
 139.869730,   35.606757,       38.30,
 139.874234,   35.606757,       39.10,
 139.878739,   35.606757,       39.75,
 139.883243,   35.606757,       40.41,
 139.887748,   35.606757,       41.05,
 139.892252,   35.606757,       41.68,
 139.896757,   35.606757,       42.23,
 139.901261,   35.606757,       42.80,
 139.905766,   35.606757,       43.37,
 139.910270,   35.606757,       43.94,
 139.914775,   35.606757,       44.52,
 139.919279,   35.606757,       45.12,
 139.923784,   35.606757,       45.60,
 139.928288,   35.606757,       46.06,
 139.932793,   35.606757,       46.48,
 139.937297,   35.606757,       46.77,
 139.941802,   35.606757,       47.05,
 139.946306,   35.606757,       47.21,
 139.950811,   35.606757,       47.33,
 139.955315,   35.606757,       47.39,
 139.959820,   35.606757,       47.47,
 139.964324,   35.606757,       47.49,
 139.968829,   35.606757,       47.52,
 139.973333,   35.606757,       47.58,
 139.977838,   35.606757,       47.64,
 139.982342,   35.606757,       47.67,
 139.986847,   35.606757,       47.72,
 139.991351,   35.606757,       47.77,
 139.995856,   35.606757,       47.80,
 140.000360,   35.606757,       47.84,
 140.004865,   35.606757,       47.90,
 140.009369,   35.606757,       48.00,
 140.013874,   35.606757,       48.16,
 140.018378,   35.606757,       48.32,
 140.022883,   35.606757,       48.49,
 140.027387,   35.606757,       48.69,
 140.031892,   35.606757,       48.89,
 140.036396,   35.606757,       49.20,
 140.040901,   35.606757,       49.50,
 140.045405,   35.606757,       49.79,
 140.049910,   35.606757,       50.05,
 140.054414,   35.606757,       50.30,
 140.058919,   35.606757,       50.64,
 140.063423,   35.606757,       50.97,
 140.067928,   35.606757,       51.29,
 140.072432,   35.606757,       51.59,
 140.076937,   35.606757,       51.84,
 140.081441,   35.606757,       52.07,
 140.085946,   35.606757,       52.30,
 140.090450,   35.606757,       52.48,
 140.094955,   35.606757,       52.62,
 140.099459,   35.606757,       52.77,
 140.103964,   35.606757,       52.92,
 140.108468,   35.606757,       53.06,
 140.112973,   35.606757,       53.20,
 140.117477,   35.606757,       53.33,
 140.121982,   35.606757,       53.46,
 140.126486,   35.606757,       53.59,
 140.130991,   35.606757,       53.72,
 140.135495,   35.606757,       53.84,
 140.140000,   35.606757,       53.94,
 140.144505,   35.606757,       53.93,
 140.149009,   35.606757,       53.93,
 140.153514,   35.606757,       53.93,
 140.158018,   35.606757,       53.93,
 140.162523,   35.606757,       53.93,
 140.167027,   35.606757,       53.92,
 140.171532,   35.606757,       53.92,
 140.176036,   35.606757,       53.91,
 140.180541,   35.606757,       53.91,
 140.185045,   35.606757,       53.90,
 140.189550,   35.606757,       53.89,
 140.194054,   35.606757,       53.88,
 140.198559,   35.606757,       53.88,
 140.203063,   35.606757,       53.87,
 140.207568,   35.606757,       53.86,
 140.212072,   35.606757,       53.85,
 140.216577,   35.606757,       53.84,
 140.221081,   35.606757,       53.82,
 140.225586,   35.606757,       53.81,
 140.230090,   35.606757,       53.80,
 140.234595,   35.606757,       53.78,
 140.239099,   35.606757,       53.77,
 140.243604,   35.606757,       53.75,
 140.248108,   35.606757,       53.74,
 140.252613,   35.606757,       53.72,
 140.257117,   35.606757,       53.70,
 140.261622,   35.606757,       53.69,
 140.266126,   35.606757,       53.67,
 140.270631,   35.606757,       53.65,
 140.275135,   35.606757,       53.63,
 140.279640,   35.606757,       53.61,
 140.284144,   35.606757,       53.59,
 140.288649,   35.606757,       53.56,
 140.293153,   35.606757,       53.54,
 140.297658,   35.606757,       53.52,
 140.302162,   35.606757,       53.49,
 140.306667,   35.606757,       53.47,
 140.311171,   35.606757,       53.44,
 140.315676,   35.606757,       53.42,
 140.320180,   35.606757,       53.39,
 140.324685,   35.606757,       53.36,
 140.329189,   35.606757,       53.34,
 140.333694,   35.606757,       53.31,
 140.338198,   35.606757,       53.28,
 140.342703,   35.606757,       53.25,
 140.347207,   35.606757,       53.22,
 140.351712,   35.606757,       53.19,
 140.356216,   35.606757,       53.15,
 140.360721,   35.606757,       53.12,
 140.365225,   35.606757,       53.09,
 140.369730,   35.606757,       53.05,
 140.374234,   35.606757,       53.02,
 140.378739,   35.606757,       52.98,
 140.383243,   35.606757,       52.95,
 140.387748,   35.606757,       52.91,
 139.140000,   35.611261,      -29.64,
 139.144505,   35.611261,      -31.55,
 139.149009,   35.611261,      -33.42,
 139.153514,   35.611261,      -35.25,
 139.158018,   35.611261,      -37.04,
 139.162523,   35.611261,      -38.79,
 139.167027,   35.611261,      -40.51,
 139.171532,   35.611261,      -42.19,
 139.176036,   35.611261,      -43.84,
 139.180541,   35.611261,      -45.45,
 139.185045,   35.611261,      -47.02,
 139.189550,   35.611261,      -48.55,
 139.194054,   35.611261,      -50.05,
 139.198559,   35.611261,      -51.51,
 139.203063,   35.611261,      -52.93,
 139.207568,   35.611261,      -54.31,
 139.212072,   35.611261,      -55.66,
 139.216577,   35.611261,      -56.97,
 139.221081,   35.611261,      -58.24,
 139.225586,   35.611261,      -59.48,
 139.230090,   35.611261,      -60.68,
 139.234595,   35.611261,      -61.84,
 139.239099,   35.611261,      -62.97,
 139.243604,   35.611261,      -64.05,
 139.248108,   35.611261,      -65.11,
 139.252613,   35.611261,      -66.12,
 139.257117,   35.611261,      -67.10,
 139.261622,   35.611261,      -68.04,
 139.266126,   35.611261,      -68.94,
 139.270631,   35.611261,      -69.80,
 139.275135,   35.611261,      -70.63,
 139.279640,   35.611261,      -71.42,
 139.284144,   35.611261,      -72.18,
 139.288649,   35.611261,      -72.89,
 139.293153,   35.611261,      -73.57,
 139.297658,   35.611261,      -74.22,
 139.302162,   35.611261,      -74.82,
 139.306667,   35.611261,      -75.39,
 139.311171,   35.611261,      -75.92,
 139.315676,   35.611261,      -76.42,
 139.320180,   35.611261,      -76.88,
 139.324685,   35.611261,      -77.30,
 139.329189,   35.611261,      -77.68,
 139.333694,   35.611261,      -78.03,
 139.338198,   35.611261,      -78.33,
 139.342703,   35.611261,      -78.61,
 139.347207,   35.611261,      -78.84,
 139.351712,   35.611261,      -79.04,
 139.356216,   35.611261,      -79.20,
 139.360721,   35.611261,      -79.32,
 139.365225,   35.611261,      -79.41,
 139.369730,   35.611261,      -79.46,
 139.374234,   35.611261,      -79.47,
 139.378739,   35.611261,      -79.45,
 139.383243,   35.611261,      -79.38,
 139.387748,   35.611261,      -79.29,
 139.392252,   35.611261,      -79.15,
 139.396757,   35.611261,      -78.98,
 139.401261,   35.611261,      -78.77,
 139.405766,   35.611261,      -78.52,
 139.410270,   35.611261,      -78.23,
 139.414775,   35.611261,      -77.91,
 139.419279,   35.611261,      -77.55,
 139.423784,   35.611261,      -77.16,
 139.428288,   35.611261,      -76.72,
 139.432793,   35.611261,      -76.25,
 139.437297,   35.611261,      -75.75,
 139.441802,   35.611261,      -75.20,
 139.446306,   35.611261,      -74.62,
 139.450811,   35.611261,      -74.00,
 139.455315,   35.611261,      -73.35,
 139.459820,   35.611261,      -72.66,
 139.464324,   35.611261,      -71.93,
 139.468829,   35.611261,      -71.16,
 139.473333,   35.611261,      -70.36,
 139.477838,   35.611261,      -69.51,
 139.482342,   35.611261,      -68.64,
 139.486847,   35.611261,      -67.72,
 139.491351,   35.611261,      -66.77,
 139.495856,   35.611261,      -65.78,
 139.500360,   35.611261,      -64.75,
 139.504865,   35.611261,      -63.69,
 139.509369,   35.611261,      -62.59,
 139.513874,   35.611261,      -61.45,
 139.518378,   35.611261,      -60.28,
 139.522883,   35.611261,      -59.07,
 139.527387,   35.611261,      -57.82,
 139.531892,   35.611261,      -56.53,
 139.536396,   35.611261,      -55.21,
 139.540901,   35.611261,      -53.85,
 139.545405,   35.611261,      -52.45,
 139.549910,   35.611261,      -51.01,
 139.554414,   35.611261,      -49.54,
 139.558919,   35.611261,      -48.03,
 139.563423,   35.611261,      -46.49,
 139.567928,   35.611261,      -44.91,
 139.572432,   35.611261,      -43.29,
 139.576937,   35.611261,      -41.63,
 139.581441,   35.611261,      -39.94,
 139.585946,   35.611261,      -38.20,
 139.590450,   35.611261,      -36.44,
 139.594955,   35.611261,      -34.63,
 139.599459,   35.611261,      -32.79,
 139.603964,   35.611261,      -30.91,
 139.608468,   35.611261,      -28.99,
 139.612973,   35.611261,      -27.04,
 139.617477,   35.611261,      -25.05,
 139.621982,   35.611261,      -23.02,
 139.626486,   35.611261,      -20.95,
 139.630991,   35.611261,      -18.85,
 139.635495,   35.611261,      -16.71,
 139.640000,   35.611261,      -14.54,
 139.644505,   35.611261,      -12.32,
 139.649009,   35.611261,      -10.07,
 139.653514,   35.611261,       -7.78,
 139.658018,   35.611261,       -5.46,
 139.662523,   35.611261,       -3.10,
 139.667027,   35.611261,       -0.70,
 139.671532,   35.611261,        1.74,
 139.676036,   35.611261,        4.21,
 139.680541,   35.611261,        6.72,
 139.685045,   35.611261,        9.27,
 139.689550,   35.611261,       12.07,
 139.694054,   35.611261,       15.58,
 139.698559,   35.611261,       16.99,
 139.703063,   35.611261,       16.19,
 139.707568,   35.611261,       15.52,
 139.712072,   35.611261,       15.03,
 139.716577,   35.611261,       14.83,
 139.721081,   35.611261,       14.87,
 139.725586,   35.611261,       15.15,
 139.730090,   35.611261,       16.19,
 139.734595,   35.611261,       17.60,
 139.739099,   35.611261,       19.04,
 139.743604,   35.611261,       19.83,
 139.748108,   35.611261,       19.36,
 139.752613,   35.611261,       18.72,
 139.757117,   35.611261,       18.45,
 139.761622,   35.611261,       18.82,
 139.766126,   35.611261,       19.23,
 139.770631,   35.611261,       19.97,
 139.775135,   35.611261,       20.86,
 139.779640,   35.611261,       21.75,
 139.784144,   35.611261,       22.70,
 139.788649,   35.611261,       23.50,
 139.793153,   35.611261,       24.22,
 139.797658,   35.611261,       24.92,
 139.802162,   35.611261,       25.63,
 139.806667,   35.611261,       26.29,
 139.811171,   35.611261,       26.95,
 139.815676,   35.611261,       27.50,
 139.820180,   35.611261,       28.08,
 139.824685,   35.611261,       28.67,
 139.829189,   35.611261,       29.35,
 139.833694,   35.611261,       30.22,
 139.838198,   35.611261,       31.10,
 139.842703,   35.611261,       32.09,
 139.847207,   35.611261,       33.13,
 139.851712,   35.611261,       34.16,
 139.856216,   35.611261,       35.21,
 139.860721,   35.611261,       36.19,
 139.865225,   35.611261,       37.05,
 139.869730,   35.611261,       37.90,
 139.874234,   35.611261,       38.60,
 139.878739,   35.611261,       39.23,
 139.883243,   35.611261,       39.88,
 139.887748,   35.611261,       40.47,
 139.892252,   35.611261,       41.05,
 139.896757,   35.611261,       41.65,
 139.901261,   35.611261,       42.31,
 139.905766,   35.611261,       42.91,
 139.910270,   35.611261,       43.54,
 139.914775,   35.611261,       44.23,
 139.919279,   35.611261,       44.85,
 139.923784,   35.611261,       45.40,
 139.928288,   35.611261,       45.91,
 139.932793,   35.611261,       46.35,
 139.937297,   35.611261,       46.72,
 139.941802,   35.611261,       47.01,
 139.946306,   35.611261,       47.24,
 139.950811,   35.611261,       47.38,
 139.955315,   35.611261,       47.47,
 139.959820,   35.611261,       47.57,
 139.964324,   35.611261,       47.68,
 139.968829,   35.611261,       47.74,
 139.973333,   35.611261,       47.81,
 139.977838,   35.611261,       47.94,
 139.982342,   35.611261,       48.00,
 139.986847,   35.611261,       48.04,
 139.991351,   35.611261,       48.07,
 139.995856,   35.611261,       48.12,
 140.000360,   35.611261,       48.17,
 140.004865,   35.611261,       48.22,
 140.009369,   35.611261,       48.28,
 140.013874,   35.611261,       48.41,
 140.018378,   35.611261,       48.55,
 140.022883,   35.611261,       48.71,
 140.027387,   35.611261,       48.89,
 140.031892,   35.611261,       49.09,
 140.036396,   35.611261,       49.32,
 140.040901,   35.611261,       49.59,
 140.045405,   35.611261,       49.87,
 140.049910,   35.611261,       50.13,
 140.054414,   35.611261,       50.39,
 140.058919,   35.611261,       50.69,
 140.063423,   35.611261,       51.01,
 140.067928,   35.611261,       51.33,
 140.072432,   35.611261,       51.63,
 140.076937,   35.611261,       51.89,
 140.081441,   35.611261,       52.13,
 140.085946,   35.611261,       52.36,
 140.090450,   35.611261,       52.52,
 140.094955,   35.611261,       52.67,
 140.099459,   35.611261,       52.82,
 140.103964,   35.611261,       52.96,
 140.108468,   35.611261,       53.10,
 140.112973,   35.611261,       53.24,
 140.117477,   35.611261,       53.38,
 140.121982,   35.611261,       53.51,
 140.126486,   35.611261,       53.64,
 140.130991,   35.611261,       53.76,
 140.135495,   35.611261,       53.88,
 140.140000,   35.611261,       54.00,
 140.144505,   35.611261,       54.14,
 140.149009,   35.611261,       54.17,
 140.153514,   35.611261,       54.17,
 140.158018,   35.611261,       54.17,
 140.162523,   35.611261,       54.16,
 140.167027,   35.611261,       54.16,
 140.171532,   35.611261,       54.16,
 140.176036,   35.611261,       54.15,
 140.180541,   35.611261,       54.14,
 140.185045,   35.611261,       54.14,
 140.189550,   35.611261,       54.13,
 140.194054,   35.611261,       54.12,
 140.198559,   35.611261,       54.12,
 140.203063,   35.611261,       54.11,
 140.207568,   35.611261,       54.10,
 140.212072,   35.611261,       54.09,
 140.216577,   35.611261,       54.08,
 140.221081,   35.611261,       54.06,
 140.225586,   35.611261,       54.05,
 140.230090,   35.611261,       54.04,
 140.234595,   35.611261,       54.03,
 140.239099,   35.611261,       54.01,
 140.243604,   35.611261,       54.00,
 140.248108,   35.611261,       53.98,
 140.252613,   35.611261,       53.96,
 140.257117,   35.611261,       53.95,
 140.261622,   35.611261,       53.93,
 140.266126,   35.611261,       53.91,
 140.270631,   35.611261,       53.89,
 140.275135,   35.611261,       53.87,
 140.279640,   35.611261,       53.85,
 140.284144,   35.611261,       53.83,
 140.288649,   35.611261,       53.81,
 140.293153,   35.611261,       53.79,
 140.297658,   35.611261,       53.76,
 140.302162,   35.611261,       53.74,
 140.306667,   35.611261,       53.72,
 140.311171,   35.611261,       53.69,
 140.315676,   35.611261,       53.67,
 140.320180,   35.611261,       53.64,
 140.324685,   35.611261,       53.61,
 140.329189,   35.611261,       53.58,
 140.333694,   35.611261,       53.56,
 140.338198,   35.611261,       53.53,
 140.342703,   35.611261,       53.50,
 140.347207,   35.611261,       53.47,
 140.351712,   35.611261,       53.44,
 140.356216,   35.611261,       53.40,
 140.360721,   35.611261,       53.37,
 140.365225,   35.611261,       53.34,
 140.369730,   35.611261,       53.30,
 140.374234,   35.611261,       53.27,
 140.378739,   35.611261,       53.24,
 140.383243,   35.611261,       53.20,
 140.387748,   35.611261,       53.16,
 139.140000,   35.615766,      -32.46,
 139.144505,   35.615766,      -34.38,
 139.149009,   35.615766,      -36.26,
 139.153514,   35.615766,      -38.11,
 139.158018,   35.615766,      -39.92,
 139.162523,   35.615766,      -41.69,
 139.167027,   35.615766,      -43.42,
 139.171532,   35.615766,      -45.12,
 139.176036,   35.615766,      -46.77,
 139.180541,   35.615766,      -48.40,
 139.185045,   35.615766,      -49.98,
 139.189550,   35.615766,      -51.53,
 139.194054,   35.615766,      -53.04,
 139.198559,   35.615766,      -54.51,
 139.203063,   35.615766,      -55.95,
 139.207568,   35.615766,      -57.35,
 139.212072,   35.615766,      -58.71,
 139.216577,   35.615766,      -60.04,
 139.221081,   35.615766,      -61.33,
 139.225586,   35.615766,      -62.58,
 139.230090,   35.615766,      -63.79,
 139.234595,   35.615766,      -64.97,
 139.239099,   35.615766,      -66.11,
 139.243604,   35.615766,      -67.21,
 139.248108,   35.615766,      -68.28,
 139.252613,   35.615766,      -69.30,
 139.257117,   35.615766,      -70.30,
 139.261622,   35.615766,      -71.25,
 139.266126,   35.615766,      -72.17,
 139.270631,   35.615766,      -73.05,
 139.275135,   35.615766,      -73.89,
 139.279640,   35.615766,      -74.70,
 139.284144,   35.615766,      -75.47,
 139.288649,   35.615766,      -76.20,
 139.293153,   35.615766,      -76.89,
 139.297658,   35.615766,      -77.55,
 139.302162,   35.615766,      -78.17,
 139.306667,   35.615766,      -78.75,
 139.311171,   35.615766,      -79.30,
 139.315676,   35.615766,      -79.81,
 139.320180,   35.615766,      -80.28,
 139.324685,   35.615766,      -80.72,
 139.329189,   35.615766,      -81.11,
 139.333694,   35.615766,      -81.48,
 139.338198,   35.615766,      -81.80,
 139.342703,   35.615766,      -82.09,
 139.347207,   35.615766,      -82.34,
 139.351712,   35.615766,      -82.55,
 139.356216,   35.615766,      -82.72,
 139.360721,   35.615766,      -82.86,
 139.365225,   35.615766,      -82.96,
 139.369730,   35.615766,      -83.03,
 139.374234,   35.615766,      -83.05,
 139.378739,   35.615766,      -83.04,
 139.383243,   35.615766,      -83.00,
 139.387748,   35.615766,      -82.91,
 139.392252,   35.615766,      -82.79,
 139.396757,   35.615766,      -82.63,
 139.401261,   35.615766,      -82.44,
 139.405766,   35.615766,      -82.20,
 139.410270,   35.615766,      -81.93,
 139.414775,   35.615766,      -81.63,
 139.419279,   35.615766,      -81.28,
 139.423784,   35.615766,      -80.90,
 139.428288,   35.615766,      -80.48,
 139.432793,   35.615766,      -80.03,
 139.437297,   35.615766,      -79.54,
 139.441802,   35.615766,      -79.01,
 139.446306,   35.615766,      -78.44,
 139.450811,   35.615766,      -77.84,
 139.455315,   35.615766,      -77.20,
 139.459820,   35.615766,      -76.52,
 139.464324,   35.615766,      -75.80,
 139.468829,   35.615766,      -75.05,
 139.473333,   35.615766,      -74.26,
 139.477838,   35.615766,      -73.44,
 139.482342,   35.615766,      -72.57,
 139.486847,   35.615766,      -71.67,
 139.491351,   35.615766,      -70.73,
 139.495856,   35.615766,      -69.76,
 139.500360,   35.615766,      -68.75,
 139.504865,   35.615766,      -67.70,
 139.509369,   35.615766,      -66.61,
 139.513874,   35.615766,      -65.49,
 139.518378,   35.615766,      -64.33,
 139.522883,   35.615766,      -63.13,
 139.527387,   35.615766,      -61.90,
 139.531892,   35.615766,      -60.63,
 139.536396,   35.615766,      -59.32,
 139.540901,   35.615766,      -57.97,
 139.545405,   35.615766,      -56.59,
 139.549910,   35.615766,      -55.17,
 139.554414,   35.615766,      -53.71,
 139.558919,   35.615766,      -52.22,
 139.563423,   35.615766,      -50.69,
 139.567928,   35.615766,      -49.12,
 139.572432,   35.615766,      -47.52,
 139.576937,   35.615766,      -45.87,
 139.581441,   35.615766,      -44.19,
 139.585946,   35.615766,      -42.48,
 139.590450,   35.615766,      -40.72,
 139.594955,   35.615766,      -38.93,
 139.599459,   35.615766,      -37.11,
 139.603964,   35.615766,      -35.24,
 139.608468,   35.615766,      -33.34,
 139.612973,   35.615766,      -31.40,
 139.617477,   35.615766,      -29.42,
 139.621982,   35.615766,      -27.41,
 139.626486,   35.615766,      -25.36,
 139.630991,   35.615766,      -23.27,
 139.635495,   35.615766,      -21.15,
 139.640000,   35.615766,      -18.99,
 139.644505,   35.615766,      -16.79,
 139.649009,   35.615766,      -14.55,
 139.653514,   35.615766,      -12.28,
 139.658018,   35.615766,       -9.97,
 139.662523,   35.615766,       -7.62,
 139.667027,   35.615766,       -5.24,
 139.671532,   35.615766,       -2.82,
 139.676036,   35.615766,       -0.36,
 139.680541,   35.615766,        2.14,
 139.685045,   35.615766,        4.67,
 139.689550,   35.615766,        7.24,
 139.694054,   35.615766,        9.85,
 139.698559,   35.615766,       13.33,
 139.703063,   35.615766,       16.67,
 139.707568,   35.615766,       15.85,
 139.712072,   35.615766,       15.17,
 139.716577,   35.615766,       14.69,
 139.721081,   35.615766,       14.53,
 139.725586,   35.615766,       14.62,
 139.730090,   35.615766,       15.25,
 139.734595,   35.615766,       16.48,
 139.739099,   35.615766,       17.62,
 139.743604,   35.615766,       18.66,
 139.748108,   35.615766,       18.27,
 139.752613,   35.615766,       17.52,
 139.757117,   35.615766,       17.30,
 139.761622,   35.615766,       17.70,
 139.766126,   35.615766,       18.23,
 139.770631,   35.615766,       18.97,
 139.775135,   35.615766,       19.82,
 139.779640,   35.615766,       20.75,
 139.784144,   35.615766,       21.77,
 139.788649,   35.615766,       22.76,
 139.793153,   35.615766,       23.66,
 139.797658,   35.615766,       24.40,
 139.802162,   35.615766,       25.16,
 139.806667,   35.615766,       25.92,
 139.811171,   35.615766,       26.68,
 139.815676,   35.615766,       27.42,
 139.820180,   35.615766,       28.06,
 139.824685,   35.615766,       28.69,
 139.829189,   35.615766,       29.32,
 139.833694,   35.615766,       30.16,
 139.838198,   35.615766,       31.02,
 139.842703,   35.615766,       31.94,
 139.847207,   35.615766,       32.97,
 139.851712,   35.615766,       33.97,
 139.856216,   35.615766,       34.97,
 139.860721,   35.615766,       35.84,
 139.865225,   35.615766,       36.68,
 139.869730,   35.615766,       37.44,
 139.874234,   35.615766,       37.91,
 139.878739,   35.615766,       38.50,
 139.883243,   35.615766,       39.11,
 139.887748,   35.615766,       39.68,
 139.892252,   35.615766,       40.27,
 139.896757,   35.615766,       41.01,
 139.901261,   35.615766,       41.80,
 139.905766,   35.615766,       42.49,
 139.910270,   35.615766,       43.24,
 139.914775,   35.615766,       43.98,
 139.919279,   35.615766,       44.64,
 139.923784,   35.615766,       45.24,
 139.928288,   35.615766,       45.80,
 139.932793,   35.615766,       46.23,
 139.937297,   35.615766,       46.64,
 139.941802,   35.615766,       46.96,
 139.946306,   35.615766,       47.20,
 139.950811,   35.615766,       47.39,
 139.955315,   35.615766,       47.53,
 139.959820,   35.615766,       47.66,
 139.964324,   35.615766,       47.80,
 139.968829,   35.615766,       47.93,
 139.973333,   35.615766,       48.03,
 139.977838,   35.615766,       48.16,
 139.982342,   35.615766,       48.27,
 139.986847,   35.615766,       48.32,
 139.991351,   35.615766,       48.37,
 139.995856,   35.615766,       48.42,
 140.000360,   35.615766,       48.47,
 140.004865,   35.615766,       48.52,
 140.009369,   35.615766,       48.58,
 140.013874,   35.615766,       48.66,
 140.018378,   35.615766,       48.78,
 140.022883,   35.615766,       48.91,
 140.027387,   35.615766,       49.09,
 140.031892,   35.615766,       49.28,
 140.036396,   35.615766,       49.48,
 140.040901,   35.615766,       49.72,
 140.045405,   35.615766,       49.98,
 140.049910,   35.615766,       50.25,
 140.054414,   35.615766,       50.52,
 140.058919,   35.615766,       50.79,
 140.063423,   35.615766,       51.08,
 140.067928,   35.615766,       51.39,
 140.072432,   35.615766,       51.68,
 140.076937,   35.615766,       51.93,
 140.081441,   35.615766,       52.18,
 140.085946,   35.615766,       52.42,
 140.090450,   35.615766,       52.58,
 140.094955,   35.615766,       52.73,
 140.099459,   35.615766,       52.87,
 140.103964,   35.615766,       53.02,
 140.108468,   35.615766,       53.15,
 140.112973,   35.615766,       53.29,
 140.117477,   35.615766,       53.42,
 140.121982,   35.615766,       53.56,
 140.126486,   35.615766,       53.68,
 140.130991,   35.615766,       53.81,
 140.135495,   35.615766,       53.93,
 140.140000,   35.615766,       54.05,
 140.144505,   35.615766,       54.16,
 140.149009,   35.615766,       54.30,
 140.153514,   35.615766,       54.41,
 140.158018,   35.615766,       54.40,
 140.162523,   35.615766,       54.40,
 140.167027,   35.615766,       54.40,
 140.171532,   35.615766,       54.39,
 140.176036,   35.615766,       54.39,
 140.180541,   35.615766,       54.38,
 140.185045,   35.615766,       54.38,
 140.189550,   35.615766,       54.37,
 140.194054,   35.615766,       54.36,
 140.198559,   35.615766,       54.36,
 140.203063,   35.615766,       54.35,
 140.207568,   35.615766,       54.34,
 140.212072,   35.615766,       54.33,
 140.216577,   35.615766,       54.32,
 140.221081,   35.615766,       54.31,
 140.225586,   35.615766,       54.29,
 140.230090,   35.615766,       54.28,
 140.234595,   35.615766,       54.27,
 140.239099,   35.615766,       54.25,
 140.243604,   35.615766,       54.24,
 140.248108,   35.615766,       54.22,
 140.252613,   35.615766,       54.21,
 140.257117,   35.615766,       54.19,
 140.261622,   35.615766,       54.17,
 140.266126,   35.615766,       54.16,
 140.270631,   35.615766,       54.14,
 140.275135,   35.615766,       54.12,
 140.279640,   35.615766,       54.10,
 140.284144,   35.615766,       54.08,
 140.288649,   35.615766,       54.06,
 140.293153,   35.615766,       54.03,
 140.297658,   35.615766,       54.01,
 140.302162,   35.615766,       53.99,
 140.306667,   35.615766,       53.96,
 140.311171,   35.615766,       53.94,
 140.315676,   35.615766,       53.91,
 140.320180,   35.615766,       53.89,
 140.324685,   35.615766,       53.86,
 140.329189,   35.615766,       53.83,
 140.333694,   35.615766,       53.81,
 140.338198,   35.615766,       53.78,
 140.342703,   35.615766,       53.75,
 140.347207,   35.615766,       53.72,
 140.351712,   35.615766,       53.69,
 140.356216,   35.615766,       53.65,
 140.360721,   35.615766,       53.62,
 140.365225,   35.615766,       53.59,
 140.369730,   35.615766,       53.56,
 140.374234,   35.615766,       53.52,
 140.378739,   35.615766,       53.49,
 140.383243,   35.615766,       53.45,
 140.387748,   35.615766,       53.42,
 139.140000,   35.620270,      -35.32,
 139.144505,   35.620270,      -37.25,
 139.149009,   35.620270,      -39.15,
 139.153514,   35.620270,      -41.01,
 139.158018,   35.620270,      -42.83,
 139.162523,   35.620270,      -44.61,
 139.167027,   35.620270,      -46.36,
 139.171532,   35.620270,      -48.07,
 139.176036,   35.620270,      -49.75,
 139.180541,   35.620270,      -51.38,
 139.185045,   35.620270,      -52.98,
 139.189550,   35.620270,      -54.55,
 139.194054,   35.620270,      -56.07,
 139.198559,   35.620270,      -57.56,
 139.203063,   35.620270,      -59.01,
 139.207568,   35.620270,      -60.43,
 139.212072,   35.620270,      -61.80,
 139.216577,   35.620270,      -63.14,
 139.221081,   35.620270,      -64.45,
 139.225586,   35.620270,      -65.71,
 139.230090,   35.620270,      -66.94,
 139.234595,   35.620270,      -68.13,
 139.239099,   35.620270,      -69.29,
 139.243604,   35.620270,      -70.40,
 139.248108,   35.620270,      -71.48,
 139.252613,   35.620270,      -72.53,
 139.257117,   35.620270,      -73.53,
 139.261622,   35.620270,      -74.50,
 139.266126,   35.620270,      -75.43,
 139.270631,   35.620270,      -76.33,
 139.275135,   35.620270,      -77.19,
 139.279640,   35.620270,      -78.01,
 139.284144,   35.620270,      -78.79,
 139.288649,   35.620270,      -79.54,
 139.293153,   35.620270,      -80.25,
 139.297658,   35.620270,      -80.92,
 139.302162,   35.620270,      -81.55,
 139.306667,   35.620270,      -82.15,
 139.311171,   35.620270,      -82.71,
 139.315676,   35.620270,      -83.24,
 139.320180,   35.620270,      -83.72,
 139.324685,   35.620270,      -84.17,
 139.329189,   35.620270,      -84.59,
 139.333694,   35.620270,      -84.96,
 139.338198,   35.620270,      -85.30,
 139.342703,   35.620270,      -85.60,
 139.347207,   35.620270,      -85.87,
 139.351712,   35.620270,      -86.09,
 139.356216,   35.620270,      -86.28,
 139.360721,   35.620270,      -86.44,
 139.365225,   35.620270,      -86.55,
 139.369730,   35.620270,      -86.63,
 139.374234,   35.620270,      -86.67,
 139.378739,   35.620270,      -86.68,
 139.383243,   35.620270,      -86.64,
 139.387748,   35.620270,      -86.58,
 139.392252,   35.620270,      -86.47,
 139.396757,   35.620270,      -86.32,
 139.401261,   35.620270,      -86.14,
 139.405766,   35.620270,      -85.93,
 139.410270,   35.620270,      -85.67,
 139.414775,   35.620270,      -85.38,
 139.419279,   35.620270,      -85.05,
 139.423784,   35.620270,      -84.68,
 139.428288,   35.620270,      -84.28,
 139.432793,   35.620270,      -83.84,
 139.437297,   35.620270,      -83.36,
 139.441802,   35.620270,      -82.85,
 139.446306,   35.620270,      -82.29,
 139.450811,   35.620270,      -81.71,
 139.455315,   35.620270,      -81.08,
 139.459820,   35.620270,      -80.42,
 139.464324,   35.620270,      -79.72,
 139.468829,   35.620270,      -78.98,
 139.473333,   35.620270,      -78.20,
 139.477838,   35.620270,      -77.39,
 139.482342,   35.620270,      -76.54,
 139.486847,   35.620270,      -75.66,
 139.491351,   35.620270,      -74.74,
 139.495856,   35.620270,      -73.78,
 139.500360,   35.620270,      -72.78,
 139.504865,   35.620270,      -71.74,
 139.509369,   35.620270,      -70.67,
 139.513874,   35.620270,      -69.57,
 139.518378,   35.620270,      -68.42,
 139.522883,   35.620270,      -67.24,
 139.527387,   35.620270,      -66.02,
 139.531892,   35.620270,      -64.76,
 139.536396,   35.620270,      -63.47,
 139.540901,   35.620270,      -62.14,
 139.545405,   35.620270,      -60.77,
 139.549910,   35.620270,      -59.36,
 139.554414,   35.620270,      -57.92,
 139.558919,   35.620270,      -56.44,
 139.563423,   35.620270,      -54.93,
 139.567928,   35.620270,      -53.37,
 139.572432,   35.620270,      -51.78,
 139.576937,   35.620270,      -50.15,
 139.581441,   35.620270,      -48.49,
 139.585946,   35.620270,      -46.79,
 139.590450,   35.620270,      -45.05,
 139.594955,   35.620270,      -43.27,
 139.599459,   35.620270,      -41.46,
 139.603964,   35.620270,      -39.61,
 139.608468,   35.620270,      -37.72,
 139.612973,   35.620270,      -35.80,
 139.617477,   35.620270,      -33.84,
 139.621982,   35.620270,      -31.84,
 139.626486,   35.620270,      -29.80,
 139.630991,   35.620270,      -27.73,
 139.635495,   35.620270,      -25.62,
 139.640000,   35.620270,      -23.47,
 139.644505,   35.620270,      -21.29,
 139.649009,   35.620270,      -19.07,
 139.653514,   35.620270,      -16.81,
 139.658018,   35.620270,      -14.51,
 139.662523,   35.620270,      -12.18,
 139.667027,   35.620270,       -9.81,
 139.671532,   35.620270,       -7.41,
 139.676036,   35.620270,       -4.96,
 139.680541,   35.620270,       -2.48,
 139.685045,   35.620270,        0.04,
 139.689550,   35.620270,        2.59,
 139.694054,   35.620270,        5.18,
 139.698559,   35.620270,        7.81,
 139.703063,   35.620270,       10.89,
 139.707568,   35.620270,       15.04,
 139.712072,   35.620270,       15.51,
 139.716577,   35.620270,       14.81,
 139.721081,   35.620270,       14.34,
 139.725586,   35.620270,       14.22,
 139.730090,   35.620270,       14.41,
 139.734595,   35.620270,       15.40,
 139.739099,   35.620270,       16.23,
 139.743604,   35.620270,       17.11,
 139.748108,   35.620270,       16.89,
 139.752613,   35.620270,       16.47,
 139.757117,   35.620270,       16.34,
 139.761622,   35.620270,       16.62,
 139.766126,   35.620270,       17.29,
 139.770631,   35.620270,       18.03,
 139.775135,   35.620270,       18.80,
 139.779640,   35.620270,       19.75,
 139.784144,   35.620270,       20.79,
 139.788649,   35.620270,       21.83,
 139.793153,   35.620270,       22.89,
 139.797658,   35.620270,       23.86,
 139.802162,   35.620270,       24.67,
 139.806667,   35.620270,       25.44,
 139.811171,   35.620270,       26.24,
 139.815676,   35.620270,       27.05,
 139.820180,   35.620270,       27.83,
 139.824685,   35.620270,       28.58,
 139.829189,   35.620270,       29.29,
 139.833694,   35.620270,       30.13,
 139.838198,   35.620270,       30.99,
 139.842703,   35.620270,       31.88,
 139.847207,   35.620270,       32.85,
 139.851712,   35.620270,       33.83,
 139.856216,   35.620270,       34.71,
 139.860721,   35.620270,       35.53,
 139.865225,   35.620270,       36.32,
 139.869730,   35.620270,       36.66,
 139.874234,   35.620270,       36.99,
 139.878739,   35.620270,       37.50,
 139.883243,   35.620270,       38.06,
 139.887748,   35.620270,       38.66,
 139.892252,   35.620270,       39.28,
 139.896757,   35.620270,       40.26,
 139.901261,   35.620270,       41.22,
 139.905766,   35.620270,       42.15,
 139.910270,   35.620270,       43.00,
 139.914775,   35.620270,       43.82,
 139.919279,   35.620270,       44.51,
 139.923784,   35.620270,       45.11,
 139.928288,   35.620270,       45.71,
 139.932793,   35.620270,       46.18,
 139.937297,   35.620270,       46.57,
 139.941802,   35.620270,       46.92,
 139.946306,   35.620270,       47.19,
 139.950811,   35.620270,       47.41,
 139.955315,   35.620270,       47.60,
 139.959820,   35.620270,       47.76,
 139.964324,   35.620270,       47.89,
 139.968829,   35.620270,       48.04,
 139.973333,   35.620270,       48.18,
 139.977838,   35.620270,       48.30,
 139.982342,   35.620270,       48.41,
 139.986847,   35.620270,       48.52,
 139.991351,   35.620270,       48.62,
 139.995856,   35.620270,       48.70,
 140.000360,   35.620270,       48.76,
 140.004865,   35.620270,       48.81,
 140.009369,   35.620270,       48.87,
 140.013874,   35.620270,       48.95,
 140.018378,   35.620270,       49.02,
 140.022883,   35.620270,       49.10,
 140.027387,   35.620270,       49.29,
 140.031892,   35.620270,       49.48,
 140.036396,   35.620270,       49.67,
 140.040901,   35.620270,       49.86,
 140.045405,   35.620270,       50.13,
 140.049910,   35.620270,       50.42,
 140.054414,   35.620270,       50.68,
 140.058919,   35.620270,       50.93,
 140.063423,   35.620270,       51.18,
 140.067928,   35.620270,       51.46,
 140.072432,   35.620270,       51.73,
 140.076937,   35.620270,       51.98,
 140.081441,   35.620270,       52.23,
 140.085946,   35.620270,       52.47,
 140.090450,   35.620270,       52.64,
 140.094955,   35.620270,       52.79,
 140.099459,   35.620270,       52.94,
 140.103964,   35.620270,       53.08,
 140.108468,   35.620270,       53.22,
 140.112973,   35.620270,       53.34,
 140.117477,   35.620270,       53.47,
 140.121982,   35.620270,       53.61,
 140.126486,   35.620270,       53.74,
 140.130991,   35.620270,       53.86,
 140.135495,   35.620270,       53.98,
 140.140000,   35.620270,       54.10,
 140.144505,   35.620270,       54.22,
 140.149009,   35.620270,       54.33,
 140.153514,   35.620270,       54.45,
 140.158018,   35.620270,       54.60,
 140.162523,   35.620270,       54.64,
 140.167027,   35.620270,       54.64,
 140.171532,   35.620270,       54.63,
 140.176036,   35.620270,       54.63,
 140.180541,   35.620270,       54.62,
 140.185045,   35.620270,       54.62,
 140.189550,   35.620270,       54.61,
 140.194054,   35.620270,       54.60,
 140.198559,   35.620270,       54.60,
 140.203063,   35.620270,       54.59,
 140.207568,   35.620270,       54.58,
 140.212072,   35.620270,       54.57,
 140.216577,   35.620270,       54.56,
 140.221081,   35.620270,       54.55,
 140.225586,   35.620270,       54.54,
 140.230090,   35.620270,       54.52,
 140.234595,   35.620270,       54.51,
 140.239099,   35.620270,       54.50,
 140.243604,   35.620270,       54.48,
 140.248108,   35.620270,       54.47,
 140.252613,   35.620270,       54.45,
 140.257117,   35.620270,       54.44,
 140.261622,   35.620270,       54.42,
 140.266126,   35.620270,       54.40,
 140.270631,   35.620270,       54.38,
 140.275135,   35.620270,       54.36,
 140.279640,   35.620270,       54.34,
 140.284144,   35.620270,       54.32,
 140.288649,   35.620270,       54.30,
 140.293153,   35.620270,       54.28,
 140.297658,   35.620270,       54.26,
 140.302162,   35.620270,       54.24,
 140.306667,   35.620270,       54.21,
 140.311171,   35.620270,       54.19,
 140.315676,   35.620270,       54.16,
 140.320180,   35.620270,       54.14,
 140.324685,   35.620270,       54.11,
 140.329189,   35.620270,       54.08,
 140.333694,   35.620270,       54.06,
 140.338198,   35.620270,       54.03,
 140.342703,   35.620270,       54.00,
 140.347207,   35.620270,       53.97,
 140.351712,   35.620270,       53.94,
 140.356216,   35.620270,       53.91,
 140.360721,   35.620270,       53.87,
 140.365225,   35.620270,       53.84,
 140.369730,   35.620270,       53.81,
 140.374234,   35.620270,       53.78,
 140.378739,   35.620270,       53.74,
 140.383243,   35.620270,       53.71,
 140.387748,   35.620270,       53.67,
 139.140000,   35.624775,      -38.21,
 139.144505,   35.624775,      -40.16,
 139.149009,   35.624775,      -42.07,
 139.153514,   35.624775,      -43.94,
 139.158018,   35.624775,      -45.78,
 139.162523,   35.624775,      -47.58,
 139.167027,   35.624775,      -49.34,
 139.171532,   35.624775,      -51.07,
 139.176036,   35.624775,      -52.76,
 139.180541,   35.624775,      -54.41,
 139.185045,   35.624775,      -56.02,
 139.189550,   35.624775,      -57.60,
 139.194054,   35.624775,      -59.14,
 139.198559,   35.624775,      -60.64,
 139.203063,   35.624775,      -62.11,
 139.207568,   35.624775,      -63.54,
 139.212072,   35.624775,      -64.93,
 139.216577,   35.624775,      -66.28,
 139.221081,   35.624775,      -67.60,
 139.225586,   35.624775,      -68.88,
 139.230090,   35.624775,      -70.13,
 139.234595,   35.624775,      -71.33,
 139.239099,   35.624775,      -72.50,
 139.243604,   35.624775,      -73.63,
 139.248108,   35.624775,      -74.73,
 139.252613,   35.624775,      -75.79,
 139.257117,   35.624775,      -76.81,
 139.261622,   35.624775,      -77.79,
 139.266126,   35.624775,      -78.74,
 139.270631,   35.624775,      -79.65,
 139.275135,   35.624775,      -80.52,
 139.279640,   35.624775,      -81.36,
 139.284144,   35.624775,      -82.15,
 139.288649,   35.624775,      -82.92,
 139.293153,   35.624775,      -83.64,
 139.297658,   35.624775,      -84.33,
 139.302162,   35.624775,      -84.98,
 139.306667,   35.624775,      -85.59,
 139.311171,   35.624775,      -86.16,
 139.315676,   35.624775,      -86.70,
 139.320180,   35.624775,      -87.20,
 139.324685,   35.624775,      -87.67,
 139.329189,   35.624775,      -88.10,
 139.333694,   35.624775,      -88.49,
 139.338198,   35.624775,      -88.84,
 139.342703,   35.624775,      -89.16,
 139.347207,   35.624775,      -89.43,
 139.351712,   35.624775,      -89.68,
 139.356216,   35.624775,      -89.88,
 139.360721,   35.624775,      -90.05,
 139.365225,   35.624775,      -90.18,
 139.369730,   35.624775,      -90.27,
 139.374234,   35.624775,      -90.33,
 139.378739,   35.624775,      -90.35,
 139.383243,   35.624775,      -90.33,
 139.387748,   35.624775,      -90.28,
 139.392252,   35.624775,      -90.18,
 139.396757,   35.624775,      -90.05,
 139.401261,   35.624775,      -89.89,
 139.405766,   35.624775,      -89.69,
 139.410270,   35.624775,      -89.44,
 139.414775,   35.624775,      -89.17,
 139.419279,   35.624775,      -88.85,
 139.423784,   35.624775,      -88.50,
 139.428288,   35.624775,      -88.11,
 139.432793,   35.624775,      -87.69,
 139.437297,   35.624775,      -87.22,
 139.441802,   35.624775,      -86.72,
 139.446306,   35.624775,      -86.19,
 139.450811,   35.624775,      -85.61,
 139.455315,   35.624775,      -85.00,
 139.459820,   35.624775,      -84.35,
 139.464324,   35.624775,      -83.67,
 139.468829,   35.624775,      -82.94,
 139.473333,   35.624775,      -82.18,
 139.477838,   35.624775,      -81.39,
 139.482342,   35.624775,      -80.55,
 139.486847,   35.624775,      -79.68,
 139.491351,   35.624775,      -78.77,
 139.495856,   35.624775,      -77.83,
 139.500360,   35.624775,      -76.85,
 139.504865,   35.624775,      -75.83,
 139.509369,   35.624775,      -74.77,
 139.513874,   35.624775,      -73.68,
 139.518378,   35.624775,      -72.55,
 139.522883,   35.624775,      -71.38,
 139.527387,   35.624775,      -70.17,
 139.531892,   35.624775,      -68.93,
 139.536396,   35.624775,      -67.65,
 139.540901,   35.624775,      -66.34,
 139.545405,   35.624775,      -64.98,
 139.549910,   35.624775,      -63.59,
 139.554414,   35.624775,      -62.17,
 139.558919,   35.624775,      -60.70,
 139.563423,   35.624775,      -59.20,
 139.567928,   35.624775,      -57.66,
 139.572432,   35.624775,      -56.09,
 139.576937,   35.624775,      -54.47,
 139.581441,   35.624775,      -52.82,
 139.585946,   35.624775,      -51.14,
 139.590450,   35.624775,      -49.41,
 139.594955,   35.624775,      -47.65,
 139.599459,   35.624775,      -45.85,
 139.603964,   35.624775,      -44.02,
 139.608468,   35.624775,      -42.14,
 139.612973,   35.624775,      -40.23,
 139.617477,   35.624775,      -38.29,
 139.621982,   35.624775,      -36.30,
 139.626486,   35.624775,      -34.28,
 139.630991,   35.624775,      -32.22,
 139.635495,   35.624775,      -30.13,
 139.640000,   35.624775,      -28.00,
 139.644505,   35.624775,      -25.83,
 139.649009,   35.624775,      -23.62,
 139.653514,   35.624775,      -21.38,
 139.658018,   35.624775,      -19.10,
 139.662523,   35.624775,      -16.78,
 139.667027,   35.624775,      -14.42,
 139.671532,   35.624775,      -12.03,
 139.676036,   35.624775,       -9.60,
 139.680541,   35.624775,       -7.14,
 139.685045,   35.624775,       -4.63,
 139.689550,   35.624775,       -2.09,
 139.694054,   35.624775,        0.48,
 139.698559,   35.624775,        3.10,
 139.703063,   35.624775,        5.75,
 139.707568,   35.624775,        8.44,
 139.712072,   35.624775,       12.57,
 139.716577,   35.624775,       15.17,
 139.721081,   35.624775,       14.44,
 139.725586,   35.624775,       13.98,
 139.730090,   35.624775,       13.89,
 139.734595,   35.624775,       14.40,
 139.739099,   35.624775,       14.86,
 139.743604,   35.624775,       15.36,
 139.748108,   35.624775,       15.59,
 139.752613,   35.624775,       15.41,
 139.757117,   35.624775,       15.41,
 139.761622,   35.624775,       15.67,
 139.766126,   35.624775,       16.35,
 139.770631,   35.624775,       17.10,
 139.775135,   35.624775,       17.88,
 139.779640,   35.624775,       18.78,
 139.784144,   35.624775,       19.78,
 139.788649,   35.624775,       20.82,
 139.793153,   35.624775,       21.92,
 139.797658,   35.624775,       23.05,
 139.802162,   35.624775,       24.07,
 139.806667,   35.624775,       24.98,
 139.811171,   35.624775,       25.79,
 139.815676,   35.624775,       26.66,
 139.820180,   35.624775,       27.51,
 139.824685,   35.624775,       28.37,
 139.829189,   35.624775,       29.22,
 139.833694,   35.624775,       30.05,
 139.838198,   35.624775,       30.92,
 139.842703,   35.624775,       31.82,
 139.847207,   35.624775,       32.77,
 139.851712,   35.624775,       33.67,
 139.856216,   35.624775,       34.46,
 139.860721,   35.624775,       35.26,
 139.865225,   35.624775,       35.77,
 139.869730,   35.624775,       35.82,
 139.874234,   35.624775,       36.01,
 139.878739,   35.624775,       36.37,
 139.883243,   35.624775,       36.64,
 139.887748,   35.624775,       37.12,
 139.892252,   35.624775,       38.15,
 139.896757,   35.624775,       39.61,
 139.901261,   35.624775,       40.77,
 139.905766,   35.624775,       41.78,
 139.910270,   35.624775,       42.72,
 139.914775,   35.624775,       43.64,
 139.919279,   35.624775,       44.39,
 139.923784,   35.624775,       45.04,
 139.928288,   35.624775,       45.67,
 139.932793,   35.624775,       46.21,
 139.937297,   35.624775,       46.60,
 139.941802,   35.624775,       46.94,
 139.946306,   35.624775,       47.23,
 139.950811,   35.624775,       47.47,
 139.955315,   35.624775,       47.66,
 139.959820,   35.624775,       47.84,
 139.964324,   35.624775,       47.99,
 139.968829,   35.624775,       48.15,
 139.973333,   35.624775,       48.30,
 139.977838,   35.624775,       48.44,
 139.982342,   35.624775,       48.57,
 139.986847,   35.624775,       48.69,
 139.991351,   35.624775,       48.81,
 139.995856,   35.624775,       48.92,
 140.000360,   35.624775,       49.01,
 140.004865,   35.624775,       49.09,
 140.009369,   35.624775,       49.16,
 140.013874,   35.624775,       49.24,
 140.018378,   35.624775,       49.32,
 140.022883,   35.624775,       49.40,
 140.027387,   35.624775,       49.54,
 140.031892,   35.624775,       49.73,
 140.036396,   35.624775,       49.92,
 140.040901,   35.624775,       50.11,
 140.045405,   35.624775,       50.35,
 140.049910,   35.624775,       50.63,
 140.054414,   35.624775,       50.90,
 140.058919,   35.624775,       51.14,
 140.063423,   35.624775,       51.35,
 140.067928,   35.624775,       51.57,
 140.072432,   35.624775,       51.84,
 140.076937,   35.624775,       52.09,
 140.081441,   35.624775,       52.31,
 140.085946,   35.624775,       52.53,
 140.090450,   35.624775,       52.72,
 140.094955,   35.624775,       52.87,
 140.099459,   35.624775,       53.01,
 140.103964,   35.624775,       53.15,
 140.108468,   35.624775,       53.29,
 140.112973,   35.624775,       53.41,
 140.117477,   35.624775,       53.53,
 140.121982,   35.624775,       53.66,
 140.126486,   35.624775,       53.79,
 140.130991,   35.624775,       53.92,
 140.135495,   35.624775,       54.04,
 140.140000,   35.624775,       54.16,
 140.144505,   35.624775,       54.27,
 140.149009,   35.624775,       54.39,
 140.153514,   35.624775,       54.49,
 140.158018,   35.624775,       54.61,
 140.162523,   35.624775,       54.75,
 140.167027,   35.624775,       54.88,
 140.171532,   35.624775,       54.87,
 140.176036,   35.624775,       54.87,
 140.180541,   35.624775,       54.86,
 140.185045,   35.624775,       54.86,
 140.189550,   35.624775,       54.85,
 140.194054,   35.624775,       54.85,
 140.198559,   35.624775,       54.84,
 140.203063,   35.624775,       54.83,
 140.207568,   35.624775,       54.82,
 140.212072,   35.624775,       54.81,
 140.216577,   35.624775,       54.80,
 140.221081,   35.624775,       54.79,
 140.225586,   35.624775,       54.78,
 140.230090,   35.624775,       54.77,
 140.234595,   35.624775,       54.76,
 140.239099,   35.624775,       54.74,
 140.243604,   35.624775,       54.73,
 140.248108,   35.624775,       54.71,
 140.252613,   35.624775,       54.70,
 140.257117,   35.624775,       54.68,
 140.261622,   35.624775,       54.66,
 140.266126,   35.624775,       54.65,
 140.270631,   35.624775,       54.63,
 140.275135,   35.624775,       54.61,
 140.279640,   35.624775,       54.59,
 140.284144,   35.624775,       54.57,
 140.288649,   35.624775,       54.55,
 140.293153,   35.624775,       54.53,
 140.297658,   35.624775,       54.51,
 140.302162,   35.624775,       54.48,
 140.306667,   35.624775,       54.46,
 140.311171,   35.624775,       54.44,
 140.315676,   35.624775,       54.41,
 140.320180,   35.624775,       54.39,
 140.324685,   35.624775,       54.36,
 140.329189,   35.624775,       54.33,
 140.333694,   35.624775,       54.31,
 140.338198,   35.624775,       54.28,
 140.342703,   35.624775,       54.25,
 140.347207,   35.624775,       54.22,
 140.351712,   35.624775,       54.19,
 140.356216,   35.624775,       54.16,
 140.360721,   35.624775,       54.13,
 140.365225,   35.624775,       54.09,
 140.369730,   35.624775,       54.06,
 140.374234,   35.624775,       54.03,
 140.378739,   35.624775,       53.99,
 140.383243,   35.624775,       53.96,
 140.387748,   35.624775,       53.92,
 139.140000,   35.629279,      -41.14,
 139.144505,   35.629279,      -43.10,
 139.149009,   35.629279,      -45.03,
 139.153514,   35.629279,      -46.92,
 139.158018,   35.629279,      -48.77,
 139.162523,   35.629279,      -50.58,
 139.167027,   35.629279,      -52.36,
 139.171532,   35.629279,      -54.10,
 139.176036,   35.629279,      -55.80,
 139.180541,   35.629279,      -57.47,
 139.185045,   35.629279,      -59.10,
 139.189550,   35.629279,      -60.69,
 139.194054,   35.629279,      -62.25,
 139.198559,   35.629279,      -63.76,
 139.203063,   35.629279,      -65.24,
 139.207568,   35.629279,      -66.69,
 139.212072,   35.629279,      -68.09,
 139.216577,   35.629279,      -69.46,
 139.221081,   35.629279,      -70.80,
 139.225586,   35.629279,      -72.09,
 139.230090,   35.629279,      -73.35,
 139.234595,   35.629279,      -74.57,
 139.239099,   35.629279,      -75.75,
 139.243604,   35.629279,      -76.90,
 139.248108,   35.629279,      -78.01,
 139.252613,   35.629279,      -79.08,
 139.257117,   35.629279,      -80.12,
 139.261622,   35.629279,      -81.12,
 139.266126,   35.629279,      -82.08,
 139.270631,   35.629279,      -83.00,
 139.275135,   35.629279,      -83.89,
 139.279640,   35.629279,      -84.74,
 139.284144,   35.629279,      -85.55,
 139.288649,   35.629279,      -86.33,
 139.293153,   35.629279,      -87.07,
 139.297658,   35.629279,      -87.77,
 139.302162,   35.629279,      -88.43,
 139.306667,   35.629279,      -89.06,
 139.311171,   35.629279,      -89.65,
 139.315676,   35.629279,      -90.21,
 139.320180,   35.629279,      -90.72,
 139.324685,   35.629279,      -91.20,
 139.329189,   35.629279,      -91.64,
 139.333694,   35.629279,      -92.05,
 139.338198,   35.629279,      -92.42,
 139.342703,   35.629279,      -92.75,
 139.347207,   35.629279,      -93.04,
 139.351712,   35.629279,      -93.30,
 139.356216,   35.629279,      -93.52,
 139.360721,   35.629279,      -93.70,
 139.365225,   35.629279,      -93.84,
 139.369730,   35.629279,      -93.95,
 139.374234,   35.629279,      -94.02,
 139.378739,   35.629279,      -94.06,
 139.383243,   35.629279,      -94.05,
 139.387748,   35.629279,      -94.01,
 139.392252,   35.629279,      -93.94,
 139.396757,   35.629279,      -93.82,
 139.401261,   35.629279,      -93.67,
 139.405766,   35.629279,      -93.48,
 139.410270,   35.629279,      -93.26,
 139.414775,   35.629279,      -92.99,
 139.419279,   35.629279,      -92.69,
 139.423784,   35.629279,      -92.36,
 139.428288,   35.629279,      -91.98,
 139.432793,   35.629279,      -91.57,
 139.437297,   35.629279,      -91.12,
 139.441802,   35.629279,      -90.64,
 139.446306,   35.629279,      -90.12,
 139.450811,   35.629279,      -89.56,
 139.455315,   35.629279,      -88.96,
 139.459820,   35.629279,      -88.33,
 139.464324,   35.629279,      -87.65,
 139.468829,   35.629279,      -86.95,
 139.473333,   35.629279,      -86.20,
 139.477838,   35.629279,      -85.42,
 139.482342,   35.629279,      -84.60,
 139.486847,   35.629279,      -83.74,
 139.491351,   35.629279,      -82.85,
 139.495856,   35.629279,      -81.92,
 139.500360,   35.629279,      -80.95,
 139.504865,   35.629279,      -79.95,
 139.509369,   35.629279,      -78.91,
 139.513874,   35.629279,      -77.83,
 139.518378,   35.629279,      -76.71,
 139.522883,   35.629279,      -75.56,
 139.527387,   35.629279,      -74.37,
 139.531892,   35.629279,      -73.14,
 139.536396,   35.629279,      -71.88,
 139.540901,   35.629279,      -70.57,
 139.545405,   35.629279,      -69.24,
 139.549910,   35.629279,      -67.86,
 139.554414,   35.629279,      -66.45,
 139.558919,   35.629279,      -65.00,
 139.563423,   35.629279,      -63.51,
 139.567928,   35.629279,      -61.99,
 139.572432,   35.629279,      -60.43,
 139.576937,   35.629279,      -58.83,
 139.581441,   35.629279,      -57.19,
 139.585946,   35.629279,      -55.52,
 139.590450,   35.629279,      -53.81,
 139.594955,   35.629279,      -52.06,
 139.599459,   35.629279,      -50.28,
 139.603964,   35.629279,      -48.46,
 139.608468,   35.629279,      -46.60,
 139.612973,   35.629279,      -44.71,
 139.617477,   35.629279,      -42.77,
 139.621982,   35.629279,      -40.81,
 139.626486,   35.629279,      -38.80,
 139.630991,   35.629279,      -36.76,
 139.635495,   35.629279,      -34.68,
 139.640000,   35.629279,      -32.56,
 139.644505,   35.629279,      -30.40,
 139.649009,   35.629279,      -28.21,
 139.653514,   35.629279,      -25.98,
 139.658018,   35.629279,      -23.72,
 139.662523,   35.629279,      -21.41,
 139.667027,   35.629279,      -19.07,
 139.671532,   35.629279,      -16.70,
 139.676036,   35.629279,      -14.28,
 139.680541,   35.629279,      -11.83,
 139.685045,   35.629279,       -9.34,
 139.689550,   35.629279,       -6.82,
 139.694054,   35.629279,       -4.25,
 139.698559,   35.629279,       -1.65,
 139.703063,   35.629279,        0.98,
 139.707568,   35.629279,        3.66,
 139.712072,   35.629279,        6.37,
 139.716577,   35.629279,        9.86,
 139.721081,   35.629279,       14.81,
 139.725586,   35.629279,       14.07,
 139.730090,   35.629279,       13.60,
 139.734595,   35.629279,       13.57,
 139.739099,   35.629279,       13.86,
 139.743604,   35.629279,       14.14,
 139.748108,   35.629279,       14.26,
 139.752613,   35.629279,       14.28,
 139.757117,   35.629279,       14.56,
 139.761622,   35.629279,       14.93,
 139.766126,   35.629279,       15.42,
 139.770631,   35.629279,       16.18,
 139.775135,   35.629279,       17.01,
 139.779640,   35.629279,       17.86,
 139.784144,   35.629279,       18.78,
 139.788649,   35.629279,       19.81,
 139.793153,   35.629279,       20.93,
 139.797658,   35.629279,       22.08,
 139.802162,   35.629279,       23.24,
 139.806667,   35.629279,       24.41,
 139.811171,   35.629279,       25.37,
 139.815676,   35.629279,       26.27,
 139.820180,   35.629279,       27.15,
 139.824685,   35.629279,       28.03,
 139.829189,   35.629279,       28.98,
 139.833694,   35.629279,       29.90,
 139.838198,   35.629279,       30.79,
 139.842703,   35.629279,       31.71,
 139.847207,   35.629279,       32.68,
 139.851712,   35.629279,       33.48,
 139.856216,   35.629279,       34.21,
 139.860721,   35.629279,       34.91,
 139.865225,   35.629279,       34.77,
 139.869730,   35.629279,       34.68,
 139.874234,   35.629279,       33.98,
 139.878739,   35.629279,       33.17,
 139.883243,   35.629279,       34.08,
 139.887748,   35.629279,       34.87,
 139.892252,   35.629279,       36.41,
 139.896757,   35.629279,       38.63,
 139.901261,   35.629279,       40.38,
 139.905766,   35.629279,       41.49,
 139.910270,   35.629279,       42.54,
 139.914775,   35.629279,       43.56,
 139.919279,   35.629279,       44.36,
 139.923784,   35.629279,       45.01,
 139.928288,   35.629279,       45.65,
 139.932793,   35.629279,       46.26,
 139.937297,   35.629279,       46.64,
 139.941802,   35.629279,       46.96,
 139.946306,   35.629279,       47.27,
 139.950811,   35.629279,       47.55,
 139.955315,   35.629279,       47.74,
 139.959820,   35.629279,       47.93,
 139.964324,   35.629279,       48.11,
 139.968829,   35.629279,       48.27,
 139.973333,   35.629279,       48.42,
 139.977838,   35.629279,       48.58,
 139.982342,   35.629279,       48.73,
 139.986847,   35.629279,       48.88,
 139.991351,   35.629279,       49.00,
 139.995856,   35.629279,       49.12,
 140.000360,   35.629279,       49.24,
 140.004865,   35.629279,       49.35,
 140.009369,   35.629279,       49.45,
 140.013874,   35.629279,       49.53,
 140.018378,   35.629279,       49.61,
 140.022883,   35.629279,       49.70,
 140.027387,   35.629279,       49.82,
 140.031892,   35.629279,       50.01,
 140.036396,   35.629279,       50.21,
 140.040901,   35.629279,       50.42,
 140.045405,   35.629279,       50.65,
 140.049910,   35.629279,       50.90,
 140.054414,   35.629279,       51.15,
 140.058919,   35.629279,       51.39,
 140.063423,   35.629279,       51.61,
 140.067928,   35.629279,       51.82,
 140.072432,   35.629279,       52.04,
 140.076937,   35.629279,       52.26,
 140.081441,   35.629279,       52.46,
 140.085946,   35.629279,       52.63,
 140.090450,   35.629279,       52.79,
 140.094955,   35.629279,       52.94,
 140.099459,   35.629279,       53.09,
 140.103964,   35.629279,       53.23,
 140.108468,   35.629279,       53.37,
 140.112973,   35.629279,       53.49,
 140.117477,   35.629279,       53.61,
 140.121982,   35.629279,       53.72,
 140.126486,   35.629279,       53.85,
 140.130991,   35.629279,       53.98,
 140.135495,   35.629279,       54.10,
 140.140000,   35.629279,       54.22,
 140.144505,   35.629279,       54.34,
 140.149009,   35.629279,       54.45,
 140.153514,   35.629279,       54.56,
 140.158018,   35.629279,       54.66,
 140.162523,   35.629279,       54.77,
 140.167027,   35.629279,       54.91,
 140.171532,   35.629279,       55.05,
 140.176036,   35.629279,       55.11,
 140.180541,   35.629279,       55.10,
 140.185045,   35.629279,       55.10,
 140.189550,   35.629279,       55.09,
 140.194054,   35.629279,       55.09,
 140.198559,   35.629279,       55.08,
 140.203063,   35.629279,       55.07,
 140.207568,   35.629279,       55.06,
 140.212072,   35.629279,       55.06,
 140.216577,   35.629279,       55.05,
 140.221081,   35.629279,       55.04,
 140.225586,   35.629279,       55.02,
 140.230090,   35.629279,       55.01,
 140.234595,   35.629279,       55.00,
 140.239099,   35.629279,       54.99,
 140.243604,   35.629279,       54.97,
 140.248108,   35.629279,       54.96,
 140.252613,   35.629279,       54.94,
 140.257117,   35.629279,       54.93,
 140.261622,   35.629279,       54.91,
 140.266126,   35.629279,       54.89,
 140.270631,   35.629279,       54.88,
 140.275135,   35.629279,       54.86,
 140.279640,   35.629279,       54.84,
 140.284144,   35.629279,       54.82,
 140.288649,   35.629279,       54.80,
 140.293153,   35.629279,       54.78,
 140.297658,   35.629279,       54.76,
 140.302162,   35.629279,       54.73,
 140.306667,   35.629279,       54.71,
 140.311171,   35.629279,       54.69,
 140.315676,   35.629279,       54.66,
 140.320180,   35.629279,       54.64,
 140.324685,   35.629279,       54.61,
 140.329189,   35.629279,       54.58,
 140.333694,   35.629279,       54.56,
 140.338198,   35.629279,       54.53,
 140.342703,   35.629279,       54.50,
 140.347207,   35.629279,       54.47,
 140.351712,   35.629279,       54.44,
 140.356216,   35.629279,       54.41,
 140.360721,   35.629279,       54.38,
 140.365225,   35.629279,       54.35,
 140.369730,   35.629279,       54.32,
 140.374234,   35.629279,       54.28,
 140.378739,   35.629279,       54.25,
 140.383243,   35.629279,       54.21,
 140.387748,   35.629279,       54.18,
 139.140000,   35.633784,      -44.10,
 139.144505,   35.633784,      -46.08,
 139.149009,   35.633784,      -48.02,
 139.153514,   35.633784,      -49.93,
 139.158018,   35.633784,      -51.79,
 139.162523,   35.633784,      -53.62,
 139.167027,   35.633784,      -55.41,
 139.171532,   35.633784,      -57.17,
 139.176036,   35.633784,      -58.89,
 139.180541,   35.633784,      -60.57,
 139.185045,   35.633784,      -62.21,
 139.189550,   35.633784,      -63.82,
 139.194054,   35.633784,      -65.39,
 139.198559,   35.633784,      -66.92,
 139.203063,   35.633784,      -68.42,
 139.207568,   35.633784,      -69.87,
 139.212072,   35.633784,      -71.30,
 139.216577,   35.633784,      -72.68,
 139.221081,   35.633784,      -74.03,
 139.225586,   35.633784,      -75.34,
 139.230090,   35.633784,      -76.61,
 139.234595,   35.633784,      -77.85,
 139.239099,   35.633784,      -79.04,
 139.243604,   35.633784,      -80.21,
 139.248108,   35.633784,      -81.33,
 139.252613,   35.633784,      -82.42,
 139.257117,   35.633784,      -83.47,
 139.261622,   35.633784,      -84.48,
 139.266126,   35.633784,      -85.46,
 139.270631,   35.633784,      -86.40,
 139.275135,   35.633784,      -87.30,
 139.279640,   35.633784,      -88.16,
 139.284144,   35.633784,      -88.99,
 139.288649,   35.633784,      -89.78,
 139.293153,   35.633784,      -90.53,
 139.297658,   35.633784,      -91.25,
 139.302162,   35.633784,      -91.93,
 139.306667,   35.633784,      -92.57,
 139.311171,   35.633784,      -93.18,
 139.315676,   35.633784,      -93.75,
 139.320180,   35.633784,      -94.28,
 139.324685,   35.633784,      -94.77,
 139.329189,   35.633784,      -95.23,
 139.333694,   35.633784,      -95.65,
 139.338198,   35.633784,      -96.03,
 139.342703,   35.633784,      -96.37,
 139.347207,   35.633784,      -96.68,
 139.351712,   35.633784,      -96.95,
 139.356216,   35.633784,      -97.19,
 139.360721,   35.633784,      -97.39,
 139.365225,   35.633784,      -97.55,
 139.369730,   35.633784,      -97.67,
 139.374234,   35.633784,      -97.75,
 139.378739,   35.633784,      -97.80,
 139.383243,   35.633784,      -97.81,
 139.387748,   35.633784,      -97.79,
 139.392252,   35.633784,      -97.73,
 139.396757,   35.633784,      -97.63,
 139.401261,   35.633784,      -97.49,
 139.405766,   35.633784,      -97.32,
 139.410270,   35.633784,      -97.10,
 139.414775,   35.633784,      -96.86,
 139.419279,   35.633784,      -96.57,
 139.423784,   35.633784,      -96.25,
 139.428288,   35.633784,      -95.89,
 139.432793,   35.633784,      -95.49,
 139.437297,   35.633784,      -95.06,
 139.441802,   35.633784,      -94.59,
 139.446306,   35.633784,      -94.08,
 139.450811,   35.633784,      -93.54,
 139.455315,   35.633784,      -92.95,
 139.459820,   35.633784,      -92.34,
 139.464324,   35.633784,      -91.68,
 139.468829,   35.633784,      -90.99,
 139.473333,   35.633784,      -90.26,
 139.477838,   35.633784,      -89.49,
 139.482342,   35.633784,      -88.68,
 139.486847,   35.633784,      -87.84,
 139.491351,   35.633784,      -86.96,
 139.495856,   35.633784,      -86.05,
 139.500360,   35.633784,      -85.09,
 139.504865,   35.633784,      -84.10,
 139.509369,   35.633784,      -83.08,
 139.513874,   35.633784,      -82.01,
 139.518378,   35.633784,      -80.91,
 139.522883,   35.633784,      -79.77,
 139.527387,   35.633784,      -78.60,
 139.531892,   35.633784,      -77.39,
 139.536396,   35.633784,      -76.14,
 139.540901,   35.633784,      -74.85,
 139.545405,   35.633784,      -73.53,
 139.549910,   35.633784,      -72.16,
 139.554414,   35.633784,      -70.77,
 139.558919,   35.633784,      -69.33,
 139.563423,   35.633784,      -67.86,
 139.567928,   35.633784,      -66.35,
 139.572432,   35.633784,      -64.80,
 139.576937,   35.633784,      -63.22,
 139.581441,   35.633784,      -61.60,
 139.585946,   35.633784,      -59.94,
 139.590450,   35.633784,      -58.25,
 139.594955,   35.633784,      -56.52,
 139.599459,   35.633784,      -54.75,
 139.603964,   35.633784,      -52.94,
 139.608468,   35.633784,      -51.10,
 139.612973,   35.633784,      -49.22,
 139.617477,   35.633784,      -47.30,
 139.621982,   35.633784,      -45.34,
 139.626486,   35.633784,      -43.35,
 139.630991,   35.633784,      -41.32,
 139.635495,   35.633784,      -39.26,
 139.640000,   35.633784,      -37.16,
 139.644505,   35.633784,      -35.02,
 139.649009,   35.633784,      -32.84,
 139.653514,   35.633784,      -30.62,
 139.658018,   35.633784,      -28.37,
 139.662523,   35.633784,      -26.09,
 139.667027,   35.633784,      -23.76,
 139.671532,   35.633784,      -21.40,
 139.676036,   35.633784,      -19.00,
 139.680541,   35.633784,      -16.56,
 139.685045,   35.633784,      -14.09,
 139.689550,   35.633784,      -11.58,
 139.694054,   35.633784,       -9.03,
 139.698559,   35.633784,       -6.44,
 139.703063,   35.633784,       -3.82,
 139.707568,   35.633784,       -1.16,
 139.712072,   35.633784,        1.53,
 139.716577,   35.633784,        4.27,
 139.721081,   35.633784,        7.04,
 139.725586,   35.633784,       12.21,
 139.730090,   35.633784,       13.68,
 139.734595,   35.633784,       13.20,
 139.739099,   35.633784,       13.31,
 139.743604,   35.633784,       13.40,
 139.748108,   35.633784,       13.45,
 139.752613,   35.633784,       13.50,
 139.757117,   35.633784,       13.85,
 139.761622,   35.633784,       14.23,
 139.766126,   35.633784,       14.60,
 139.770631,   35.633784,       15.30,
 139.775135,   35.633784,       16.14,
 139.779640,   35.633784,       16.97,
 139.784144,   35.633784,       17.81,
 139.788649,   35.633784,       18.78,
 139.793153,   35.633784,       19.90,
 139.797658,   35.633784,       21.04,
 139.802162,   35.633784,       22.20,
 139.806667,   35.633784,       23.39,
 139.811171,   35.633784,       24.67,
 139.815676,   35.633784,       25.78,
 139.820180,   35.633784,       26.77,
 139.824685,   35.633784,       27.69,
 139.829189,   35.633784,       28.67,
 139.833694,   35.633784,       29.67,
 139.838198,   35.633784,       30.61,
 139.842703,   35.633784,       31.56,
 139.847207,   35.633784,       32.56,
 139.851712,   35.633784,       33.41,
 139.856216,   35.633784,       34.03,
 139.860721,   35.633784,       34.29,
 139.865225,   35.633784,       33.83,
 139.869730,   35.633784,       33.04,
 139.874234,   35.633784,       29.93,
 139.878739,   35.633784,       28.05,
 139.883243,   35.633784,       29.47,
 139.887748,   35.633784,       32.34,
 139.892252,   35.633784,       35.37,
 139.896757,   35.633784,       38.10,
 139.901261,   35.633784,       40.23,
 139.905766,   35.633784,       41.49,
 139.910270,   35.633784,       42.55,
 139.914775,   35.633784,       43.58,
 139.919279,   35.633784,       44.36,
 139.923784,   35.633784,       45.02,
 139.928288,   35.633784,       45.68,
 139.932793,   35.633784,       46.32,
 139.937297,   35.633784,       46.73,
 139.941802,   35.633784,       47.04,
 139.946306,   35.633784,       47.35,
 139.950811,   35.633784,       47.64,
 139.955315,   35.633784,       47.85,
 139.959820,   35.633784,       48.03,
 139.964324,   35.633784,       48.22,
 139.968829,   35.633784,       48.39,
 139.973333,   35.633784,       48.55,
 139.977838,   35.633784,       48.72,
 139.982342,   35.633784,       48.90,
 139.986847,   35.633784,       49.06,
 139.991351,   35.633784,       49.21,
 139.995856,   35.633784,       49.36,
 140.000360,   35.633784,       49.49,
 140.004865,   35.633784,       49.62,
 140.009369,   35.633784,       49.73,
 140.013874,   35.633784,       49.82,
 140.018378,   35.633784,       49.91,
 140.022883,   35.633784,       49.99,
 140.027387,   35.633784,       50.10,
 140.031892,   35.633784,       50.31,
 140.036396,   35.633784,       50.54,
 140.040901,   35.633784,       50.76,
 140.045405,   35.633784,       50.97,
 140.049910,   35.633784,       51.20,
 140.054414,   35.633784,       51.44,
 140.058919,   35.633784,       51.66,
 140.063423,   35.633784,       51.88,
 140.067928,   35.633784,       52.08,
 140.072432,   35.633784,       52.28,
 140.076937,   35.633784,       52.47,
 140.081441,   35.633784,       52.66,
 140.085946,   35.633784,       52.88,
 140.090450,   35.633784,       52.93,
 140.094955,   35.633784,       53.03,
 140.099459,   35.633784,       53.18,
 140.103964,   35.633784,       53.32,
 140.108468,   35.633784,       53.45,
 140.112973,   35.633784,       53.58,
 140.117477,   35.633784,       53.70,
 140.121982,   35.633784,       53.81,
 140.126486,   35.633784,       53.91,
 140.130991,   35.633784,       54.03,
 140.135495,   35.633784,       54.16,
 140.140000,   35.633784,       54.28,
 140.144505,   35.633784,       54.40,
 140.149009,   35.633784,       54.51,
 140.153514,   35.633784,       54.62,
 140.158018,   35.633784,       54.73,
 140.162523,   35.633784,       54.83,
 140.167027,   35.633784,       54.93,
 140.171532,   35.633784,       55.07,
 140.176036,   35.633784,       55.21,
 140.180541,   35.633784,       55.35,
 140.185045,   35.633784,       55.34,
 140.189550,   35.633784,       55.34,
 140.194054,   35.633784,       55.33,
 140.198559,   35.633784,       55.32,
 140.203063,   35.633784,       55.32,
 140.207568,   35.633784,       55.31,
 140.212072,   35.633784,       55.30,
 140.216577,   35.633784,       55.29,
 140.221081,   35.633784,       55.28,
 140.225586,   35.633784,       55.27,
 140.230090,   35.633784,       55.26,
 140.234595,   35.633784,       55.25,
 140.239099,   35.633784,       55.23,
 140.243604,   35.633784,       55.22,
 140.248108,   35.633784,       55.20,
 140.252613,   35.633784,       55.19,
 140.257117,   35.633784,       55.17,
 140.261622,   35.633784,       55.16,
 140.266126,   35.633784,       55.14,
 140.270631,   35.633784,       55.12,
 140.275135,   35.633784,       55.11,
 140.279640,   35.633784,       55.09,
 140.284144,   35.633784,       55.07,
 140.288649,   35.633784,       55.05,
 140.293153,   35.633784,       55.03,
 140.297658,   35.633784,       55.01,
 140.302162,   35.633784,       54.98,
 140.306667,   35.633784,       54.96,
 140.311171,   35.633784,       54.94,
 140.315676,   35.633784,       54.91,
 140.320180,   35.633784,       54.89,
 140.324685,   35.633784,       54.86,
 140.329189,   35.633784,       54.84,
 140.333694,   35.633784,       54.81,
 140.338198,   35.633784,       54.78,
 140.342703,   35.633784,       54.75,
 140.347207,   35.633784,       54.72,
 140.351712,   35.633784,       54.69,
 140.356216,   35.633784,       54.66,
 140.360721,   35.633784,       54.63,
 140.365225,   35.633784,       54.60,
 140.369730,   35.633784,       54.57,
 140.374234,   35.633784,       54.54,
 140.378739,   35.633784,       54.50,
 140.383243,   35.633784,       54.47,
 140.387748,   35.633784,       54.43,
 139.140000,   35.638288,      -47.11,
 139.144505,   35.638288,      -49.10,
 139.149009,   35.638288,      -51.06,
 139.153514,   35.638288,      -52.97,
 139.158018,   35.638288,      -54.85,
 139.162523,   35.638288,      -56.70,
 139.167027,   35.638288,      -58.51,
 139.171532,   35.638288,      -60.28,
 139.176036,   35.638288,      -62.01,
 139.180541,   35.638288,      -63.70,
 139.185045,   35.638288,      -65.36,
 139.189550,   35.638288,      -66.98,
 139.194054,   35.638288,      -68.57,
 139.198559,   35.638288,      -70.12,
 139.203063,   35.638288,      -71.63,
 139.207568,   35.638288,      -73.10,
 139.212072,   35.638288,      -74.53,
 139.216577,   35.638288,      -75.93,
 139.221081,   35.638288,      -77.29,
 139.225586,   35.638288,      -78.62,
 139.230090,   35.638288,      -79.91,
 139.234595,   35.638288,      -81.16,
 139.239099,   35.638288,      -82.37,
 139.243604,   35.638288,      -83.55,
 139.248108,   35.638288,      -84.69,
 139.252613,   35.638288,      -85.79,
 139.257117,   35.638288,      -86.85,
 139.261622,   35.638288,      -87.88,
 139.266126,   35.638288,      -88.87,
 139.270631,   35.638288,      -89.83,
 139.275135,   35.638288,      -90.74,
 139.279640,   35.638288,      -91.62,
 139.284144,   35.638288,      -92.46,
 139.288649,   35.638288,      -93.27,
 139.293153,   35.638288,      -94.04,
 139.297658,   35.638288,      -94.77,
 139.302162,   35.638288,      -95.46,
 139.306667,   35.638288,      -96.12,
 139.311171,   35.638288,      -96.74,
 139.315676,   35.638288,      -97.32,
 139.320180,   35.638288,      -97.87,
 139.324685,   35.638288,      -98.38,
 139.329189,   35.638288,      -98.85,
 139.333694,   35.638288,      -99.28,
 139.338198,   35.638288,      -99.68,
 139.342703,   35.638288,     -100.04,
 139.347207,   35.638288,     -100.36,
 139.351712,   35.638288,     -100.65,
 139.356216,   35.638288,     -100.90,
 139.360721,   35.638288,     -101.11,
 139.365225,   35.638288,     -101.28,
 139.369730,   35.638288,     -101.42,
 139.374234,   35.638288,     -101.52,
 139.378739,   35.638288,     -101.58,
 139.383243,   35.638288,     -101.61,
 139.387748,   35.638288,     -101.60,
 139.392252,   35.638288,     -101.55,
 139.396757,   35.638288,     -101.47,
 139.401261,   35.638288,     -101.35,
 139.405766,   35.638288,     -101.19,
 139.410270,   35.638288,     -100.99,
 139.414775,   35.638288,     -100.76,
 139.419279,   35.638288,     -100.49,
 139.423784,   35.638288,     -100.18,
 139.428288,   35.638288,      -99.83,
 139.432793,   35.638288,      -99.45,
 139.437297,   35.638288,      -99.03,
 139.441802,   35.638288,      -98.58,
 139.446306,   35.638288,      -98.08,
 139.450811,   35.638288,      -97.55,
 139.455315,   35.638288,      -96.99,
 139.459820,   35.638288,      -96.38,
 139.464324,   35.638288,      -95.74,
 139.468829,   35.638288,      -95.06,
 139.473333,   35.638288,      -94.35,
 139.477838,   35.638288,      -93.59,
 139.482342,   35.638288,      -92.80,
 139.486847,   35.638288,      -91.98,
 139.491351,   35.638288,      -91.11,
 139.495856,   35.638288,      -90.21,
 139.500360,   35.638288,      -89.27,
 139.504865,   35.638288,      -88.30,
 139.509369,   35.638288,      -87.29,
 139.513874,   35.638288,      -86.24,
 139.518378,   35.638288,      -85.15,
 139.522883,   35.638288,      -84.03,
 139.527387,   35.638288,      -82.87,
 139.531892,   35.638288,      -81.67,
 139.536396,   35.638288,      -80.43,
 139.540901,   35.638288,      -79.16,
 139.545405,   35.638288,      -77.85,
 139.549910,   35.638288,      -76.51,
 139.554414,   35.638288,      -75.12,
 139.558919,   35.638288,      -73.70,
 139.563423,   35.638288,      -72.24,
 139.567928,   35.638288,      -70.75,
 139.572432,   35.638288,      -69.22,
 139.576937,   35.638288,      -67.65,
 139.581441,   35.638288,      -66.04,
 139.585946,   35.638288,      -64.40,
 139.590450,   35.638288,      -62.72,
 139.594955,   35.638288,      -61.00,
 139.599459,   35.638288,      -59.25,
 139.603964,   35.638288,      -57.46,
 139.608468,   35.638288,      -55.63,
 139.612973,   35.638288,      -53.76,
 139.617477,   35.638288,      -51.86,
 139.621982,   35.638288,      -49.92,
 139.626486,   35.638288,      -47.94,
 139.630991,   35.638288,      -45.93,
 139.635495,   35.638288,      -43.88,
 139.640000,   35.638288,      -41.79,
 139.644505,   35.638288,      -39.67,
 139.649009,   35.638288,      -37.50,
 139.653514,   35.638288,      -35.30,
 139.658018,   35.638288,      -33.07,
 139.662523,   35.638288,      -30.79,
 139.667027,   35.638288,      -28.48,
 139.671532,   35.638288,      -26.14,
 139.676036,   35.638288,      -23.75,
 139.680541,   35.638288,      -21.33,
 139.685045,   35.638288,      -18.87,
 139.689550,   35.638288,      -16.37,
 139.694054,   35.638288,      -13.84,
 139.698559,   35.638288,      -11.27,
 139.703063,   35.638288,       -8.66,
 139.707568,   35.638288,       -6.02,
 139.712072,   35.638288,       -3.34,
 139.716577,   35.638288,       -0.62,
 139.721081,   35.638288,        2.14,
 139.725586,   35.638288,        4.93,
 139.730090,   35.638288,        9.08,
 139.734595,   35.638288,       13.30,
 139.739099,   35.638288,       12.83,
 139.743604,   35.638288,       12.91,
 139.748108,   35.638288,       12.95,
 139.752613,   35.638288,       12.95,
 139.757117,   35.638288,       13.17,
 139.761622,   35.638288,       13.54,
 139.766126,   35.638288,       13.91,
 139.770631,   35.638288,       14.45,
 139.775135,   35.638288,       15.24,
 139.779640,   35.638288,       15.98,
 139.784144,   35.638288,       16.72,
 139.788649,   35.638288,       17.62,
 139.793153,   35.638288,       18.78,
 139.797658,   35.638288,       19.96,
 139.802162,   35.638288,       21.13,
 139.806667,   35.638288,       22.35,
 139.811171,   35.638288,       23.71,
 139.815676,   35.638288,       25.06,
 139.820180,   35.638288,       26.34,
 139.824685,   35.638288,       27.34,
 139.829189,   35.638288,       28.32,
 139.833694,   35.638288,       29.33,
 139.838198,   35.638288,       30.36,
 139.842703,   35.638288,       31.22,
 139.847207,   35.638288,       32.26,
 139.851712,   35.638288,       33.45,
 139.856216,   35.638288,       33.59,
 139.860721,   35.638288,       33.70,
 139.865225,   35.638288,       33.47,
 139.869730,   35.638288,       32.99,
 139.874234,   35.638288,       28.97,
 139.878739,   35.638288,       16.39,
 139.883243,   35.638288,       14.73,
 139.887748,   35.638288,       25.48,
 139.892252,   35.638288,       34.68,
 139.896757,   35.638288,       38.59,
 139.901261,   35.638288,       40.54,
 139.905766,   35.638288,       41.79,
 139.910270,   35.638288,       42.79,
 139.914775,   35.638288,       43.64,
 139.919279,   35.638288,       44.40,
 139.923784,   35.638288,       45.11,
 139.928288,   35.638288,       45.78,
 139.932793,   35.638288,       46.42,
 139.937297,   35.638288,       46.86,
 139.941802,   35.638288,       47.15,
 139.946306,   35.638288,       47.45,
 139.950811,   35.638288,       47.73,
 139.955315,   35.638288,       47.96,
 139.959820,   35.638288,       48.17,
 139.964324,   35.638288,       48.36,
 139.968829,   35.638288,       48.54,
 139.973333,   35.638288,       48.70,
 139.977838,   35.638288,       48.90,
 139.982342,   35.638288,       49.09,
 139.986847,   35.638288,       49.26,
 139.991351,   35.638288,       49.44,
 139.995856,   35.638288,       49.61,
 140.000360,   35.638288,       49.76,
 140.004865,   35.638288,       49.91,
 140.009369,   35.638288,       50.02,
 140.013874,   35.638288,       50.14,
 140.018378,   35.638288,       50.24,
 140.022883,   35.638288,       50.33,
 140.027387,   35.638288,       50.42,
 140.031892,   35.638288,       50.65,
 140.036396,   35.638288,       50.89,
 140.040901,   35.638288,       51.12,
 140.045405,   35.638288,       51.32,
 140.049910,   35.638288,       51.52,
 140.054414,   35.638288,       51.74,
 140.058919,   35.638288,       51.96,
 140.063423,   35.638288,       52.16,
 140.067928,   35.638288,       52.35,
 140.072432,   35.638288,       52.54,
 140.076937,   35.638288,       52.73,
 140.081441,   35.638288,       53.02,
 140.085946,   35.638288,       53.10,
 140.090450,   35.638288,       53.14,
 140.094955,   35.638288,       53.16,
 140.099459,   35.638288,       53.27,
 140.103964,   35.638288,       53.41,
 140.108468,   35.638288,       53.55,
 140.112973,   35.638288,       53.67,
 140.117477,   35.638288,       53.79,
 140.121982,   35.638288,       53.90,
 140.126486,   35.638288,       54.00,
 140.130991,   35.638288,       54.10,
 140.135495,   35.638288,       54.22,
 140.140000,   35.638288,       54.35,
 140.144505,   35.638288,       54.47,
 140.149009,   35.638288,       54.58,
 140.153514,   35.638288,       54.69,
 140.158018,   35.638288,       54.80,
 140.162523,   35.638288,       54.90,
 140.167027,   35.638288,       55.00,
 140.171532,   35.638288,       55.10,
 140.176036,   35.638288,       55.23,
 140.180541,   35.638288,       55.37,
 140.185045,   35.638288,       55.51,
 140.189550,   35.638288,       55.58,
 140.194054,   35.638288,       55.57,
 140.198559,   35.638288,       55.57,
 140.203063,   35.638288,       55.56,
 140.207568,   35.638288,       55.55,
 140.212072,   35.638288,       55.54,
 140.216577,   35.638288,       55.53,
 140.221081,   35.638288,       55.52,
 140.225586,   35.638288,       55.51,
 140.230090,   35.638288,       55.50,
 140.234595,   35.638288,       55.49,
 140.239099,   35.638288,       55.48,
 140.243604,   35.638288,       55.47,
 140.248108,   35.638288,       55.45,
 140.252613,   35.638288,       55.44,
 140.257117,   35.638288,       55.42,
 140.261622,   35.638288,       55.41,
 140.266126,   35.638288,       55.39,
 140.270631,   35.638288,       55.37,
 140.275135,   35.638288,       55.35,
 140.279640,   35.638288,       55.34,
 140.284144,   35.638288,       55.32,
 140.288649,   35.638288,       55.30,
 140.293153,   35.638288,       55.28,
 140.297658,   35.638288,       55.26,
 140.302162,   35.638288,       55.23,
 140.306667,   35.638288,       55.21,
 140.311171,   35.638288,       55.19,
 140.315676,   35.638288,       55.16,
 140.320180,   35.638288,       55.14,
 140.324685,   35.638288,       55.11,
 140.329189,   35.638288,       55.09,
 140.333694,   35.638288,       55.06,
 140.338198,   35.638288,       55.03,
 140.342703,   35.638288,       55.01,
 140.347207,   35.638288,       54.98,
 140.351712,   35.638288,       54.95,
 140.356216,   35.638288,       54.92,
 140.360721,   35.638288,       54.89,
 140.365225,   35.638288,       54.86,
 140.369730,   35.638288,       54.82,
 140.374234,   35.638288,       54.79,
 140.378739,   35.638288,       54.76,
 140.383243,   35.638288,       54.73,
 140.387748,   35.638288,       54.69,
 139.140000,   35.642793,      -50.15,
 139.144505,   35.642793,      -52.16,
 139.149009,   35.642793,      -54.13,
 139.153514,   35.642793,      -56.06,
 139.158018,   35.642793,      -57.95,
 139.162523,   35.642793,      -59.81,
 139.167027,   35.642793,      -61.63,
 139.171532,   35.642793,      -63.42,
 139.176036,   35.642793,      -65.17,
 139.180541,   35.642793,      -66.88,
 139.185045,   35.642793,      -68.55,
 139.189550,   35.642793,      -70.19,
 139.194054,   35.642793,      -71.78,
 139.198559,   35.642793,      -73.35,
 139.203063,   35.642793,      -74.87,
 139.207568,   35.642793,      -76.36,
 139.212072,   35.642793,      -77.81,
 139.216577,   35.642793,      -79.22,
 139.221081,   35.642793,      -80.60,
 139.225586,   35.642793,      -81.94,
 139.230090,   35.642793,      -83.24,
 139.234595,   35.642793,      -84.51,
 139.239099,   35.642793,      -85.73,
 139.243604,   35.642793,      -86.93,
 139.248108,   35.642793,      -88.08,
 139.252613,   35.642793,      -89.20,
 139.257117,   35.642793,      -90.28,
 139.261622,   35.642793,      -91.32,
 139.266126,   35.642793,      -92.32,
 139.270631,   35.642793,      -93.29,
 139.275135,   35.642793,      -94.22,
 139.279640,   35.642793,      -95.12,
 139.284144,   35.642793,      -95.97,
 139.288649,   35.642793,      -96.79,
 139.293153,   35.642793,      -97.58,
 139.297658,   35.642793,      -98.32,
 139.302162,   35.642793,      -99.03,
 139.306667,   35.642793,      -99.70,
 139.311171,   35.642793,     -100.34,
 139.315676,   35.642793,     -100.94,
 139.320180,   35.642793,     -101.50,
 139.324685,   35.642793,     -102.02,
 139.329189,   35.642793,     -102.51,
 139.333694,   35.642793,     -102.95,
 139.338198,   35.642793,     -103.37,
 139.342703,   35.642793,     -103.74,
 139.347207,   35.642793,     -104.08,
 139.351712,   35.642793,     -104.38,
 139.356216,   35.642793,     -104.64,
 139.360721,   35.642793,     -104.87,
 139.365225,   35.642793,     -105.06,
 139.369730,   35.642793,     -105.21,
 139.374234,   35.642793,     -105.33,
 139.378739,   35.642793,     -105.40,
 139.383243,   35.642793,     -105.45,
 139.387748,   35.642793,     -105.45,
 139.392252,   35.642793,     -105.42,
 139.396757,   35.642793,     -105.35,
 139.401261,   35.642793,     -105.24,
 139.405766,   35.642793,     -105.09,
 139.410270,   35.642793,     -104.91,
 139.414775,   35.642793,     -104.69,
 139.419279,   35.642793,     -104.44,
 139.423784,   35.642793,     -104.15,
 139.428288,   35.642793,     -103.82,
 139.432793,   35.642793,     -103.45,
 139.437297,   35.642793,     -103.04,
 139.441802,   35.642793,     -102.60,
 139.446306,   35.642793,     -102.12,
 139.450811,   35.642793,     -101.61,
 139.455315,   35.642793,     -101.06,
 139.459820,   35.642793,     -100.47,
 139.464324,   35.642793,      -99.84,
 139.468829,   35.642793,      -99.18,
 139.473333,   35.642793,      -98.48,
 139.477838,   35.642793,      -97.74,
 139.482342,   35.642793,      -96.96,
 139.486847,   35.642793,      -96.15,
 139.491351,   35.642793,      -95.30,
 139.495856,   35.642793,      -94.41,
 139.500360,   35.642793,      -93.49,
 139.504865,   35.642793,      -92.53,
 139.509369,   35.642793,      -91.53,
 139.513874,   35.642793,      -90.50,
 139.518378,   35.642793,      -89.43,
 139.522883,   35.642793,      -88.32,
 139.527387,   35.642793,      -87.17,
 139.531892,   35.642793,      -85.99,
 139.536396,   35.642793,      -84.77,
 139.540901,   35.642793,      -83.51,
 139.545405,   35.642793,      -82.22,
 139.549910,   35.642793,      -80.88,
 139.554414,   35.642793,      -79.52,
 139.558919,   35.642793,      -78.11,
 139.563423,   35.642793,      -76.67,
 139.567928,   35.642793,      -75.19,
 139.572432,   35.642793,      -73.67,
 139.576937,   35.642793,      -72.12,
 139.581441,   35.642793,      -70.52,
 139.585946,   35.642793,      -68.90,
 139.590450,   35.642793,      -67.23,
 139.594955,   35.642793,      -65.53,
 139.599459,   35.642793,      -63.79,
 139.603964,   35.642793,      -62.01,
 139.608468,   35.642793,      -60.20,
 139.612973,   35.642793,      -58.35,
 139.617477,   35.642793,      -56.46,
 139.621982,   35.642793,      -54.53,
 139.626486,   35.642793,      -52.57,
 139.630991,   35.642793,      -50.57,
 139.635495,   35.642793,      -48.54,
 139.640000,   35.642793,      -46.46,
 139.644505,   35.642793,      -44.35,
 139.649009,   35.642793,      -42.21,
 139.653514,   35.642793,      -40.02,
 139.658018,   35.642793,      -37.80,
 139.662523,   35.642793,      -35.54,
 139.667027,   35.642793,      -33.24,
 139.671532,   35.642793,      -30.91,
 139.676036,   35.642793,      -28.54,
 139.680541,   35.642793,      -26.13,
 139.685045,   35.642793,      -23.69,
 139.689550,   35.642793,      -21.21,
 139.694054,   35.642793,      -18.69,
 139.698559,   35.642793,      -16.13,
 139.703063,   35.642793,      -13.54,
 139.707568,   35.642793,      -10.91,
 139.712072,   35.642793,       -8.24,
 139.716577,   35.642793,       -5.54,
 139.721081,   35.642793,       -2.80,
 139.725586,   35.642793,       -0.02,
 139.730090,   35.642793,        2.80,
 139.734595,   35.642793,        5.65,
 139.739099,   35.642793,       12.63,
 139.743604,   35.642793,       12.54,
 139.748108,   35.642793,       12.55,
 139.752613,   35.642793,       12.51,
 139.757117,   35.642793,       12.62,
 139.761622,   35.642793,       12.99,
 139.766126,   35.642793,       13.31,
 139.770631,   35.642793,       13.62,
 139.775135,   35.642793,       14.27,
 139.779640,   35.642793,       14.90,
 139.784144,   35.642793,       15.48,
 139.788649,   35.642793,       16.36,
 139.793153,   35.642793,       17.56,
 139.797658,   35.642793,       18.77,
 139.802162,   35.642793,       20.02,
 139.806667,   35.642793,       21.31,
 139.811171,   35.642793,       22.71,
 139.815676,   35.642793,       24.11,
 139.820180,   35.642793,       25.49,
 139.824685,   35.642793,       26.76,
 139.829189,   35.642793,       27.85,
 139.833694,   35.642793,       28.86,
 139.838198,   35.642793,       29.65,
 139.842703,   35.642793,       30.43,
 139.847207,   35.642793,       31.44,
 139.851712,   35.642793,       31.93,
 139.856216,   35.642793,       31.96,
 139.860721,   35.642793,       32.32,
 139.865225,   35.642793,       33.00,
 139.869730,   35.642793,       33.80,
 139.874234,   35.642793,       28.96,
 139.878739,   35.642793,       17.70,
 139.883243,   35.642793,       13.74,
 139.887748,   35.642793,       22.79,
 139.892252,   35.642793,       34.35,
 139.896757,   35.642793,       39.63,
 139.901261,   35.642793,       41.13,
 139.905766,   35.642793,       42.42,
 139.910270,   35.642793,       43.39,
 139.914775,   35.642793,       44.06,
 139.919279,   35.642793,       44.69,
 139.923784,   35.642793,       45.35,
 139.928288,   35.642793,       45.97,
 139.932793,   35.642793,       46.57,
 139.937297,   35.642793,       46.99,
 139.941802,   35.642793,       47.30,
 139.946306,   35.642793,       47.60,
 139.950811,   35.642793,       47.89,
 139.955315,   35.642793,       48.13,
 139.959820,   35.642793,       48.34,
 139.964324,   35.642793,       48.53,
 139.968829,   35.642793,       48.72,
 139.973333,   35.642793,       48.92,
 139.977838,   35.642793,       49.11,
 139.982342,   35.642793,       49.30,
 139.986847,   35.642793,       49.49,
 139.991351,   35.642793,       49.68,
 139.995856,   35.642793,       49.87,
 140.000360,   35.642793,       50.04,
 140.004865,   35.642793,       50.19,
 140.009369,   35.642793,       50.36,
 140.013874,   35.642793,       50.51,
 140.018378,   35.642793,       50.64,
 140.022883,   35.642793,       50.76,
 140.027387,   35.642793,       50.90,
 140.031892,   35.642793,       51.07,
 140.036396,   35.642793,       51.28,
 140.040901,   35.642793,       51.50,
 140.045405,   35.642793,       51.71,
 140.049910,   35.642793,       51.90,
 140.054414,   35.642793,       52.09,
 140.058919,   35.642793,       52.29,
 140.063423,   35.642793,       52.48,
 140.067928,   35.642793,       52.66,
 140.072432,   35.642793,       52.82,
 140.076937,   35.642793,       53.17,
 140.081441,   35.642793,       53.27,
 140.085946,   35.642793,       53.34,
 140.090450,   35.642793,       53.39,
 140.094955,   35.642793,       53.40,
 140.099459,   35.642793,       53.39,
 140.103964,   35.642793,       53.52,
 140.108468,   35.642793,       53.65,
 140.112973,   35.642793,       53.77,
 140.117477,   35.642793,       53.89,
 140.121982,   35.642793,       54.00,
 140.126486,   35.642793,       54.10,
 140.130991,   35.642793,       54.20,
 140.135495,   35.642793,       54.29,
 140.140000,   35.642793,       54.40,
 140.144505,   35.642793,       54.54,
 140.149009,   35.642793,       54.66,
 140.153514,   35.642793,       54.77,
 140.158018,   35.642793,       54.87,
 140.162523,   35.642793,       54.98,
 140.167027,   35.642793,       55.08,
 140.171532,   35.642793,       55.17,
 140.176036,   35.642793,       55.27,
 140.180541,   35.642793,       55.39,
 140.185045,   35.642793,       55.53,
 140.189550,   35.642793,       55.67,
 140.194054,   35.642793,       55.81,
 140.198559,   35.642793,       55.81,
 140.203063,   35.642793,       55.80,
 140.207568,   35.642793,       55.80,
 140.212072,   35.642793,       55.79,
 140.216577,   35.642793,       55.78,
 140.221081,   35.642793,       55.77,
 140.225586,   35.642793,       55.76,
 140.230090,   35.642793,       55.75,
 140.234595,   35.642793,       55.74,
 140.239099,   35.642793,       55.73,
 140.243604,   35.642793,       55.71,
 140.248108,   35.642793,       55.70,
 140.252613,   35.642793,       55.69,
 140.257117,   35.642793,       55.67,
 140.261622,   35.642793,       55.65,
 140.266126,   35.642793,       55.64,
 140.270631,   35.642793,       55.62,
 140.275135,   35.642793,       55.60,
 140.279640,   35.642793,       55.59,
 140.284144,   35.642793,       55.57,
 140.288649,   35.642793,       55.55,
 140.293153,   35.642793,       55.53,
 140.297658,   35.642793,       55.51,
 140.302162,   35.642793,       55.48,
 140.306667,   35.642793,       55.46,
 140.311171,   35.642793,       55.44,
 140.315676,   35.642793,       55.42,
 140.320180,   35.642793,       55.39,
 140.324685,   35.642793,       55.37,
 140.329189,   35.642793,       55.34,
 140.333694,   35.642793,       55.31,
 140.338198,   35.642793,       55.29,
 140.342703,   35.642793,       55.26,
 140.347207,   35.642793,       55.23,
 140.351712,   35.642793,       55.20,
 140.356216,   35.642793,       55.17,
 140.360721,   35.642793,       55.14,
 140.365225,   35.642793,       55.11,
 140.369730,   35.642793,       55.08,
 140.374234,   35.642793,       55.05,
 140.378739,   35.642793,       55.02,
 140.383243,   35.642793,       54.98,
 140.387748,   35.642793,       54.95,
 139.140000,   35.647297,      -53.23,
 139.144505,   35.647297,      -55.25,
 139.149009,   35.647297,      -57.23,
 139.153514,   35.647297,      -59.18,
 139.158018,   35.647297,      -61.09,
 139.162523,   35.647297,      -62.96,
 139.167027,   35.647297,      -64.80,
 139.171532,   35.647297,      -66.60,
 139.176036,   35.647297,      -68.36,
 139.180541,   35.647297,      -70.09,
 139.185045,   35.647297,      -71.77,
 139.189550,   35.647297,      -73.42,
 139.194054,   35.647297,      -75.04,
 139.198559,   35.647297,      -76.62,
 139.203063,   35.647297,      -78.15,
 139.207568,   35.647297,      -79.66,
 139.212072,   35.647297,      -81.12,
 139.216577,   35.647297,      -82.55,
 139.221081,   35.647297,      -83.94,
 139.225586,   35.647297,      -85.30,
 139.230090,   35.647297,      -86.61,
 139.234595,   35.647297,      -87.89,
 139.239099,   35.647297,      -89.14,
 139.243604,   35.647297,      -90.34,
 139.248108,   35.647297,      -91.51,
 139.252613,   35.647297,      -92.64,
 139.257117,   35.647297,      -93.74,
 139.261622,   35.647297,      -94.79,
 139.266126,   35.647297,      -95.81,
 139.270631,   35.647297,      -96.80,
 139.275135,   35.647297,      -97.74,
 139.279640,   35.647297,      -98.65,
 139.284144,   35.647297,      -99.52,
 139.288649,   35.647297,     -100.36,
 139.293153,   35.647297,     -101.15,
 139.297658,   35.647297,     -101.92,
 139.302162,   35.647297,     -102.64,
 139.306667,   35.647297,     -103.33,
 139.311171,   35.647297,     -103.97,
 139.315676,   35.647297,     -104.59,
 139.320180,   35.647297,     -105.16,
 139.324685,   35.647297,     -105.70,
 139.329189,   35.647297,     -106.20,
 139.333694,   35.647297,     -106.66,
 139.338198,   35.647297,     -107.09,
 139.342703,   35.647297,     -107.48,
 139.347207,   35.647297,     -107.83,
 139.351712,   35.647297,     -108.15,
 139.356216,   35.647297,     -108.43,
 139.360721,   35.647297,     -108.67,
 139.365225,   35.647297,     -108.87,
 139.369730,   35.647297,     -109.04,
 139.374234,   35.647297,     -109.17,
 139.378739,   35.647297,     -109.26,
 139.383243,   35.647297,     -109.32,
 139.387748,   35.647297,     -109.34,
 139.392252,   35.647297,     -109.32,
 139.396757,   35.647297,     -109.26,
 139.401261,   35.647297,     -109.17,
 139.405766,   35.647297,     -109.04,
 139.410270,   35.647297,     -108.87,
 139.414775,   35.647297,     -108.67,
 139.419279,   35.647297,     -108.43,
 139.423784,   35.647297,     -108.15,
 139.428288,   35.647297,     -107.83,
 139.432793,   35.647297,     -107.48,
 139.437297,   35.647297,     -107.09,
 139.441802,   35.647297,     -106.67,
 139.446306,   35.647297,     -106.20,
 139.450811,   35.647297,     -105.70,
 139.455315,   35.647297,     -105.16,
 139.459820,   35.647297,     -104.59,
 139.464324,   35.647297,     -103.98,
 139.468829,   35.647297,     -103.33,
 139.473333,   35.647297,     -102.64,
 139.477838,   35.647297,     -101.92,
 139.482342,   35.647297,     -101.16,
 139.486847,   35.647297,     -100.36,
 139.491351,   35.647297,      -99.53,
 139.495856,   35.647297,      -98.65,
 139.500360,   35.647297,      -97.74,
 139.504865,   35.647297,      -96.80,
 139.509369,   35.647297,      -95.82,
 139.513874,   35.647297,      -94.80,
 139.518378,   35.647297,      -93.74,
 139.522883,   35.647297,      -92.64,
 139.527387,   35.647297,      -91.51,
 139.531892,   35.647297,      -90.34,
 139.536396,   35.647297,      -89.14,
 139.540901,   35.647297,      -87.90,
 139.545405,   35.647297,      -86.62,
 139.549910,   35.647297,      -85.30,
 139.554414,   35.647297,      -83.95,
 139.558919,   35.647297,      -82.55,
 139.563423,   35.647297,      -81.13,
 139.567928,   35.647297,      -79.66,
 139.572432,   35.647297,      -78.16,
 139.576937,   35.647297,      -76.62,
 139.581441,   35.647297,      -75.04,
 139.585946,   35.647297,      -73.43,
 139.590450,   35.647297,      -71.78,
 139.594955,   35.647297,      -70.09,
 139.599459,   35.647297,      -68.37,
 139.603964,   35.647297,      -66.60,
 139.608468,   35.647297,      -64.81,
 139.612973,   35.647297,      -62.97,
 139.617477,   35.647297,      -61.10,
 139.621982,   35.647297,      -59.19,
 139.626486,   35.647297,      -57.24,
 139.630991,   35.647297,      -55.25,
 139.635495,   35.647297,      -53.23,
 139.640000,   35.647297,      -51.17,
 139.644505,   35.647297,      -49.08,
 139.649009,   35.647297,      -46.94,
 139.653514,   35.647297,      -44.77,
 139.658018,   35.647297,      -42.57,
 139.662523,   35.647297,      -40.32,
 139.667027,   35.647297,      -38.04,
 139.671532,   35.647297,      -35.72,
 139.676036,   35.647297,      -33.37,
 139.680541,   35.647297,      -30.98,
 139.685045,   35.647297,      -28.55,
 139.689550,   35.647297,      -26.08,
 139.694054,   35.647297,      -23.57,
 139.698559,   35.647297,      -21.03,
 139.703063,   35.647297,      -18.46,
 139.707568,   35.647297,      -15.84,
 139.712072,   35.647297,      -13.19,
 139.716577,   35.647297,      -10.50,
 139.721081,   35.647297,       -7.77,
 139.725586,   35.647297,       -5.01,
 139.730090,   35.647297,       -2.21,
 139.734595,   35.647297,        0.63,
 139.739099,   35.647297,        3.50,
 139.743604,   35.647297,        8.81,
 139.748108,   35.647297,       12.26,
 139.752613,   35.647297,       12.28,
 139.757117,   35.647297,       12.38,
 139.761622,   35.647297,       12.61,
 139.766126,   35.647297,       12.82,
 139.770631,   35.647297,       12.98,
 139.775135,   35.647297,       13.28,
 139.779640,   35.647297,       13.79,
 139.784144,   35.647297,       14.24,
 139.788649,   35.647297,       15.04,
 139.793153,   35.647297,       16.21,
 139.797658,   35.647297,       17.44,
 139.802162,   35.647297,       18.74,
 139.806667,   35.647297,       20.21,
 139.811171,   35.647297,       21.65,
 139.815676,   35.647297,       23.13,
 139.820180,   35.647297,       24.57,
 139.824685,   35.647297,       25.85,
 139.829189,   35.647297,       27.12,
 139.833694,   35.647297,       28.32,
 139.838198,   35.647297,       28.77,
 139.842703,   35.647297,       29.41,
 139.847207,   35.647297,       30.50,
 139.851712,   35.647297,       30.95,
 139.856216,   35.647297,       29.85,
 139.860721,   35.647297,       30.29,
 139.865225,   35.647297,       30.65,
 139.869730,   35.647297,       33.77,
 139.874234,   35.647297,       32.54,
 139.878739,   35.647297,       31.09,
 139.883243,   35.647297,       31.14,
 139.887748,   35.647297,       33.67,
 139.892252,   35.647297,       38.25,
 139.896757,   35.647297,       41.90,
 139.901261,   35.647297,       42.44,
 139.905766,   35.647297,       43.43,
 139.910270,   35.647297,       44.15,
 139.914775,   35.647297,       44.71,
 139.919279,   35.647297,       45.22,
 139.923784,   35.647297,       45.77,
 139.928288,   35.647297,       46.29,
 139.932793,   35.647297,       46.77,
 139.937297,   35.647297,       47.16,
 139.941802,   35.647297,       47.49,
 139.946306,   35.647297,       47.80,
 139.950811,   35.647297,       48.11,
 139.955315,   35.647297,       48.35,
 139.959820,   35.647297,       48.54,
 139.964324,   35.647297,       48.74,
 139.968829,   35.647297,       48.93,
 139.973333,   35.647297,       49.14,
 139.977838,   35.647297,       49.35,
 139.982342,   35.647297,       49.54,
 139.986847,   35.647297,       49.72,
 139.991351,   35.647297,       49.97,
 139.995856,   35.647297,       50.19,
 140.000360,   35.647297,       50.39,
 140.004865,   35.647297,       50.59,
 140.009369,   35.647297,       50.77,
 140.013874,   35.647297,       50.93,
 140.018378,   35.647297,       51.08,
 140.022883,   35.647297,       51.23,
 140.027387,   35.647297,       51.38,
 140.031892,   35.647297,       51.53,
 140.036396,   35.647297,       51.71,
 140.040901,   35.647297,       51.91,
 140.045405,   35.647297,       52.11,
 140.049910,   35.647297,       52.30,
 140.054414,   35.647297,       52.49,
 140.058919,   35.647297,       52.67,
 140.063423,   35.647297,       52.84,
 140.067928,   35.647297,       53.02,
 140.072432,   35.647297,       53.34,
 140.076937,   35.647297,       53.46,
 140.081441,   35.647297,       53.55,
 140.085946,   35.647297,       53.62,
 140.090450,   35.647297,       53.66,
 140.094955,   35.647297,       53.67,
 140.099459,   35.647297,       53.65,
 140.103964,   35.647297,       53.61,
 140.108468,   35.647297,       53.76,
 140.112973,   35.647297,       53.88,
 140.117477,   35.647297,       54.00,
 140.121982,   35.647297,       54.11,
 140.126486,   35.647297,       54.22,
 140.130991,   35.647297,       54.31,
 140.135495,   35.647297,       54.40,
 140.140000,   35.647297,       54.48,
 140.144505,   35.647297,       54.59,
 140.149009,   35.647297,       54.73,
 140.153514,   35.647297,       54.84,
 140.158018,   35.647297,       54.95,
 140.162523,   35.647297,       55.06,
 140.167027,   35.647297,       55.16,
 140.171532,   35.647297,       55.25,
 140.176036,   35.647297,       55.35,
 140.180541,   35.647297,       55.44,
 140.185045,   35.647297,       55.54,
 140.189550,   35.647297,       55.69,
 140.194054,   35.647297,       55.83,
 140.198559,   35.647297,       55.97,
 140.203063,   35.647297,       56.05,
 140.207568,   35.647297,       56.04,
 140.212072,   35.647297,       56.03,
 140.216577,   35.647297,       56.03,
 140.221081,   35.647297,       56.02,
 140.225586,   35.647297,       56.01,
 140.230090,   35.647297,       56.00,
 140.234595,   35.647297,       55.99,
 140.239099,   35.647297,       55.97,
 140.243604,   35.647297,       55.96,
 140.248108,   35.647297,       55.95,
 140.252613,   35.647297,       55.93,
 140.257117,   35.647297,       55.92,
 140.261622,   35.647297,       55.90,
 140.266126,   35.647297,       55.89,
 140.270631,   35.647297,       55.87,
 140.275135,   35.647297,       55.85,
 140.279640,   35.647297,       55.84,
 140.284144,   35.647297,       55.82,
 140.288649,   35.647297,       55.80,
 140.293153,   35.647297,       55.78,
 140.297658,   35.647297,       55.76,
 140.302162,   35.647297,       55.74,
 140.306667,   35.647297,       55.71,
 140.311171,   35.647297,       55.69,
 140.315676,   35.647297,       55.67,
 140.320180,   35.647297,       55.64,
 140.324685,   35.647297,       55.62,
 140.329189,   35.647297,       55.59,
 140.333694,   35.647297,       55.57,
 140.338198,   35.647297,       55.54,
 140.342703,   35.647297,       55.51,
 140.347207,   35.647297,       55.49,
 140.351712,   35.647297,       55.46,
 140.356216,   35.647297,       55.43,
 140.360721,   35.647297,       55.40,
 140.365225,   35.647297,       55.37,
 140.369730,   35.647297,       55.34,
 140.374234,   35.647297,       55.31,
 140.378739,   35.647297,       55.27,
 140.383243,   35.647297,       55.24,
 140.387748,   35.647297,       55.21,
 139.140000,   35.651802,      -56.34,
 139.144505,   35.651802,      -58.38,
 139.149009,   35.651802,      -60.38,
 139.153514,   35.651802,      -62.34,
 139.158018,   35.651802,      -64.26,
 139.162523,   35.651802,      -66.15,
 139.167027,   35.651802,      -68.00,
 139.171532,   35.651802,      -69.82,
 139.176036,   35.651802,      -71.59,
 139.180541,   35.651802,      -73.33,
 139.185045,   35.651802,      -75.04,
 139.189550,   35.651802,      -76.70,
 139.194054,   35.651802,      -78.33,
 139.198559,   35.651802,      -79.92,
 139.203063,   35.651802,      -81.47,
 139.207568,   35.651802,      -82.99,
 139.212072,   35.651802,      -84.47,
 139.216577,   35.651802,      -85.92,
 139.221081,   35.651802,      -87.32,
 139.225586,   35.651802,      -88.69,
 139.230090,   35.651802,      -90.02,
 139.234595,   35.651802,      -91.32,
 139.239099,   35.651802,      -92.57,
 139.243604,   35.651802,      -93.79,
 139.248108,   35.651802,      -94.98,
 139.252613,   35.651802,      -96.12,
 139.257117,   35.651802,      -97.23,
 139.261622,   35.651802,      -98.30,
 139.266126,   35.651802,      -99.34,
 139.270631,   35.651802,     -100.34,
 139.275135,   35.651802,     -101.30,
 139.279640,   35.651802,     -102.22,
 139.284144,   35.651802,     -103.11,
 139.288649,   35.651802,     -103.96,
 139.293153,   35.651802,     -104.77,
 139.297658,   35.651802,     -105.54,
 139.302162,   35.651802,     -106.28,
 139.306667,   35.651802,     -106.98,
 139.311171,   35.651802,     -107.65,
 139.315676,   35.651802,     -108.27,
 139.320180,   35.651802,     -108.86,
 139.324685,   35.651802,     -109.42,
 139.329189,   35.651802,     -109.93,
 139.333694,   35.651802,     -110.41,
 139.338198,   35.651802,     -110.85,
 139.342703,   35.651802,     -111.26,
 139.347207,   35.651802,     -111.62,
 139.351712,   35.651802,     -111.95,
 139.356216,   35.651802,     -112.25,
 139.360721,   35.651802,     -112.50,
 139.365225,   35.651802,     -112.72,
 139.369730,   35.651802,     -112.90,
 139.374234,   35.651802,     -113.05,
 139.378739,   35.651802,     -113.16,
 139.383243,   35.651802,     -113.23,
 139.387748,   35.651802,     -113.26,
 139.392252,   35.651802,     -113.26,
 139.396757,   35.651802,     -113.21,
 139.401261,   35.651802,     -113.14,
 139.405766,   35.651802,     -113.02,
 139.410270,   35.651802,     -112.87,
 139.414775,   35.651802,     -112.68,
 139.419279,   35.651802,     -112.45,
 139.423784,   35.651802,     -112.19,
 139.428288,   35.651802,     -111.89,
 139.432793,   35.651802,     -111.55,
 139.437297,   35.651802,     -111.18,
 139.441802,   35.651802,     -110.77,
 139.446306,   35.651802,     -110.32,
 139.450811,   35.651802,     -109.83,
 139.455315,   35.651802,     -109.31,
 139.459820,   35.651802,     -108.75,
 139.464324,   35.651802,     -108.15,
 139.468829,   35.651802,     -107.52,
 139.473333,   35.651802,     -106.84,
 139.477838,   35.651802,     -106.13,
 139.482342,   35.651802,     -105.39,
 139.486847,   35.651802,     -104.61,
 139.491351,   35.651802,     -103.79,
 139.495856,   35.651802,     -102.93,
 139.500360,   35.651802,     -102.04,
 139.504865,   35.651802,     -101.10,
 139.509369,   35.651802,     -100.14,
 139.513874,   35.651802,      -99.13,
 139.518378,   35.651802,      -98.09,
 139.522883,   35.651802,      -97.01,
 139.527387,   35.651802,      -95.89,
 139.531892,   35.651802,      -94.74,
 139.536396,   35.651802,      -93.55,
 139.540901,   35.651802,      -92.32,
 139.545405,   35.651802,      -91.05,
 139.549910,   35.651802,      -89.75,
 139.554414,   35.651802,      -88.41,
 139.558919,   35.651802,      -87.04,
 139.563423,   35.651802,      -85.62,
 139.567928,   35.651802,      -84.17,
 139.572432,   35.651802,      -82.69,
 139.576937,   35.651802,      -81.16,
 139.581441,   35.651802,      -79.60,
 139.585946,   35.651802,      -78.00,
 139.590450,   35.651802,      -76.36,
 139.594955,   35.651802,      -74.69,
 139.599459,   35.651802,      -72.98,
 139.603964,   35.651802,      -71.23,
 139.608468,   35.651802,      -69.45,
 139.612973,   35.651802,      -67.63,
 139.617477,   35.651802,      -65.77,
 139.621982,   35.651802,      -63.87,
 139.626486,   35.651802,      -61.94,
 139.630991,   35.651802,      -59.97,
 139.635495,   35.651802,      -57.96,
 139.640000,   35.651802,      -55.92,
 139.644505,   35.651802,      -53.84,
 139.649009,   35.651802,      -51.72,
 139.653514,   35.651802,      -49.57,
 139.658018,   35.651802,      -47.37,
 139.662523,   35.651802,      -45.14,
 139.667027,   35.651802,      -42.88,
 139.671532,   35.651802,      -40.57,
 139.676036,   35.651802,      -38.23,
 139.680541,   35.651802,      -35.85,
 139.685045,   35.651802,      -33.44,
 139.689550,   35.651802,      -30.99,
 139.694054,   35.651802,      -28.50,
 139.698559,   35.651802,      -25.97,
 139.703063,   35.651802,      -23.41,
 139.707568,   35.651802,      -20.81,
 139.712072,   35.651802,      -18.17,
 139.716577,   35.651802,      -15.50,
 139.721081,   35.651802,      -12.78,
 139.725586,   35.651802,      -10.03,
 139.730090,   35.651802,       -7.25,
 139.734595,   35.651802,       -4.43,
 139.739099,   35.651802,       -1.57,
 139.743604,   35.651802,        1.33,
 139.748108,   35.651802,        4.53,
 139.752613,   35.651802,       12.00,
 139.757117,   35.651802,       12.14,
 139.761622,   35.651802,       12.26,
 139.766126,   35.651802,       12.32,
 139.770631,   35.651802,       12.35,
 139.775135,   35.651802,       12.45,
 139.779640,   35.651802,       12.81,
 139.784144,   35.651802,       13.14,
 139.788649,   35.651802,       13.70,
 139.793153,   35.651802,       14.73,
 139.797658,   35.651802,       15.92,
 139.802162,   35.651802,       17.33,
 139.806667,   35.651802,       18.88,
 139.811171,   35.651802,       20.45,
 139.815676,   35.651802,       22.03,
 139.820180,   35.651802,       23.59,
 139.824685,   35.651802,       24.60,
 139.829189,   35.651802,       25.74,
 139.833694,   35.651802,       26.73,
 139.838198,   35.651802,       27.39,
 139.842703,   35.651802,       28.17,
 139.847207,   35.651802,       31.16,
 139.851712,   35.651802,       33.04,
 139.856216,   35.651802,       32.78,
 139.860721,   35.651802,       32.89,
 139.865225,   35.651802,       33.89,
 139.869730,   35.651802,       35.86,
 139.874234,   35.651802,       34.59,
 139.878739,   35.651802,       34.63,
 139.883243,   35.651802,       36.02,
 139.887748,   35.651802,       38.60,
 139.892252,   35.651802,       42.08,
 139.896757,   35.651802,       43.43,
 139.901261,   35.651802,       43.92,
 139.905766,   35.651802,       44.40,
 139.910270,   35.651802,       44.88,
 139.914775,   35.651802,       45.37,
 139.919279,   35.651802,       45.88,
 139.923784,   35.651802,       46.33,
 139.928288,   35.651802,       46.76,
 139.932793,   35.651802,       47.17,
 139.937297,   35.651802,       47.47,
 139.941802,   35.651802,       47.76,
 139.946306,   35.651802,       48.05,
 139.950811,   35.651802,       48.34,
 139.955315,   35.651802,       48.58,
 139.959820,   35.651802,       48.78,
 139.964324,   35.651802,       48.97,
 139.968829,   35.651802,       49.16,
 139.973333,   35.651802,       49.41,
 139.977838,   35.651802,       49.64,
 139.982342,   35.651802,       49.85,
 139.986847,   35.651802,       50.08,
 139.991351,   35.651802,       50.33,
 139.995856,   35.651802,       50.57,
 140.000360,   35.651802,       50.80,
 140.004865,   35.651802,       51.01,
 140.009369,   35.651802,       51.21,
 140.013874,   35.651802,       51.39,
 140.018378,   35.651802,       51.56,
 140.022883,   35.651802,       51.71,
 140.027387,   35.651802,       51.86,
 140.031892,   35.651802,       52.01,
 140.036396,   35.651802,       52.16,
 140.040901,   35.651802,       52.34,
 140.045405,   35.651802,       52.53,
 140.049910,   35.651802,       52.71,
 140.054414,   35.651802,       52.89,
 140.058919,   35.651802,       53.07,
 140.063423,   35.651802,       53.25,
 140.067928,   35.651802,       53.51,
 140.072432,   35.651802,       53.65,
 140.076937,   35.651802,       53.77,
 140.081441,   35.651802,       53.86,
 140.085946,   35.651802,       53.92,
 140.090450,   35.651802,       53.96,
 140.094955,   35.651802,       53.96,
 140.099459,   35.651802,       53.94,
 140.103964,   35.651802,       53.89,
 140.108468,   35.651802,       53.86,
 140.112973,   35.651802,       54.00,
 140.117477,   35.651802,       54.12,
 140.121982,   35.651802,       54.23,
 140.126486,   35.651802,       54.33,
 140.130991,   35.651802,       54.43,
 140.135495,   35.651802,       54.52,
 140.140000,   35.651802,       54.60,
 140.144505,   35.651802,       54.67,
 140.149009,   35.651802,       54.78,
 140.153514,   35.651802,       54.92,
 140.158018,   35.651802,       55.03,
 140.162523,   35.651802,       55.14,
 140.167027,   35.651802,       55.24,
 140.171532,   35.651802,       55.34,
 140.176036,   35.651802,       55.43,
 140.180541,   35.651802,       55.52,
 140.185045,   35.651802,       55.61,
 140.189550,   35.651802,       55.70,
 140.194054,   35.651802,       55.84,
 140.198559,   35.651802,       55.99,
 140.203063,   35.651802,       56.13,
 140.207568,   35.651802,       56.27,
 140.212072,   35.651802,       56.28,
 140.216577,   35.651802,       56.27,
 140.221081,   35.651802,       56.26,
 140.225586,   35.651802,       56.25,
 140.230090,   35.651802,       56.24,
 140.234595,   35.651802,       56.23,
 140.239099,   35.651802,       56.22,
 140.243604,   35.651802,       56.21,
 140.248108,   35.651802,       56.20,
 140.252613,   35.651802,       56.18,
 140.257117,   35.651802,       56.17,
 140.261622,   35.651802,       56.15,
 140.266126,   35.651802,       56.14,
 140.270631,   35.651802,       56.12,
 140.275135,   35.651802,       56.10,
 140.279640,   35.651802,       56.09,
 140.284144,   35.651802,       56.07,
 140.288649,   35.651802,       56.05,
 140.293153,   35.651802,       56.03,
 140.297658,   35.651802,       56.01,
 140.302162,   35.651802,       55.99,
 140.306667,   35.651802,       55.97,
 140.311171,   35.651802,       55.95,
 140.315676,   35.651802,       55.92,
 140.320180,   35.651802,       55.90,
 140.324685,   35.651802,       55.87,
 140.329189,   35.651802,       55.85,
 140.333694,   35.651802,       55.82,
 140.338198,   35.651802,       55.80,
 140.342703,   35.651802,       55.77,
 140.347207,   35.651802,       55.74,
 140.351712,   35.651802,       55.71,
 140.356216,   35.651802,       55.69,
 140.360721,   35.651802,       55.66,
 140.365225,   35.651802,       55.63,
 140.369730,   35.651802,       55.59,
 140.374234,   35.651802,       55.56,
 140.378739,   35.651802,       55.53,
 140.383243,   35.651802,       55.50,
 140.387748,   35.651802,       55.46,
 139.140000,   35.656306,      -59.49,
 139.144505,   35.656306,      -61.54,
 139.149009,   35.656306,      -63.56,
 139.153514,   35.656306,      -65.53,
 139.158018,   35.656306,      -67.47,
 139.162523,   35.656306,      -69.38,
 139.167027,   35.656306,      -71.24,
 139.171532,   35.656306,      -73.07,
 139.176036,   35.656306,      -74.86,
 139.180541,   35.656306,      -76.62,
 139.185045,   35.656306,      -78.33,
 139.189550,   35.656306,      -80.01,
 139.194054,   35.656306,      -81.66,
 139.198559,   35.656306,      -83.26,
 139.203063,   35.656306,      -84.83,
 139.207568,   35.656306,      -86.36,
 139.212072,   35.656306,      -87.86,
 139.216577,   35.656306,      -89.32,
 139.221081,   35.656306,      -90.74,
 139.225586,   35.656306,      -92.12,
 139.230090,   35.656306,      -93.47,
 139.234595,   35.656306,      -94.78,
 139.239099,   35.656306,      -96.05,
 139.243604,   35.656306,      -97.28,
 139.248108,   35.656306,      -98.48,
 139.252613,   35.656306,      -99.64,
 139.257117,   35.656306,     -100.77,
 139.261622,   35.656306,     -101.85,
 139.266126,   35.656306,     -102.90,
 139.270631,   35.656306,     -103.91,
 139.275135,   35.656306,     -104.89,
 139.279640,   35.656306,     -105.83,
 139.284144,   35.656306,     -106.73,
 139.288649,   35.656306,     -107.59,
 139.293153,   35.656306,     -108.42,
 139.297658,   35.656306,     -109.21,
 139.302162,   35.656306,     -109.96,
 139.306667,   35.656306,     -110.68,
 139.311171,   35.656306,     -111.36,
 139.315676,   35.656306,     -112.00,
 139.320180,   35.656306,     -112.60,
 139.324685,   35.656306,     -113.17,
 139.329189,   35.656306,     -113.70,
 139.333694,   35.656306,     -114.19,
 139.338198,   35.656306,     -114.65,
 139.342703,   35.656306,     -115.07,
 139.347207,   35.656306,     -115.45,
 139.351712,   35.656306,     -115.80,
 139.356216,   35.656306,     -116.10,
 139.360721,   35.656306,     -116.37,
 139.365225,   35.656306,     -116.61,
 139.369730,   35.656306,     -116.80,
 139.374234,   35.656306,     -116.96,
 139.378739,   35.656306,     -117.09,
 139.383243,   35.656306,     -117.17,
 139.387748,   35.656306,     -117.22,
 139.392252,   35.656306,     -117.23,
 139.396757,   35.656306,     -117.20,
 139.401261,   35.656306,     -117.14,
 139.405766,   35.656306,     -117.04,
 139.410270,   35.656306,     -116.90,
 139.414775,   35.656306,     -116.73,
 139.419279,   35.656306,     -116.52,
 139.423784,   35.656306,     -116.27,
 139.428288,   35.656306,     -115.98,
 139.432793,   35.656306,     -115.66,
 139.437297,   35.656306,     -115.30,
 139.441802,   35.656306,     -114.90,
 139.446306,   35.656306,     -114.47,
 139.450811,   35.656306,     -114.00,
 139.455315,   35.656306,     -113.49,
 139.459820,   35.656306,     -112.94,
 139.464324,   35.656306,     -112.36,
 139.468829,   35.656306,     -111.74,
 139.473333,   35.656306,     -111.08,
 139.477838,   35.656306,     -110.39,
 139.482342,   35.656306,     -109.66,
 139.486847,   35.656306,     -108.89,
 139.491351,   35.656306,     -108.09,
 139.495856,   35.656306,     -107.24,
 139.500360,   35.656306,     -106.36,
 139.504865,   35.656306,     -105.45,
 139.509369,   35.656306,     -104.49,
 139.513874,   35.656306,     -103.50,
 139.518378,   35.656306,     -102.47,
 139.522883,   35.656306,     -101.41,
 139.527387,   35.656306,     -100.31,
 139.531892,   35.656306,      -99.17,
 139.536396,   35.656306,      -97.99,
 139.540901,   35.656306,      -96.78,
 139.545405,   35.656306,      -95.53,
 139.549910,   35.656306,      -94.24,
 139.554414,   35.656306,      -92.92,
 139.558919,   35.656306,      -91.56,
 139.563423,   35.656306,      -90.16,
 139.567928,   35.656306,      -88.72,
 139.572432,   35.656306,      -87.25,
 139.576937,   35.656306,      -85.74,
 139.581441,   35.656306,      -84.19,
 139.585946,   35.656306,      -82.61,
 139.590450,   35.656306,      -80.99,
 139.594955,   35.656306,      -79.33,
 139.599459,   35.656306,      -77.63,
 139.603964,   35.656306,      -75.90,
 139.608468,   35.656306,      -74.13,
 139.612973,   35.656306,      -72.32,
 139.617477,   35.656306,      -70.48,
 139.621982,   35.656306,      -68.60,
 139.626486,   35.656306,      -66.68,
 139.630991,   35.656306,      -64.73,
 139.635495,   35.656306,      -62.73,
 139.640000,   35.656306,      -60.70,
 139.644505,   35.656306,      -58.64,
 139.649009,   35.656306,      -56.53,
 139.653514,   35.656306,      -54.39,
 139.658018,   35.656306,      -52.22,
 139.662523,   35.656306,      -50.00,
 139.667027,   35.656306,      -47.75,
 139.671532,   35.656306,      -45.46,
 139.676036,   35.656306,      -43.13,
 139.680541,   35.656306,      -40.77,
 139.685045,   35.656306,      -38.37,
 139.689550,   35.656306,      -35.93,
 139.694054,   35.656306,      -33.46,
 139.698559,   35.656306,      -30.95,
 139.703063,   35.656306,      -28.40,
 139.707568,   35.656306,      -25.81,
 139.712072,   35.656306,      -23.19,
 139.716577,   35.656306,      -20.53,
 139.721081,   35.656306,      -17.83,
 139.725586,   35.656306,      -15.10,
 139.730090,   35.656306,      -12.33,
 139.734595,   35.656306,       -9.52,
 139.739099,   35.656306,       -6.67,
 139.743604,   35.656306,       -3.79,
 139.748108,   35.656306,       -0.87,
 139.752613,   35.656306,        2.09,
 139.757117,   35.656306,        8.14,
 139.761622,   35.656306,       11.70,
 139.766126,   35.656306,       11.65,
 139.770631,   35.656306,       11.64,
 139.775135,   35.656306,       11.65,
 139.779640,   35.656306,       11.80,
 139.784144,   35.656306,       11.98,
 139.788649,   35.656306,       12.51,
 139.793153,   35.656306,       13.30,
 139.797658,   35.656306,       14.38,
 139.802162,   35.656306,       15.91,
 139.806667,   35.656306,       17.46,
 139.811171,   35.656306,       19.01,
 139.815676,   35.656306,       20.50,
 139.820180,   35.656306,       21.88,
 139.824685,   35.656306,       22.94,
 139.829189,   35.656306,       23.98,
 139.833694,   35.656306,       24.71,
 139.838198,   35.656306,       25.27,
 139.842703,   35.656306,       26.43,
 139.847207,   35.656306,       29.44,
 139.851712,   35.656306,       31.23,
 139.856216,   35.656306,       27.18,
 139.860721,   35.656306,       30.33,
 139.865225,   35.656306,       28.90,
 139.869730,   35.656306,       27.29,
 139.874234,   35.656306,       28.33,
 139.878739,   35.656306,       30.42,
 139.883243,   35.656306,       33.16,
 139.887748,   35.656306,       36.37,
 139.892252,   35.656306,       39.83,
 139.896757,   35.656306,       42.88,
 139.901261,   35.656306,       44.90,
 139.905766,   35.656306,       45.34,
 139.910270,   35.656306,       45.69,
 139.914775,   35.656306,       46.08,
 139.919279,   35.656306,       46.48,
 139.923784,   35.656306,       46.86,
 139.928288,   35.656306,       47.24,
 139.932793,   35.656306,       47.60,
 139.937297,   35.656306,       47.87,
 139.941802,   35.656306,       48.11,
 139.946306,   35.656306,       48.35,
 139.950811,   35.656306,       48.59,
 139.955315,   35.656306,       48.83,
 139.959820,   35.656306,       49.06,
 139.964324,   35.656306,       49.27,
 139.968829,   35.656306,       49.50,
 139.973333,   35.656306,       49.74,
 139.977838,   35.656306,       49.97,
 139.982342,   35.656306,       50.21,
 139.986847,   35.656306,       50.47,
 139.991351,   35.656306,       50.73,
 139.995856,   35.656306,       50.99,
 140.000360,   35.656306,       51.23,
 140.004865,   35.656306,       51.46,
 140.009369,   35.656306,       51.68,
 140.013874,   35.656306,       51.87,
 140.018378,   35.656306,       52.04,
 140.022883,   35.656306,       52.19,
 140.027387,   35.656306,       52.34,
 140.031892,   35.656306,       52.48,
 140.036396,   35.656306,       52.63,
 140.040901,   35.656306,       52.79,
 140.045405,   35.656306,       52.97,
 140.049910,   35.656306,       53.14,
 140.054414,   35.656306,       53.31,
 140.058919,   35.656306,       53.48,
 140.063423,   35.656306,       53.69,
 140.067928,   35.656306,       53.86,
 140.072432,   35.656306,       54.00,
 140.076937,   35.656306,       54.11,
 140.081441,   35.656306,       54.20,
 140.085946,   35.656306,       54.25,
 140.090450,   35.656306,       54.28,
 140.094955,   35.656306,       54.28,
 140.099459,   35.656306,       54.26,
 140.103964,   35.656306,       54.20,
 140.108468,   35.656306,       54.12,
 140.112973,   35.656306,       54.10,
 140.117477,   35.656306,       54.25,
 140.121982,   35.656306,       54.36,
 140.126486,   35.656306,       54.46,
 140.130991,   35.656306,       54.55,
 140.135495,   35.656306,       54.64,
 140.140000,   35.656306,       54.72,
 140.144505,   35.656306,       54.79,
 140.149009,   35.656306,       54.86,
 140.153514,   35.656306,       54.96,
 140.158018,   35.656306,       55.11,
 140.162523,   35.656306,       55.22,
 140.167027,   35.656306,       55.33,
 140.171532,   35.656306,       55.43,
 140.176036,   35.656306,       55.52,
 140.180541,   35.656306,       55.61,
 140.185045,   35.656306,       55.70,
 140.189550,   35.656306,       55.78,
 140.194054,   35.656306,       55.86,
 140.198559,   35.656306,       56.00,
 140.203063,   35.656306,       56.14,
 140.207568,   35.656306,       56.29,
 140.212072,   35.656306,       56.43,
 140.216577,   35.656306,       56.52,
 140.221081,   35.656306,       56.51,
 140.225586,   35.656306,       56.50,
 140.230090,   35.656306,       56.49,
 140.234595,   35.656306,       56.48,
 140.239099,   35.656306,       56.47,
 140.243604,   35.656306,       56.46,
 140.248108,   35.656306,       56.45,
 140.252613,   35.656306,       56.43,
 140.257117,   35.656306,       56.42,
 140.261622,   35.656306,       56.40,
 140.266126,   35.656306,       56.39,
 140.270631,   35.656306,       56.37,
 140.275135,   35.656306,       56.36,
 140.279640,   35.656306,       56.34,
 140.284144,   35.656306,       56.32,
 140.288649,   35.656306,       56.30,
 140.293153,   35.656306,       56.28,
 140.297658,   35.656306,       56.26,
 140.302162,   35.656306,       56.24,
 140.306667,   35.656306,       56.22,
 140.311171,   35.656306,       56.20,
 140.315676,   35.656306,       56.18,
 140.320180,   35.656306,       56.15,
 140.324685,   35.656306,       56.13,
 140.329189,   35.656306,       56.10,
 140.333694,   35.656306,       56.08,
 140.338198,   35.656306,       56.05,
 140.342703,   35.656306,       56.03,
 140.347207,   35.656306,       56.00,
 140.351712,   35.656306,       55.97,
 140.356216,   35.656306,       55.94,
 140.360721,   35.656306,       55.91,
 140.365225,   35.656306,       55.88,
 140.369730,   35.656306,       55.85,
 140.374234,   35.656306,       55.82,
 140.378739,   35.656306,       55.79,
 140.383243,   35.656306,       55.76,
 140.387748,   35.656306,       55.72,
 139.140000,   35.660811,      -62.68,
 139.144505,   35.660811,      -64.75,
 139.149009,   35.660811,      -66.78,
 139.153514,   35.660811,      -68.77,
 139.158018,   35.660811,      -70.72,
 139.162523,   35.660811,      -72.64,
 139.167027,   35.660811,      -74.52,
 139.171532,   35.660811,      -76.36,
 139.176036,   35.660811,      -78.17,
 139.180541,   35.660811,      -79.94,
 139.185045,   35.660811,      -81.67,
 139.189550,   35.660811,      -83.36,
 139.194054,   35.660811,      -85.02,
 139.198559,   35.660811,      -86.64,
 139.203063,   35.660811,      -88.23,
 139.207568,   35.660811,      -89.77,
 139.212072,   35.660811,      -91.28,
 139.216577,   35.660811,      -92.76,
 139.221081,   35.660811,      -94.19,
 139.225586,   35.660811,      -95.59,
 139.230090,   35.660811,      -96.95,
 139.234595,   35.660811,      -98.27,
 139.239099,   35.660811,      -99.56,
 139.243604,   35.660811,     -100.81,
 139.248108,   35.660811,     -102.02,
 139.252613,   35.660811,     -103.20,
 139.257117,   35.660811,     -104.34,
 139.261622,   35.660811,     -105.44,
 139.266126,   35.660811,     -106.50,
 139.270631,   35.660811,     -107.53,
 139.275135,   35.660811,     -108.52,
 139.279640,   35.660811,     -109.47,
 139.284144,   35.660811,     -110.39,
 139.288649,   35.660811,     -111.27,
 139.293153,   35.660811,     -112.11,
 139.297658,   35.660811,     -112.91,
 139.302162,   35.660811,     -113.68,
 139.306667,   35.660811,     -114.41,
 139.311171,   35.660811,     -115.11,
 139.315676,   35.660811,     -115.76,
 139.320180,   35.660811,     -116.38,
 139.324685,   35.660811,     -116.96,
 139.329189,   35.660811,     -117.51,
 139.333694,   35.660811,     -118.02,
 139.338198,   35.660811,     -118.49,
 139.342703,   35.660811,     -118.92,
 139.347207,   35.660811,     -119.32,
 139.351712,   35.660811,     -119.68,
 139.356216,   35.660811,     -120.00,
 139.360721,   35.660811,     -120.28,
 139.365225,   35.660811,     -120.53,
 139.369730,   35.660811,     -120.74,
 139.374234,   35.660811,     -120.92,
 139.378739,   35.660811,     -121.05,
 139.383243,   35.660811,     -121.15,
 139.387748,   35.660811,     -121.22,
 139.392252,   35.660811,     -121.24,
 139.396757,   35.660811,     -121.23,
 139.401261,   35.660811,     -121.18,
 139.405766,   35.660811,     -121.10,
 139.410270,   35.660811,     -120.97,
 139.414775,   35.660811,     -120.81,
 139.419279,   35.660811,     -120.62,
 139.423784,   35.660811,     -120.38,
 139.428288,   35.660811,     -120.11,
 139.432793,   35.660811,     -119.80,
 139.437297,   35.660811,     -119.46,
 139.441802,   35.660811,     -119.08,
 139.446306,   35.660811,     -118.66,
 139.450811,   35.660811,     -118.20,
 139.455315,   35.660811,     -117.71,
 139.459820,   35.660811,     -117.17,
 139.464324,   35.660811,     -116.61,
 139.468829,   35.660811,     -116.00,
 139.473333,   35.660811,     -115.36,
 139.477838,   35.660811,     -114.68,
 139.482342,   35.660811,     -113.96,
 139.486847,   35.660811,     -113.21,
 139.491351,   35.660811,     -112.42,
 139.495856,   35.660811,     -111.59,
 139.500360,   35.660811,     -110.73,
 139.504865,   35.660811,     -109.83,
 139.509369,   35.660811,     -108.89,
 139.513874,   35.660811,     -107.91,
 139.518378,   35.660811,     -106.90,
 139.522883,   35.660811,     -105.85,
 139.527387,   35.660811,     -104.76,
 139.531892,   35.660811,     -103.64,
 139.536396,   35.660811,     -102.48,
 139.540901,   35.660811,     -101.28,
 139.545405,   35.660811,     -100.04,
 139.549910,   35.660811,      -98.77,
 139.554414,   35.660811,      -97.46,
 139.558919,   35.660811,      -96.11,
 139.563423,   35.660811,      -94.73,
 139.567928,   35.660811,      -93.31,
 139.572432,   35.660811,      -91.85,
 139.576937,   35.660811,      -90.35,
 139.581441,   35.660811,      -88.82,
 139.585946,   35.660811,      -87.25,
 139.590450,   35.660811,      -85.64,
 139.594955,   35.660811,      -84.00,
 139.599459,   35.660811,      -82.32,
 139.603964,   35.660811,      -80.60,
 139.608468,   35.660811,      -78.85,
 139.612973,   35.660811,      -77.06,
 139.617477,   35.660811,      -75.23,
 139.621982,   35.660811,      -73.36,
 139.626486,   35.660811,      -71.46,
 139.630991,   35.660811,      -69.52,
 139.635495,   35.660811,      -67.54,
 139.640000,   35.660811,      -65.52,
 139.644505,   35.660811,      -63.47,
 139.649009,   35.660811,      -61.38,
 139.653514,   35.660811,      -59.26,
 139.658018,   35.660811,      -57.09,
 139.662523,   35.660811,      -54.89,
 139.667027,   35.660811,      -52.66,
 139.671532,   35.660811,      -50.38,
 139.676036,   35.660811,      -48.07,
 139.680541,   35.660811,      -45.72,
 139.685045,   35.660811,      -43.34,
 139.689550,   35.660811,      -40.92,
 139.694054,   35.660811,      -38.46,
 139.698559,   35.660811,      -35.96,
 139.703063,   35.660811,      -33.42,
 139.707568,   35.660811,      -30.85,
 139.712072,   35.660811,      -28.25,
 139.716577,   35.660811,      -25.60,
 139.721081,   35.660811,      -22.92,
 139.725586,   35.660811,      -20.20,
 139.730090,   35.660811,      -17.44,
 139.734595,   35.660811,      -14.65,
 139.739099,   35.660811,      -11.82,
 139.743604,   35.660811,       -8.95,
 139.748108,   35.660811,       -6.04,
 139.752613,   35.660811,       -3.10,
 139.757117,   35.660811,       -0.12,
 139.761622,   35.660811,        3.45,
 139.766126,   35.660811,       10.54,
 139.770631,   35.660811,       10.84,
 139.775135,   35.660811,       10.84,
 139.779640,   35.660811,       10.92,
 139.784144,   35.660811,       10.98,
 139.788649,   35.660811,       11.28,
 139.793153,   35.660811,       11.88,
 139.797658,   35.660811,       12.82,
 139.802162,   35.660811,       14.53,
 139.806667,   35.660811,       16.28,
 139.811171,   35.660811,       17.81,
 139.815676,   35.660811,       19.13,
 139.820180,   35.660811,       20.20,
 139.824685,   35.660811,       20.82,
 139.829189,   35.660811,       20.49,
 139.833694,   35.660811,       20.75,
 139.838198,   35.660811,       21.94,
 139.842703,   35.660811,       23.27,
 139.847207,   35.660811,       25.03,
 139.851712,   35.660811,       17.91,
 139.856216,   35.660811,        8.72,
 139.860721,   35.660811,       10.68,
 139.865225,   35.660811,       17.85,
 139.869730,   35.660811,       21.93,
 139.874234,   35.660811,       25.19,
 139.878739,   35.660811,       28.11,
 139.883243,   35.660811,       30.95,
 139.887748,   35.660811,       33.81,
 139.892252,   35.660811,       36.70,
 139.896757,   35.660811,       39.66,
 139.901261,   35.660811,       43.07,
 139.905766,   35.660811,       46.02,
 139.910270,   35.660811,       46.30,
 139.914775,   35.660811,       46.62,
 139.919279,   35.660811,       46.94,
 139.923784,   35.660811,       47.31,
 139.928288,   35.660811,       47.68,
 139.932793,   35.660811,       48.04,
 139.937297,   35.660811,       48.31,
 139.941802,   35.660811,       48.54,
 139.946306,   35.660811,       48.77,
 139.950811,   35.660811,       48.99,
 139.955315,   35.660811,       49.19,
 139.959820,   35.660811,       49.40,
 139.964324,   35.660811,       49.63,
 139.968829,   35.660811,       49.86,
 139.973333,   35.660811,       50.10,
 139.977838,   35.660811,       50.34,
 139.982342,   35.660811,       50.58,
 139.986847,   35.660811,       50.87,
 139.991351,   35.660811,       51.15,
 139.995856,   35.660811,       51.41,
 140.000360,   35.660811,       51.69,
 140.004865,   35.660811,       51.95,
 140.009369,   35.660811,       52.19,
 140.013874,   35.660811,       52.40,
 140.018378,   35.660811,       52.58,
 140.022883,   35.660811,       52.70,
 140.027387,   35.660811,       52.83,
 140.031892,   35.660811,       52.96,
 140.036396,   35.660811,       53.11,
 140.040901,   35.660811,       53.27,
 140.045405,   35.660811,       53.44,
 140.049910,   35.660811,       53.60,
 140.054414,   35.660811,       53.76,
 140.058919,   35.660811,       53.90,
 140.063423,   35.660811,       54.07,
 140.067928,   35.660811,       54.23,
 140.072432,   35.660811,       54.37,
 140.076937,   35.660811,       54.48,
 140.081441,   35.660811,       54.56,
 140.085946,   35.660811,       54.61,
 140.090450,   35.660811,       54.64,
 140.094955,   35.660811,       54.63,
 140.099459,   35.660811,       54.60,
 140.103964,   35.660811,       54.54,
 140.108468,   35.660811,       54.46,
 140.112973,   35.660811,       54.34,
 140.117477,   35.660811,       54.35,
 140.121982,   35.660811,       54.49,
 140.126486,   35.660811,       54.59,
 140.130991,   35.660811,       54.69,
 140.135495,   35.660811,       54.77,
 140.140000,   35.660811,       54.85,
 140.144505,   35.660811,       54.93,
 140.149009,   35.660811,       54.99,
 140.153514,   35.660811,       55.05,
 140.158018,   35.660811,       55.15,
 140.162523,   35.660811,       55.29,
 140.167027,   35.660811,       55.42,
 140.171532,   35.660811,       55.52,
 140.176036,   35.660811,       55.61,
 140.180541,   35.660811,       55.70,
 140.185045,   35.660811,       55.79,
 140.189550,   35.660811,       55.88,
 140.194054,   35.660811,       55.96,
 140.198559,   35.660811,       56.03,
 140.203063,   35.660811,       56.16,
 140.207568,   35.660811,       56.30,
 140.212072,   35.660811,       56.44,
 140.216577,   35.660811,       56.59,
 140.221081,   35.660811,       56.73,
 140.225586,   35.660811,       56.75,
 140.230090,   35.660811,       56.74,
 140.234595,   35.660811,       56.73,
 140.239099,   35.660811,       56.72,
 140.243604,   35.660811,       56.71,
 140.248108,   35.660811,       56.70,
 140.252613,   35.660811,       56.68,
 140.257117,   35.660811,       56.67,
 140.261622,   35.660811,       56.66,
 140.266126,   35.660811,       56.64,
 140.270631,   35.660811,       56.62,
 140.275135,   35.660811,       56.61,
 140.279640,   35.660811,       56.59,
 140.284144,   35.660811,       56.57,
 140.288649,   35.660811,       56.56,
 140.293153,   35.660811,       56.54,
 140.297658,   35.660811,       56.52,
 140.302162,   35.660811,       56.50,
 140.306667,   35.660811,       56.48,
 140.311171,   35.660811,       56.45,
 140.315676,   35.660811,       56.43,
 140.320180,   35.660811,       56.41,
 140.324685,   35.660811,       56.38,
 140.329189,   35.660811,       56.36,
 140.333694,   35.660811,       56.33,
 140.338198,   35.660811,       56.31,
 140.342703,   35.660811,       56.28,
 140.347207,   35.660811,       56.26,
 140.351712,   35.660811,       56.23,
 140.356216,   35.660811,       56.20,
 140.360721,   35.660811,       56.17,
 140.365225,   35.660811,       56.14,
 140.369730,   35.660811,       56.11,
 140.374234,   35.660811,       56.08,
 140.378739,   35.660811,       56.05,
 140.383243,   35.660811,       56.01,
 140.387748,   35.660811,       55.98,
 139.140000,   35.665315,      -65.91,
 139.144505,   35.665315,      -67.99,
 139.149009,   35.665315,      -70.03,
 139.153514,   35.665315,      -72.04,
 139.158018,   35.665315,      -74.01,
 139.162523,   35.665315,      -75.94,
 139.167027,   35.665315,      -77.83,
 139.171532,   35.665315,      -79.69,
 139.176036,   35.665315,      -81.51,
 139.180541,   35.665315,      -83.30,
 139.185045,   35.665315,      -85.04,
 139.189550,   35.665315,      -86.75,
 139.194054,   35.665315,      -88.42,
 139.198559,   35.665315,      -90.06,
 139.203063,   35.665315,      -91.66,
 139.207568,   35.665315,      -93.22,
 139.212072,   35.665315,      -94.74,
 139.216577,   35.665315,      -96.23,
 139.221081,   35.665315,      -97.68,
 139.225586,   35.665315,      -99.09,
 139.230090,   35.665315,     -100.47,
 139.234595,   35.665315,     -101.81,
 139.239099,   35.665315,     -103.11,
 139.243604,   35.665315,     -104.37,
 139.248108,   35.665315,     -105.60,
 139.252613,   35.665315,     -106.79,
 139.257117,   35.665315,     -107.95,
 139.261622,   35.665315,     -109.06,
 139.266126,   35.665315,     -110.14,
 139.270631,   35.665315,     -111.18,
 139.275135,   35.665315,     -112.19,
 139.279640,   35.665315,     -113.15,
 139.284144,   35.665315,     -114.09,
 139.288649,   35.665315,     -114.98,
 139.293153,   35.665315,     -115.84,
 139.297658,   35.665315,     -116.65,
 139.302162,   35.665315,     -117.44,
 139.306667,   35.665315,     -118.18,
 139.311171,   35.665315,     -118.89,
 139.315676,   35.665315,     -119.56,
 139.320180,   35.665315,     -120.19,
 139.324685,   35.665315,     -120.79,
 139.329189,   35.665315,     -121.35,
 139.333694,   35.665315,     -121.87,
 139.338198,   35.665315,     -122.36,
 139.342703,   35.665315,     -122.81,
 139.347207,   35.665315,     -123.22,
 139.351712,   35.665315,     -123.59,
 139.356216,   35.665315,     -123.93,
 139.360721,   35.665315,     -124.23,
 139.365225,   35.665315,     -124.49,
 139.369730,   35.665315,     -124.72,
 139.374234,   35.665315,     -124.91,
 139.378739,   35.665315,     -125.06,
 139.383243,   35.665315,     -125.17,
 139.387748,   35.665315,     -125.25,
 139.392252,   35.665315,     -125.29,
 139.396757,   35.665315,     -125.29,
 139.401261,   35.665315,     -125.26,
 139.405766,   35.665315,     -125.19,
 139.410270,   35.665315,     -125.08,
 139.414775,   35.665315,     -124.94,
 139.419279,   35.665315,     -124.75,
 139.423784,   35.665315,     -124.53,
 139.428288,   35.665315,     -124.28,
 139.432793,   35.665315,     -123.98,
 139.437297,   35.665315,     -123.65,
 139.441802,   35.665315,     -123.29,
 139.446306,   35.665315,     -122.88,
 139.450811,   35.665315,     -122.44,
 139.455315,   35.665315,     -121.96,
 139.459820,   35.665315,     -121.44,
 139.464324,   35.665315,     -120.89,
 139.468829,   35.665315,     -120.30,
 139.473333,   35.665315,     -119.67,
 139.477838,   35.665315,     -119.01,
 139.482342,   35.665315,     -118.31,
 139.486847,   35.665315,     -117.57,
 139.491351,   35.665315,     -116.79,
 139.495856,   35.665315,     -115.98,
 139.500360,   35.665315,     -115.13,
 139.504865,   35.665315,     -114.24,
 139.509369,   35.665315,     -113.32,
 139.513874,   35.665315,     -112.36,
 139.518378,   35.665315,     -111.36,
 139.522883,   35.665315,     -110.32,
 139.527387,   35.665315,     -109.25,
 139.531892,   35.665315,     -108.14,
 139.536396,   35.665315,     -107.00,
 139.540901,   35.665315,     -105.81,
 139.545405,   35.665315,     -104.59,
 139.549910,   35.665315,     -103.33,
 139.554414,   35.665315,     -102.04,
 139.558919,   35.665315,     -100.71,
 139.563423,   35.665315,      -99.34,
 139.567928,   35.665315,      -97.93,
 139.572432,   35.665315,      -96.49,
 139.576937,   35.665315,      -95.01,
 139.581441,   35.665315,      -93.49,
 139.585946,   35.665315,      -91.93,
 139.590450,   35.665315,      -90.34,
 139.594955,   35.665315,      -88.71,
 139.599459,   35.665315,      -87.05,
 139.603964,   35.665315,      -85.34,
 139.608468,   35.665315,      -83.60,
 139.612973,   35.665315,      -81.83,
 139.617477,   35.665315,      -80.01,
 139.621982,   35.665315,      -78.16,
 139.626486,   35.665315,      -76.27,
 139.630991,   35.665315,      -74.34,
 139.635495,   35.665315,      -72.38,
 139.640000,   35.665315,      -70.38,
 139.644505,   35.665315,      -68.35,
 139.649009,   35.665315,      -66.27,
 139.653514,   35.665315,      -64.16,
 139.658018,   35.665315,      -62.01,
 139.662523,   35.665315,      -59.83,
 139.667027,   35.665315,      -57.60,
 139.671532,   35.665315,      -55.34,
 139.676036,   35.665315,      -53.05,
 139.680541,   35.665315,      -50.71,
 139.685045,   35.665315,      -48.34,
 139.689550,   35.665315,      -45.93,
 139.694054,   35.665315,      -43.49,
 139.698559,   35.665315,      -41.01,
 139.703063,   35.665315,      -38.49,
 139.707568,   35.665315,      -35.93,
 139.712072,   35.665315,      -33.34,
 139.716577,   35.665315,      -30.71,
 139.721081,   35.665315,      -28.04,
 139.725586,   35.665315,      -25.34,
 139.730090,   35.665315,      -22.59,
 139.734595,   35.665315,      -19.81,
 139.739099,   35.665315,      -17.00,
 139.743604,   35.665315,      -14.15,
 139.748108,   35.665315,      -11.26,
 139.752613,   35.665315,       -8.33,
 139.757117,   35.665315,       -5.36,
 139.761622,   35.665315,       -2.36,
 139.766126,   35.665315,        0.68,
 139.770631,   35.665315,        6.81,
 139.775135,   35.665315,       10.03,
 139.779640,   35.665315,       10.04,
 139.784144,   35.665315,       10.32,
 139.788649,   35.665315,       10.46,
 139.793153,   35.665315,       10.91,
 139.797658,   35.665315,       11.89,
 139.802162,   35.665315,       13.49,
 139.806667,   35.665315,       15.41,
 139.811171,   35.665315,       17.09,
 139.815676,   35.665315,       18.24,
 139.820180,   35.665315,       19.19,
 139.824685,   35.665315,       19.14,
 139.829189,   35.665315,       16.17,
 139.833694,   35.665315,       15.19,
 139.838198,   35.665315,       17.50,
 139.842703,   35.665315,       18.98,
 139.847207,   35.665315,       19.91,
 139.851712,   35.665315,       11.79,
 139.856216,   35.665315,       11.26,
 139.860721,   35.665315,       17.15,
 139.865225,   35.665315,       20.81,
 139.869730,   35.665315,       23.62,
 139.874234,   35.665315,       26.16,
 139.878739,   35.665315,       28.59,
 139.883243,   35.665315,       30.99,
 139.887748,   35.665315,       33.39,
 139.892252,   35.665315,       35.81,
 139.896757,   35.665315,       38.25,
 139.901261,   35.665315,       40.78,
 139.905766,   35.665315,       43.49,
 139.910270,   35.665315,       46.54,
 139.914775,   35.665315,       47.08,
 139.919279,   35.665315,       47.41,
 139.923784,   35.665315,       47.76,
 139.928288,   35.665315,       48.12,
 139.932793,   35.665315,       48.48,
 139.937297,   35.665315,       48.74,
 139.941802,   35.665315,       48.98,
 139.946306,   35.665315,       49.22,
 139.950811,   35.665315,       49.44,
 139.955315,   35.665315,       49.63,
 139.959820,   35.665315,       49.81,
 139.964324,   35.665315,       49.98,
 139.968829,   35.665315,       50.25,
 139.973333,   35.665315,       50.50,
 139.977838,   35.665315,       50.74,
 139.982342,   35.665315,       51.01,
 139.986847,   35.665315,       51.30,
 139.991351,   35.665315,       51.59,
 139.995856,   35.665315,       51.87,
 140.000360,   35.665315,       52.17,
 140.004865,   35.665315,       52.47,
 140.009369,   35.665315,       52.74,
 140.013874,   35.665315,       52.97,
 140.018378,   35.665315,       53.10,
 140.022883,   35.665315,       53.20,
 140.027387,   35.665315,       53.32,
 140.031892,   35.665315,       53.45,
 140.036396,   35.665315,       53.58,
 140.040901,   35.665315,       53.74,
 140.045405,   35.665315,       53.91,
 140.049910,   35.665315,       54.06,
 140.054414,   35.665315,       54.20,
 140.058919,   35.665315,       54.34,
 140.063423,   35.665315,       54.47,
 140.067928,   35.665315,       54.64,
 140.072432,   35.665315,       54.77,
 140.076937,   35.665315,       54.87,
 140.081441,   35.665315,       54.95,
 140.085946,   35.665315,       55.00,
 140.090450,   35.665315,       55.02,
 140.094955,   35.665315,       55.01,
 140.099459,   35.665315,       54.98,
 140.103964,   35.665315,       54.91,
 140.108468,   35.665315,       54.82,
 140.112973,   35.665315,       54.70,
 140.117477,   35.665315,       54.56,
 140.121982,   35.665315,       54.59,
 140.126486,   35.665315,       54.73,
 140.130991,   35.665315,       54.83,
 140.135495,   35.665315,       54.92,
 140.140000,   35.665315,       55.00,
 140.144505,   35.665315,       55.07,
 140.149009,   35.665315,       55.13,
 140.153514,   35.665315,       55.19,
 140.158018,   35.665315,       55.24,
 140.162523,   35.665315,       55.33,
 140.167027,   35.665315,       55.48,
 140.171532,   35.665315,       55.61,
 140.176036,   35.665315,       55.71,
 140.180541,   35.665315,       55.80,
 140.185045,   35.665315,       55.89,
 140.189550,   35.665315,       55.97,
 140.194054,   35.665315,       56.05,
 140.198559,   35.665315,       56.13,
 140.203063,   35.665315,       56.21,
 140.207568,   35.665315,       56.32,
 140.212072,   35.665315,       56.46,
 140.216577,   35.665315,       56.60,
 140.221081,   35.665315,       56.74,
 140.225586,   35.665315,       56.88,
 140.230090,   35.665315,       56.99,
 140.234595,   35.665315,       56.98,
 140.239099,   35.665315,       56.97,
 140.243604,   35.665315,       56.96,
 140.248108,   35.665315,       56.95,
 140.252613,   35.665315,       56.93,
 140.257117,   35.665315,       56.92,
 140.261622,   35.665315,       56.91,
 140.266126,   35.665315,       56.89,
 140.270631,   35.665315,       56.88,
 140.275135,   35.665315,       56.86,
 140.279640,   35.665315,       56.84,
 140.284144,   35.665315,       56.83,
 140.288649,   35.665315,       56.81,
 140.293153,   35.665315,       56.79,
 140.297658,   35.665315,       56.77,
 140.302162,   35.665315,       56.75,
 140.306667,   35.665315,       56.73,
 140.311171,   35.665315,       56.71,
 140.315676,   35.665315,       56.69,
 140.320180,   35.665315,       56.66,
 140.324685,   35.665315,       56.64,
 140.329189,   35.665315,       56.62,
 140.333694,   35.665315,       56.59,
 140.338198,   35.665315,       56.57,
 140.342703,   35.665315,       56.54,
 140.347207,   35.665315,       56.51,
 140.351712,   35.665315,       56.49,
 140.356216,   35.665315,       56.46,
 140.360721,   35.665315,       56.43,
 140.365225,   35.665315,       56.40,
 140.369730,   35.665315,       56.37,
 140.374234,   35.665315,       56.34,
 140.378739,   35.665315,       56.31,
 140.383243,   35.665315,       56.27,
 140.387748,   35.665315,       56.24,
 139.140000,   35.669820,      -69.17,
 139.144505,   35.669820,      -71.26,
 139.149009,   35.669820,      -73.32,
 139.153514,   35.669820,      -75.34,
 139.158018,   35.669820,      -77.33,
 139.162523,   35.669820,      -79.27,
 139.167027,   35.669820,      -81.18,
 139.171532,   35.669820,      -83.06,
 139.176036,   35.669820,      -84.89,
 139.180541,   35.669820,      -86.69,
 139.185045,   35.669820,      -88.45,
 139.189550,   35.669820,      -90.18,
 139.194054,   35.669820,      -91.86,
 139.198559,   35.669820,      -93.51,
 139.203063,   35.669820,      -95.13,
 139.207568,   35.669820,      -96.70,
 139.212072,   35.669820,      -98.24,
 139.216577,   35.669820,      -99.74,
 139.221081,   35.669820,     -101.21,
 139.225586,   35.669820,     -102.64,
 139.230090,   35.669820,     -104.03,
 139.234595,   35.669820,     -105.38,
 139.239099,   35.669820,     -106.70,
 139.243604,   35.669820,     -107.98,
 139.248108,   35.669820,     -109.22,
 139.252613,   35.669820,     -110.42,
 139.257117,   35.669820,     -111.59,
 139.261622,   35.669820,     -112.72,
 139.266126,   35.669820,     -113.81,
 139.270631,   35.669820,     -114.87,
 139.275135,   35.669820,     -115.89,
 139.279640,   35.669820,     -116.87,
 139.284144,   35.669820,     -117.82,
 139.288649,   35.669820,     -118.73,
 139.293153,   35.669820,     -119.60,
 139.297658,   35.669820,     -120.43,
 139.302162,   35.669820,     -121.23,
 139.306667,   35.669820,     -121.99,
 139.311171,   35.669820,     -122.71,
 139.315676,   35.669820,     -123.40,
 139.320180,   35.669820,     -124.05,
 139.324685,   35.669820,     -124.66,
 139.329189,   35.669820,     -125.23,
 139.333694,   35.669820,     -125.77,
 139.338198,   35.669820,     -126.27,
 139.342703,   35.669820,     -126.73,
 139.347207,   35.669820,     -127.16,
 139.351712,   35.669820,     -127.55,
 139.356216,   35.669820,     -127.90,
 139.360721,   35.669820,     -128.21,
 139.365225,   35.669820,     -128.49,
 139.369730,   35.669820,     -128.73,
 139.374234,   35.669820,     -128.93,
 139.378739,   35.669820,     -129.10,
 139.383243,   35.669820,     -129.23,
 139.387748,   35.669820,     -129.32,
 139.392252,   35.669820,     -129.38,
 139.396757,   35.669820,     -129.40,
 139.401261,   35.669820,     -129.38,
 139.405766,   35.669820,     -129.32,
 139.410270,   35.669820,     -129.23,
 139.414775,   35.669820,     -129.10,
 139.419279,   35.669820,     -128.93,
 139.423784,   35.669820,     -128.72,
 139.428288,   35.669820,     -128.48,
 139.432793,   35.669820,     -128.20,
 139.437297,   35.669820,     -127.89,
 139.441802,   35.669820,     -127.53,
 139.446306,   35.669820,     -127.14,
 139.450811,   35.669820,     -126.72,
 139.455315,   35.669820,     -126.25,
 139.459820,   35.669820,     -125.75,
 139.464324,   35.669820,     -125.21,
 139.468829,   35.669820,     -124.64,
 139.473333,   35.669820,     -124.02,
 139.477838,   35.669820,     -123.38,
 139.482342,   35.669820,     -122.69,
 139.486847,   35.669820,     -121.96,
 139.491351,   35.669820,     -121.20,
 139.495856,   35.669820,     -120.40,
 139.500360,   35.669820,     -119.57,
 139.504865,   35.669820,     -118.70,
 139.509369,   35.669820,     -117.79,
 139.513874,   35.669820,     -116.84,
 139.518378,   35.669820,     -115.86,
 139.522883,   35.669820,     -114.84,
 139.527387,   35.669820,     -113.78,
 139.531892,   35.669820,     -112.68,
 139.536396,   35.669820,     -111.55,
 139.540901,   35.669820,     -110.38,
 139.545405,   35.669820,     -109.18,
 139.549910,   35.669820,     -107.93,
 139.554414,   35.669820,     -106.65,
 139.558919,   35.669820,     -105.34,
 139.563423,   35.669820,     -103.98,
 139.567928,   35.669820,     -102.59,
 139.572432,   35.669820,     -101.16,
 139.576937,   35.669820,      -99.69,
 139.581441,   35.669820,      -98.19,
 139.585946,   35.669820,      -96.65,
 139.590450,   35.669820,      -95.07,
 139.594955,   35.669820,      -93.46,
 139.599459,   35.669820,      -91.81,
 139.603964,   35.669820,      -90.12,
 139.608468,   35.669820,      -88.39,
 139.612973,   35.669820,      -86.63,
 139.617477,   35.669820,      -84.83,
 139.621982,   35.669820,      -83.00,
 139.626486,   35.669820,      -81.12,
 139.630991,   35.669820,      -79.21,
 139.635495,   35.669820,      -77.26,
 139.640000,   35.669820,      -75.28,
 139.644505,   35.669820,      -73.25,
 139.649009,   35.669820,      -71.20,
 139.653514,   35.669820,      -69.10,
 139.658018,   35.669820,      -66.97,
 139.662523,   35.669820,      -64.79,
 139.667027,   35.669820,      -62.59,
 139.671532,   35.669820,      -60.34,
 139.676036,   35.669820,      -58.06,
 139.680541,   35.669820,      -55.74,
 139.685045,   35.669820,      -53.38,
 139.689550,   35.669820,      -50.99,
 139.694054,   35.669820,      -48.56,
 139.698559,   35.669820,      -46.09,
 139.703063,   35.669820,      -43.59,
 139.707568,   35.669820,      -41.05,
 139.712072,   35.669820,      -38.47,
 139.716577,   35.669820,      -35.85,
 139.721081,   35.669820,      -33.20,
 139.725586,   35.669820,      -30.51,
 139.730090,   35.669820,      -27.78,
 139.734595,   35.669820,      -25.02,
 139.739099,   35.669820,      -22.22,
 139.743604,   35.669820,      -19.38,
 139.748108,   35.669820,      -16.50,
 139.752613,   35.669820,      -13.59,
 139.757117,   35.669820,      -10.64,
 139.761622,   35.669820,       -7.65,
 139.766126,   35.669820,       -4.63,
 139.770631,   35.669820,       -1.57,
 139.775135,   35.669820,        2.38,
 139.779640,   35.669820,        6.64,
 139.784144,   35.669820,        7.63,
 139.788649,   35.669820,       10.08,
 139.793153,   35.669820,       10.91,
 139.797658,   35.669820,       12.14,
 139.802162,   35.669820,       13.04,
 139.806667,   35.669820,       13.47,
 139.811171,   35.669820,       13.33,
 139.815676,   35.669820,       12.03,
 139.820180,   35.669820,       10.52,
 139.824685,   35.669820,        9.14,
 139.829189,   35.669820,        6.98,
 139.833694,   35.669820,        6.50,
 139.838198,   35.669820,       11.44,
 139.842703,   35.669820,       12.93,
 139.847207,   35.669820,       14.42,
 139.851712,   35.669820,       14.90,
 139.856216,   35.669820,       16.35,
 139.860721,   35.669820,       18.66,
 139.865225,   35.669820,       21.05,
 139.869730,   35.669820,       23.43,
 139.874234,   35.669820,       25.78,
 139.878739,   35.669820,       28.12,
 139.883243,   35.669820,       30.45,
 139.887748,   35.669820,       32.76,
 139.892252,   35.669820,       35.05,
 139.896757,   35.669820,       37.30,
 139.901261,   35.669820,       39.65,
 139.905766,   35.669820,       42.15,
 139.910270,   35.669820,       44.87,
 139.914775,   35.669820,       47.41,
 139.919279,   35.669820,       47.85,
 139.923784,   35.669820,       48.17,
 139.928288,   35.669820,       48.49,
 139.932793,   35.669820,       48.80,
 139.937297,   35.669820,       49.10,
 139.941802,   35.669820,       49.39,
 139.946306,   35.669820,       49.67,
 139.950811,   35.669820,       49.91,
 139.955315,   35.669820,       50.09,
 139.959820,   35.669820,       50.27,
 139.964324,   35.669820,       50.46,
 139.968829,   35.669820,       50.68,
 139.973333,   35.669820,       50.93,
 139.977838,   35.669820,       51.20,
 139.982342,   35.669820,       51.48,
 139.986847,   35.669820,       51.77,
 139.991351,   35.669820,       52.05,
 139.995856,   35.669820,       52.34,
 140.000360,   35.669820,       52.64,
 140.004865,   35.669820,       52.92,
 140.009369,   35.669820,       53.23,
 140.013874,   35.669820,       53.48,
 140.018378,   35.669820,       53.53,
 140.022883,   35.669820,       53.63,
 140.027387,   35.669820,       53.76,
 140.031892,   35.669820,       53.91,
 140.036396,   35.669820,       54.05,
 140.040901,   35.669820,       54.21,
 140.045405,   35.669820,       54.36,
 140.049910,   35.669820,       54.50,
 140.054414,   35.669820,       54.64,
 140.058919,   35.669820,       54.78,
 140.063423,   35.669820,       54.91,
 140.067928,   35.669820,       55.06,
 140.072432,   35.669820,       55.20,
 140.076937,   35.669820,       55.30,
 140.081441,   35.669820,       55.37,
 140.085946,   35.669820,       55.41,
 140.090450,   35.669820,       55.43,
 140.094955,   35.669820,       55.42,
 140.099459,   35.669820,       55.38,
 140.103964,   35.669820,       55.31,
 140.108468,   35.669820,       55.21,
 140.112973,   35.669820,       55.09,
 140.117477,   35.669820,       54.94,
 140.121982,   35.669820,       54.76,
 140.126486,   35.669820,       54.84,
 140.130991,   35.669820,       54.98,
 140.135495,   35.669820,       55.06,
 140.140000,   35.669820,       55.14,
 140.144505,   35.669820,       55.22,
 140.149009,   35.669820,       55.28,
 140.153514,   35.669820,       55.34,
 140.158018,   35.669820,       55.39,
 140.162523,   35.669820,       55.43,
 140.167027,   35.669820,       55.52,
 140.171532,   35.669820,       55.66,
 140.176036,   35.669820,       55.81,
 140.180541,   35.669820,       55.90,
 140.185045,   35.669820,       55.99,
 140.189550,   35.669820,       56.07,
 140.194054,   35.669820,       56.16,
 140.198559,   35.669820,       56.23,
 140.203063,   35.669820,       56.31,
 140.207568,   35.669820,       56.38,
 140.212072,   35.669820,       56.47,
 140.216577,   35.669820,       56.62,
 140.221081,   35.669820,       56.76,
 140.225586,   35.669820,       56.90,
 140.230090,   35.669820,       57.04,
 140.234595,   35.669820,       57.18,
 140.239099,   35.669820,       57.22,
 140.243604,   35.669820,       57.21,
 140.248108,   35.669820,       57.20,
 140.252613,   35.669820,       57.19,
 140.257117,   35.669820,       57.17,
 140.261622,   35.669820,       57.16,
 140.266126,   35.669820,       57.15,
 140.270631,   35.669820,       57.13,
 140.275135,   35.669820,       57.11,
 140.279640,   35.669820,       57.10,
 140.284144,   35.669820,       57.08,
 140.288649,   35.669820,       57.06,
 140.293153,   35.669820,       57.04,
 140.297658,   35.669820,       57.03,
 140.302162,   35.669820,       57.01,
 140.306667,   35.669820,       56.99,
 140.311171,   35.669820,       56.96,
 140.315676,   35.669820,       56.94,
 140.320180,   35.669820,       56.92,
 140.324685,   35.669820,       56.90,
 140.329189,   35.669820,       56.87,
 140.333694,   35.669820,       56.85,
 140.338198,   35.669820,       56.82,
 140.342703,   35.669820,       56.80,
 140.347207,   35.669820,       56.77,
 140.351712,   35.669820,       56.74,
 140.356216,   35.669820,       56.72,
 140.360721,   35.669820,       56.69,
 140.365225,   35.669820,       56.66,
 140.369730,   35.669820,       56.63,
 140.374234,   35.669820,       56.60,
 140.378739,   35.669820,       56.57,
 140.383243,   35.669820,       56.54,
 140.387748,   35.669820,       56.50,
 139.140000,   35.674324,      -72.47,
 139.144505,   35.674324,      -74.58,
 139.149009,   35.674324,      -76.65,
 139.153514,   35.674324,      -78.69,
 139.158018,   35.674324,      -80.69,
 139.162523,   35.674324,      -82.65,
 139.167027,   35.674324,      -84.57,
 139.171532,   35.674324,      -86.46,
 139.176036,   35.674324,      -88.31,
 139.180541,   35.674324,      -90.12,
 139.185045,   35.674324,      -91.90,
 139.189550,   35.674324,      -93.64,
 139.194054,   35.674324,      -95.34,
 139.198559,   35.674324,      -97.01,
 139.203063,   35.674324,      -98.63,
 139.207568,   35.674324,     -100.22,
 139.212072,   35.674324,     -101.78,
 139.216577,   35.674324,     -103.29,
 139.221081,   35.674324,     -104.77,
 139.225586,   35.674324,     -106.22,
 139.230090,   35.674324,     -107.62,
 139.234595,   35.674324,     -108.99,
 139.239099,   35.674324,     -110.32,
 139.243604,   35.674324,     -111.61,
 139.248108,   35.674324,     -112.87,
 139.252613,   35.674324,     -114.09,
 139.257117,   35.674324,     -115.27,
 139.261622,   35.674324,     -116.42,
 139.266126,   35.674324,     -117.53,
 139.270631,   35.674324,     -118.60,
 139.275135,   35.674324,     -119.63,
 139.279640,   35.674324,     -120.63,
 139.284144,   35.674324,     -121.59,
 139.288649,   35.674324,     -122.51,
 139.293153,   35.674324,     -123.40,
 139.297658,   35.674324,     -124.25,
 139.302162,   35.674324,     -125.06,
 139.306667,   35.674324,     -125.83,
 139.311171,   35.674324,     -126.57,
 139.315676,   35.674324,     -127.27,
 139.320180,   35.674324,     -127.93,
 139.324685,   35.674324,     -128.56,
 139.329189,   35.674324,     -129.15,
 139.333694,   35.674324,     -129.70,
 139.338198,   35.674324,     -130.22,
 139.342703,   35.674324,     -130.69,
 139.347207,   35.674324,     -131.13,
 139.351712,   35.674324,     -131.54,
 139.356216,   35.674324,     -131.90,
 139.360721,   35.674324,     -132.23,
 139.365225,   35.674324,     -132.53,
 139.369730,   35.674324,     -132.78,
 139.374234,   35.674324,     -133.00,
 139.378739,   35.674324,     -133.18,
 139.383243,   35.674324,     -133.32,
 139.387748,   35.674324,     -133.43,
 139.392252,   35.674324,     -133.50,
 139.396757,   35.674324,     -133.53,
 139.401261,   35.674324,     -133.53,
 139.405766,   35.674324,     -133.49,
 139.410270,   35.674324,     -133.41,
 139.414775,   35.674324,     -133.29,
 139.419279,   35.674324,     -133.14,
 139.423784,   35.674324,     -132.95,
 139.428288,   35.674324,     -132.72,
 139.432793,   35.674324,     -132.46,
 139.437297,   35.674324,     -132.16,
 139.441802,   35.674324,     -131.82,
 139.446306,   35.674324,     -131.44,
 139.450811,   35.674324,     -131.03,
 139.455315,   35.674324,     -130.58,
 139.459820,   35.674324,     -130.10,
 139.464324,   35.674324,     -129.57,
 139.468829,   35.674324,     -129.01,
 139.473333,   35.674324,     -128.41,
 139.477838,   35.674324,     -127.78,
 139.482342,   35.674324,     -127.11,
 139.486847,   35.674324,     -126.40,
 139.491351,   35.674324,     -125.65,
 139.495856,   35.674324,     -124.87,
 139.500360,   35.674324,     -124.05,
 139.504865,   35.674324,     -123.19,
 139.509369,   35.674324,     -122.29,
 139.513874,   35.674324,     -121.36,
 139.518378,   35.674324,     -120.39,
 139.522883,   35.674324,     -119.39,
 139.527387,   35.674324,     -118.34,
 139.531892,   35.674324,     -117.26,
 139.536396,   35.674324,     -116.15,
 139.540901,   35.674324,     -114.99,
 139.545405,   35.674324,     -113.80,
 139.549910,   35.674324,     -112.57,
 139.554414,   35.674324,     -111.31,
 139.558919,   35.674324,     -110.00,
 139.563423,   35.674324,     -108.66,
 139.567928,   35.674324,     -107.29,
 139.572432,   35.674324,     -105.87,
 139.576937,   35.674324,     -104.42,
 139.581441,   35.674324,     -102.93,
 139.585946,   35.674324,     -101.41,
 139.590450,   35.674324,      -99.84,
 139.594955,   35.674324,      -98.25,
 139.599459,   35.674324,      -96.61,
 139.603964,   35.674324,      -94.93,
 139.608468,   35.674324,      -93.22,
 139.612973,   35.674324,      -91.48,
 139.617477,   35.674324,      -89.69,
 139.621982,   35.674324,      -87.87,
 139.626486,   35.674324,      -86.01,
 139.630991,   35.674324,      -84.11,
 139.635495,   35.674324,      -82.18,
 139.640000,   35.674324,      -80.21,
 139.644505,   35.674324,      -78.20,
 139.649009,   35.674324,      -76.16,
 139.653514,   35.674324,      -74.08,
 139.658018,   35.674324,      -71.96,
 139.662523,   35.674324,      -69.80,
 139.667027,   35.674324,      -67.61,
 139.671532,   35.674324,      -65.38,
 139.676036,   35.674324,      -63.11,
 139.680541,   35.674324,      -60.81,
 139.685045,   35.674324,      -58.46,
 139.689550,   35.674324,      -56.09,
 139.694054,   35.674324,      -53.67,
 139.698559,   35.674324,      -51.22,
 139.703063,   35.674324,      -48.73,
 139.707568,   35.674324,      -46.20,
 139.712072,   35.674324,      -43.64,
 139.716577,   35.674324,      -41.03,
 139.721081,   35.674324,      -38.40,
 139.725586,   35.674324,      -35.72,
 139.730090,   35.674324,      -33.01,
 139.734595,   35.674324,      -30.26,
 139.739099,   35.674324,      -27.47,
 139.743604,   35.674324,      -24.65,
 139.748108,   35.674324,      -21.79,
 139.752613,   35.674324,      -18.89,
 139.757117,   35.674324,      -15.96,
 139.761622,   35.674324,      -12.98,
 139.766126,   35.674324,       -9.97,
 139.770631,   35.674324,       -6.93,
 139.775135,   35.674324,       -3.84,
 139.779640,   35.674324,       -0.72,
 139.784144,   35.674324,        2.41,
 139.788649,   35.674324,        3.15,
 139.793153,   35.674324,        1.85,
 139.797658,   35.674324,        1.76,
 139.802162,   35.674324,        2.17,
 139.806667,   35.674324,        2.64,
 139.811171,   35.674324,        3.10,
 139.815676,   35.674324,        3.53,
 139.820180,   35.674324,        3.92,
 139.824685,   35.674324,        4.56,
 139.829189,   35.674324,        5.78,
 139.833694,   35.674324,        7.05,
 139.838198,   35.674324,        8.47,
 139.842703,   35.674324,       10.12,
 139.847207,   35.674324,       11.54,
 139.851712,   35.674324,       12.97,
 139.856216,   35.674324,       14.56,
 139.860721,   35.674324,       16.36,
 139.865225,   35.674324,       18.29,
 139.869730,   35.674324,       20.36,
 139.874234,   35.674324,       22.60,
 139.878739,   35.674324,       25.07,
 139.883243,   35.674324,       27.59,
 139.887748,   35.674324,       30.10,
 139.892252,   35.674324,       32.62,
 139.896757,   35.674324,       35.13,
 139.901261,   35.674324,       37.67,
 139.905766,   35.674324,       40.22,
 139.910270,   35.674324,       42.81,
 139.914775,   35.674324,       45.38,
 139.919279,   35.674324,       48.00,
 139.923784,   35.674324,       48.53,
 139.928288,   35.674324,       48.82,
 139.932793,   35.674324,       49.11,
 139.937297,   35.674324,       49.42,
 139.941802,   35.674324,       49.72,
 139.946306,   35.674324,       50.04,
 139.950811,   35.674324,       50.33,
 139.955315,   35.674324,       50.49,
 139.959820,   35.674324,       50.69,
 139.964324,   35.674324,       50.91,
 139.968829,   35.674324,       51.14,
 139.973333,   35.674324,       51.38,
 139.977838,   35.674324,       51.65,
 139.982342,   35.674324,       51.92,
 139.986847,   35.674324,       52.20,
 139.991351,   35.674324,       52.51,
 139.995856,   35.674324,       52.81,
 140.000360,   35.674324,       53.05,
 140.004865,   35.674324,       53.29,
 140.009369,   35.674324,       53.55,
 140.013874,   35.674324,       53.76,
 140.018378,   35.674324,       53.87,
 140.022883,   35.674324,       53.99,
 140.027387,   35.674324,       54.12,
 140.031892,   35.674324,       54.27,
 140.036396,   35.674324,       54.48,
 140.040901,   35.674324,       54.67,
 140.045405,   35.674324,       54.81,
 140.049910,   35.674324,       54.95,
 140.054414,   35.674324,       55.09,
 140.058919,   35.674324,       55.23,
 140.063423,   35.674324,       55.35,
 140.067928,   35.674324,       55.48,
 140.072432,   35.674324,       55.65,
 140.076937,   35.674324,       55.75,
 140.081441,   35.674324,       55.82,
 140.085946,   35.674324,       55.85,
 140.090450,   35.674324,       55.87,
 140.094955,   35.674324,       55.85,
 140.099459,   35.674324,       55.81,
 140.103964,   35.674324,       55.73,
 140.108468,   35.674324,       55.63,
 140.112973,   35.674324,       55.51,
 140.117477,   35.674324,       55.35,
 140.121982,   35.674324,       55.17,
 140.126486,   35.674324,       54.96,
 140.130991,   35.674324,       55.08,
 140.135495,   35.674324,       55.22,
 140.140000,   35.674324,       55.30,
 140.144505,   35.674324,       55.37,
 140.149009,   35.674324,       55.44,
 140.153514,   35.674324,       55.50,
 140.158018,   35.674324,       55.55,
 140.162523,   35.674324,       55.59,
 140.167027,   35.674324,       55.62,
 140.171532,   35.674324,       55.70,
 140.176036,   35.674324,       55.85,
 140.180541,   35.674324,       56.00,
 140.185045,   35.674324,       56.09,
 140.189550,   35.674324,       56.18,
 140.194054,   35.674324,       56.26,
 140.198559,   35.674324,       56.34,
 140.203063,   35.674324,       56.42,
 140.207568,   35.674324,       56.49,
 140.212072,   35.674324,       56.56,
 140.216577,   35.674324,       56.63,
 140.221081,   35.674324,       56.77,
 140.225586,   35.674324,       56.92,
 140.230090,   35.674324,       57.06,
 140.234595,   35.674324,       57.20,
 140.239099,   35.674324,       57.34,
 140.243604,   35.674324,       57.46,
 140.248108,   35.674324,       57.45,
 140.252613,   35.674324,       57.44,
 140.257117,   35.674324,       57.43,
 140.261622,   35.674324,       57.41,
 140.266126,   35.674324,       57.40,
 140.270631,   35.674324,       57.38,
 140.275135,   35.674324,       57.37,
 140.279640,   35.674324,       57.35,
 140.284144,   35.674324,       57.34,
 140.288649,   35.674324,       57.32,
 140.293153,   35.674324,       57.30,
 140.297658,   35.674324,       57.28,
 140.302162,   35.674324,       57.26,
 140.306667,   35.674324,       57.24,
 140.311171,   35.674324,       57.22,
 140.315676,   35.674324,       57.20,
 140.320180,   35.674324,       57.18,
 140.324685,   35.674324,       57.15,
 140.329189,   35.674324,       57.13,
 140.333694,   35.674324,       57.11,
 140.338198,   35.674324,       57.08,
 140.342703,   35.674324,       57.06,
 140.347207,   35.674324,       57.03,
 140.351712,   35.674324,       57.00,
 140.356216,   35.674324,       56.98,
 140.360721,   35.674324,       56.95,
 140.365225,   35.674324,       56.92,
 140.369730,   35.674324,       56.89,
 140.374234,   35.674324,       56.86,
 140.378739,   35.674324,       56.83,
 140.383243,   35.674324,       56.80,
 140.387748,   35.674324,       56.76,
 139.140000,   35.678829,      -75.81,
 139.144505,   35.678829,      -77.93,
 139.149009,   35.678829,      -80.02,
 139.153514,   35.678829,      -82.07,
 139.158018,   35.678829,      -84.08,
 139.162523,   35.678829,      -86.06,
 139.167027,   35.678829,      -88.00,
 139.171532,   35.678829,      -89.90,
 139.176036,   35.678829,      -91.77,
 139.180541,   35.678829,      -93.59,
 139.185045,   35.678829,      -95.38,
 139.189550,   35.678829,      -97.14,
 139.194054,   35.678829,      -98.85,
 139.198559,   35.678829,     -100.53,
 139.203063,   35.678829,     -102.18,
 139.207568,   35.678829,     -103.78,
 139.212072,   35.678829,     -105.35,
 139.216577,   35.678829,     -106.88,
 139.221081,   35.678829,     -108.37,
 139.225586,   35.678829,     -109.83,
 139.230090,   35.678829,     -111.25,
 139.234595,   35.678829,     -112.63,
 139.239099,   35.678829,     -113.98,
 139.243604,   35.678829,     -115.29,
 139.248108,   35.678829,     -116.56,
 139.252613,   35.678829,     -117.79,
 139.257117,   35.678829,     -118.99,
 139.261622,   35.678829,     -120.15,
 139.266126,   35.678829,     -121.28,
 139.270631,   35.678829,     -122.36,
 139.275135,   35.678829,     -123.41,
 139.279640,   35.678829,     -124.42,
 139.284144,   35.678829,     -125.40,
 139.288649,   35.678829,     -126.33,
 139.293153,   35.678829,     -127.23,
 139.297658,   35.678829,     -128.10,
 139.302162,   35.678829,     -128.92,
 139.306667,   35.678829,     -129.71,
 139.311171,   35.678829,     -130.47,
 139.315676,   35.678829,     -131.18,
 139.320180,   35.678829,     -131.86,
 139.324685,   35.678829,     -132.50,
 139.329189,   35.678829,     -133.10,
 139.333694,   35.678829,     -133.67,
 139.338198,   35.678829,     -134.20,
 139.342703,   35.678829,     -134.69,
 139.347207,   35.678829,     -135.15,
 139.351712,   35.678829,     -135.57,
 139.356216,   35.678829,     -135.95,
 139.360721,   35.678829,     -136.29,
 139.365225,   35.678829,     -136.60,
 139.369730,   35.678829,     -136.87,
 139.374234,   35.678829,     -137.10,
 139.378739,   35.678829,     -137.30,
 139.383243,   35.678829,     -137.46,
 139.387748,   35.678829,     -137.58,
 139.392252,   35.678829,     -137.66,
 139.396757,   35.678829,     -137.71,
 139.401261,   35.678829,     -137.72,
 139.405766,   35.678829,     -137.69,
 139.410270,   35.678829,     -137.63,
 139.414775,   35.678829,     -137.53,
 139.419279,   35.678829,     -137.39,
 139.423784,   35.678829,     -137.21,
 139.428288,   35.678829,     -137.00,
 139.432793,   35.678829,     -136.75,
 139.437297,   35.678829,     -136.47,
 139.441802,   35.678829,     -136.14,
 139.446306,   35.678829,     -135.78,
 139.450811,   35.678829,     -135.38,
 139.455315,   35.678829,     -134.95,
 139.459820,   35.678829,     -134.48,
 139.464324,   35.678829,     -133.97,
 139.468829,   35.678829,     -133.42,
 139.473333,   35.678829,     -132.84,
 139.477838,   35.678829,     -132.22,
 139.482342,   35.678829,     -131.56,
 139.486847,   35.678829,     -130.87,
 139.491351,   35.678829,     -130.13,
 139.495856,   35.678829,     -129.37,
 139.500360,   35.678829,     -128.56,
 139.504865,   35.678829,     -127.72,
 139.509369,   35.678829,     -126.84,
 139.513874,   35.678829,     -125.92,
 139.518378,   35.678829,     -124.96,
 139.522883,   35.678829,     -123.97,
 139.527387,   35.678829,     -122.95,
 139.531892,   35.678829,     -121.88,
 139.536396,   35.678829,     -120.78,
 139.540901,   35.678829,     -119.64,
 139.545405,   35.678829,     -118.46,
 139.549910,   35.678829,     -117.25,
 139.554414,   35.678829,     -116.00,
 139.558919,   35.678829,     -114.71,
 139.563423,   35.678829,     -113.38,
 139.567928,   35.678829,     -112.02,
 139.572432,   35.678829,     -110.62,
 139.576937,   35.678829,     -109.18,
 139.581441,   35.678829,     -107.71,
 139.585946,   35.678829,     -106.20,
 139.590450,   35.678829,     -104.65,
 139.594955,   35.678829,     -103.07,
 139.599459,   35.678829,     -101.45,
 139.603964,   35.678829,      -99.79,
 139.608468,   35.678829,      -98.09,
 139.612973,   35.678829,      -96.36,
 139.617477,   35.678829,      -94.59,
 139.621982,   35.678829,      -92.78,
 139.626486,   35.678829,      -90.93,
 139.630991,   35.678829,      -89.05,
 139.635495,   35.678829,      -87.13,
 139.640000,   35.678829,      -85.18,
 139.644505,   35.678829,      -83.19,
 139.649009,   35.678829,      -81.16,
 139.653514,   35.678829,      -79.09,
 139.658018,   35.678829,      -76.98,
 139.662523,   35.678829,      -74.84,
 139.667027,   35.678829,      -72.66,
 139.671532,   35.678829,      -70.45,
 139.676036,   35.678829,      -68.20,
 139.680541,   35.678829,      -65.91,
 139.685045,   35.678829,      -63.58,
 139.689550,   35.678829,      -61.22,
 139.694054,   35.678829,      -58.82,
 139.698559,   35.678829,      -56.38,
 139.703063,   35.678829,      -53.90,
 139.707568,   35.678829,      -51.39,
 139.712072,   35.678829,      -48.84,
 139.716577,   35.678829,      -46.25,
 139.721081,   35.678829,      -43.63,
 139.725586,   35.678829,      -40.97,
 139.730090,   35.678829,      -38.27,
 139.734595,   35.678829,      -35.54,
 139.739099,   35.678829,      -32.77,
 139.743604,   35.678829,      -29.96,
 139.748108,   35.678829,      -27.11,
 139.752613,   35.678829,      -24.23,
 139.757117,   35.678829,      -21.31,
 139.761622,   35.678829,      -18.35,
 139.766126,   35.678829,      -15.35,
 139.770631,   35.678829,      -12.32,
 139.775135,   35.678829,       -9.25,
 139.779640,   35.678829,       -6.15,
 139.784144,   35.678829,       -3.40,
 139.788649,   35.678829,       -1.37,
 139.793153,   35.678829,        0.62,
 139.797658,   35.678829,        2.57,
 139.802162,   35.678829,        4.50,
 139.806667,   35.678829,        6.38,
 139.811171,   35.678829,        7.61,
 139.815676,   35.678829,        8.39,
 139.820180,   35.678829,        9.23,
 139.824685,   35.678829,       10.14,
 139.829189,   35.678829,       11.09,
 139.833694,   35.678829,       12.09,
 139.838198,   35.678829,       13.14,
 139.842703,   35.678829,       14.21,
 139.847207,   35.678829,       15.30,
 139.851712,   35.678829,       16.47,
 139.856216,   35.678829,       17.72,
 139.860721,   35.678829,       19.07,
 139.865225,   35.678829,       20.48,
 139.869730,   35.678829,       21.95,
 139.874234,   35.678829,       23.48,
 139.878739,   35.678829,       25.08,
 139.883243,   35.678829,       26.75,
 139.887748,   35.678829,       28.49,
 139.892252,   35.678829,       30.28,
 139.896757,   35.678829,       32.23,
 139.901261,   35.678829,       34.45,
 139.905766,   35.678829,       37.02,
 139.910270,   35.678829,       39.69,
 139.914775,   35.678829,       42.39,
 139.919279,   35.678829,       45.08,
 139.923784,   35.678829,       47.54,
 139.928288,   35.678829,       49.12,
 139.932793,   35.678829,       49.42,
 139.937297,   35.678829,       49.69,
 139.941802,   35.678829,       49.96,
 139.946306,   35.678829,       50.24,
 139.950811,   35.678829,       50.50,
 139.955315,   35.678829,       50.74,
 139.959820,   35.678829,       50.98,
 139.964324,   35.678829,       51.25,
 139.968829,   35.678829,       51.56,
 139.973333,   35.678829,       51.82,
 139.977838,   35.678829,       52.04,
 139.982342,   35.678829,       52.29,
 139.986847,   35.678829,       52.56,
 139.991351,   35.678829,       52.84,
 139.995856,   35.678829,       53.11,
 140.000360,   35.678829,       53.35,
 140.004865,   35.678829,       53.59,
 140.009369,   35.678829,       53.83,
 140.013874,   35.678829,       54.03,
 140.018378,   35.678829,       54.16,
 140.022883,   35.678829,       54.28,
 140.027387,   35.678829,       54.47,
 140.031892,   35.678829,       54.67,
 140.036396,   35.678829,       54.89,
 140.040901,   35.678829,       55.12,
 140.045405,   35.678829,       55.27,
 140.049910,   35.678829,       55.41,
 140.054414,   35.678829,       55.55,
 140.058919,   35.678829,       55.68,
 140.063423,   35.678829,       55.80,
 140.067928,   35.678829,       55.93,
 140.072432,   35.678829,       56.06,
 140.076937,   35.678829,       56.23,
 140.081441,   35.678829,       56.29,
 140.085946,   35.678829,       56.32,
 140.090450,   35.678829,       56.33,
 140.094955,   35.678829,       56.31,
 140.099459,   35.678829,       56.26,
 140.103964,   35.678829,       56.19,
 140.108468,   35.678829,       56.08,
 140.112973,   35.678829,       55.95,
 140.117477,   35.678829,       55.79,
 140.121982,   35.678829,       55.60,
 140.126486,   35.678829,       55.39,
 140.130991,   35.678829,       55.17,
 140.135495,   35.678829,       55.33,
 140.140000,   35.678829,       55.47,
 140.144505,   35.678829,       55.54,
 140.149009,   35.678829,       55.60,
 140.153514,   35.678829,       55.66,
 140.158018,   35.678829,       55.71,
 140.162523,   35.678829,       55.75,
 140.167027,   35.678829,       55.79,
 140.171532,   35.678829,       55.81,
 140.176036,   35.678829,       55.89,
 140.180541,   35.678829,       56.04,
 140.185045,   35.678829,       56.18,
 140.189550,   35.678829,       56.29,
 140.194054,   35.678829,       56.37,
 140.198559,   35.678829,       56.45,
 140.203063,   35.678829,       56.53,
 140.207568,   35.678829,       56.60,
 140.212072,   35.678829,       56.67,
 140.216577,   35.678829,       56.73,
 140.221081,   35.678829,       56.79,
 140.225586,   35.678829,       56.93,
 140.230090,   35.678829,       57.07,
 140.234595,   35.678829,       57.22,
 140.239099,   35.678829,       57.36,
 140.243604,   35.678829,       57.50,
 140.248108,   35.678829,       57.64,
 140.252613,   35.678829,       57.69,
 140.257117,   35.678829,       57.68,
 140.261622,   35.678829,       57.67,
 140.266126,   35.678829,       57.65,
 140.270631,   35.678829,       57.64,
 140.275135,   35.678829,       57.62,
 140.279640,   35.678829,       57.61,
 140.284144,   35.678829,       57.59,
 140.288649,   35.678829,       57.57,
 140.293153,   35.678829,       57.56,
 140.297658,   35.678829,       57.54,
 140.302162,   35.678829,       57.52,
 140.306667,   35.678829,       57.50,
 140.311171,   35.678829,       57.48,
 140.315676,   35.678829,       57.46,
 140.320180,   35.678829,       57.44,
 140.324685,   35.678829,       57.41,
 140.329189,   35.678829,       57.39,
 140.333694,   35.678829,       57.37,
 140.338198,   35.678829,       57.34,
 140.342703,   35.678829,       57.32,
 140.347207,   35.678829,       57.29,
 140.351712,   35.678829,       57.26,
 140.356216,   35.678829,       57.24,
 140.360721,   35.678829,       57.21,
 140.365225,   35.678829,       57.18,
 140.369730,   35.678829,       57.15,
 140.374234,   35.678829,       57.12,
 140.378739,   35.678829,       57.09,
 140.383243,   35.678829,       57.06,
 140.387748,   35.678829,       57.03,
 139.140000,   35.683333,      -79.18,
 139.144505,   35.683333,      -81.32,
 139.149009,   35.683333,      -83.42,
 139.153514,   35.683333,      -85.49,
 139.158018,   35.683333,      -87.52,
 139.162523,   35.683333,      -89.51,
 139.167027,   35.683333,      -91.46,
 139.171532,   35.683333,      -93.38,
 139.176036,   35.683333,      -95.26,
 139.180541,   35.683333,      -97.10,
 139.185045,   35.683333,      -98.91,
 139.189550,   35.683333,     -100.67,
 139.194054,   35.683333,     -102.40,
 139.198559,   35.683333,     -104.10,
 139.203063,   35.683333,     -105.76,
 139.207568,   35.683333,     -107.38,
 139.212072,   35.683333,     -108.96,
 139.216577,   35.683333,     -110.51,
 139.221081,   35.683333,     -112.01,
 139.225586,   35.683333,     -113.49,
 139.230090,   35.683333,     -114.92,
 139.234595,   35.683333,     -116.32,
 139.239099,   35.683333,     -117.68,
 139.243604,   35.683333,     -119.00,
 139.248108,   35.683333,     -120.29,
 139.252613,   35.683333,     -121.54,
 139.257117,   35.683333,     -122.75,
 139.261622,   35.683333,     -123.92,
 139.266126,   35.683333,     -125.06,
 139.270631,   35.683333,     -126.16,
 139.275135,   35.683333,     -127.23,
 139.279640,   35.683333,     -128.25,
 139.284144,   35.683333,     -129.24,
 139.288649,   35.683333,     -130.19,
 139.293153,   35.683333,     -131.11,
 139.297658,   35.683333,     -131.99,
 139.302162,   35.683333,     -132.83,
 139.306667,   35.683333,     -133.63,
 139.311171,   35.683333,     -134.40,
 139.315676,   35.683333,     -135.13,
 139.320180,   35.683333,     -135.82,
 139.324685,   35.683333,     -136.48,
 139.329189,   35.683333,     -137.10,
 139.333694,   35.683333,     -137.68,
 139.338198,   35.683333,     -138.22,
 139.342703,   35.683333,     -138.73,
 139.347207,   35.683333,     -139.20,
 139.351712,   35.683333,     -139.63,
 139.356216,   35.683333,     -140.03,
 139.360721,   35.683333,     -140.39,
 139.365225,   35.683333,     -140.71,
 139.369730,   35.683333,     -140.99,
 139.374234,   35.683333,     -141.24,
 139.378739,   35.683333,     -141.45,
 139.383243,   35.683333,     -141.62,
 139.387748,   35.683333,     -141.76,
 139.392252,   35.683333,     -141.86,
 139.396757,   35.683333,     -141.92,
 139.401261,   35.683333,     -141.95,
 139.405766,   35.683333,     -141.93,
 139.410270,   35.683333,     -141.88,
 139.414775,   35.683333,     -141.80,
 139.419279,   35.683333,     -141.67,
 139.423784,   35.683333,     -141.51,
 139.428288,   35.683333,     -141.32,
 139.432793,   35.683333,     -141.08,
 139.437297,   35.683333,     -140.81,
 139.441802,   35.683333,     -140.50,
 139.446306,   35.683333,     -140.16,
 139.450811,   35.683333,     -139.77,
 139.455315,   35.683333,     -139.35,
 139.459820,   35.683333,     -138.89,
 139.464324,   35.683333,     -138.40,
 139.468829,   35.683333,     -137.87,
 139.473333,   35.683333,     -137.30,
 139.477838,   35.683333,     -136.69,
 139.482342,   35.683333,     -136.05,
 139.486847,   35.683333,     -135.37,
 139.491351,   35.683333,     -134.65,
 139.495856,   35.683333,     -133.90,
 139.500360,   35.683333,     -133.11,
 139.504865,   35.683333,     -132.28,
 139.509369,   35.683333,     -131.42,
 139.513874,   35.683333,     -130.51,
 139.518378,   35.683333,     -129.57,
 139.522883,   35.683333,     -128.60,
 139.527387,   35.683333,     -127.58,
 139.531892,   35.683333,     -126.53,
 139.536396,   35.683333,     -125.45,
 139.540901,   35.683333,     -124.32,
 139.545405,   35.683333,     -123.16,
 139.549910,   35.683333,     -121.96,
 139.554414,   35.683333,     -120.72,
 139.558919,   35.683333,     -119.45,
 139.563423,   35.683333,     -118.14,
 139.567928,   35.683333,     -116.79,
 139.572432,   35.683333,     -115.41,
 139.576937,   35.683333,     -113.98,
 139.581441,   35.683333,     -112.53,
 139.585946,   35.683333,     -111.03,
 139.590450,   35.683333,     -109.50,
 139.594955,   35.683333,     -107.93,
 139.599459,   35.683333,     -106.32,
 139.603964,   35.683333,     -104.67,
 139.608468,   35.683333,     -102.99,
 139.612973,   35.683333,     -101.27,
 139.617477,   35.683333,      -99.52,
 139.621982,   35.683333,      -97.73,
 139.626486,   35.683333,      -95.90,
 139.630991,   35.683333,      -94.03,
 139.635495,   35.683333,      -92.13,
 139.640000,   35.683333,      -90.18,
 139.644505,   35.683333,      -88.21,
 139.649009,   35.683333,      -86.19,
 139.653514,   35.683333,      -84.14,
 139.658018,   35.683333,      -82.05,
 139.662523,   35.683333,      -79.92,
 139.667027,   35.683333,      -77.76,
 139.671532,   35.683333,      -75.56,
 139.676036,   35.683333,      -73.32,
 139.680541,   35.683333,      -71.05,
 139.685045,   35.683333,      -68.73,
 139.689550,   35.683333,      -66.38,
 139.694054,   35.683333,      -64.00,
 139.698559,   35.683333,      -61.57,
 139.703063,   35.683333,      -59.11,
 139.707568,   35.683333,      -56.62,
 139.712072,   35.683333,      -54.08,
 139.716577,   35.683333,      -51.51,
 139.721081,   35.683333,      -48.90,
 139.725586,   35.683333,      -46.26,
 139.730090,   35.683333,      -43.57,
 139.734595,   35.683333,      -40.85,
 139.739099,   35.683333,      -38.10,
 139.743604,   35.683333,      -35.30,
 139.748108,   35.683333,      -32.47,
 139.752613,   35.683333,      -29.60,
 139.757117,   35.683333,      -26.70,
 139.761622,   35.683333,      -23.75,
 139.766126,   35.683333,      -20.77,
 139.770631,   35.683333,      -17.76,
 139.775135,   35.683333,      -14.70,
 139.779640,   35.683333,      -11.63,
 139.784144,   35.683333,       -8.97,
 139.788649,   35.683333,       -6.80,
 139.793153,   35.683333,       -4.67,
 139.797658,   35.683333,       -2.58,
 139.802162,   35.683333,       -0.52,
 139.806667,   35.683333,        1.51,
 139.811171,   35.683333,        3.50,
 139.815676,   35.683333,        5.46,
 139.820180,   35.683333,        7.38,
 139.824685,   35.683333,        9.27,
 139.829189,   35.683333,       11.13,
 139.833694,   35.683333,       12.95,
 139.838198,   35.683333,       14.74,
 139.842703,   35.683333,       16.49,
 139.847207,   35.683333,       17.95,
 139.851712,   35.683333,       18.97,
 139.856216,   35.683333,       20.03,
 139.860721,   35.683333,       21.14,
 139.865225,   35.683333,       22.30,
 139.869730,   35.683333,       23.50,
 139.874234,   35.683333,       24.76,
 139.878739,   35.683333,       26.08,
 139.883243,   35.683333,       27.45,
 139.887748,   35.683333,       28.88,
 139.892252,   35.683333,       30.38,
 139.896757,   35.683333,       31.97,
 139.901261,   35.683333,       33.65,
 139.905766,   35.683333,       35.44,
 139.910270,   35.683333,       37.37,
 139.914775,   35.683333,       39.39,
 139.919279,   35.683333,       41.46,
 139.923784,   35.683333,       44.01,
 139.928288,   35.683333,       46.59,
 139.932793,   35.683333,       49.14,
 139.937297,   35.683333,       49.91,
 139.941802,   35.683333,       50.15,
 139.946306,   35.683333,       50.40,
 139.950811,   35.683333,       50.66,
 139.955315,   35.683333,       50.93,
 139.959820,   35.683333,       51.20,
 139.964324,   35.683333,       51.49,
 139.968829,   35.683333,       51.79,
 139.973333,   35.683333,       52.08,
 139.977838,   35.683333,       52.33,
 139.982342,   35.683333,       52.58,
 139.986847,   35.683333,       52.85,
 139.991351,   35.683333,       53.12,
 139.995856,   35.683333,       53.36,
 140.000360,   35.683333,       53.61,
 140.004865,   35.683333,       53.86,
 140.009369,   35.683333,       54.10,
 140.013874,   35.683333,       54.30,
 140.018378,   35.683333,       54.46,
 140.022883,   35.683333,       54.64,
 140.027387,   35.683333,       54.83,
 140.031892,   35.683333,       55.05,
 140.036396,   35.683333,       55.28,
 140.040901,   35.683333,       55.52,
 140.045405,   35.683333,       55.73,
 140.049910,   35.683333,       55.87,
 140.054414,   35.683333,       56.00,
 140.058919,   35.683333,       56.13,
 140.063423,   35.683333,       56.26,
 140.067928,   35.683333,       56.38,
 140.072432,   35.683333,       56.49,
 140.076937,   35.683333,       56.65,
 140.081441,   35.683333,       56.79,
 140.085946,   35.683333,       56.82,
 140.090450,   35.683333,       56.83,
 140.094955,   35.683333,       56.80,
 140.099459,   35.683333,       56.75,
 140.103964,   35.683333,       56.67,
 140.108468,   35.683333,       56.56,
 140.112973,   35.683333,       56.42,
 140.117477,   35.683333,       56.26,
 140.121982,   35.683333,       56.07,
 140.126486,   35.683333,       55.85,
 140.130991,   35.683333,       55.60,
 140.135495,   35.683333,       55.41,
 140.140000,   35.683333,       55.58,
 140.144505,   35.683333,       55.71,
 140.149009,   35.683333,       55.78,
 140.153514,   35.683333,       55.83,
 140.158018,   35.683333,       55.88,
 140.162523,   35.683333,       55.92,
 140.167027,   35.683333,       55.96,
 140.171532,   35.683333,       55.99,
 140.176036,   35.683333,       56.00,
 140.180541,   35.683333,       56.08,
 140.185045,   35.683333,       56.22,
 140.189550,   35.683333,       56.37,
 140.194054,   35.683333,       56.48,
 140.198559,   35.683333,       56.56,
 140.203063,   35.683333,       56.64,
 140.207568,   35.683333,       56.71,
 140.212072,   35.683333,       56.78,
 140.216577,   35.683333,       56.85,
 140.221081,   35.683333,       56.91,
 140.225586,   35.683333,       56.97,
 140.230090,   35.683333,       57.09,
 140.234595,   35.683333,       57.23,
 140.239099,   35.683333,       57.37,
 140.243604,   35.683333,       57.52,
 140.248108,   35.683333,       57.66,
 140.252613,   35.683333,       57.80,
 140.257117,   35.683333,       57.93,
 140.261622,   35.683333,       57.92,
 140.266126,   35.683333,       57.91,
 140.270631,   35.683333,       57.89,
 140.275135,   35.683333,       57.88,
 140.279640,   35.683333,       57.86,
 140.284144,   35.683333,       57.85,
 140.288649,   35.683333,       57.83,
 140.293153,   35.683333,       57.81,
 140.297658,   35.683333,       57.79,
 140.302162,   35.683333,       57.78,
 140.306667,   35.683333,       57.76,
 140.311171,   35.683333,       57.74,
 140.315676,   35.683333,       57.71,
 140.320180,   35.683333,       57.69,
 140.324685,   35.683333,       57.67,
 140.329189,   35.683333,       57.65,
 140.333694,   35.683333,       57.62,
 140.338198,   35.683333,       57.60,
 140.342703,   35.683333,       57.58,
 140.347207,   35.683333,       57.55,
 140.351712,   35.683333,       57.52,
 140.356216,   35.683333,       57.50,
 140.360721,   35.683333,       57.47,
 140.365225,   35.683333,       57.44,
 140.369730,   35.683333,       57.41,
 140.374234,   35.683333,       57.38,
 140.378739,   35.683333,       57.35,
 140.383243,   35.683333,       57.32,
 140.387748,   35.683333,       57.29,
 139.140000,   35.687838,      -82.59,
 139.144505,   35.687838,      -84.75,
 139.149009,   35.687838,      -86.86,
 139.153514,   35.687838,      -88.94,
 139.158018,   35.687838,      -90.99,
 139.162523,   35.687838,      -92.99,
 139.167027,   35.687838,      -94.96,
 139.171532,   35.687838,      -96.89,
 139.176036,   35.687838,      -98.79,
 139.180541,   35.687838,     -100.64,
 139.185045,   35.687838,     -102.46,
 139.189550,   35.687838,     -104.25,
 139.194054,   35.687838,     -105.99,
 139.198559,   35.687838,     -107.70,
 139.203063,   35.687838,     -109.37,
 139.207568,   35.687838,     -111.01,
 139.212072,   35.687838,     -112.61,
 139.216577,   35.687838,     -114.17,
 139.221081,   35.687838,     -115.69,
 139.225586,   35.687838,     -117.18,
 139.230090,   35.687838,     -118.63,
 139.234595,   35.687838,     -120.04,
 139.239099,   35.687838,     -121.41,
 139.243604,   35.687838,     -122.75,
 139.248108,   35.687838,     -124.05,
 139.252613,   35.687838,     -125.32,
 139.257117,   35.687838,     -126.54,
 139.261622,   35.687838,     -127.73,
 139.266126,   35.687838,     -128.88,
 139.270631,   35.687838,     -130.00,
 139.275135,   35.687838,     -131.08,
 139.279640,   35.687838,     -132.12,
 139.284144,   35.687838,     -133.12,
 139.288649,   35.687838,     -134.09,
 139.293153,   35.687838,     -135.02,
 139.297658,   35.687838,     -135.91,
 139.302162,   35.687838,     -136.77,
 139.306667,   35.687838,     -137.59,
 139.311171,   35.687838,     -138.37,
 139.315676,   35.687838,     -139.11,
 139.320180,   35.687838,     -139.82,
 139.324685,   35.687838,     -140.49,
 139.329189,   35.687838,     -141.12,
 139.333694,   35.687838,     -141.72,
 139.338198,   35.687838,     -142.28,
 139.342703,   35.687838,     -142.80,
 139.347207,   35.687838,     -143.29,
 139.351712,   35.687838,     -143.73,
 139.356216,   35.687838,     -144.14,
 139.360721,   35.687838,     -144.52,
 139.365225,   35.687838,     -144.85,
 139.369730,   35.687838,     -145.15,
 139.374234,   35.687838,     -145.42,
 139.378739,   35.687838,     -145.64,
 139.383243,   35.687838,     -145.83,
 139.387748,   35.687838,     -145.98,
 139.392252,   35.687838,     -146.09,
 139.396757,   35.687838,     -146.17,
 139.401261,   35.687838,     -146.21,
 139.405766,   35.687838,     -146.21,
 139.410270,   35.687838,     -146.18,
 139.414775,   35.687838,     -146.11,
 139.419279,   35.687838,     -146.00,
 139.423784,   35.687838,     -145.85,
 139.428288,   35.687838,     -145.67,
 139.432793,   35.687838,     -145.45,
 139.437297,   35.687838,     -145.19,
 139.441802,   35.687838,     -144.90,
 139.446306,   35.687838,     -144.57,
 139.450811,   35.687838,     -144.20,
 139.455315,   35.687838,     -143.79,
 139.459820,   35.687838,     -143.35,
 139.464324,   35.687838,     -142.87,
 139.468829,   35.687838,     -142.35,
 139.473333,   35.687838,     -141.80,
 139.477838,   35.687838,     -141.21,
 139.482342,   35.687838,     -140.58,
 139.486847,   35.687838,     -139.92,
 139.491351,   35.687838,     -139.21,
 139.495856,   35.687838,     -138.47,
 139.500360,   35.687838,     -137.70,
 139.504865,   35.687838,     -136.88,
 139.509369,   35.687838,     -136.03,
 139.513874,   35.687838,     -135.15,
 139.518378,   35.687838,     -134.22,
 139.522883,   35.687838,     -133.26,
 139.527387,   35.687838,     -132.26,
 139.531892,   35.687838,     -131.22,
 139.536396,   35.687838,     -130.15,
 139.540901,   35.687838,     -129.04,
 139.545405,   35.687838,     -127.89,
 139.549910,   35.687838,     -126.71,
 139.554414,   35.687838,     -125.49,
 139.558919,   35.687838,     -124.23,
 139.563423,   35.687838,     -122.93,
 139.567928,   35.687838,     -121.60,
 139.572432,   35.687838,     -120.23,
 139.576937,   35.687838,     -118.82,
 139.581441,   35.687838,     -117.38,
 139.585946,   35.687838,     -115.90,
 139.590450,   35.687838,     -114.38,
 139.594955,   35.687838,     -112.82,
 139.599459,   35.687838,     -111.23,
 139.603964,   35.687838,     -109.60,
 139.608468,   35.687838,     -107.93,
 139.612973,   35.687838,     -106.23,
 139.617477,   35.687838,     -104.49,
 139.621982,   35.687838,     -102.71,
 139.626486,   35.687838,     -100.90,
 139.630991,   35.687838,      -99.04,
 139.635495,   35.687838,      -97.15,
 139.640000,   35.687838,      -95.23,
 139.644505,   35.687838,      -93.26,
 139.649009,   35.687838,      -91.26,
 139.653514,   35.687838,      -89.23,
 139.658018,   35.687838,      -87.15,
 139.662523,   35.687838,      -85.04,
 139.667027,   35.687838,      -82.89,
 139.671532,   35.687838,      -80.70,
 139.676036,   35.687838,      -78.48,
 139.680541,   35.687838,      -76.22,
 139.685045,   35.687838,      -73.92,
 139.689550,   35.687838,      -71.59,
 139.694054,   35.687838,      -69.22,
 139.698559,   35.687838,      -66.81,
 139.703063,   35.687838,      -64.36,
 139.707568,   35.687838,      -61.88,
 139.712072,   35.687838,      -59.36,
 139.716577,   35.687838,      -56.80,
 139.721081,   35.687838,      -54.21,
 139.725586,   35.687838,      -51.58,
 139.730090,   35.687838,      -48.91,
 139.734595,   35.687838,      -46.20,
 139.739099,   35.687838,      -43.46,
 139.743604,   35.687838,      -40.68,
 139.748108,   35.687838,      -37.87,
 139.752613,   35.687838,      -35.01,
 139.757117,   35.687838,      -32.12,
 139.761622,   35.687838,      -29.19,
 139.766126,   35.687838,      -26.23,
 139.770631,   35.687838,      -23.23,
 139.775135,   35.687838,      -20.19,
 139.779640,   35.687838,      -17.14,
 139.784144,   35.687838,      -14.50,
 139.788649,   35.687838,      -12.20,
 139.793153,   35.687838,       -9.93,
 139.797658,   35.687838,       -7.70,
 139.802162,   35.687838,       -5.50,
 139.806667,   35.687838,       -3.33,
 139.811171,   35.687838,       -1.20,
 139.815676,   35.687838,        0.90,
 139.820180,   35.687838,        2.96,
 139.824685,   35.687838,        4.99,
 139.829189,   35.687838,        6.98,
 139.833694,   35.687838,        8.94,
 139.838198,   35.687838,       10.87,
 139.842703,   35.687838,       12.76,
 139.847207,   35.687838,       14.61,
 139.851712,   35.687838,       16.44,
 139.856216,   35.687838,       18.23,
 139.860721,   35.687838,       19.98,
 139.865225,   35.687838,       21.70,
 139.869730,   35.687838,       23.38,
 139.874234,   35.687838,       25.04,
 139.878739,   35.687838,       26.65,
 139.883243,   35.687838,       28.18,
 139.887748,   35.687838,       29.38,
 139.892252,   35.687838,       30.63,
 139.896757,   35.687838,       31.92,
 139.901261,   35.687838,       33.27,
 139.905766,   35.687838,       34.69,
 139.910270,   35.687838,       36.19,
 139.914775,   35.687838,       37.78,
 139.919279,   35.687838,       39.49,
 139.923784,   35.687838,       41.35,
 139.928288,   35.687838,       43.38,
 139.932793,   35.687838,       45.67,
 139.937297,   35.687838,       47.91,
 139.941802,   35.687838,       50.27,
 139.946306,   35.687838,       50.54,
 139.950811,   35.687838,       50.81,
 139.955315,   35.687838,       51.09,
 139.959820,   35.687838,       51.37,
 139.964324,   35.687838,       51.65,
 139.968829,   35.687838,       51.94,
 139.973333,   35.687838,       52.24,
 139.977838,   35.687838,       52.53,
 139.982342,   35.687838,       52.81,
 139.986847,   35.687838,       53.10,
 139.991351,   35.687838,       53.37,
 139.995856,   35.687838,       53.62,
 140.000360,   35.687838,       53.87,
 140.004865,   35.687838,       54.11,
 140.009369,   35.687838,       54.37,
 140.013874,   35.687838,       54.62,
 140.018378,   35.687838,       54.79,
 140.022883,   35.687838,       54.98,
 140.027387,   35.687838,       55.19,
 140.031892,   35.687838,       55.41,
 140.036396,   35.687838,       55.65,
 140.040901,   35.687838,       55.90,
 140.045405,   35.687838,       56.17,
 140.049910,   35.687838,       56.33,
 140.054414,   35.687838,       56.46,
 140.058919,   35.687838,       56.59,
 140.063423,   35.687838,       56.71,
 140.067928,   35.687838,       56.83,
 140.072432,   35.687838,       56.95,
 140.076937,   35.687838,       57.05,
 140.081441,   35.687838,       57.23,
 140.085946,   35.687838,       57.35,
 140.090450,   35.687838,       57.35,
 140.094955,   35.687838,       57.32,
 140.099459,   35.687838,       57.26,
 140.103964,   35.687838,       57.17,
 140.108468,   35.687838,       57.06,
 140.112973,   35.687838,       56.92,
 140.117477,   35.687838,       56.75,
 140.121982,   35.687838,       56.56,
 140.126486,   35.687838,       56.33,
 140.130991,   35.687838,       56.08,
 140.135495,   35.687838,       55.80,
 140.140000,   35.687838,       55.66,
 140.144505,   35.687838,       55.82,
 140.149009,   35.687838,       55.96,
 140.153514,   35.687838,       56.01,
 140.158018,   35.687838,       56.06,
 140.162523,   35.687838,       56.10,
 140.167027,   35.687838,       56.14,
 140.171532,   35.687838,       56.17,
 140.176036,   35.687838,       56.19,
 140.180541,   35.687838,       56.20,
 140.185045,   35.687838,       56.26,
 140.189550,   35.687838,       56.41,
 140.194054,   35.687838,       56.55,
 140.198559,   35.687838,       56.68,
 140.203063,   35.687838,       56.76,
 140.207568,   35.687838,       56.83,
 140.212072,   35.687838,       56.90,
 140.216577,   35.687838,       56.97,
 140.221081,   35.687838,       57.03,
 140.225586,   35.687838,       57.09,
 140.230090,   35.687838,       57.15,
 140.234595,   35.687838,       57.25,
 140.239099,   35.687838,       57.39,
 140.243604,   35.687838,       57.53,
 140.248108,   35.687838,       57.67,
 140.252613,   35.687838,       57.82,
 140.257117,   35.687838,       57.96,
 140.261622,   35.687838,       58.10,
 140.266126,   35.687838,       58.16,
 140.270631,   35.687838,       58.15,
 140.275135,   35.687838,       58.13,
 140.279640,   35.687838,       58.12,
 140.284144,   35.687838,       58.10,
 140.288649,   35.687838,       58.09,
 140.293153,   35.687838,       58.07,
 140.297658,   35.687838,       58.05,
 140.302162,   35.687838,       58.03,
 140.306667,   35.687838,       58.01,
 140.311171,   35.687838,       57.99,
 140.315676,   35.687838,       57.97,
 140.320180,   35.687838,       57.95,
 140.324685,   35.687838,       57.93,
 140.329189,   35.687838,       57.91,
 140.333694,   35.687838,       57.88,
 140.338198,   35.687838,       57.86,
 140.342703,   35.687838,       57.84,
 140.347207,   35.687838,       57.81,
 140.351712,   35.687838,       57.79,
 140.356216,   35.687838,       57.76,
 140.360721,   35.687838,       57.73,
 140.365225,   35.687838,       57.70,
 140.369730,   35.687838,       57.67,
 140.374234,   35.687838,       57.65,
 140.378739,   35.687838,       57.62,
 140.383243,   35.687838,       57.58,
 140.387748,   35.687838,       57.55,
 139.140000,   35.692342,      -86.04,
 139.144505,   35.692342,      -88.21,
 139.149009,   35.692342,      -90.34,
 139.153514,   35.692342,      -92.44,
 139.158018,   35.692342,      -94.49,
 139.162523,   35.692342,      -96.51,
 139.167027,   35.692342,      -98.50,
 139.171532,   35.692342,     -100.44,
 139.176036,   35.692342,     -102.35,
 139.180541,   35.692342,     -104.22,
 139.185045,   35.692342,     -106.06,
 139.189550,   35.692342,     -107.86,
 139.194054,   35.692342,     -109.62,
 139.198559,   35.692342,     -111.34,
 139.203063,   35.692342,     -113.03,
 139.207568,   35.692342,     -114.68,
 139.212072,   35.692342,     -116.29,
 139.216577,   35.692342,     -117.86,
 139.221081,   35.692342,     -119.40,
 139.225586,   35.692342,     -120.90,
 139.230090,   35.692342,     -122.37,
 139.234595,   35.692342,     -123.79,
 139.239099,   35.692342,     -125.18,
 139.243604,   35.692342,     -126.54,
 139.248108,   35.692342,     -127.85,
 139.252613,   35.692342,     -129.13,
 139.257117,   35.692342,     -130.37,
 139.261622,   35.692342,     -131.58,
 139.266126,   35.692342,     -132.74,
 139.270631,   35.692342,     -133.87,
 139.275135,   35.692342,     -134.97,
 139.279640,   35.692342,     -136.02,
 139.284144,   35.692342,     -137.04,
 139.288649,   35.692342,     -138.02,
 139.293153,   35.692342,     -138.97,
 139.297658,   35.692342,     -139.88,
 139.302162,   35.692342,     -140.75,
 139.306667,   35.692342,     -141.58,
 139.311171,   35.692342,     -142.38,
 139.315676,   35.692342,     -143.14,
 139.320180,   35.692342,     -143.86,
 139.324685,   35.692342,     -144.54,
 139.329189,   35.692342,     -145.19,
 139.333694,   35.692342,     -145.80,
 139.338198,   35.692342,     -146.37,
 139.342703,   35.692342,     -146.91,
 139.347207,   35.692342,     -147.41,
 139.351712,   35.692342,     -147.87,
 139.356216,   35.692342,     -148.30,
 139.360721,   35.692342,     -148.69,
 139.365225,   35.692342,     -149.04,
 139.369730,   35.692342,     -149.35,
 139.374234,   35.692342,     -149.63,
 139.378739,   35.692342,     -149.87,
 139.383243,   35.692342,     -150.07,
 139.387748,   35.692342,     -150.24,
 139.392252,   35.692342,     -150.37,
 139.396757,   35.692342,     -150.46,
 139.401261,   35.692342,     -150.51,
 139.405766,   35.692342,     -150.53,
 139.410270,   35.692342,     -150.51,
 139.414775,   35.692342,     -150.45,
 139.419279,   35.692342,     -150.36,
 139.423784,   35.692342,     -150.23,
 139.428288,   35.692342,     -150.06,
 139.432793,   35.692342,     -149.85,
 139.437297,   35.692342,     -149.61,
 139.441802,   35.692342,     -149.33,
 139.446306,   35.692342,     -149.01,
 139.450811,   35.692342,     -148.66,
 139.455315,   35.692342,     -148.27,
 139.459820,   35.692342,     -147.84,
 139.464324,   35.692342,     -147.38,
 139.468829,   35.692342,     -146.88,
 139.473333,   35.692342,     -146.34,
 139.477838,   35.692342,     -145.76,
 139.482342,   35.692342,     -145.15,
 139.486847,   35.692342,     -144.50,
 139.491351,   35.692342,     -143.81,
 139.495856,   35.692342,     -143.08,
 139.500360,   35.692342,     -142.32,
 139.504865,   35.692342,     -141.52,
 139.509369,   35.692342,     -140.69,
 139.513874,   35.692342,     -139.81,
 139.518378,   35.692342,     -138.90,
 139.522883,   35.692342,     -137.96,
 139.527387,   35.692342,     -136.97,
 139.531892,   35.692342,     -135.95,
 139.536396,   35.692342,     -134.89,
 139.540901,   35.692342,     -133.80,
 139.545405,   35.692342,     -132.66,
 139.549910,   35.692342,     -131.49,
 139.554414,   35.692342,     -130.29,
 139.558919,   35.692342,     -129.04,
 139.563423,   35.692342,     -127.76,
 139.567928,   35.692342,     -126.44,
 139.572432,   35.692342,     -125.09,
 139.576937,   35.692342,     -123.70,
 139.581441,   35.692342,     -122.27,
 139.585946,   35.692342,     -120.80,
 139.590450,   35.692342,     -119.30,
 139.594955,   35.692342,     -117.76,
 139.599459,   35.692342,     -116.18,
 139.603964,   35.692342,     -114.56,
 139.608468,   35.692342,     -112.91,
 139.612973,   35.692342,     -111.22,
 139.617477,   35.692342,     -109.50,
 139.621982,   35.692342,     -107.73,
 139.626486,   35.692342,     -105.93,
 139.630991,   35.692342,     -104.09,
 139.635495,   35.692342,     -102.22,
 139.640000,   35.692342,     -100.31,
 139.644505,   35.692342,      -98.36,
 139.649009,   35.692342,      -96.37,
 139.653514,   35.692342,      -94.35,
 139.658018,   35.692342,      -92.29,
 139.662523,   35.692342,      -90.19,
 139.667027,   35.692342,      -88.06,
 139.671532,   35.692342,      -85.89,
 139.676036,   35.692342,      -83.68,
 139.680541,   35.692342,      -81.43,
 139.685045,   35.692342,      -79.15,
 139.689550,   35.692342,      -76.83,
 139.694054,   35.692342,      -74.47,
 139.698559,   35.692342,      -72.08,
 139.703063,   35.692342,      -69.65,
 139.707568,   35.692342,      -67.18,
 139.712072,   35.692342,      -64.68,
 139.716577,   35.692342,      -62.13,
 139.721081,   35.692342,      -59.55,
 139.725586,   35.692342,      -56.94,
 139.730090,   35.692342,      -54.28,
 139.734595,   35.692342,      -51.59,
 139.739099,   35.692342,      -48.87,
 139.743604,   35.692342,      -46.10,
 139.748108,   35.692342,      -43.30,
 139.752613,   35.692342,      -40.46,
 139.757117,   35.692342,      -37.58,
 139.761622,   35.692342,      -34.67,
 139.766126,   35.692342,      -31.72,
 139.770631,   35.692342,      -28.73,
 139.775135,   35.692342,      -25.70,
 139.779640,   35.692342,      -22.65,
 139.784144,   35.692342,      -20.00,
 139.788649,   35.692342,      -17.56,
 139.793153,   35.692342,      -15.15,
 139.797658,   35.692342,      -12.78,
 139.802162,   35.692342,      -10.44,
 139.806667,   35.692342,       -8.14,
 139.811171,   35.692342,       -5.87,
 139.815676,   35.692342,       -3.63,
 139.820180,   35.692342,       -1.43,
 139.824685,   35.692342,        0.74,
 139.829189,   35.692342,        2.87,
 139.833694,   35.692342,        4.97,
 139.838198,   35.692342,        7.03,
 139.842703,   35.692342,        9.06,
 139.847207,   35.692342,       11.06,
 139.851712,   35.692342,       13.02,
 139.856216,   35.692342,       14.95,
 139.860721,   35.692342,       16.84,
 139.865225,   35.692342,       18.70,
 139.869730,   35.692342,       20.52,
 139.874234,   35.692342,       22.31,
 139.878739,   35.692342,       24.07,
 139.883243,   35.692342,       25.79,
 139.887748,   35.692342,       27.48,
 139.892252,   35.692342,       29.13,
 139.896757,   35.692342,       30.75,
 139.901261,   35.692342,       32.33,
 139.905766,   35.692342,       33.88,
 139.910270,   35.692342,       35.40,
 139.914775,   35.692342,       36.88,
 139.919279,   35.692342,       38.33,
 139.923784,   35.692342,       39.72,
 139.928288,   35.692342,       41.18,
 139.932793,   35.692342,       42.73,
 139.937297,   35.692342,       44.43,
 139.941802,   35.692342,       46.33,
 139.946306,   35.692342,       48.61,
 139.950811,   35.692342,       50.96,
 139.955315,   35.692342,       51.23,
 139.959820,   35.692342,       51.51,
 139.964324,   35.692342,       51.80,
 139.968829,   35.692342,       52.08,
 139.973333,   35.692342,       52.39,
 139.977838,   35.692342,       52.70,
 139.982342,   35.692342,       53.01,
 139.986847,   35.692342,       53.31,
 139.991351,   35.692342,       53.62,
 139.995856,   35.692342,       53.87,
 140.000360,   35.692342,       54.12,
 140.004865,   35.692342,       54.38,
 140.009369,   35.692342,       54.63,
 140.013874,   35.692342,       54.89,
 140.018378,   35.692342,       55.11,
 140.022883,   35.692342,       55.31,
 140.027387,   35.692342,       55.53,
 140.031892,   35.692342,       55.76,
 140.036396,   35.692342,       56.00,
 140.040901,   35.692342,       56.27,
 140.045405,   35.692342,       56.55,
 140.049910,   35.692342,       56.80,
 140.054414,   35.692342,       56.93,
 140.058919,   35.692342,       57.06,
 140.063423,   35.692342,       57.18,
 140.067928,   35.692342,       57.29,
 140.072432,   35.692342,       57.40,
 140.076937,   35.692342,       57.51,
 140.081441,   35.692342,       57.64,
 140.085946,   35.692342,       57.82,
 140.090450,   35.692342,       57.90,
 140.094955,   35.692342,       57.86,
 140.099459,   35.692342,       57.80,
 140.103964,   35.692342,       57.71,
 140.108468,   35.692342,       57.59,
 140.112973,   35.692342,       57.45,
 140.117477,   35.692342,       57.28,
 140.121982,   35.692342,       57.07,
 140.126486,   35.692342,       56.85,
 140.130991,   35.692342,       56.59,
 140.135495,   35.692342,       56.31,
 140.140000,   35.692342,       55.99,
 140.144505,   35.692342,       55.90,
 140.149009,   35.692342,       56.07,
 140.153514,   35.692342,       56.20,
 140.158018,   35.692342,       56.25,
 140.162523,   35.692342,       56.29,
 140.167027,   35.692342,       56.33,
 140.171532,   35.692342,       56.35,
 140.176036,   35.692342,       56.37,
 140.180541,   35.692342,       56.39,
 140.185045,   35.692342,       56.39,
 140.189550,   35.692342,       56.45,
 140.194054,   35.692342,       56.59,
 140.198559,   35.692342,       56.74,
 140.203063,   35.692342,       56.88,
 140.207568,   35.692342,       56.95,
 140.212072,   35.692342,       57.02,
 140.216577,   35.692342,       57.09,
 140.221081,   35.692342,       57.16,
 140.225586,   35.692342,       57.22,
 140.230090,   35.692342,       57.27,
 140.234595,   35.692342,       57.32,
 140.239099,   35.692342,       57.40,
 140.243604,   35.692342,       57.55,
 140.248108,   35.692342,       57.69,
 140.252613,   35.692342,       57.83,
 140.257117,   35.692342,       57.97,
 140.261622,   35.692342,       58.12,
 140.266126,   35.692342,       58.26,
 140.270631,   35.692342,       58.40,
 140.275135,   35.692342,       58.39,
 140.279640,   35.692342,       58.38,
 140.284144,   35.692342,       58.36,
 140.288649,   35.692342,       58.34,
 140.293153,   35.692342,       58.33,
 140.297658,   35.692342,       58.31,
 140.302162,   35.692342,       58.29,
 140.306667,   35.692342,       58.27,
 140.311171,   35.692342,       58.25,
 140.315676,   35.692342,       58.23,
 140.320180,   35.692342,       58.21,
 140.324685,   35.692342,       58.19,
 140.329189,   35.692342,       58.17,
 140.333694,   35.692342,       58.15,
 140.338198,   35.692342,       58.12,
 140.342703,   35.692342,       58.10,
 140.347207,   35.692342,       58.07,
 140.351712,   35.692342,       58.05,
 140.356216,   35.692342,       58.02,
 140.360721,   35.692342,       57.99,
 140.365225,   35.692342,       57.97,
 140.369730,   35.692342,       57.94,
 140.374234,   35.692342,       57.91,
 140.378739,   35.692342,       57.88,
 140.383243,   35.692342,       57.85,
 140.387748,   35.692342,       57.82,
 139.140000,   35.696847,      -89.53,
 139.144505,   35.696847,      -91.71,
 139.149009,   35.696847,      -93.86,
 139.153514,   35.696847,      -95.96,
 139.158018,   35.696847,      -98.04,
 139.162523,   35.696847,     -100.07,
 139.167027,   35.696847,     -102.07,
 139.171532,   35.696847,     -104.03,
 139.176036,   35.696847,     -105.95,
 139.180541,   35.696847,     -107.84,
 139.185045,   35.696847,     -109.69,
 139.189550,   35.696847,     -111.50,
 139.194054,   35.696847,     -113.28,
 139.198559,   35.696847,     -115.02,
 139.203063,   35.696847,     -116.72,
 139.207568,   35.696847,     -118.38,
 139.212072,   35.696847,     -120.01,
 139.216577,   35.696847,     -121.60,
 139.221081,   35.696847,     -123.15,
 139.225586,   35.696847,     -124.67,
 139.230090,   35.696847,     -126.15,
 139.234595,   35.696847,     -127.59,
 139.239099,   35.696847,     -128.99,
 139.243604,   35.696847,     -130.36,
 139.248108,   35.696847,     -131.69,
 139.252613,   35.696847,     -132.98,
 139.257117,   35.696847,     -134.24,
 139.261622,   35.696847,     -135.46,
 139.266126,   35.696847,     -136.64,
 139.270631,   35.696847,     -137.79,
 139.275135,   35.696847,     -138.89,
 139.279640,   35.696847,     -139.96,
 139.284144,   35.696847,     -141.00,
 139.288649,   35.696847,     -141.99,
 139.293153,   35.696847,     -142.95,
 139.297658,   35.696847,     -143.88,
 139.302162,   35.696847,     -144.76,
 139.306667,   35.696847,     -145.61,
 139.311171,   35.696847,     -146.42,
 139.315676,   35.696847,     -147.19,
 139.320180,   35.696847,     -147.93,
 139.324685,   35.696847,     -148.63,
 139.329189,   35.696847,     -149.29,
 139.333694,   35.696847,     -149.92,
 139.338198,   35.696847,     -150.51,
 139.342703,   35.696847,     -151.06,
 139.347207,   35.696847,     -151.57,
 139.351712,   35.696847,     -152.05,
 139.356216,   35.696847,     -152.49,
 139.360721,   35.696847,     -152.89,
 139.365225,   35.696847,     -153.26,
 139.369730,   35.696847,     -153.59,
 139.374234,   35.696847,     -153.88,
 139.378739,   35.696847,     -154.13,
 139.383243,   35.696847,     -154.35,
 139.387748,   35.696847,     -154.53,
 139.392252,   35.696847,     -154.67,
 139.396757,   35.696847,     -154.78,
 139.401261,   35.696847,     -154.85,
 139.405766,   35.696847,     -154.88,
 139.410270,   35.696847,     -154.88,
 139.414775,   35.696847,     -154.83,
 139.419279,   35.696847,     -154.75,
 139.423784,   35.696847,     -154.64,
 139.428288,   35.696847,     -154.48,
 139.432793,   35.696847,     -154.29,
 139.437297,   35.696847,     -154.07,
 139.441802,   35.696847,     -153.80,
 139.446306,   35.696847,     -153.50,
 139.450811,   35.696847,     -153.16,
 139.455315,   35.696847,     -152.78,
 139.459820,   35.696847,     -152.37,
 139.464324,   35.696847,     -151.92,
 139.468829,   35.696847,     -151.43,
 139.473333,   35.696847,     -150.91,
 139.477838,   35.696847,     -150.35,
 139.482342,   35.696847,     -149.75,
 139.486847,   35.696847,     -149.11,
 139.491351,   35.696847,     -148.44,
 139.495856,   35.696847,     -147.73,
 139.500360,   35.696847,     -146.98,
 139.504865,   35.696847,     -146.20,
 139.509369,   35.696847,     -145.38,
 139.513874,   35.696847,     -144.52,
 139.518378,   35.696847,     -143.62,
 139.522883,   35.696847,     -142.69,
 139.527387,   35.696847,     -141.72,
 139.531892,   35.696847,     -140.72,
 139.536396,   35.696847,     -139.67,
 139.540901,   35.696847,     -138.59,
 139.545405,   35.696847,     -137.47,
 139.549910,   35.696847,     -136.32,
 139.554414,   35.696847,     -135.13,
 139.558919,   35.696847,     -133.90,
 139.563423,   35.696847,     -132.63,
 139.567928,   35.696847,     -131.33,
 139.572432,   35.696847,     -129.99,
 139.576937,   35.696847,     -128.61,
 139.581441,   35.696847,     -127.19,
 139.585946,   35.696847,     -125.74,
 139.590450,   35.696847,     -124.25,
 139.594955,   35.696847,     -122.73,
 139.599459,   35.696847,     -121.16,
 139.603964,   35.696847,     -119.56,
 139.608468,   35.696847,     -117.93,
 139.612973,   35.696847,     -116.25,
 139.617477,   35.696847,     -114.54,
 139.621982,   35.696847,     -112.79,
 139.626486,   35.696847,     -111.01,
 139.630991,   35.696847,     -109.18,
 139.635495,   35.696847,     -107.32,
 139.640000,   35.696847,     -105.43,
 139.644505,   35.696847,     -103.49,
 139.649009,   35.696847,     -101.52,
 139.653514,   35.696847,      -99.51,
 139.658018,   35.696847,      -97.47,
 139.662523,   35.696847,      -95.38,
 139.667027,   35.696847,      -93.27,
 139.671532,   35.696847,      -91.11,
 139.676036,   35.696847,      -88.91,
 139.680541,   35.696847,      -86.68,
 139.685045,   35.696847,      -84.42,
 139.689550,   35.696847,      -82.11,
 139.694054,   35.696847,      -79.77,
 139.698559,   35.696847,      -77.39,
 139.703063,   35.696847,      -74.97,
 139.707568,   35.696847,      -72.52,
 139.712072,   35.696847,      -70.03,
 139.716577,   35.696847,      -67.50,
 139.721081,   35.696847,      -64.94,
 139.725586,   35.696847,      -62.33,
 139.730090,   35.696847,      -59.70,
 139.734595,   35.696847,      -57.02,
 139.739099,   35.696847,      -54.31,
 139.743604,   35.696847,      -51.56,
 139.748108,   35.696847,      -48.77,
 139.752613,   35.696847,      -45.95,
 139.757117,   35.696847,      -43.08,
 139.761622,   35.696847,      -40.18,
 139.766126,   35.696847,      -37.25,
 139.770631,   35.696847,      -34.25,
 139.775135,   35.696847,      -31.21,
 139.779640,   35.696847,      -28.16,
 139.784144,   35.696847,      -25.47,
 139.788649,   35.696847,      -22.89,
 139.793153,   35.696847,      -20.34,
 139.797658,   35.696847,      -17.83,
 139.802162,   35.696847,      -15.35,
 139.806667,   35.696847,      -12.91,
 139.811171,   35.696847,      -10.50,
 139.815676,   35.696847,       -8.13,
 139.820180,   35.696847,       -5.79,
 139.824685,   35.696847,       -3.48,
 139.829189,   35.696847,       -1.21,
 139.833694,   35.696847,        1.03,
 139.838198,   35.696847,        3.23,
 139.842703,   35.696847,        5.40,
 139.847207,   35.696847,        7.54,
 139.851712,   35.696847,        9.64,
 139.856216,   35.696847,       11.70,
 139.860721,   35.696847,       13.73,
 139.865225,   35.696847,       15.73,
 139.869730,   35.696847,       17.69,
 139.874234,   35.696847,       19.62,
 139.878739,   35.696847,       21.52,
 139.883243,   35.696847,       23.38,
 139.887748,   35.696847,       25.20,
 139.892252,   35.696847,       26.99,
 139.896757,   35.696847,       28.75,
 139.901261,   35.696847,       30.47,
 139.905766,   35.696847,       32.16,
 139.910270,   35.696847,       33.82,
 139.914775,   35.696847,       35.44,
 139.919279,   35.696847,       37.02,
 139.923784,   35.696847,       38.58,
 139.928288,   35.696847,       40.09,
 139.932793,   35.696847,       41.58,
 139.937297,   35.696847,       43.02,
 139.941802,   35.696847,       44.44,
 139.946306,   35.696847,       45.82,
 139.950811,   35.696847,       47.16,
 139.955315,   35.696847,       48.48,
 139.959820,   35.696847,       50.13,
 139.964324,   35.696847,       51.92,
 139.968829,   35.696847,       52.22,
 139.973333,   35.696847,       52.53,
 139.977838,   35.696847,       52.85,
 139.982342,   35.696847,       53.18,
 139.986847,   35.696847,       53.51,
 139.991351,   35.696847,       53.85,
 139.995856,   35.696847,       54.14,
 140.000360,   35.696847,       54.39,
 140.004865,   35.696847,       54.65,
 140.009369,   35.696847,       54.90,
 140.013874,   35.696847,       55.15,
 140.018378,   35.696847,       55.41,
 140.022883,   35.696847,       55.62,
 140.027387,   35.696847,       55.85,
 140.031892,   35.696847,       56.09,
 140.036396,   35.696847,       56.34,
 140.040901,   35.696847,       56.62,
 140.045405,   35.696847,       56.90,
 140.049910,   35.696847,       57.21,
 140.054414,   35.696847,       57.40,
 140.058919,   35.696847,       57.52,
 140.063423,   35.696847,       57.64,
 140.067928,   35.696847,       57.76,
 140.072432,   35.696847,       57.87,
 140.076937,   35.696847,       57.97,
 140.081441,   35.696847,       58.07,
 140.085946,   35.696847,       58.23,
 140.090450,   35.696847,       58.41,
 140.094955,   35.696847,       58.43,
 140.099459,   35.696847,       58.37,
 140.103964,   35.696847,       58.27,
 140.108468,   35.696847,       58.15,
 140.112973,   35.696847,       58.00,
 140.117477,   35.696847,       57.83,
 140.121982,   35.696847,       57.62,
 140.126486,   35.696847,       57.39,
 140.130991,   35.696847,       57.13,
 140.135495,   35.696847,       56.84,
 140.140000,   35.696847,       56.52,
 140.144505,   35.696847,       56.18,
 140.149009,   35.696847,       56.15,
 140.153514,   35.696847,       56.31,
 140.158018,   35.696847,       56.45,
 140.162523,   35.696847,       56.49,
 140.167027,   35.696847,       56.52,
 140.171532,   35.696847,       56.55,
 140.176036,   35.696847,       56.57,
 140.180541,   35.696847,       56.58,
 140.185045,   35.696847,       56.59,
 140.189550,   35.696847,       56.58,
 140.194054,   35.696847,       56.63,
 140.198559,   35.696847,       56.78,
 140.203063,   35.696847,       56.92,
 140.207568,   35.696847,       57.07,
 140.212072,   35.696847,       57.15,
 140.216577,   35.696847,       57.22,
 140.221081,   35.696847,       57.28,
 140.225586,   35.696847,       57.34,
 140.230090,   35.696847,       57.40,
 140.234595,   35.696847,       57.45,
 140.239099,   35.696847,       57.50,
 140.243604,   35.696847,       57.56,
 140.248108,   35.696847,       57.70,
 140.252613,   35.696847,       57.85,
 140.257117,   35.696847,       57.99,
 140.261622,   35.696847,       58.13,
 140.266126,   35.696847,       58.27,
 140.270631,   35.696847,       58.42,
 140.275135,   35.696847,       58.56,
 140.279640,   35.696847,       58.63,
 140.284144,   35.696847,       58.62,
 140.288649,   35.696847,       58.60,
 140.293153,   35.696847,       58.59,
 140.297658,   35.696847,       58.57,
 140.302162,   35.696847,       58.55,
 140.306667,   35.696847,       58.53,
 140.311171,   35.696847,       58.51,
 140.315676,   35.696847,       58.49,
 140.320180,   35.696847,       58.47,
 140.324685,   35.696847,       58.45,
 140.329189,   35.696847,       58.43,
 140.333694,   35.696847,       58.41,
 140.338198,   35.696847,       58.38,
 140.342703,   35.696847,       58.36,
 140.347207,   35.696847,       58.33,
 140.351712,   35.696847,       58.31,
 140.356216,   35.696847,       58.28,
 140.360721,   35.696847,       58.26,
 140.365225,   35.696847,       58.23,
 140.369730,   35.696847,       58.20,
 140.374234,   35.696847,       58.17,
 140.378739,   35.696847,       58.14,
 140.383243,   35.696847,       58.11,
 140.387748,   35.696847,       58.08,
