 139.140000,   34.850000,       -2.00,
 139.144505,   34.850000,       -2.00,
 139.149009,   34.850000,       -2.00,
 139.153514,   34.850000,       -2.00,
 139.158018,   34.850000,       -2.00,
 139.162523,   34.850000,       -2.00,
 139.167027,   34.850000,       -2.00,
 139.171532,   34.850000,       -2.00,
 139.176036,   34.850000,       -2.00,
 139.180541,   34.850000,       -1.75,
 139.185045,   34.850000,       -1.51,
 139.189550,   34.850000,       -1.28,
 139.194054,   34.850000,       -1.06,
 139.198559,   34.850000,       -0.85,
 139.203063,   34.850000,       -0.65,
 139.207568,   34.850000,       -0.46,
 139.212072,   34.850000,       -0.28,
 139.216577,   34.850000,       -0.11,
 139.221081,   34.850000,        0.00,
 139.225586,   34.850000,        0.00,
 139.230090,   34.850000,        0.00,
 139.234595,   34.850000,        0.00,
 139.239099,   34.850000,        0.00,
 139.243604,   34.850000,        0.00,
 139.248108,   34.850000,        0.00,
 139.252613,   34.850000,        0.00,
 139.257117,   34.850000,        0.00,
 139.261622,   34.850000,        0.00,
 139.266126,   34.850000,        0.00,
 139.270631,   34.850000,        0.00,
 139.275135,   34.850000,        0.00,
 139.279640,   34.850000,        0.00,
 139.284144,   34.850000,        0.00,
 139.288649,   34.850000,        0.00,
 139.293153,   34.850000,        0.00,
 139.297658,   34.850000,        0.00,
 139.302162,   34.850000,        0.00,
 139.306667,   34.850000,        0.00,
 139.311171,   34.850000,        0.00,
 139.315676,   34.850000,        0.00,
 139.320180,   34.850000,        0.00,
 139.324685,   34.850000,        0.00,
 139.329189,   34.850000,        0.00,
 139.333694,   34.850000,        0.00,
 139.338198,   34.850000,        0.00,
 139.342703,   34.850000,        0.00,
 139.347207,   34.850000,        0.00,
 139.351712,   34.850000,        0.00,
 139.356216,   34.850000,        0.00,
 139.360721,   34.850000,        0.00,
 139.365225,   34.850000,        0.00,
 139.369730,   34.850000,        0.00,
 139.374234,   34.850000,        0.00,
 139.378739,   34.850000,        0.00,
 139.383243,   34.850000,        0.00,
 139.387748,   34.850000,        0.00,
 139.392252,   34.850000,        0.00,
 139.396757,   34.850000,        0.00,
 139.401261,   34.850000,        0.00,
 139.405766,   34.850000,        0.00,
 139.410270,   34.850000,        0.00,
 139.414775,   34.850000,        0.00,
 139.419279,   34.850000,        0.00,
 139.423784,   34.850000,        0.01,
 139.428288,   34.850000,        0.02,
 139.432793,   34.850000,        0.05,
 139.437297,   34.850000,        0.08,
 139.441802,   34.850000,        0.10,
 139.446306,   34.850000,        0.11,
 139.450811,   34.850000,        0.12,
 139.455315,   34.850000,        0.11,
 139.459820,   34.850000,        0.08,
 139.464324,   34.850000,        0.05,
 139.468829,   34.850000,        0.03,
 139.473333,   34.850000,        0.01,
 139.477838,   34.850000,        0.00,
 139.482342,   34.850000,        0.02,
 139.486847,   34.850000,        0.06,
 139.491351,   34.850000,        0.10,
 139.495856,   34.850000,        0.16,
 139.500360,   34.850000,        0.22,
 139.504865,   34.850000,        0.27,
 139.509369,   34.850000,        0.31,
 139.513874,   34.850000,        0.35,
 139.518378,   34.850000,        0.38,
 139.522883,   34.850000,        0.38,
 139.527387,   34.850000,        0.37,
 139.531892,   34.850000,        0.37,
 139.536396,   34.850000,        0.37,
 139.540901,   34.850000,        0.36,
 139.545405,   34.850000,        0.36,
 139.549910,   34.850000,        0.37,
 139.554414,   34.850000,        0.37,
 139.558919,   34.850000,        0.37,
 139.563423,   34.850000,        0.38,
 139.567928,   34.850000,        0.38,
 139.572432,   34.850000,        0.39,
 139.576937,   34.850000,        0.39,
 139.581441,   34.850000,        0.40,
 139.585946,   34.850000,        0.41,
 139.590450,   34.850000,        0.42,
 139.594955,   34.850000,        0.43,
 139.599459,   34.850000,        0.43,
 139.603964,   34.850000,        0.44,
 139.608468,   34.850000,        0.44,
 139.612973,   34.850000,        0.43,
 139.617477,   34.850000,        0.42,
 139.621982,   34.850000,        0.41,
 139.626486,   34.850000,        0.41,
 139.630991,   34.850000,        0.40,
 139.635495,   34.850000,        0.39,
 139.640000,   34.850000,        0.39,
 139.644505,   34.850000,        0.38,
 139.649009,   34.850000,        0.38,
 139.653514,   34.850000,        0.39,
 139.658018,   34.850000,        0.39,
 139.662523,   34.850000,        0.40,
 139.667027,   34.850000,        0.40,
 139.671532,   34.850000,        0.43,
 139.676036,   34.850000,        0.45,
 139.680541,   34.850000,        0.48,
 139.685045,   34.850000,        0.51,
 139.689550,   34.850000,        0.55,
 139.694054,   34.850000,        0.59,
 139.698559,   34.850000,        0.65,
 139.703063,   34.850000,        0.71,
 139.707568,   34.850000,        0.77,
 139.712072,   34.850000,        0.83,
 139.716577,   34.850000,        0.88,
 139.721081,   34.850000,        0.93,
 139.725586,   34.850000,        0.97,
 139.730090,   34.850000,        1.00,
 139.734595,   34.850000,        0.98,
 139.739099,   34.850000,        0.95,
 139.743604,   34.850000,        0.91,
 139.748108,   34.850000,        0.88,
 139.752613,   34.850000,        0.83,
 139.757117,   34.850000,        0.81,
 139.761622,   34.850000,        0.80,
 139.766126,   34.850000,        0.78,
 139.770631,   34.850000,        0.77,
 139.775135,   34.850000,        0.76,
 139.779640,   34.850000,        0.76,
 139.784144,   34.850000,        0.76,
 139.788649,   34.850000,        0.77,
 139.793153,   34.850000,        0.79,
 139.797658,   34.850000,        0.81,
 139.802162,   34.850000,        0.83,
 139.806667,   34.850000,        0.86,
 139.811171,   34.850000,        0.96,
 139.815676,   34.850000,        1.04,
 139.820180,   34.850000,        1.11,
 139.824685,   34.850000,        1.19,
 139.829189,   34.850000,        1.28,
 139.833694,   34.850000,        1.36,
 139.838198,   34.850000,        1.45,
 139.842703,   34.850000,        1.58,
 139.847207,   34.850000,        1.68,
 139.851712,   34.850000,        1.77,
 139.856216,   34.850000,        1.89,
 139.860721,   34.850000,        1.96,
 139.865225,   34.850000,        1.99,
 139.869730,   34.850000,        2.03,
 139.874234,   34.850000,        2.05,
 139.878739,   34.850000,        2.03,
 139.883243,   34.850000,        1.99,
 139.887748,   34.850000,        1.92,
 139.892252,   34.850000,        1.80,
 139.896757,   34.850000,        1.69,
 139.901261,   34.850000,        1.59,
 139.905766,   34.850000,        1.50,
 139.910270,   34.850000,        1.40,
 139.914775,   34.850000,        1.31,
 139.919279,   34.850000,        1.23,
 139.923784,   34.850000,        1.18,
 139.928288,   34.850000,        1.12,
 139.932793,   34.850000,        1.07,
 139.937297,   34.850000,        1.03,
 139.941802,   34.850000,        1.01,
 139.946306,   34.850000,        0.98,
 139.950811,   34.850000,        0.95,
 139.955315,   34.850000,        0.91,
 139.959820,   34.850000,        0.89,
 139.964324,   34.850000,        0.88,
 139.968829,   34.850000,        0.88,
 139.973333,   34.850000,        0.86,
 139.977838,   34.850000,        0.84,
 139.982342,   34.850000,        0.80,
 139.986847,   34.850000,        0.76,
 139.991351,   34.850000,        0.72,
 139.995856,   34.850000,        0.69,
 140.000360,   34.850000,        0.65,
 140.004865,   34.850000,        0.60,
 140.009369,   34.850000,        0.56,
 140.013874,   34.850000,        0.52,
 140.018378,   34.850000,        0.49,
 140.022883,   34.850000,        0.45,
 140.027387,   34.850000,        0.41,
 140.031892,   34.850000,        0.35,
 140.036396,   34.850000,        0.30,
 140.040901,   34.850000,        0.24,
 140.045405,   34.850000,        0.17,
 140.049910,   34.850000,        0.11,
 140.054414,   34.850000,        0.06,
 140.058919,   34.850000,        0.04,
 140.063423,   34.850000,        0.03,
 140.067928,   34.850000,        0.02,
 140.072432,   34.850000,        0.01,
 140.076937,   34.850000,        0.00,
 140.081441,   34.850000,        0.00,
 140.085946,   34.850000,        0.00,
 140.090450,   34.850000,        0.00,
 140.094955,   34.850000,        0.01,
 140.099459,   34.850000,        0.02,
 140.103964,   34.850000,        0.03,
 140.108468,   34.850000,        0.04,
 140.112973,   34.850000,        0.05,
 140.117477,   34.850000,        0.06,
 140.121982,   34.850000,        0.08,
 140.126486,   34.850000,        0.08,
 140.130991,   34.850000,        0.07,
 140.135495,   34.850000,        0.05,
 140.140000,   34.850000,        0.03,
 140.144505,   34.850000,        0.02,
 140.149009,   34.850000,       -0.00,
 140.153514,   34.850000,       -0.01,
 140.158018,   34.850000,       -0.02,
 140.162523,   34.850000,       -0.03,
 140.167027,   34.850000,       -0.04,
 140.171532,   34.850000,       -0.05,
 140.176036,   34.850000,       -0.07,
 140.180541,   34.850000,       -0.08,
 140.185045,   34.850000,       -0.09,
 140.189550,   34.850000,       -0.10,
 140.194054,   34.850000,       -0.09,
 140.198559,   34.850000,       -0.07,
 140.203063,   34.850000,       -0.06,
 140.207568,   34.850000,       -0.05,
 140.212072,   34.850000,       -0.03,
 140.216577,   34.850000,       -0.02,
 140.221081,   34.850000,       -0.00,
 140.225586,   34.850000,        0.01,
 140.230090,   34.850000,        0.03,
 140.234595,   34.850000,        0.05,
 140.239099,   34.850000,        0.07,
 140.243604,   34.850000,        0.09,
 140.248108,   34.850000,        0.10,
 140.252613,   34.850000,        0.13,
 140.257117,   34.850000,        0.15,
 140.261622,   34.850000,        0.17,
 140.266126,   34.850000,        0.19,
 140.270631,   34.850000,        0.21,
 140.275135,   34.850000,        0.24,
 140.279640,   34.850000,        0.24,
 140.284144,   34.850000,        0.24,
 140.288649,   34.850000,        0.21,
 140.293153,   34.850000,        0.17,
 140.297658,   34.850000,        0.14,
 140.302162,   34.850000,        0.10,
 140.306667,   34.850000,        0.06,
 140.311171,   34.850000,        0.02,
 140.315676,   34.850000,       -0.01,
 140.320180,   34.850000,       -0.05,
 140.324685,   34.850000,       -0.09,
 140.329189,   34.850000,       -0.13,
 140.333694,   34.850000,       -0.17,
 140.338198,   34.850000,       -0.21,
 140.342703,   34.850000,       -0.26,
 140.347207,   34.850000,       -0.30,
 140.351712,   34.850000,       -0.34,
 140.356216,   34.850000,       -0.38,
 140.360721,   34.850000,       -0.43,
 140.365225,   34.850000,       -0.46,
 140.369730,   34.850000,       -0.49,
 140.374234,   34.850000,       -0.51,
 140.378739,   34.850000,       -0.54,
 140.383243,   34.850000,       -0.56,
 140.387748,   34.850000,       -0.59,
 139.140000,   34.854505,       -2.15,
 139.144505,   34.854505,       -2.15,
 139.149009,   34.854505,       -2.15,
 139.153514,   34.854505,       -2.15,
 139.158018,   34.854505,       -2.15,
 139.162523,   34.854505,       -2.15,
 139.167027,   34.854505,       -2.15,
 139.171532,   34.854505,       -2.15,
 139.176036,   34.854505,       -2.15,
 139.180541,   34.854505,       -1.90,
 139.185045,   34.854505,       -1.66,
 139.189550,   34.854505,       -1.43,
 139.194054,   34.854505,       -1.21,
 139.198559,   34.854505,       -1.00,
 139.203063,   34.854505,       -0.80,
 139.207568,   34.854505,       -0.61,
 139.212072,   34.854505,       -0.43,
 139.216577,   34.854505,       -0.26,
 139.221081,   34.854505,       -0.10,
 139.225586,   34.854505,        0.00,
 139.230090,   34.854505,        0.00,
 139.234595,   34.854505,        0.00,
 139.239099,   34.854505,        0.00,
 139.243604,   34.854505,        0.00,
 139.248108,   34.854505,        0.00,
 139.252613,   34.854505,        0.00,
 139.257117,   34.854505,        0.00,
 139.261622,   34.854505,        0.00,
 139.266126,   34.854505,        0.00,
 139.270631,   34.854505,        0.00,
 139.275135,   34.854505,        0.00,
 139.279640,   34.854505,        0.00,
 139.284144,   34.854505,        0.00,
 139.288649,   34.854505,        0.00,
 139.293153,   34.854505,        0.00,
 139.297658,   34.854505,        0.00,
 139.302162,   34.854505,        0.00,
 139.306667,   34.854505,        0.00,
 139.311171,   34.854505,        0.00,
 139.315676,   34.854505,        0.00,
 139.320180,   34.854505,        0.00,
 139.324685,   34.854505,        0.00,
 139.329189,   34.854505,        0.00,
 139.333694,   34.854505,        0.00,
 139.338198,   34.854505,        0.00,
 139.342703,   34.854505,        0.00,
 139.347207,   34.854505,        0.00,
 139.351712,   34.854505,        0.00,
 139.356216,   34.854505,        0.00,
 139.360721,   34.854505,        0.00,
 139.365225,   34.854505,        0.00,
 139.369730,   34.854505,        0.00,
 139.374234,   34.854505,        0.00,
 139.378739,   34.854505,        0.00,
 139.383243,   34.854505,        0.00,
 139.387748,   34.854505,        0.00,
 139.392252,   34.854505,        0.00,
 139.396757,   34.854505,        0.00,
 139.401261,   34.854505,        0.00,
 139.405766,   34.854505,        0.00,
 139.410270,   34.854505,        0.00,
 139.414775,   34.854505,        0.00,
 139.419279,   34.854505,        0.01,
 139.423784,   34.854505,        0.03,
 139.428288,   34.854505,        0.06,
 139.432793,   34.854505,        0.11,
 139.437297,   34.854505,        0.14,
 139.441802,   34.854505,        0.17,
 139.446306,   34.854505,        0.18,
 139.450811,   34.854505,        0.18,
 139.455315,   34.854505,        0.16,
 139.459820,   34.854505,        0.13,
 139.464324,   34.854505,        0.09,
 139.468829,   34.854505,        0.05,
 139.473333,   34.854505,        0.02,
 139.477838,   34.854505,        0.00,
 139.482342,   34.854505,        0.02,
 139.486847,   34.854505,        0.07,
 139.491351,   34.854505,        0.13,
 139.495856,   34.854505,        0.19,
 139.500360,   34.854505,        0.25,
 139.504865,   34.854505,        0.30,
 139.509369,   34.854505,        0.35,
 139.513874,   34.854505,        0.40,
 139.518378,   34.854505,        0.43,
 139.522883,   34.854505,        0.42,
 139.527387,   34.854505,        0.42,
 139.531892,   34.854505,        0.41,
 139.536396,   34.854505,        0.41,
 139.540901,   34.854505,        0.40,
 139.545405,   34.854505,        0.40,
 139.549910,   34.854505,        0.41,
 139.554414,   34.854505,        0.41,
 139.558919,   34.854505,        0.41,
 139.563423,   34.854505,        0.41,
 139.567928,   34.854505,        0.42,
 139.572432,   34.854505,        0.43,
 139.576937,   34.854505,        0.43,
 139.581441,   34.854505,        0.44,
 139.585946,   34.854505,        0.45,
 139.590450,   34.854505,        0.46,
 139.594955,   34.854505,        0.47,
 139.599459,   34.854505,        0.48,
 139.603964,   34.854505,        0.48,
 139.608468,   34.854505,        0.48,
 139.612973,   34.854505,        0.47,
 139.617477,   34.854505,        0.46,
 139.621982,   34.854505,        0.45,
 139.626486,   34.854505,        0.44,
 139.630991,   34.854505,        0.44,
 139.635495,   34.854505,        0.44,
 139.640000,   34.854505,        0.43,
 139.644505,   34.854505,        0.43,
 139.649009,   34.854505,        0.43,
 139.653514,   34.854505,        0.44,
 139.658018,   34.854505,        0.44,
 139.662523,   34.854505,        0.45,
 139.667027,   34.854505,        0.46,
 139.671532,   34.854505,        0.48,
 139.676036,   34.854505,        0.50,
 139.680541,   34.854505,        0.52,
 139.685045,   34.854505,        0.55,
 139.689550,   34.854505,        0.59,
 139.694054,   34.854505,        0.63,
 139.698559,   34.854505,        0.68,
 139.703063,   34.854505,        0.74,
 139.707568,   34.854505,        0.79,
 139.712072,   34.854505,        0.85,
 139.716577,   34.854505,        0.89,
 139.721081,   34.854505,        0.93,
 139.725586,   34.854505,        0.97,
 139.730090,   34.854505,        0.98,
 139.734595,   34.854505,        0.96,
 139.739099,   34.854505,        0.93,
 139.743604,   34.854505,        0.88,
 139.748108,   34.854505,        0.82,
 139.752613,   34.854505,        0.77,
 139.757117,   34.854505,        0.77,
 139.761622,   34.854505,        0.77,
 139.766126,   34.854505,        0.76,
 139.770631,   34.854505,        0.76,
 139.775135,   34.854505,        0.74,
 139.779640,   34.854505,        0.75,
 139.784144,   34.854505,        0.76,
 139.788649,   34.854505,        0.75,
 139.793153,   34.854505,        0.79,
 139.797658,   34.854505,        0.80,
 139.802162,   34.854505,        0.82,
 139.806667,   34.854505,        0.87,
 139.811171,   34.854505,        0.87,
 139.815676,   34.854505,        0.98,
 139.820180,   34.854505,        1.04,
 139.824685,   34.854505,        1.12,
 139.829189,   34.854505,        1.23,
 139.833694,   34.854505,        1.31,
 139.838198,   34.854505,        1.43,
 139.842703,   34.854505,        1.57,
 139.847207,   34.854505,        1.68,
 139.851712,   34.854505,        1.80,
 139.856216,   34.854505,        1.92,
 139.860721,   34.854505,        2.03,
 139.865225,   34.854505,        2.08,
 139.869730,   34.854505,        2.12,
 139.874234,   34.854505,        2.17,
 139.878739,   34.854505,        2.14,
 139.883243,   34.854505,        2.09,
 139.887748,   34.854505,        2.04,
 139.892252,   34.854505,        1.96,
 139.896757,   34.854505,        1.86,
 139.901261,   34.854505,        1.75,
 139.905766,   34.854505,        1.66,
 139.910270,   34.854505,        1.56,
 139.914775,   34.854505,        1.47,
 139.919279,   34.854505,        1.39,
 139.923784,   34.854505,        1.34,
 139.928288,   34.854505,        1.28,
 139.932793,   34.854505,        1.23,
 139.937297,   34.854505,        1.20,
 139.941802,   34.854505,        1.16,
 139.946306,   34.854505,        1.13,
 139.950811,   34.854505,        1.10,
 139.955315,   34.854505,        1.07,
 139.959820,   34.854505,        1.03,
 139.964324,   34.854505,        1.01,
 139.968829,   34.854505,        1.00,
 139.973333,   34.854505,        0.98,
 139.977838,   34.854505,        0.95,
 139.982342,   34.854505,        0.92,
 139.986847,   34.854505,        0.88,
 139.991351,   34.854505,        0.84,
 139.995856,   34.854505,        0.80,
 140.000360,   34.854505,        0.76,
 140.004865,   34.854505,        0.72,
 140.009369,   34.854505,        0.67,
 140.013874,   34.854505,        0.63,
 140.018378,   34.854505,        0.59,
 140.022883,   34.854505,        0.54,
 140.027387,   34.854505,        0.48,
 140.031892,   34.854505,        0.43,
 140.036396,   34.854505,        0.37,
 140.040901,   34.854505,        0.31,
 140.045405,   34.854505,        0.25,
 140.049910,   34.854505,        0.20,
 140.054414,   34.854505,        0.15,
 140.058919,   34.854505,        0.10,
 140.063423,   34.854505,        0.07,
 140.067928,   34.854505,        0.05,
 140.072432,   34.854505,        0.03,
 140.076937,   34.854505,        0.01,
 140.081441,   34.854505,        0.00,
 140.085946,   34.854505,        0.00,
 140.090450,   34.854505,        0.01,
 140.094955,   34.854505,        0.02,
 140.099459,   34.854505,        0.03,
 140.103964,   34.854505,        0.04,
 140.108468,   34.854505,        0.05,
 140.112973,   34.854505,        0.07,
 140.117477,   34.854505,        0.09,
 140.121982,   34.854505,        0.10,
 140.126486,   34.854505,        0.11,
 140.130991,   34.854505,        0.10,
 140.135495,   34.854505,        0.08,
 140.140000,   34.854505,        0.06,
 140.144505,   34.854505,        0.05,
 140.149009,   34.854505,        0.03,
 140.153514,   34.854505,        0.01,
 140.158018,   34.854505,       -0.00,
 140.162523,   34.854505,       -0.02,
 140.167027,   34.854505,       -0.03,
 140.171532,   34.854505,       -0.04,
 140.176036,   34.854505,       -0.05,
 140.180541,   34.854505,       -0.06,
 140.185045,   34.854505,       -0.07,
 140.189550,   34.854505,       -0.06,
 140.194054,   34.854505,       -0.05,
 140.198559,   34.854505,       -0.04,
 140.203063,   34.854505,       -0.03,
 140.207568,   34.854505,       -0.02,
 140.212072,   34.854505,       -0.00,
 140.216577,   34.854505,        0.01,
 140.221081,   34.854505,        0.03,
 140.225586,   34.854505,        0.04,
 140.230090,   34.854505,        0.06,
 140.234595,   34.854505,        0.08,
 140.239099,   34.854505,        0.10,
 140.243604,   34.854505,        0.12,
 140.248108,   34.854505,        0.14,
 140.252613,   34.854505,        0.16,
 140.257117,   34.854505,        0.18,
 140.261622,   34.854505,        0.20,
 140.266126,   34.854505,        0.22,
 140.270631,   34.854505,        0.24,
 140.275135,   34.854505,        0.25,
 140.279640,   34.854505,        0.25,
 140.284144,   34.854505,        0.22,
 140.288649,   34.854505,        0.19,
 140.293153,   34.854505,        0.15,
 140.297658,   34.854505,        0.11,
 140.302162,   34.854505,        0.08,
 140.306667,   34.854505,        0.04,
 140.311171,   34.854505,        0.00,
 140.315676,   34.854505,       -0.04,
 140.320180,   34.854505,       -0.07,
 140.324685,   34.854505,       -0.11,
 140.329189,   34.854505,       -0.15,
 140.333694,   34.854505,       -0.19,
 140.338198,   34.854505,       -0.23,
 140.342703,   34.854505,       -0.28,
 140.347207,   34.854505,       -0.32,
 140.351712,   34.854505,       -0.36,
 140.356216,   34.854505,       -0.40,
 140.360721,   34.854505,       -0.44,
 140.365225,   34.854505,       -0.46,
 140.369730,   34.854505,       -0.49,
 140.374234,   34.854505,       -0.52,
 140.378739,   34.854505,       -0.54,
 140.383243,   34.854505,       -0.56,
 140.387748,   34.854505,       -0.59,
 139.140000,   34.859009,       -2.04,
 139.144505,   34.859009,       -2.04,
 139.149009,   34.859009,       -2.04,
 139.153514,   34.859009,       -2.04,
 139.158018,   34.859009,       -2.04,
 139.162523,   34.859009,       -2.04,
 139.167027,   34.859009,       -2.04,
 139.171532,   34.859009,       -2.04,
 139.176036,   34.859009,       -2.04,
 139.180541,   34.859009,       -2.04,
 139.185045,   34.859009,       -1.80,
 139.189550,   34.859009,       -1.57,
 139.194054,   34.859009,       -1.35,
 139.198559,   34.859009,       -1.14,
 139.203063,   34.859009,       -0.94,
 139.207568,   34.859009,       -0.75,
 139.212072,   34.859009,       -0.57,
 139.216577,   34.859009,       -0.40,
 139.221081,   34.859009,       -0.24,
 139.225586,   34.859009,       -0.09,
 139.230090,   34.859009,        0.00,
 139.234595,   34.859009,        0.00,
 139.239099,   34.859009,        0.00,
 139.243604,   34.859009,        0.00,
 139.248108,   34.859009,        0.00,
 139.252613,   34.859009,        0.00,
 139.257117,   34.859009,        0.00,
 139.261622,   34.859009,        0.00,
 139.266126,   34.859009,        0.00,
 139.270631,   34.859009,        0.00,
 139.275135,   34.859009,        0.00,
 139.279640,   34.859009,        0.00,
 139.284144,   34.859009,        0.00,
 139.288649,   34.859009,        0.00,
 139.293153,   34.859009,        0.00,
 139.297658,   34.859009,        0.00,
 139.302162,   34.859009,        0.00,
 139.306667,   34.859009,        0.00,
 139.311171,   34.859009,        0.00,
 139.315676,   34.859009,        0.00,
 139.320180,   34.859009,        0.00,
 139.324685,   34.859009,        0.00,
 139.329189,   34.859009,        0.00,
 139.333694,   34.859009,        0.00,
 139.338198,   34.859009,        0.00,
 139.342703,   34.859009,        0.00,
 139.347207,   34.859009,        0.00,
 139.351712,   34.859009,        0.00,
 139.356216,   34.859009,        0.00,
 139.360721,   34.859009,        0.00,
 139.365225,   34.859009,        0.00,
 139.369730,   34.859009,        0.00,
 139.374234,   34.859009,        0.00,
 139.378739,   34.859009,        0.00,
 139.383243,   34.859009,        0.00,
 139.387748,   34.859009,        0.00,
 139.392252,   34.859009,        0.00,
 139.396757,   34.859009,        0.00,
 139.401261,   34.859009,        0.00,
 139.405766,   34.859009,        0.00,
 139.410270,   34.859009,        0.00,
 139.414775,   34.859009,        0.01,
 139.419279,   34.859009,        0.04,
 139.423784,   34.859009,        0.07,
 139.428288,   34.859009,        0.11,
 139.432793,   34.859009,        0.16,
 139.437297,   34.859009,        0.20,
 139.441802,   34.859009,        0.24,
 139.446306,   34.859009,        0.25,
 139.450811,   34.859009,        0.24,
 139.455315,   34.859009,        0.21,
 139.459820,   34.859009,        0.18,
 139.464324,   34.859009,        0.13,
 139.468829,   34.859009,        0.09,
 139.473333,   34.859009,        0.05,
 139.477838,   34.859009,        0.01,
 139.482342,   34.859009,        0.03,
 139.486847,   34.859009,        0.09,
 139.491351,   34.859009,        0.16,
 139.495856,   34.859009,        0.22,
 139.500360,   34.859009,        0.28,
 139.504865,   34.859009,        0.34,
 139.509369,   34.859009,        0.39,
 139.513874,   34.859009,        0.44,
 139.518378,   34.859009,        0.47,
 139.522883,   34.859009,        0.46,
 139.527387,   34.859009,        0.45,
 139.531892,   34.859009,        0.45,
 139.536396,   34.859009,        0.44,
 139.540901,   34.859009,        0.44,
 139.545405,   34.859009,        0.44,
 139.549910,   34.859009,        0.44,
 139.554414,   34.859009,        0.44,
 139.558919,   34.859009,        0.44,
 139.563423,   34.859009,        0.44,
 139.567928,   34.859009,        0.45,
 139.572432,   34.859009,        0.46,
 139.576937,   34.859009,        0.47,
 139.581441,   34.859009,        0.48,
 139.585946,   34.859009,        0.49,
 139.590450,   34.859009,        0.50,
 139.594955,   34.859009,        0.51,
 139.599459,   34.859009,        0.52,
 139.603964,   34.859009,        0.52,
 139.608468,   34.859009,        0.52,
 139.612973,   34.859009,        0.51,
 139.617477,   34.859009,        0.50,
 139.621982,   34.859009,        0.49,
 139.626486,   34.859009,        0.48,
 139.630991,   34.859009,        0.48,
 139.635495,   34.859009,        0.48,
 139.640000,   34.859009,        0.48,
 139.644505,   34.859009,        0.48,
 139.649009,   34.859009,        0.48,
 139.653514,   34.859009,        0.49,
 139.658018,   34.859009,        0.49,
 139.662523,   34.859009,        0.50,
 139.667027,   34.859009,        0.51,
 139.671532,   34.859009,        0.53,
 139.676036,   34.859009,        0.55,
 139.680541,   34.859009,        0.57,
 139.685045,   34.859009,        0.60,
 139.689550,   34.859009,        0.64,
 139.694054,   34.859009,        0.68,
 139.698559,   34.859009,        0.72,
 139.703063,   34.859009,        0.77,
 139.707568,   34.859009,        0.82,
 139.712072,   34.859009,        0.87,
 139.716577,   34.859009,        0.91,
 139.721081,   34.859009,        0.95,
 139.725586,   34.859009,        0.97,
 139.730090,   34.859009,        0.98,
 139.734595,   34.859009,        0.97,
 139.739099,   34.859009,        0.95,
 139.743604,   34.859009,        0.91,
 139.748108,   34.859009,        0.86,
 139.752613,   34.859009,        0.85,
 139.757117,   34.859009,        0.83,
 139.761622,   34.859009,        0.83,
 139.766126,   34.859009,        0.83,
 139.770631,   34.859009,        0.81,
 139.775135,   34.859009,        0.82,
 139.779640,   34.859009,        0.82,
 139.784144,   34.859009,        0.83,
 139.788649,   34.859009,        0.85,
 139.793153,   34.859009,        0.87,
 139.797658,   34.859009,        0.89,
 139.802162,   34.859009,        0.92,
 139.806667,   34.859009,        0.95,
 139.811171,   34.859009,        1.00,
 139.815676,   34.859009,        1.06,
 139.820180,   34.859009,        1.13,
 139.824685,   34.859009,        1.21,
 139.829189,   34.859009,        1.30,
 139.833694,   34.859009,        1.40,
 139.838198,   34.859009,        1.51,
 139.842703,   34.859009,        1.63,
 139.847207,   34.859009,        1.75,
 139.851712,   34.859009,        1.87,
 139.856216,   34.859009,        1.98,
 139.860721,   34.859009,        2.08,
 139.865225,   34.859009,        2.15,
 139.869730,   34.859009,        2.19,
 139.874234,   34.859009,        2.23,
 139.878739,   34.859009,        2.22,
 139.883243,   34.859009,        2.18,
 139.887748,   34.859009,        2.12,
 139.892252,   34.859009,        2.06,
 139.896757,   34.859009,        1.98,
 139.901261,   34.859009,        1.89,
 139.905766,   34.859009,        1.80,
 139.910270,   34.859009,        1.71,
 139.914775,   34.859009,        1.63,
 139.919279,   34.859009,        1.56,
 139.923784,   34.859009,        1.50,
 139.928288,   34.859009,        1.44,
 139.932793,   34.859009,        1.39,
 139.937297,   34.859009,        1.37,
 139.941802,   34.859009,        1.34,
 139.946306,   34.859009,        1.31,
 139.950811,   34.859009,        1.28,
 139.955315,   34.859009,        1.25,
 139.959820,   34.859009,        1.21,
 139.964324,   34.859009,        1.17,
 139.968829,   34.859009,        1.13,
 139.973333,   34.859009,        1.10,
 139.977838,   34.859009,        1.07,
 139.982342,   34.859009,        1.04,
 139.986847,   34.859009,        1.00,
 139.991351,   34.859009,        0.96,
 139.995856,   34.859009,        0.92,
 140.000360,   34.859009,        0.87,
 140.004865,   34.859009,        0.82,
 140.009369,   34.859009,        0.78,
 140.013874,   34.859009,        0.74,
 140.018378,   34.859009,        0.69,
 140.022883,   34.859009,        0.63,
 140.027387,   34.859009,        0.57,
 140.031892,   34.859009,        0.51,
 140.036396,   34.859009,        0.45,
 140.040901,   34.859009,        0.39,
 140.045405,   34.859009,        0.33,
 140.049910,   34.859009,        0.28,
 140.054414,   34.859009,        0.23,
 140.058919,   34.859009,        0.18,
 140.063423,   34.859009,        0.14,
 140.067928,   34.859009,        0.10,
 140.072432,   34.859009,        0.07,
 140.076937,   34.859009,        0.04,
 140.081441,   34.859009,        0.01,
 140.085946,   34.859009,        0.00,
 140.090450,   34.859009,        0.01,
 140.094955,   34.859009,        0.03,
 140.099459,   34.859009,        0.04,
 140.103964,   34.859009,        0.06,
 140.108468,   34.859009,        0.08,
 140.112973,   34.859009,        0.09,
 140.117477,   34.859009,        0.11,
 140.121982,   34.859009,        0.13,
 140.126486,   34.859009,        0.14,
 140.130991,   34.859009,        0.13,
 140.135495,   34.859009,        0.11,
 140.140000,   34.859009,        0.09,
 140.144505,   34.859009,        0.07,
 140.149009,   34.859009,        0.05,
 140.153514,   34.859009,        0.04,
 140.158018,   34.859009,        0.02,
 140.162523,   34.859009,        0.00,
 140.167027,   34.859009,       -0.01,
 140.171532,   34.859009,       -0.02,
 140.176036,   34.859009,       -0.03,
 140.180541,   34.859009,       -0.04,
 140.185045,   34.859009,       -0.04,
 140.189550,   34.859009,       -0.03,
 140.194054,   34.859009,       -0.02,
 140.198559,   34.859009,       -0.01,
 140.203063,   34.859009,        0.00,
 140.207568,   34.859009,        0.02,
 140.212072,   34.859009,        0.03,
 140.216577,   34.859009,        0.04,
 140.221081,   34.859009,        0.06,
 140.225586,   34.859009,        0.08,
 140.230090,   34.859009,        0.09,
 140.234595,   34.859009,        0.11,
 140.239099,   34.859009,        0.13,
 140.243604,   34.859009,        0.15,
 140.248108,   34.859009,        0.17,
 140.252613,   34.859009,        0.19,
 140.257117,   34.859009,        0.21,
 140.261622,   34.859009,        0.23,
 140.266126,   34.859009,        0.25,
 140.270631,   34.859009,        0.26,
 140.275135,   34.859009,        0.26,
 140.279640,   34.859009,        0.23,
 140.284144,   34.859009,        0.20,
 140.288649,   34.859009,        0.17,
 140.293153,   34.859009,        0.13,
 140.297658,   34.859009,        0.09,
 140.302162,   34.859009,        0.06,
 140.306667,   34.859009,        0.02,
 140.311171,   34.859009,       -0.02,
 140.315676,   34.859009,       -0.06,
 140.320180,   34.859009,       -0.09,
 140.324685,   34.859009,       -0.13,
 140.329189,   34.859009,       -0.17,
 140.333694,   34.859009,       -0.21,
 140.338198,   34.859009,       -0.25,
 140.342703,   34.859009,       -0.30,
 140.347207,   34.859009,       -0.34,
 140.351712,   34.859009,       -0.38,
 140.356216,   34.859009,       -0.41,
 140.360721,   34.859009,       -0.44,
 140.365225,   34.859009,       -0.47,
 140.369730,   34.859009,       -0.49,
 140.374234,   34.859009,       -0.52,
 140.378739,   34.859009,       -0.54,
 140.383243,   34.859009,       -0.56,
 140.387748,   34.859009,       -0.59,
 139.140000,   34.863514,       -2.09,
 139.144505,   34.863514,       -2.25,
 139.149009,   34.863514,       -2.25,
 139.153514,   34.863514,       -2.25,
 139.158018,   34.863514,       -2.25,
 139.162523,   34.863514,       -2.17,
 139.167027,   34.863514,       -2.17,
 139.171532,   34.863514,       -2.17,
 139.176036,   34.863514,       -2.17,
 139.180541,   34.863514,       -2.17,
 139.185045,   34.863514,       -1.93,
 139.189550,   34.863514,       -1.70,
 139.194054,   34.863514,       -1.48,
 139.198559,   34.863514,       -1.27,
 139.203063,   34.863514,       -1.07,
 139.207568,   34.863514,       -0.88,
 139.212072,   34.863514,       -0.70,
 139.216577,   34.863514,       -0.53,
 139.221081,   34.863514,       -0.37,
 139.225586,   34.863514,       -0.22,
 139.230090,   34.863514,       -0.09,
 139.234595,   34.863514,        0.00,
 139.239099,   34.863514,        0.00,
 139.243604,   34.863514,        0.00,
 139.248108,   34.863514,        0.00,
 139.252613,   34.863514,        0.00,
 139.257117,   34.863514,        0.00,
 139.261622,   34.863514,        0.00,
 139.266126,   34.863514,        0.00,
 139.270631,   34.863514,        0.00,
 139.275135,   34.863514,        0.00,
 139.279640,   34.863514,        0.00,
 139.284144,   34.863514,        0.00,
 139.288649,   34.863514,        0.00,
 139.293153,   34.863514,        0.00,
 139.297658,   34.863514,        0.00,
 139.302162,   34.863514,        0.00,
 139.306667,   34.863514,        0.00,
 139.311171,   34.863514,        0.00,
 139.315676,   34.863514,        0.00,
 139.320180,   34.863514,        0.00,
 139.324685,   34.863514,        0.00,
 139.329189,   34.863514,        0.00,
 139.333694,   34.863514,        0.00,
 139.338198,   34.863514,        0.00,
 139.342703,   34.863514,        0.00,
 139.347207,   34.863514,        0.00,
 139.351712,   34.863514,        0.00,
 139.356216,   34.863514,        0.00,
 139.360721,   34.863514,        0.00,
 139.365225,   34.863514,        0.00,
 139.369730,   34.863514,        0.00,
 139.374234,   34.863514,        0.00,
 139.378739,   34.863514,        0.00,
 139.383243,   34.863514,        0.00,
 139.387748,   34.863514,        0.00,
 139.392252,   34.863514,        0.00,
 139.396757,   34.863514,        0.00,
 139.401261,   34.863514,        0.00,
 139.405766,   34.863514,        0.00,
 139.410270,   34.863514,        0.00,
 139.414775,   34.863514,        0.03,
 139.419279,   34.863514,        0.07,
 139.423784,   34.863514,        0.12,
 139.428288,   34.863514,        0.17,
 139.432793,   34.863514,        0.22,
 139.437297,   34.863514,        0.26,
 139.441802,   34.863514,        0.31,
 139.446306,   34.863514,        0.32,
 139.450811,   34.863514,        0.30,
 139.455315,   34.863514,        0.27,
 139.459820,   34.863514,        0.23,
 139.464324,   34.863514,        0.18,
 139.468829,   34.863514,        0.14,
 139.473333,   34.863514,        0.09,
 139.477838,   34.863514,        0.05,
 139.482342,   34.863514,        0.07,
 139.486847,   34.863514,        0.13,
 139.491351,   34.863514,        0.20,
 139.495856,   34.863514,        0.26,
 139.500360,   34.863514,        0.32,
 139.504865,   34.863514,        0.38,
 139.509369,   34.863514,        0.43,
 139.513874,   34.863514,        0.47,
 139.518378,   34.863514,        0.49,
 139.522883,   34.863514,        0.49,
 139.527387,   34.863514,        0.49,
 139.531892,   34.863514,        0.48,
 139.536396,   34.863514,        0.48,
 139.540901,   34.863514,        0.48,
 139.545405,   34.863514,        0.47,
 139.549910,   34.863514,        0.47,
 139.554414,   34.863514,        0.47,
 139.558919,   34.863514,        0.47,
 139.563423,   34.863514,        0.48,
 139.567928,   34.863514,        0.48,
 139.572432,   34.863514,        0.49,
 139.576937,   34.863514,        0.50,
 139.581441,   34.863514,        0.51,
 139.585946,   34.863514,        0.52,
 139.590450,   34.863514,        0.53,
 139.594955,   34.863514,        0.54,
 139.599459,   34.863514,        0.56,
 139.603964,   34.863514,        0.57,
 139.608468,   34.863514,        0.56,
 139.612973,   34.863514,        0.55,
 139.617477,   34.863514,        0.54,
 139.621982,   34.863514,        0.53,
 139.626486,   34.863514,        0.52,
 139.630991,   34.863514,        0.52,
 139.635495,   34.863514,        0.51,
 139.640000,   34.863514,        0.52,
 139.644505,   34.863514,        0.52,
 139.649009,   34.863514,        0.53,
 139.653514,   34.863514,        0.54,
 139.658018,   34.863514,        0.55,
 139.662523,   34.863514,        0.56,
 139.667027,   34.863514,        0.57,
 139.671532,   34.863514,        0.58,
 139.676036,   34.863514,        0.60,
 139.680541,   34.863514,        0.62,
 139.685045,   34.863514,        0.65,
 139.689550,   34.863514,        0.69,
 139.694054,   34.863514,        0.73,
 139.698559,   34.863514,        0.77,
 139.703063,   34.863514,        0.81,
 139.707568,   34.863514,        0.86,
 139.712072,   34.863514,        0.91,
 139.716577,   34.863514,        0.95,
 139.721081,   34.863514,        0.99,
 139.725586,   34.863514,        1.03,
 139.730090,   34.863514,        1.05,
 139.734595,   34.863514,        1.06,
 139.739099,   34.863514,        1.05,
 139.743604,   34.863514,        1.04,
 139.748108,   34.863514,        1.01,
 139.752613,   34.863514,        0.99,
 139.757117,   34.863514,        0.96,
 139.761622,   34.863514,        0.96,
 139.766126,   34.863514,        0.95,
 139.770631,   34.863514,        0.94,
 139.775135,   34.863514,        0.95,
 139.779640,   34.863514,        0.95,
 139.784144,   34.863514,        0.95,
 139.788649,   34.863514,        0.98,
 139.793153,   34.863514,        0.99,
 139.797658,   34.863514,        1.02,
 139.802162,   34.863514,        1.05,
 139.806667,   34.863514,        1.08,
 139.811171,   34.863514,        1.13,
 139.815676,   34.863514,        1.18,
 139.820180,   34.863514,        1.25,
 139.824685,   34.863514,        1.33,
 139.829189,   34.863514,        1.40,
 139.833694,   34.863514,        1.50,
 139.838198,   34.863514,        1.61,
 139.842703,   34.863514,        1.71,
 139.847207,   34.863514,        1.83,
 139.851712,   34.863514,        1.95,
 139.856216,   34.863514,        2.05,
 139.860721,   34.863514,        2.14,
 139.865225,   34.863514,        2.22,
 139.869730,   34.863514,        2.26,
 139.874234,   34.863514,        2.29,
 139.878739,   34.863514,        2.28,
 139.883243,   34.863514,        2.26,
 139.887748,   34.863514,        2.22,
 139.892252,   34.863514,        2.16,
 139.896757,   34.863514,        2.10,
 139.901261,   34.863514,        2.02,
 139.905766,   34.863514,        1.93,
 139.910270,   34.863514,        1.86,
 139.914775,   34.863514,        1.79,
 139.919279,   34.863514,        1.72,
 139.923784,   34.863514,        1.68,
 139.928288,   34.863514,        1.63,
 139.932793,   34.863514,        1.59,
 139.937297,   34.863514,        1.56,
 139.941802,   34.863514,        1.53,
 139.946306,   34.863514,        1.50,
 139.950811,   34.863514,        1.46,
 139.955315,   34.863514,        1.43,
 139.959820,   34.863514,        1.39,
 139.964324,   34.863514,        1.34,
 139.968829,   34.863514,        1.29,
 139.973333,   34.863514,        1.24,
 139.977838,   34.863514,        1.20,
 139.982342,   34.863514,        1.17,
 139.986847,   34.863514,        1.13,
 139.991351,   34.863514,        1.09,
 139.995856,   34.863514,        1.04,
 140.000360,   34.863514,        0.98,
 140.004865,   34.863514,        0.93,
 140.009369,   34.863514,        0.89,
 140.013874,   34.863514,        0.84,
 140.018378,   34.863514,        0.78,
 140.022883,   34.863514,        0.72,
 140.027387,   34.863514,        0.66,
 140.031892,   34.863514,        0.60,
 140.036396,   34.863514,        0.53,
 140.040901,   34.863514,        0.47,
 140.045405,   34.863514,        0.42,
 140.049910,   34.863514,        0.37,
 140.054414,   34.863514,        0.31,
 140.058919,   34.863514,        0.26,
 140.063423,   34.863514,        0.22,
 140.067928,   34.863514,        0.17,
 140.072432,   34.863514,        0.13,
 140.076937,   34.863514,        0.09,
 140.081441,   34.863514,        0.05,
 140.085946,   34.863514,        0.01,
 140.090450,   34.863514,        0.02,
 140.094955,   34.863514,        0.04,
 140.099459,   34.863514,        0.06,
 140.103964,   34.863514,        0.08,
 140.108468,   34.863514,        0.10,
 140.112973,   34.863514,        0.12,
 140.117477,   34.863514,        0.14,
 140.121982,   34.863514,        0.16,
 140.126486,   34.863514,        0.17,
 140.130991,   34.863514,        0.16,
 140.135495,   34.863514,        0.14,
 140.140000,   34.863514,        0.12,
 140.144505,   34.863514,        0.09,
 140.149009,   34.863514,        0.07,
 140.153514,   34.863514,        0.06,
 140.158018,   34.863514,        0.04,
 140.162523,   34.863514,        0.03,
 140.167027,   34.863514,        0.01,
 140.171532,   34.863514,       -0.00,
 140.176036,   34.863514,       -0.01,
 140.180541,   34.863514,       -0.02,
 140.185045,   34.863514,       -0.01,
 140.189550,   34.863514,       -0.00,
 140.194054,   34.863514,        0.01,
 140.198559,   34.863514,        0.02,
 140.203063,   34.863514,        0.03,
 140.207568,   34.863514,        0.05,
 140.212072,   34.863514,        0.06,
 140.216577,   34.863514,        0.08,
 140.221081,   34.863514,        0.09,
 140.225586,   34.863514,        0.11,
 140.230090,   34.863514,        0.12,
 140.234595,   34.863514,        0.14,
 140.239099,   34.863514,        0.16,
 140.243604,   34.863514,        0.18,
 140.248108,   34.863514,        0.20,
 140.252613,   34.863514,        0.22,
 140.257117,   34.863514,        0.24,
 140.261622,   34.863514,        0.26,
 140.266126,   34.863514,        0.27,
 140.270631,   34.863514,        0.27,
 140.275135,   34.863514,        0.25,
 140.279640,   34.863514,        0.22,
 140.284144,   34.863514,        0.18,
 140.288649,   34.863514,        0.15,
 140.293153,   34.863514,        0.11,
 140.297658,   34.863514,        0.07,
 140.302162,   34.863514,        0.04,
 140.306667,   34.863514,        0.00,
 140.311171,   34.863514,       -0.04,
 140.315676,   34.863514,       -0.08,
 140.320180,   34.863514,       -0.11,
 140.324685,   34.863514,       -0.15,
 140.329189,   34.863514,       -0.19,
 140.333694,   34.863514,       -0.23,
 140.338198,   34.863514,       -0.27,
 140.342703,   34.863514,       -0.32,
 140.347207,   34.863514,       -0.36,
 140.351712,   34.863514,       -0.39,
 140.356216,   34.863514,       -0.42,
 140.360721,   34.863514,       -0.45,
 140.365225,   34.863514,       -0.47,
 140.369730,   34.863514,       -0.50,
 140.374234,   34.863514,       -0.52,
 140.378739,   34.863514,       -0.54,
 140.383243,   34.863514,       -0.56,
 140.387748,   34.863514,       -0.59,
 139.140000,   34.868018,       -1.80,
 139.144505,   34.868018,       -1.95,
 139.149009,   34.868018,       -2.10,
 139.153514,   34.868018,       -2.24,
 139.158018,   34.868018,       -2.24,
 139.162523,   34.868018,       -2.24,
 139.167027,   34.868018,       -2.30,
 139.171532,   34.868018,       -2.30,
 139.176036,   34.868018,       -2.30,
 139.180541,   34.868018,       -2.30,
 139.185045,   34.868018,       -2.06,
 139.189550,   34.868018,       -1.82,
 139.194054,   34.868018,       -1.60,
 139.198559,   34.868018,       -1.39,
 139.203063,   34.868018,       -1.19,
 139.207568,   34.868018,       -1.00,
 139.212072,   34.868018,       -0.82,
 139.216577,   34.868018,       -0.66,
 139.221081,   34.868018,       -0.50,
 139.225586,   34.868018,       -0.35,
 139.230090,   34.868018,       -0.21,
 139.234595,   34.868018,       -0.08,
 139.239099,   34.868018,        0.00,
 139.243604,   34.868018,        0.00,
 139.248108,   34.868018,        0.00,
 139.252613,   34.868018,        0.00,
 139.257117,   34.868018,        0.00,
 139.261622,   34.868018,        0.00,
 139.266126,   34.868018,        0.00,
 139.270631,   34.868018,        0.00,
 139.275135,   34.868018,        0.00,
 139.279640,   34.868018,        0.00,
 139.284144,   34.868018,        0.00,
 139.288649,   34.868018,        0.00,
 139.293153,   34.868018,        0.00,
 139.297658,   34.868018,        0.00,
 139.302162,   34.868018,        0.00,
 139.306667,   34.868018,        0.00,
 139.311171,   34.868018,        0.00,
 139.315676,   34.868018,        0.00,
 139.320180,   34.868018,        0.00,
 139.324685,   34.868018,        0.00,
 139.329189,   34.868018,        0.00,
 139.333694,   34.868018,        0.00,
 139.338198,   34.868018,        0.00,
 139.342703,   34.868018,        0.00,
 139.347207,   34.868018,        0.00,
 139.351712,   34.868018,        0.00,
 139.356216,   34.868018,        0.00,
 139.360721,   34.868018,        0.00,
 139.365225,   34.868018,        0.00,
 139.369730,   34.868018,        0.00,
 139.374234,   34.868018,        0.00,
 139.378739,   34.868018,        0.00,
 139.383243,   34.868018,        0.00,
 139.387748,   34.868018,        0.00,
 139.392252,   34.868018,        0.00,
 139.396757,   34.868018,        0.00,
 139.401261,   34.868018,        0.00,
 139.405766,   34.868018,        0.00,
 139.410270,   34.868018,        0.02,
 139.414775,   34.868018,        0.08,
 139.419279,   34.868018,        0.13,
 139.423784,   34.868018,        0.19,
 139.428288,   34.868018,        0.24,
 139.432793,   34.868018,        0.29,
 139.437297,   34.868018,        0.33,
 139.441802,   34.868018,        0.37,
 139.446306,   34.868018,        0.40,
 139.450811,   34.868018,        0.36,
 139.455315,   34.868018,        0.32,
 139.459820,   34.868018,        0.28,
 139.464324,   34.868018,        0.24,
 139.468829,   34.868018,        0.19,
 139.473333,   34.868018,        0.15,
 139.477838,   34.868018,        0.13,
 139.482342,   34.868018,        0.15,
 139.486847,   34.868018,        0.20,
 139.491351,   34.868018,        0.25,
 139.495856,   34.868018,        0.31,
 139.500360,   34.868018,        0.37,
 139.504865,   34.868018,        0.43,
 139.509369,   34.868018,        0.47,
 139.513874,   34.868018,        0.50,
 139.518378,   34.868018,        0.52,
 139.522883,   34.868018,        0.51,
 139.527387,   34.868018,        0.51,
 139.531892,   34.868018,        0.51,
 139.536396,   34.868018,        0.51,
 139.540901,   34.868018,        0.50,
 139.545405,   34.868018,        0.50,
 139.549910,   34.868018,        0.50,
 139.554414,   34.868018,        0.50,
 139.558919,   34.868018,        0.50,
 139.563423,   34.868018,        0.51,
 139.567928,   34.868018,        0.51,
 139.572432,   34.868018,        0.52,
 139.576937,   34.868018,        0.53,
 139.581441,   34.868018,        0.54,
 139.585946,   34.868018,        0.55,
 139.590450,   34.868018,        0.56,
 139.594955,   34.868018,        0.58,
 139.599459,   34.868018,        0.59,
 139.603964,   34.868018,        0.61,
 139.608468,   34.868018,        0.60,
 139.612973,   34.868018,        0.59,
 139.617477,   34.868018,        0.58,
 139.621982,   34.868018,        0.57,
 139.626486,   34.868018,        0.56,
 139.630991,   34.868018,        0.55,
 139.635495,   34.868018,        0.55,
 139.640000,   34.868018,        0.56,
 139.644505,   34.868018,        0.56,
 139.649009,   34.868018,        0.57,
 139.653514,   34.868018,        0.59,
 139.658018,   34.868018,        0.60,
 139.662523,   34.868018,        0.61,
 139.667027,   34.868018,        0.62,
 139.671532,   34.868018,        0.63,
 139.676036,   34.868018,        0.66,
 139.680541,   34.868018,        0.68,
 139.685045,   34.868018,        0.71,
 139.689550,   34.868018,        0.74,
 139.694054,   34.868018,        0.78,
 139.698559,   34.868018,        0.82,
 139.703063,   34.868018,        0.86,
 139.707568,   34.868018,        0.91,
 139.712072,   34.868018,        0.96,
 139.716577,   34.868018,        1.01,
 139.721081,   34.868018,        1.05,
 139.725586,   34.868018,        1.09,
 139.730090,   34.868018,        1.13,
 139.734595,   34.868018,        1.16,
 139.739099,   34.868018,        1.17,
 139.743604,   34.868018,        1.18,
 139.748108,   34.868018,        1.18,
 139.752613,   34.868018,        1.17,
 139.757117,   34.868018,        1.16,
 139.761622,   34.868018,        1.16,
 139.766126,   34.868018,        1.15,
 139.770631,   34.868018,        1.14,
 139.775135,   34.868018,        1.13,
 139.779640,   34.868018,        1.13,
 139.784144,   34.868018,        1.13,
 139.788649,   34.868018,        1.14,
 139.793153,   34.868018,        1.16,
 139.797658,   34.868018,        1.17,
 139.802162,   34.868018,        1.20,
 139.806667,   34.868018,        1.23,
 139.811171,   34.868018,        1.27,
 139.815676,   34.868018,        1.32,
 139.820180,   34.868018,        1.38,
 139.824685,   34.868018,        1.45,
 139.829189,   34.868018,        1.52,
 139.833694,   34.868018,        1.61,
 139.838198,   34.868018,        1.71,
 139.842703,   34.868018,        1.82,
 139.847207,   34.868018,        1.93,
 139.851712,   34.868018,        2.04,
 139.856216,   34.868018,        2.14,
 139.860721,   34.868018,        2.22,
 139.865225,   34.868018,        2.29,
 139.869730,   34.868018,        2.34,
 139.874234,   34.868018,        2.37,
 139.878739,   34.868018,        2.37,
 139.883243,   34.868018,        2.35,
 139.887748,   34.868018,        2.31,
 139.892252,   34.868018,        2.26,
 139.896757,   34.868018,        2.20,
 139.901261,   34.868018,        2.14,
 139.905766,   34.868018,        2.07,
 139.910270,   34.868018,        2.01,
 139.914775,   34.868018,        1.96,
 139.919279,   34.868018,        1.90,
 139.923784,   34.868018,        1.86,
 139.928288,   34.868018,        1.83,
 139.932793,   34.868018,        1.79,
 139.937297,   34.868018,        1.75,
 139.941802,   34.868018,        1.72,
 139.946306,   34.868018,        1.68,
 139.950811,   34.868018,        1.65,
 139.955315,   34.868018,        1.61,
 139.959820,   34.868018,        1.56,
 139.964324,   34.868018,        1.51,
 139.968829,   34.868018,        1.46,
 139.973333,   34.868018,        1.41,
 139.977838,   34.868018,        1.35,
 139.982342,   34.868018,        1.31,
 139.986847,   34.868018,        1.27,
 139.991351,   34.868018,        1.22,
 139.995856,   34.868018,        1.16,
 140.000360,   34.868018,        1.10,
 140.004865,   34.868018,        1.04,
 140.009369,   34.868018,        0.99,
 140.013874,   34.868018,        0.94,
 140.018378,   34.868018,        0.88,
 140.022883,   34.868018,        0.81,
 140.027387,   34.868018,        0.75,
 140.031892,   34.868018,        0.68,
 140.036396,   34.868018,        0.62,
 140.040901,   34.868018,        0.56,
 140.045405,   34.868018,        0.50,
 140.049910,   34.868018,        0.45,
 140.054414,   34.868018,        0.39,
 140.058919,   34.868018,        0.34,
 140.063423,   34.868018,        0.29,
 140.067928,   34.868018,        0.24,
 140.072432,   34.868018,        0.19,
 140.076937,   34.868018,        0.15,
 140.081441,   34.868018,        0.11,
 140.085946,   34.868018,        0.07,
 140.090450,   34.868018,        0.06,
 140.094955,   34.868018,        0.07,
 140.099459,   34.868018,        0.09,
 140.103964,   34.868018,        0.11,
 140.108468,   34.868018,        0.13,
 140.112973,   34.868018,        0.15,
 140.117477,   34.868018,        0.17,
 140.121982,   34.868018,        0.19,
 140.126486,   34.868018,        0.20,
 140.130991,   34.868018,        0.19,
 140.135495,   34.868018,        0.16,
 140.140000,   34.868018,        0.13,
 140.144505,   34.868018,        0.11,
 140.149009,   34.868018,        0.09,
 140.153514,   34.868018,        0.07,
 140.158018,   34.868018,        0.05,
 140.162523,   34.868018,        0.04,
 140.167027,   34.868018,        0.03,
 140.171532,   34.868018,        0.01,
 140.176036,   34.868018,        0.01,
 140.180541,   34.868018,        0.01,
 140.185045,   34.868018,        0.02,
 140.189550,   34.868018,        0.03,
 140.194054,   34.868018,        0.04,
 140.198559,   34.868018,        0.05,
 140.203063,   34.868018,        0.07,
 140.207568,   34.868018,        0.08,
 140.212072,   34.868018,        0.09,
 140.216577,   34.868018,        0.11,
 140.221081,   34.868018,        0.12,
 140.225586,   34.868018,        0.14,
 140.230090,   34.868018,        0.15,
 140.234595,   34.868018,        0.17,
 140.239099,   34.868018,        0.19,
 140.243604,   34.868018,        0.20,
 140.248108,   34.868018,        0.22,
 140.252613,   34.868018,        0.24,
 140.257117,   34.868018,        0.26,
 140.261622,   34.868018,        0.28,
 140.266126,   34.868018,        0.28,
 140.270631,   34.868018,        0.26,
 140.275135,   34.868018,        0.23,
 140.279640,   34.868018,        0.20,
 140.284144,   34.868018,        0.16,
 140.288649,   34.868018,        0.13,
 140.293153,   34.868018,        0.09,
 140.297658,   34.868018,        0.06,
 140.302162,   34.868018,        0.02,
 140.306667,   34.868018,       -0.02,
 140.311171,   34.868018,       -0.06,
 140.315676,   34.868018,       -0.09,
 140.320180,   34.868018,       -0.13,
 140.324685,   34.868018,       -0.17,
 140.329189,   34.868018,       -0.21,
 140.333694,   34.868018,       -0.25,
 140.338198,   34.868018,       -0.29,
 140.342703,   34.868018,       -0.33,
 140.347207,   34.868018,       -0.37,
 140.351712,   34.868018,       -0.40,
 140.356216,   34.868018,       -0.42,
 140.360721,   34.868018,       -0.45,
 140.365225,   34.868018,       -0.47,
 140.369730,   34.868018,       -0.49,
 140.374234,   34.868018,       -0.52,
 140.378739,   34.868018,       -0.54,
 140.383243,   34.868018,       -0.56,
 140.387748,   34.868018,       -0.58,
 139.140000,   34.872523,       -1.51,
 139.144505,   34.872523,       -1.66,
 139.149009,   34.872523,       -1.81,
 139.153514,   34.872523,       -1.95,
 139.158018,   34.872523,       -2.09,
 139.162523,   34.872523,       -2.22,
 139.167027,   34.872523,       -2.30,
 139.171532,   34.872523,       -2.32,
 139.176036,   34.872523,       -2.33,
 139.180541,   34.872523,       -2.17,
 139.185045,   34.872523,       -2.17,
 139.189550,   34.872523,       -1.94,
 139.194054,   34.872523,       -1.72,
 139.198559,   34.872523,       -1.51,
 139.203063,   34.872523,       -1.31,
 139.207568,   34.872523,       -1.12,
 139.212072,   34.872523,       -0.94,
 139.216577,   34.872523,       -0.77,
 139.221081,   34.872523,       -0.61,
 139.225586,   34.872523,       -0.46,
 139.230090,   34.872523,       -0.32,
 139.234595,   34.872523,       -0.19,
 139.239099,   34.872523,       -0.07,
 139.243604,   34.872523,        0.00,
 139.248108,   34.872523,        0.00,
 139.252613,   34.872523,        0.00,
 139.257117,   34.872523,        0.00,
 139.261622,   34.872523,        0.00,
 139.266126,   34.872523,        0.00,
 139.270631,   34.872523,        0.00,
 139.275135,   34.872523,        0.00,
 139.279640,   34.872523,        0.00,
 139.284144,   34.872523,        0.00,
 139.288649,   34.872523,        0.00,
 139.293153,   34.872523,        0.00,
 139.297658,   34.872523,        0.00,
 139.302162,   34.872523,        0.00,
 139.306667,   34.872523,        0.00,
 139.311171,   34.872523,        0.00,
 139.315676,   34.872523,        0.00,
 139.320180,   34.872523,        0.00,
 139.324685,   34.872523,        0.00,
 139.329189,   34.872523,        0.00,
 139.333694,   34.872523,        0.00,
 139.338198,   34.872523,        0.00,
 139.342703,   34.872523,        0.00,
 139.347207,   34.872523,        0.00,
 139.351712,   34.872523,        0.00,
 139.356216,   34.872523,        0.00,
 139.360721,   34.872523,        0.00,
 139.365225,   34.872523,        0.00,
 139.369730,   34.872523,        0.00,
 139.374234,   34.872523,        0.00,
 139.378739,   34.872523,        0.00,
 139.383243,   34.872523,        0.00,
 139.387748,   34.872523,        0.00,
 139.392252,   34.872523,        0.01,
 139.396757,   34.872523,        0.03,
 139.401261,   34.872523,        0.04,
 139.405766,   34.872523,        0.06,
 139.410270,   34.872523,        0.10,
 139.414775,   34.872523,        0.16,
 139.419279,   34.872523,        0.21,
 139.423784,   34.872523,        0.26,
 139.428288,   34.872523,        0.31,
 139.432793,   34.872523,        0.36,
 139.437297,   34.872523,        0.40,
 139.441802,   34.872523,        0.43,
 139.446306,   34.872523,        0.44,
 139.450811,   34.872523,        0.41,
 139.455315,   34.872523,        0.37,
 139.459820,   34.872523,        0.33,
 139.464324,   34.872523,        0.29,
 139.468829,   34.872523,        0.25,
 139.473333,   34.872523,        0.23,
 139.477838,   34.872523,        0.22,
 139.482342,   34.872523,        0.24,
 139.486847,   34.872523,        0.27,
 139.491351,   34.872523,        0.32,
 139.495856,   34.872523,        0.37,
 139.500360,   34.872523,        0.43,
 139.504865,   34.872523,        0.48,
 139.509369,   34.872523,        0.51,
 139.513874,   34.872523,        0.53,
 139.518378,   34.872523,        0.54,
 139.522883,   34.872523,        0.54,
 139.527387,   34.872523,        0.54,
 139.531892,   34.872523,        0.54,
 139.536396,   34.872523,        0.53,
 139.540901,   34.872523,        0.53,
 139.545405,   34.872523,        0.53,
 139.549910,   34.872523,        0.53,
 139.554414,   34.872523,        0.53,
 139.558919,   34.872523,        0.53,
 139.563423,   34.872523,        0.54,
 139.567928,   34.872523,        0.54,
 139.572432,   34.872523,        0.55,
 139.576937,   34.872523,        0.56,
 139.581441,   34.872523,        0.57,
 139.585946,   34.872523,        0.58,
 139.590450,   34.872523,        0.60,
 139.594955,   34.872523,        0.61,
 139.599459,   34.872523,        0.62,
 139.603964,   34.872523,        0.63,
 139.608468,   34.872523,        0.63,
 139.612973,   34.872523,        0.62,
 139.617477,   34.872523,        0.61,
 139.621982,   34.872523,        0.60,
 139.626486,   34.872523,        0.60,
 139.630991,   34.872523,        0.59,
 139.635495,   34.872523,        0.58,
 139.640000,   34.872523,        0.59,
 139.644505,   34.872523,        0.61,
 139.649009,   34.872523,        0.62,
 139.653514,   34.872523,        0.64,
 139.658018,   34.872523,        0.65,
 139.662523,   34.872523,        0.66,
 139.667027,   34.872523,        0.67,
 139.671532,   34.872523,        0.69,
 139.676036,   34.872523,        0.72,
 139.680541,   34.872523,        0.74,
 139.685045,   34.872523,        0.77,
 139.689550,   34.872523,        0.80,
 139.694054,   34.872523,        0.84,
 139.698559,   34.872523,        0.88,
 139.703063,   34.872523,        0.92,
 139.707568,   34.872523,        0.97,
 139.712072,   34.872523,        1.02,
 139.716577,   34.872523,        1.06,
 139.721081,   34.872523,        1.12,
 139.725586,   34.872523,        1.17,
 139.730090,   34.872523,        1.21,
 139.734595,   34.872523,        1.26,
 139.739099,   34.872523,        1.30,
 139.743604,   34.872523,        1.34,
 139.748108,   34.872523,        1.35,
 139.752613,   34.872523,        1.35,
 139.757117,   34.872523,        1.36,
 139.761622,   34.872523,        1.35,
 139.766126,   34.872523,        1.34,
 139.770631,   34.872523,        1.33,
 139.775135,   34.872523,        1.31,
 139.779640,   34.872523,        1.30,
 139.784144,   34.872523,        1.30,
 139.788649,   34.872523,        1.29,
 139.793153,   34.872523,        1.29,
 139.797658,   34.872523,        1.31,
 139.802162,   34.872523,        1.31,
 139.806667,   34.872523,        1.34,
 139.811171,   34.872523,        1.37,
 139.815676,   34.872523,        1.42,
 139.820180,   34.872523,        1.48,
 139.824685,   34.872523,        1.54,
 139.829189,   34.872523,        1.61,
 139.833694,   34.872523,        1.70,
 139.838198,   34.872523,        1.80,
 139.842703,   34.872523,        1.90,
 139.847207,   34.872523,        2.02,
 139.851712,   34.872523,        2.13,
 139.856216,   34.872523,        2.23,
 139.860721,   34.872523,        2.31,
 139.865225,   34.872523,        2.37,
 139.869730,   34.872523,        2.43,
 139.874234,   34.872523,        2.45,
 139.878739,   34.872523,        2.46,
 139.883243,   34.872523,        2.44,
 139.887748,   34.872523,        2.40,
 139.892252,   34.872523,        2.36,
 139.896757,   34.872523,        2.31,
 139.901261,   34.872523,        2.26,
 139.905766,   34.872523,        2.21,
 139.910270,   34.872523,        2.16,
 139.914775,   34.872523,        2.11,
 139.919279,   34.872523,        2.07,
 139.923784,   34.872523,        2.03,
 139.928288,   34.872523,        2.00,
 139.932793,   34.872523,        1.97,
 139.937297,   34.872523,        1.93,
 139.941802,   34.872523,        1.90,
 139.946306,   34.872523,        1.87,
 139.950811,   34.872523,        1.83,
 139.955315,   34.872523,        1.79,
 139.959820,   34.872523,        1.74,
 139.964324,   34.872523,        1.68,
 139.968829,   34.872523,        1.63,
 139.973333,   34.872523,        1.57,
 139.977838,   34.872523,        1.51,
 139.982342,   34.872523,        1.46,
 139.986847,   34.872523,        1.40,
 139.991351,   34.872523,        1.34,
 139.995856,   34.872523,        1.28,
 140.000360,   34.872523,        1.21,
 140.004865,   34.872523,        1.15,
 140.009369,   34.872523,        1.10,
 140.013874,   34.872523,        1.04,
 140.018378,   34.872523,        0.97,
 140.022883,   34.872523,        0.91,
 140.027387,   34.872523,        0.84,
 140.031892,   34.872523,        0.77,
 140.036396,   34.872523,        0.71,
 140.040901,   34.872523,        0.64,
 140.045405,   34.872523,        0.58,
 140.049910,   34.872523,        0.52,
 140.054414,   34.872523,        0.46,
 140.058919,   34.872523,        0.41,
 140.063423,   34.872523,        0.35,
 140.067928,   34.872523,        0.30,
 140.072432,   34.872523,        0.26,
 140.076937,   34.872523,        0.21,
 140.081441,   34.872523,        0.17,
 140.085946,   34.872523,        0.13,
 140.090450,   34.872523,        0.11,
 140.094955,   34.872523,        0.11,
 140.099459,   34.872523,        0.12,
 140.103964,   34.872523,        0.13,
 140.108468,   34.872523,        0.15,
 140.112973,   34.872523,        0.17,
 140.117477,   34.872523,        0.19,
 140.121982,   34.872523,        0.21,
 140.126486,   34.872523,        0.23,
 140.130991,   34.872523,        0.20,
 140.135495,   34.872523,        0.17,
 140.140000,   34.872523,        0.14,
 140.144505,   34.872523,        0.11,
 140.149009,   34.872523,        0.09,
 140.153514,   34.872523,        0.07,
 140.158018,   34.872523,        0.06,
 140.162523,   34.872523,        0.05,
 140.167027,   34.872523,        0.04,
 140.171532,   34.872523,        0.03,
 140.176036,   34.872523,        0.03,
 140.180541,   34.872523,        0.04,
 140.185045,   34.872523,        0.05,
 140.189550,   34.872523,        0.06,
 140.194054,   34.872523,        0.07,
 140.198559,   34.872523,        0.08,
 140.203063,   34.872523,        0.09,
 140.207568,   34.872523,        0.11,
 140.212072,   34.872523,        0.12,
 140.216577,   34.872523,        0.13,
 140.221081,   34.872523,        0.15,
 140.225586,   34.872523,        0.16,
 140.230090,   34.872523,        0.18,
 140.234595,   34.872523,        0.20,
 140.239099,   34.872523,        0.21,
 140.243604,   34.872523,        0.23,
 140.248108,   34.872523,        0.25,
 140.252613,   34.872523,        0.27,
 140.257117,   34.872523,        0.29,
 140.261622,   34.872523,        0.29,
 140.266126,   34.872523,        0.28,
 140.270631,   34.872523,        0.24,
 140.275135,   34.872523,        0.21,
 140.279640,   34.872523,        0.18,
 140.284144,   34.872523,        0.14,
 140.288649,   34.872523,        0.11,
 140.293153,   34.872523,        0.07,
 140.297658,   34.872523,        0.04,
 140.302162,   34.872523,       -0.00,
 140.306667,   34.872523,       -0.04,
 140.311171,   34.872523,       -0.07,
 140.315676,   34.872523,       -0.11,
 140.320180,   34.872523,       -0.15,
 140.324685,   34.872523,       -0.19,
 140.329189,   34.872523,       -0.23,
 140.333694,   34.872523,       -0.27,
 140.338198,   34.872523,       -0.31,
 140.342703,   34.872523,       -0.35,
 140.347207,   34.872523,       -0.37,
 140.351712,   34.872523,       -0.40,
 140.356216,   34.872523,       -0.43,
 140.360721,   34.872523,       -0.45,
 140.365225,   34.872523,       -0.47,
 140.369730,   34.872523,       -0.49,
 140.374234,   34.872523,       -0.51,
 140.378739,   34.872523,       -0.54,
 140.383243,   34.872523,       -0.56,
 140.387748,   34.872523,       -0.58,
 139.140000,   34.877027,       -1.22,
 139.144505,   34.877027,       -1.38,
 139.149009,   34.877027,       -1.53,
 139.153514,   34.877027,       -1.67,
 139.158018,   34.877027,       -1.81,
 139.162523,   34.877027,       -1.94,
 139.167027,   34.877027,       -2.06,
 139.171532,   34.877027,       -2.16,
 139.176036,   34.877027,       -2.18,
 139.180541,   34.877027,       -2.20,
 139.185045,   34.877027,       -2.21,
 139.189550,   34.877027,       -2.04,
 139.194054,   34.877027,       -1.82,
 139.198559,   34.877027,       -1.61,
 139.203063,   34.877027,       -1.41,
 139.207568,   34.877027,       -1.22,
 139.212072,   34.877027,       -1.04,
 139.216577,   34.877027,       -0.87,
 139.221081,   34.877027,       -0.71,
 139.225586,   34.877027,       -0.56,
 139.230090,   34.877027,       -0.42,
 139.234595,   34.877027,       -0.29,
 139.239099,   34.877027,       -0.17,
 139.243604,   34.877027,       -0.07,
 139.248108,   34.877027,        0.00,
 139.252613,   34.877027,        0.00,
 139.257117,   34.877027,        0.00,
 139.261622,   34.877027,        0.00,
 139.266126,   34.877027,        0.00,
 139.270631,   34.877027,        0.00,
 139.275135,   34.877027,        0.00,
 139.279640,   34.877027,        0.00,
 139.284144,   34.877027,        0.00,
 139.288649,   34.877027,        0.00,
 139.293153,   34.877027,        0.00,
 139.297658,   34.877027,        0.00,
 139.302162,   34.877027,        0.00,
 139.306667,   34.877027,        0.00,
 139.311171,   34.877027,        0.00,
 139.315676,   34.877027,        0.00,
 139.320180,   34.877027,        0.00,
 139.324685,   34.877027,        0.00,
 139.329189,   34.877027,        0.00,
 139.333694,   34.877027,        0.00,
 139.338198,   34.877027,        0.00,
 139.342703,   34.877027,        0.00,
 139.347207,   34.877027,        0.00,
 139.351712,   34.877027,        0.00,
 139.356216,   34.877027,        0.00,
 139.360721,   34.877027,        0.00,
 139.365225,   34.877027,        0.00,
 139.369730,   34.877027,        0.00,
 139.374234,   34.877027,        0.00,
 139.378739,   34.877027,        0.00,
 139.383243,   34.877027,        0.00,
 139.387748,   34.877027,        0.02,
 139.392252,   34.877027,        0.04,
 139.396757,   34.877027,        0.07,
 139.401261,   34.877027,        0.10,
 139.405766,   34.877027,        0.14,
 139.410270,   34.877027,        0.18,
 139.414775,   34.877027,        0.24,
 139.419279,   34.877027,        0.29,
 139.423784,   34.877027,        0.34,
 139.428288,   34.877027,        0.39,
 139.432793,   34.877027,        0.43,
 139.437297,   34.877027,        0.46,
 139.441802,   34.877027,        0.48,
 139.446306,   34.877027,        0.49,
 139.450811,   34.877027,        0.46,
 139.455315,   34.877027,        0.43,
 139.459820,   34.877027,        0.39,
 139.464324,   34.877027,        0.35,
 139.468829,   34.877027,        0.32,
 139.473333,   34.877027,        0.30,
 139.477838,   34.877027,        0.31,
 139.482342,   34.877027,        0.33,
 139.486847,   34.877027,        0.36,
 139.491351,   34.877027,        0.39,
 139.495856,   34.877027,        0.44,
 139.500360,   34.877027,        0.49,
 139.504865,   34.877027,        0.53,
 139.509369,   34.877027,        0.55,
 139.513874,   34.877027,        0.57,
 139.518378,   34.877027,        0.57,
 139.522883,   34.877027,        0.57,
 139.527387,   34.877027,        0.56,
 139.531892,   34.877027,        0.56,
 139.536396,   34.877027,        0.56,
 139.540901,   34.877027,        0.56,
 139.545405,   34.877027,        0.56,
 139.549910,   34.877027,        0.56,
 139.554414,   34.877027,        0.56,
 139.558919,   34.877027,        0.56,
 139.563423,   34.877027,        0.57,
 139.567928,   34.877027,        0.57,
 139.572432,   34.877027,        0.58,
 139.576937,   34.877027,        0.59,
 139.581441,   34.877027,        0.60,
 139.585946,   34.877027,        0.61,
 139.590450,   34.877027,        0.62,
 139.594955,   34.877027,        0.64,
 139.599459,   34.877027,        0.65,
 139.603964,   34.877027,        0.66,
 139.608468,   34.877027,        0.66,
 139.612973,   34.877027,        0.66,
 139.617477,   34.877027,        0.65,
 139.621982,   34.877027,        0.64,
 139.626486,   34.877027,        0.63,
 139.630991,   34.877027,        0.62,
 139.635495,   34.877027,        0.62,
 139.640000,   34.877027,        0.63,
 139.644505,   34.877027,        0.65,
 139.649009,   34.877027,        0.67,
 139.653514,   34.877027,        0.68,
 139.658018,   34.877027,        0.70,
 139.662523,   34.877027,        0.71,
 139.667027,   34.877027,        0.73,
 139.671532,   34.877027,        0.75,
 139.676036,   34.877027,        0.78,
 139.680541,   34.877027,        0.80,
 139.685045,   34.877027,        0.83,
 139.689550,   34.877027,        0.87,
 139.694054,   34.877027,        0.90,
 139.698559,   34.877027,        0.94,
 139.703063,   34.877027,        0.99,
 139.707568,   34.877027,        1.03,
 139.712072,   34.877027,        1.08,
 139.716577,   34.877027,        1.13,
 139.721081,   34.877027,        1.19,
 139.725586,   34.877027,        1.24,
 139.730090,   34.877027,        1.30,
 139.734595,   34.877027,        1.35,
 139.739099,   34.877027,        1.41,
 139.743604,   34.877027,        1.47,
 139.748108,   34.877027,        1.50,
 139.752613,   34.877027,        1.52,
 139.757117,   34.877027,        1.54,
 139.761622,   34.877027,        1.53,
 139.766126,   34.877027,        1.51,
 139.770631,   34.877027,        1.50,
 139.775135,   34.877027,        1.47,
 139.779640,   34.877027,        1.44,
 139.784144,   34.877027,        1.43,
 139.788649,   34.877027,        1.40,
 139.793153,   34.877027,        1.39,
 139.797658,   34.877027,        1.39,
 139.802162,   34.877027,        1.38,
 139.806667,   34.877027,        1.40,
 139.811171,   34.877027,        1.44,
 139.815676,   34.877027,        1.48,
 139.820180,   34.877027,        1.54,
 139.824685,   34.877027,        1.60,
 139.829189,   34.877027,        1.67,
 139.833694,   34.877027,        1.76,
 139.838198,   34.877027,        1.86,
 139.842703,   34.877027,        1.97,
 139.847207,   34.877027,        2.10,
 139.851712,   34.877027,        2.22,
 139.856216,   34.877027,        2.31,
 139.860721,   34.877027,        2.39,
 139.865225,   34.877027,        2.45,
 139.869730,   34.877027,        2.50,
 139.874234,   34.877027,        2.54,
 139.878739,   34.877027,        2.55,
 139.883243,   34.877027,        2.54,
 139.887748,   34.877027,        2.51,
 139.892252,   34.877027,        2.47,
 139.896757,   34.877027,        2.43,
 139.901261,   34.877027,        2.38,
 139.905766,   34.877027,        2.34,
 139.910270,   34.877027,        2.30,
 139.914775,   34.877027,        2.26,
 139.919279,   34.877027,        2.23,
 139.923784,   34.877027,        2.20,
 139.928288,   34.877027,        2.17,
 139.932793,   34.877027,        2.15,
 139.937297,   34.877027,        2.12,
 139.941802,   34.877027,        2.08,
 139.946306,   34.877027,        2.05,
 139.950811,   34.877027,        2.01,
 139.955315,   34.877027,        1.97,
 139.959820,   34.877027,        1.92,
 139.964324,   34.877027,        1.86,
 139.968829,   34.877027,        1.80,
 139.973333,   34.877027,        1.73,
 139.977838,   34.877027,        1.67,
 139.982342,   34.877027,        1.61,
 139.986847,   34.877027,        1.53,
 139.991351,   34.877027,        1.46,
 139.995856,   34.877027,        1.40,
 140.000360,   34.877027,        1.33,
 140.004865,   34.877027,        1.26,
 140.009369,   34.877027,        1.20,
 140.013874,   34.877027,        1.13,
 140.018378,   34.877027,        1.06,
 140.022883,   34.877027,        1.00,
 140.027387,   34.877027,        0.93,
 140.031892,   34.877027,        0.86,
 140.036396,   34.877027,        0.80,
 140.040901,   34.877027,        0.73,
 140.045405,   34.877027,        0.66,
 140.049910,   34.877027,        0.59,
 140.054414,   34.877027,        0.53,
 140.058919,   34.877027,        0.47,
 140.063423,   34.877027,        0.42,
 140.067928,   34.877027,        0.37,
 140.072432,   34.877027,        0.32,
 140.076937,   34.877027,        0.27,
 140.081441,   34.877027,        0.23,
 140.085946,   34.877027,        0.19,
 140.090450,   34.877027,        0.16,
 140.094955,   34.877027,        0.15,
 140.099459,   34.877027,        0.15,
 140.103964,   34.877027,        0.16,
 140.108468,   34.877027,        0.18,
 140.112973,   34.877027,        0.20,
 140.117477,   34.877027,        0.22,
 140.121982,   34.877027,        0.23,
 140.126486,   34.877027,        0.22,
 140.130991,   34.877027,        0.20,
 140.135495,   34.877027,        0.17,
 140.140000,   34.877027,        0.14,
 140.144505,   34.877027,        0.11,
 140.149009,   34.877027,        0.09,
 140.153514,   34.877027,        0.07,
 140.158018,   34.877027,        0.06,
 140.162523,   34.877027,        0.05,
 140.167027,   34.877027,        0.05,
 140.171532,   34.877027,        0.05,
 140.176036,   34.877027,        0.06,
 140.180541,   34.877027,        0.07,
 140.185045,   34.877027,        0.08,
 140.189550,   34.877027,        0.09,
 140.194054,   34.877027,        0.10,
 140.198559,   34.877027,        0.11,
 140.203063,   34.877027,        0.12,
 140.207568,   34.877027,        0.14,
 140.212072,   34.877027,        0.15,
 140.216577,   34.877027,        0.16,
 140.221081,   34.877027,        0.18,
 140.225586,   34.877027,        0.19,
 140.230090,   34.877027,        0.21,
 140.234595,   34.877027,        0.23,
 140.239099,   34.877027,        0.24,
 140.243604,   34.877027,        0.26,
 140.248108,   34.877027,        0.28,
 140.252613,   34.877027,        0.30,
 140.257117,   34.877027,        0.31,
 140.261622,   34.877027,        0.29,
 140.266126,   34.877027,        0.26,
 140.270631,   34.877027,        0.23,
 140.275135,   34.877027,        0.19,
 140.279640,   34.877027,        0.16,
 140.284144,   34.877027,        0.12,
 140.288649,   34.877027,        0.09,
 140.293153,   34.877027,        0.05,
 140.297658,   34.877027,        0.02,
 140.302162,   34.877027,       -0.02,
 140.306667,   34.877027,       -0.06,
 140.311171,   34.877027,       -0.09,
 140.315676,   34.877027,       -0.13,
 140.320180,   34.877027,       -0.17,
 140.324685,   34.877027,       -0.21,
 140.329189,   34.877027,       -0.25,
 140.333694,   34.877027,       -0.29,
 140.338198,   34.877027,       -0.32,
 140.342703,   34.877027,       -0.35,
 140.347207,   34.877027,       -0.38,
 140.351712,   34.877027,       -0.40,
 140.356216,   34.877027,       -0.42,
 140.360721,   34.877027,       -0.45,
 140.365225,   34.877027,       -0.47,
 140.369730,   34.877027,       -0.49,
 140.374234,   34.877027,       -0.51,
 140.378739,   34.877027,       -0.53,
 140.383243,   34.877027,       -0.56,
 140.387748,   34.877027,       -0.58,
 139.140000,   34.881532,       -0.94,
 139.144505,   34.881532,       -1.10,
 139.149009,   34.881532,       -1.25,
 139.153514,   34.881532,       -1.40,
 139.158018,   34.881532,       -1.54,
 139.162523,   34.881532,       -1.67,
 139.167027,   34.881532,       -1.79,
 139.171532,   34.881532,       -1.91,
 139.176036,   34.881532,       -2.02,
 139.180541,   34.881532,       -2.04,
 139.185045,   34.881532,       -2.06,
 139.189550,   34.881532,       -2.08,
 139.194054,   34.881532,       -1.91,
 139.198559,   34.881532,       -1.70,
 139.203063,   34.881532,       -1.50,
 139.207568,   34.881532,       -1.31,
 139.212072,   34.881532,       -1.13,
 139.216577,   34.881532,       -0.96,
 139.221081,   34.881532,       -0.80,
 139.225586,   34.881532,       -0.65,
 139.230090,   34.881532,       -0.51,
 139.234595,   34.881532,       -0.38,
 139.239099,   34.881532,       -0.27,
 139.243604,   34.881532,       -0.16,
 139.248108,   34.881532,       -0.06,
 139.252613,   34.881532,        0.00,
 139.257117,   34.881532,        0.00,
 139.261622,   34.881532,        0.00,
 139.266126,   34.881532,        0.00,
 139.270631,   34.881532,        0.00,
 139.275135,   34.881532,        0.00,
 139.279640,   34.881532,        0.00,
 139.284144,   34.881532,        0.00,
 139.288649,   34.881532,        0.00,
 139.293153,   34.881532,        0.00,
 139.297658,   34.881532,        0.00,
 139.302162,   34.881532,        0.00,
 139.306667,   34.881532,        0.00,
 139.311171,   34.881532,        0.00,
 139.315676,   34.881532,        0.00,
 139.320180,   34.881532,        0.00,
 139.324685,   34.881532,        0.00,
 139.329189,   34.881532,        0.00,
 139.333694,   34.881532,        0.00,
 139.338198,   34.881532,        0.00,
 139.342703,   34.881532,        0.00,
 139.347207,   34.881532,        0.00,
 139.351712,   34.881532,        0.00,
 139.356216,   34.881532,        0.00,
 139.360721,   34.881532,        0.00,
 139.365225,   34.881532,        0.00,
 139.369730,   34.881532,        0.00,
 139.374234,   34.881532,        0.00,
 139.378739,   34.881532,        0.00,
 139.383243,   34.881532,        0.02,
 139.387748,   34.881532,        0.05,
 139.392252,   34.881532,        0.09,
 139.396757,   34.881532,        0.13,
 139.401261,   34.881532,        0.17,
 139.405766,   34.881532,        0.21,
 139.410270,   34.881532,        0.27,
 139.414775,   34.881532,        0.32,
 139.419279,   34.881532,        0.37,
 139.423784,   34.881532,        0.43,
 139.428288,   34.881532,        0.47,
 139.432793,   34.881532,        0.51,
 139.437297,   34.881532,        0.53,
 139.441802,   34.881532,        0.54,
 139.446306,   34.881532,        0.54,
 139.450811,   34.881532,        0.51,
 139.455315,   34.881532,        0.48,
 139.459820,   34.881532,        0.45,
 139.464324,   34.881532,        0.41,
 139.468829,   34.881532,        0.38,
 139.473333,   34.881532,        0.38,
 139.477838,   34.881532,        0.39,
 139.482342,   34.881532,        0.42,
 139.486847,   34.881532,        0.44,
 139.491351,   34.881532,        0.47,
 139.495856,   34.881532,        0.50,
 139.500360,   34.881532,        0.55,
 139.504865,   34.881532,        0.58,
 139.509369,   34.881532,        0.59,
 139.513874,   34.881532,        0.60,
 139.518378,   34.881532,        0.59,
 139.522883,   34.881532,        0.59,
 139.527387,   34.881532,        0.59,
 139.531892,   34.881532,        0.59,
 139.536396,   34.881532,        0.58,
 139.540901,   34.881532,        0.58,
 139.545405,   34.881532,        0.58,
 139.549910,   34.881532,        0.58,
 139.554414,   34.881532,        0.59,
 139.558919,   34.881532,        0.59,
 139.563423,   34.881532,        0.60,
 139.567928,   34.881532,        0.60,
 139.572432,   34.881532,        0.61,
 139.576937,   34.881532,        0.61,
 139.581441,   34.881532,        0.62,
 139.585946,   34.881532,        0.64,
 139.590450,   34.881532,        0.65,
 139.594955,   34.881532,        0.66,
 139.599459,   34.881532,        0.67,
 139.603964,   34.881532,        0.68,
 139.608468,   34.881532,        0.69,
 139.612973,   34.881532,        0.69,
 139.617477,   34.881532,        0.68,
 139.621982,   34.881532,        0.67,
 139.626486,   34.881532,        0.67,
 139.630991,   34.881532,        0.66,
 139.635495,   34.881532,        0.67,
 139.640000,   34.881532,        0.68,
 139.644505,   34.881532,        0.69,
 139.649009,   34.881532,        0.71,
 139.653514,   34.881532,        0.73,
 139.658018,   34.881532,        0.75,
 139.662523,   34.881532,        0.77,
 139.667027,   34.881532,        0.79,
 139.671532,   34.881532,        0.81,
 139.676036,   34.881532,        0.84,
 139.680541,   34.881532,        0.87,
 139.685045,   34.881532,        0.90,
 139.689550,   34.881532,        0.94,
 139.694054,   34.881532,        0.97,
 139.698559,   34.881532,        1.01,
 139.703063,   34.881532,        1.06,
 139.707568,   34.881532,        1.10,
 139.712072,   34.881532,        1.14,
 139.716577,   34.881532,        1.20,
 139.721081,   34.881532,        1.26,
 139.725586,   34.881532,        1.32,
 139.730090,   34.881532,        1.38,
 139.734595,   34.881532,        1.45,
 139.739099,   34.881532,        1.51,
 139.743604,   34.881532,        1.58,
 139.748108,   34.881532,        1.63,
 139.752613,   34.881532,        1.66,
 139.757117,   34.881532,        1.69,
 139.761622,   34.881532,        1.68,
 139.766126,   34.881532,        1.66,
 139.770631,   34.881532,        1.63,
 139.775135,   34.881532,        1.58,
 139.779640,   34.881532,        1.55,
 139.784144,   34.881532,        1.50,
 139.788649,   34.881532,        1.47,
 139.793153,   34.881532,        1.44,
 139.797658,   34.881532,        1.42,
 139.802162,   34.881532,        1.42,
 139.806667,   34.881532,        1.43,
 139.811171,   34.881532,        1.47,
 139.815676,   34.881532,        1.52,
 139.820180,   34.881532,        1.59,
 139.824685,   34.881532,        1.66,
 139.829189,   34.881532,        1.72,
 139.833694,   34.881532,        1.80,
 139.838198,   34.881532,        1.90,
 139.842703,   34.881532,        2.04,
 139.847207,   34.881532,        2.17,
 139.851712,   34.881532,        2.30,
 139.856216,   34.881532,        2.40,
 139.860721,   34.881532,        2.47,
 139.865225,   34.881532,        2.54,
 139.869730,   34.881532,        2.58,
 139.874234,   34.881532,        2.63,
 139.878739,   34.881532,        2.64,
 139.883243,   34.881532,        2.63,
 139.887748,   34.881532,        2.61,
 139.892252,   34.881532,        2.57,
 139.896757,   34.881532,        2.53,
 139.901261,   34.881532,        2.50,
 139.905766,   34.881532,        2.46,
 139.910270,   34.881532,        2.42,
 139.914775,   34.881532,        2.39,
 139.919279,   34.881532,        2.36,
 139.923784,   34.881532,        2.34,
 139.928288,   34.881532,        2.32,
 139.932793,   34.881532,        2.29,
 139.937297,   34.881532,        2.27,
 139.941802,   34.881532,        2.24,
 139.946306,   34.881532,        2.21,
 139.950811,   34.881532,        2.17,
 139.955315,   34.881532,        2.14,
 139.959820,   34.881532,        2.10,
 139.964324,   34.881532,        2.04,
 139.968829,   34.881532,        1.98,
 139.973333,   34.881532,        1.90,
 139.977838,   34.881532,        1.83,
 139.982342,   34.881532,        1.75,
 139.986847,   34.881532,        1.66,
 139.991351,   34.881532,        1.58,
 139.995856,   34.881532,        1.51,
 140.000360,   34.881532,        1.44,
 140.004865,   34.881532,        1.37,
 140.009369,   34.881532,        1.30,
 140.013874,   34.881532,        1.22,
 140.018378,   34.881532,        1.16,
 140.022883,   34.881532,        1.09,
 140.027387,   34.881532,        1.02,
 140.031892,   34.881532,        0.95,
 140.036396,   34.881532,        0.88,
 140.040901,   34.881532,        0.81,
 140.045405,   34.881532,        0.73,
 140.049910,   34.881532,        0.66,
 140.054414,   34.881532,        0.60,
 140.058919,   34.881532,        0.54,
 140.063423,   34.881532,        0.48,
 140.067928,   34.881532,        0.42,
 140.072432,   34.881532,        0.38,
 140.076937,   34.881532,        0.33,
 140.081441,   34.881532,        0.28,
 140.085946,   34.881532,        0.24,
 140.090450,   34.881532,        0.22,
 140.094955,   34.881532,        0.20,
 140.099459,   34.881532,        0.19,
 140.103964,   34.881532,        0.19,
 140.108468,   34.881532,        0.21,
 140.112973,   34.881532,        0.22,
 140.117477,   34.881532,        0.23,
 140.121982,   34.881532,        0.22,
 140.126486,   34.881532,        0.20,
 140.130991,   34.881532,        0.18,
 140.135495,   34.881532,        0.15,
 140.140000,   34.881532,        0.12,
 140.144505,   34.881532,        0.10,
 140.149009,   34.881532,        0.08,
 140.153514,   34.881532,        0.07,
 140.158018,   34.881532,        0.06,
 140.162523,   34.881532,        0.06,
 140.167027,   34.881532,        0.06,
 140.171532,   34.881532,        0.07,
 140.176036,   34.881532,        0.08,
 140.180541,   34.881532,        0.10,
 140.185045,   34.881532,        0.11,
 140.189550,   34.881532,        0.12,
 140.194054,   34.881532,        0.13,
 140.198559,   34.881532,        0.14,
 140.203063,   34.881532,        0.15,
 140.207568,   34.881532,        0.16,
 140.212072,   34.881532,        0.18,
 140.216577,   34.881532,        0.19,
 140.221081,   34.881532,        0.21,
 140.225586,   34.881532,        0.22,
 140.230090,   34.881532,        0.24,
 140.234595,   34.881532,        0.25,
 140.239099,   34.881532,        0.27,
 140.243604,   34.881532,        0.29,
 140.248108,   34.881532,        0.31,
 140.252613,   34.881532,        0.32,
 140.257117,   34.881532,        0.30,
 140.261622,   34.881532,        0.27,
 140.266126,   34.881532,        0.24,
 140.270631,   34.881532,        0.21,
 140.275135,   34.881532,        0.17,
 140.279640,   34.881532,        0.14,
 140.284144,   34.881532,        0.11,
 140.288649,   34.881532,        0.07,
 140.293153,   34.881532,        0.04,
 140.297658,   34.881532,        0.00,
 140.302162,   34.881532,       -0.04,
 140.306667,   34.881532,       -0.07,
 140.311171,   34.881532,       -0.11,
 140.315676,   34.881532,       -0.15,
 140.320180,   34.881532,       -0.19,
 140.324685,   34.881532,       -0.23,
 140.329189,   34.881532,       -0.27,
 140.333694,   34.881532,       -0.30,
 140.338198,   34.881532,       -0.33,
 140.342703,   34.881532,       -0.36,
 140.347207,   34.881532,       -0.38,
 140.351712,   34.881532,       -0.40,
 140.356216,   34.881532,       -0.42,
 140.360721,   34.881532,       -0.44,
 140.365225,   34.881532,       -0.46,
 140.369730,   34.881532,       -0.48,
 140.374234,   34.881532,       -0.51,
 140.378739,   34.881532,       -0.53,
 140.383243,   34.881532,       -0.55,
 140.387748,   34.881532,       -0.58,
 139.140000,   34.886036,       -0.67,
 139.144505,   34.886036,       -0.83,
 139.149009,   34.886036,       -0.99,
 139.153514,   34.886036,       -1.13,
 139.158018,   34.886036,       -1.27,
 139.162523,   34.886036,       -1.40,
 139.167027,   34.886036,       -1.53,
 139.171532,   34.886036,       -1.65,
 139.176036,   34.886036,       -1.76,
 139.180541,   34.886036,       -1.87,
 139.185045,   34.886036,       -1.91,
 139.189550,   34.886036,       -1.92,
 139.194054,   34.886036,       -1.94,
 139.198559,   34.886036,       -1.78,
 139.203063,   34.886036,       -1.58,
 139.207568,   34.886036,       -1.39,
 139.212072,   34.886036,       -1.21,
 139.216577,   34.886036,       -1.04,
 139.221081,   34.886036,       -0.88,
 139.225586,   34.886036,       -0.73,
 139.230090,   34.886036,       -0.59,
 139.234595,   34.886036,       -0.46,
 139.239099,   34.886036,       -0.35,
 139.243604,   34.886036,       -0.24,
 139.248108,   34.886036,       -0.14,
 139.252613,   34.886036,       -0.05,
 139.257117,   34.886036,        0.00,
 139.261622,   34.886036,        0.00,
 139.266126,   34.886036,        0.00,
 139.270631,   34.886036,        0.00,
 139.275135,   34.886036,        0.00,
 139.279640,   34.886036,        0.00,
 139.284144,   34.886036,        0.00,
 139.288649,   34.886036,        0.00,
 139.293153,   34.886036,        0.00,
 139.297658,   34.886036,        0.00,
 139.302162,   34.886036,        0.00,
 139.306667,   34.886036,        0.00,
 139.311171,   34.886036,        0.00,
 139.315676,   34.886036,        0.00,
 139.320180,   34.886036,        0.00,
 139.324685,   34.886036,        0.00,
 139.329189,   34.886036,        0.00,
 139.333694,   34.886036,        0.00,
 139.338198,   34.886036,        0.00,
 139.342703,   34.886036,        0.00,
 139.347207,   34.886036,        0.00,
 139.351712,   34.886036,        0.00,
 139.356216,   34.886036,        0.00,
 139.360721,   34.886036,        0.00,
 139.365225,   34.886036,        0.00,
 139.369730,   34.886036,        0.00,
 139.374234,   34.886036,        0.00,
 139.378739,   34.886036,        0.02,
 139.383243,   34.886036,        0.05,
 139.387748,   34.886036,        0.09,
 139.392252,   34.886036,        0.14,
 139.396757,   34.886036,        0.18,
 139.401261,   34.886036,        0.23,
 139.405766,   34.886036,        0.29,
 139.410270,   34.886036,        0.35,
 139.414775,   34.886036,        0.41,
 139.419279,   34.886036,        0.46,
 139.423784,   34.886036,        0.51,
 139.428288,   34.886036,        0.55,
 139.432793,   34.886036,        0.58,
 139.437297,   34.886036,        0.60,
 139.441802,   34.886036,        0.60,
 139.446306,   34.886036,        0.59,
 139.450811,   34.886036,        0.56,
 139.455315,   34.886036,        0.53,
 139.459820,   34.886036,        0.50,
 139.464324,   34.886036,        0.47,
 139.468829,   34.886036,        0.45,
 139.473333,   34.886036,        0.46,
 139.477838,   34.886036,        0.47,
 139.482342,   34.886036,        0.49,
 139.486847,   34.886036,        0.51,
 139.491351,   34.886036,        0.54,
 139.495856,   34.886036,        0.57,
 139.500360,   34.886036,        0.61,
 139.504865,   34.886036,        0.62,
 139.509369,   34.886036,        0.62,
 139.513874,   34.886036,        0.62,
 139.518378,   34.886036,        0.62,
 139.522883,   34.886036,        0.62,
 139.527387,   34.886036,        0.61,
 139.531892,   34.886036,        0.61,
 139.536396,   34.886036,        0.61,
 139.540901,   34.886036,        0.61,
 139.545405,   34.886036,        0.61,
 139.549910,   34.886036,        0.61,
 139.554414,   34.886036,        0.62,
 139.558919,   34.886036,        0.62,
 139.563423,   34.886036,        0.62,
 139.567928,   34.886036,        0.63,
 139.572432,   34.886036,        0.63,
 139.576937,   34.886036,        0.64,
 139.581441,   34.886036,        0.65,
 139.585946,   34.886036,        0.66,
 139.590450,   34.886036,        0.68,
 139.594955,   34.886036,        0.69,
 139.599459,   34.886036,        0.70,
 139.603964,   34.886036,        0.71,
 139.608468,   34.886036,        0.71,
 139.612973,   34.886036,        0.72,
 139.617477,   34.886036,        0.71,
 139.621982,   34.886036,        0.71,
 139.626486,   34.886036,        0.71,
 139.630991,   34.886036,        0.71,
 139.635495,   34.886036,        0.71,
 139.640000,   34.886036,        0.72,
 139.644505,   34.886036,        0.74,
 139.649009,   34.886036,        0.76,
 139.653514,   34.886036,        0.77,
 139.658018,   34.886036,        0.80,
 139.662523,   34.886036,        0.82,
 139.667027,   34.886036,        0.85,
 139.671532,   34.886036,        0.87,
 139.676036,   34.886036,        0.90,
 139.680541,   34.886036,        0.93,
 139.685045,   34.886036,        0.97,
 139.689550,   34.886036,        1.00,
 139.694054,   34.886036,        1.04,
 139.698559,   34.886036,        1.08,
 139.703063,   34.886036,        1.13,
 139.707568,   34.886036,        1.17,
 139.712072,   34.886036,        1.22,
 139.716577,   34.886036,        1.27,
 139.721081,   34.886036,        1.33,
 139.725586,   34.886036,        1.39,
 139.730090,   34.886036,        1.46,
 139.734595,   34.886036,        1.54,
 139.739099,   34.886036,        1.61,
 139.743604,   34.886036,        1.69,
 139.748108,   34.886036,        1.74,
 139.752613,   34.886036,        1.77,
 139.757117,   34.886036,        1.79,
 139.761622,   34.886036,        1.79,
 139.766126,   34.886036,        1.78,
 139.770631,   34.886036,        1.72,
 139.775135,   34.886036,        1.67,
 139.779640,   34.886036,        1.61,
 139.784144,   34.886036,        1.54,
 139.788649,   34.886036,        1.50,
 139.793153,   34.886036,        1.46,
 139.797658,   34.886036,        1.43,
 139.802162,   34.886036,        1.42,
 139.806667,   34.886036,        1.44,
 139.811171,   34.886036,        1.47,
 139.815676,   34.886036,        1.54,
 139.820180,   34.886036,        1.62,
 139.824685,   34.886036,        1.70,
 139.829189,   34.886036,        1.76,
 139.833694,   34.886036,        1.82,
 139.838198,   34.886036,        1.94,
 139.842703,   34.886036,        2.10,
 139.847207,   34.886036,        2.26,
 139.851712,   34.886036,        2.38,
 139.856216,   34.886036,        2.48,
 139.860721,   34.886036,        2.56,
 139.865225,   34.886036,        2.62,
 139.869730,   34.886036,        2.67,
 139.874234,   34.886036,        2.70,
 139.878739,   34.886036,        2.73,
 139.883243,   34.886036,        2.72,
 139.887748,   34.886036,        2.70,
 139.892252,   34.886036,        2.67,
 139.896757,   34.886036,        2.63,
 139.901261,   34.886036,        2.59,
 139.905766,   34.886036,        2.56,
 139.910270,   34.886036,        2.53,
 139.914775,   34.886036,        2.51,
 139.919279,   34.886036,        2.49,
 139.923784,   34.886036,        2.47,
 139.928288,   34.886036,        2.45,
 139.932793,   34.886036,        2.43,
 139.937297,   34.886036,        2.40,
 139.941802,   34.886036,        2.39,
 139.946306,   34.886036,        2.36,
 139.950811,   34.886036,        2.31,
 139.955315,   34.886036,        2.27,
 139.959820,   34.886036,        2.24,
 139.964324,   34.886036,        2.21,
 139.968829,   34.886036,        2.14,
 139.973333,   34.886036,        2.06,
 139.977838,   34.886036,        1.98,
 139.982342,   34.886036,        1.89,
 139.986847,   34.886036,        1.79,
 139.991351,   34.886036,        1.71,
 139.995856,   34.886036,        1.62,
 140.000360,   34.886036,        1.55,
 140.004865,   34.886036,        1.47,
 140.009369,   34.886036,        1.39,
 140.013874,   34.886036,        1.32,
 140.018378,   34.886036,        1.25,
 140.022883,   34.886036,        1.18,
 140.027387,   34.886036,        1.11,
 140.031892,   34.886036,        1.04,
 140.036396,   34.886036,        0.97,
 140.040901,   34.886036,        0.89,
 140.045405,   34.886036,        0.81,
 140.049910,   34.886036,        0.73,
 140.054414,   34.886036,        0.66,
 140.058919,   34.886036,        0.60,
 140.063423,   34.886036,        0.54,
 140.067928,   34.886036,        0.48,
 140.072432,   34.886036,        0.43,
 140.076937,   34.886036,        0.38,
 140.081441,   34.886036,        0.34,
 140.085946,   34.886036,        0.30,
 140.090450,   34.886036,        0.27,
 140.094955,   34.886036,        0.24,
 140.099459,   34.886036,        0.23,
 140.103964,   34.886036,        0.22,
 140.108468,   34.886036,        0.23,
 140.112973,   34.886036,        0.23,
 140.117477,   34.886036,        0.23,
 140.121982,   34.886036,        0.21,
 140.126486,   34.886036,        0.18,
 140.130991,   34.886036,        0.15,
 140.135495,   34.886036,        0.13,
 140.140000,   34.886036,        0.10,
 140.144505,   34.886036,        0.08,
 140.149009,   34.886036,        0.07,
 140.153514,   34.886036,        0.06,
 140.158018,   34.886036,        0.07,
 140.162523,   34.886036,        0.07,
 140.167027,   34.886036,        0.08,
 140.171532,   34.886036,        0.09,
 140.176036,   34.886036,        0.11,
 140.180541,   34.886036,        0.13,
 140.185045,   34.886036,        0.14,
 140.189550,   34.886036,        0.16,
 140.194054,   34.886036,        0.16,
 140.198559,   34.886036,        0.17,
 140.203063,   34.886036,        0.18,
 140.207568,   34.886036,        0.19,
 140.212072,   34.886036,        0.21,
 140.216577,   34.886036,        0.22,
 140.221081,   34.886036,        0.23,
 140.225586,   34.886036,        0.25,
 140.230090,   34.886036,        0.26,
 140.234595,   34.886036,        0.28,
 140.239099,   34.886036,        0.30,
 140.243604,   34.886036,        0.31,
 140.248108,   34.886036,        0.33,
 140.252613,   34.886036,        0.32,
 140.257117,   34.886036,        0.29,
 140.261622,   34.886036,        0.25,
 140.266126,   34.886036,        0.22,
 140.270631,   34.886036,        0.19,
 140.275135,   34.886036,        0.16,
 140.279640,   34.886036,        0.12,
 140.284144,   34.886036,        0.09,
 140.288649,   34.886036,        0.05,
 140.293153,   34.886036,        0.02,
 140.297658,   34.886036,       -0.02,
 140.302162,   34.886036,       -0.05,
 140.306667,   34.886036,       -0.09,
 140.311171,   34.886036,       -0.13,
 140.315676,   34.886036,       -0.17,
 140.320180,   34.886036,       -0.20,
 140.324685,   34.886036,       -0.24,
 140.329189,   34.886036,       -0.28,
 140.333694,   34.886036,       -0.31,
 140.338198,   34.886036,       -0.33,
 140.342703,   34.886036,       -0.36,
 140.347207,   34.886036,       -0.38,
 140.351712,   34.886036,       -0.40,
 140.356216,   34.886036,       -0.42,
 140.360721,   34.886036,       -0.44,
 140.365225,   34.886036,       -0.46,
 140.369730,   34.886036,       -0.48,
 140.374234,   34.886036,       -0.50,
 140.378739,   34.886036,       -0.53,
 140.383243,   34.886036,       -0.55,
 140.387748,   34.886036,       -0.57,
 139.140000,   34.890541,       -0.41,
 139.144505,   34.890541,       -0.57,
 139.149009,   34.890541,       -0.72,
 139.153514,   34.890541,       -0.87,
 139.158018,   34.890541,       -1.01,
 139.162523,   34.890541,       -1.15,
 139.167027,   34.890541,       -1.27,
 139.171532,   34.890541,       -1.39,
 139.176036,   34.890541,       -1.51,
 139.180541,   34.890541,       -1.62,
 139.185045,   34.890541,       -1.72,
 139.189550,   34.890541,       -1.77,
 139.194054,   34.890541,       -1.79,
 139.198559,   34.890541,       -1.80,
 139.203063,   34.890541,       -1.65,
 139.207568,   34.890541,       -1.46,
 139.212072,   34.890541,       -1.28,
 139.216577,   34.890541,       -1.11,
 139.221081,   34.890541,       -0.95,
 139.225586,   34.890541,       -0.80,
 139.230090,   34.890541,       -0.66,
 139.234595,   34.890541,       -0.54,
 139.239099,   34.890541,       -0.42,
 139.243604,   34.890541,       -0.31,
 139.248108,   34.890541,       -0.21,
 139.252613,   34.890541,       -0.12,
 139.257117,   34.890541,       -0.04,
 139.261622,   34.890541,        0.00,
 139.266126,   34.890541,        0.00,
 139.270631,   34.890541,        0.00,
 139.275135,   34.890541,        0.00,
 139.279640,   34.890541,        0.00,
 139.284144,   34.890541,        0.00,
 139.288649,   34.890541,        0.00,
 139.293153,   34.890541,        0.00,
 139.297658,   34.890541,        0.00,
 139.302162,   34.890541,        0.00,
 139.306667,   34.890541,        0.00,
 139.311171,   34.890541,        0.00,
 139.315676,   34.890541,        0.00,
 139.320180,   34.890541,        0.00,
 139.324685,   34.890541,        0.00,
 139.329189,   34.890541,        0.00,
 139.333694,   34.890541,        0.00,
 139.338198,   34.890541,        0.00,
 139.342703,   34.890541,        0.00,
 139.347207,   34.890541,        0.00,
 139.351712,   34.890541,        0.00,
 139.356216,   34.890541,        0.00,
 139.360721,   34.890541,        0.00,
 139.365225,   34.890541,        0.00,
 139.369730,   34.890541,        0.00,
 139.374234,   34.890541,        0.00,
 139.378739,   34.890541,        0.04,
 139.383243,   34.890541,        0.08,
 139.387748,   34.890541,        0.12,
 139.392252,   34.890541,        0.17,
 139.396757,   34.890541,        0.23,
 139.401261,   34.890541,        0.28,
 139.405766,   34.890541,        0.35,
 139.410270,   34.890541,        0.42,
 139.414775,   34.890541,        0.48,
 139.419279,   34.890541,        0.54,
 139.423784,   34.890541,        0.60,
 139.428288,   34.890541,        0.64,
 139.432793,   34.890541,        0.66,
 139.437297,   34.890541,        0.67,
 139.441802,   34.890541,        0.66,
 139.446306,   34.890541,        0.64,
 139.450811,   34.890541,        0.61,
 139.455315,   34.890541,        0.58,
 139.459820,   34.890541,        0.55,
 139.464324,   34.890541,        0.52,
 139.468829,   34.890541,        0.51,
 139.473333,   34.890541,        0.52,
 139.477838,   34.890541,        0.53,
 139.482342,   34.890541,        0.55,
 139.486847,   34.890541,        0.58,
 139.491351,   34.890541,        0.60,
 139.495856,   34.890541,        0.63,
 139.500360,   34.890541,        0.65,
 139.504865,   34.890541,        0.65,
 139.509369,   34.890541,        0.65,
 139.513874,   34.890541,        0.65,
 139.518378,   34.890541,        0.64,
 139.522883,   34.890541,        0.64,
 139.527387,   34.890541,        0.64,
 139.531892,   34.890541,        0.64,
 139.536396,   34.890541,        0.64,
 139.540901,   34.890541,        0.63,
 139.545405,   34.890541,        0.64,
 139.549910,   34.890541,        0.64,
 139.554414,   34.890541,        0.64,
 139.558919,   34.890541,        0.65,
 139.563423,   34.890541,        0.65,
 139.567928,   34.890541,        0.66,
 139.572432,   34.890541,        0.66,
 139.576937,   34.890541,        0.67,
 139.581441,   34.890541,        0.68,
 139.585946,   34.890541,        0.69,
 139.590450,   34.890541,        0.70,
 139.594955,   34.890541,        0.71,
 139.599459,   34.890541,        0.73,
 139.603964,   34.890541,        0.74,
 139.608468,   34.890541,        0.74,
 139.612973,   34.890541,        0.75,
 139.617477,   34.890541,        0.75,
 139.621982,   34.890541,        0.74,
 139.626486,   34.890541,        0.75,
 139.630991,   34.890541,        0.75,
 139.635495,   34.890541,        0.76,
 139.640000,   34.890541,        0.77,
 139.644505,   34.890541,        0.78,
 139.649009,   34.890541,        0.80,
 139.653514,   34.890541,        0.82,
 139.658018,   34.890541,        0.85,
 139.662523,   34.890541,        0.87,
 139.667027,   34.890541,        0.90,
 139.671532,   34.890541,        0.93,
 139.676036,   34.890541,        0.96,
 139.680541,   34.890541,        0.99,
 139.685045,   34.890541,        1.03,
 139.689550,   34.890541,        1.07,
 139.694054,   34.890541,        1.11,
 139.698559,   34.890541,        1.16,
 139.703063,   34.890541,        1.21,
 139.707568,   34.890541,        1.25,
 139.712072,   34.890541,        1.30,
 139.716577,   34.890541,        1.35,
 139.721081,   34.890541,        1.39,
 139.725586,   34.890541,        1.46,
 139.730090,   34.890541,        1.54,
 139.734595,   34.890541,        1.63,
 139.739099,   34.890541,        1.70,
 139.743604,   34.890541,        1.77,
 139.748108,   34.890541,        1.82,
 139.752613,   34.890541,        1.85,
 139.757117,   34.890541,        1.89,
 139.761622,   34.890541,        1.87,
 139.766126,   34.890541,        1.83,
 139.770631,   34.890541,        1.77,
 139.775135,   34.890541,        1.70,
 139.779640,   34.890541,        1.62,
 139.784144,   34.890541,        1.55,
 139.788649,   34.890541,        1.49,
 139.793153,   34.890541,        1.45,
 139.797658,   34.890541,        1.42,
 139.802162,   34.890541,        1.42,
 139.806667,   34.890541,        1.43,
 139.811171,   34.890541,        1.48,
 139.815676,   34.890541,        1.57,
 139.820180,   34.890541,        1.66,
 139.824685,   34.890541,        1.72,
 139.829189,   34.890541,        1.78,
 139.833694,   34.890541,        1.85,
 139.838198,   34.890541,        1.98,
 139.842703,   34.890541,        2.14,
 139.847207,   34.890541,        2.32,
 139.851712,   34.890541,        2.45,
 139.856216,   34.890541,        2.56,
 139.860721,   34.890541,        2.64,
 139.865225,   34.890541,        2.70,
 139.869730,   34.890541,        2.75,
 139.874234,   34.890541,        2.78,
 139.878739,   34.890541,        2.81,
 139.883243,   34.890541,        2.81,
 139.887748,   34.890541,        2.79,
 139.892252,   34.890541,        2.75,
 139.896757,   34.890541,        2.71,
 139.901261,   34.890541,        2.67,
 139.905766,   34.890541,        2.65,
 139.910270,   34.890541,        2.62,
 139.914775,   34.890541,        2.60,
 139.919279,   34.890541,        2.58,
 139.923784,   34.890541,        2.56,
 139.928288,   34.890541,        2.55,
 139.932793,   34.890541,        2.53,
 139.937297,   34.890541,        2.51,
 139.941802,   34.890541,        2.49,
 139.946306,   34.890541,        2.47,
 139.950811,   34.890541,        2.44,
 139.955315,   34.890541,        2.40,
 139.959820,   34.890541,        2.36,
 139.964324,   34.890541,        2.31,
 139.968829,   34.890541,        2.27,
 139.973333,   34.890541,        2.19,
 139.977838,   34.890541,        2.11,
 139.982342,   34.890541,        2.02,
 139.986847,   34.890541,        1.91,
 139.991351,   34.890541,        1.81,
 139.995856,   34.890541,        1.73,
 140.000360,   34.890541,        1.64,
 140.004865,   34.890541,        1.56,
 140.009369,   34.890541,        1.49,
 140.013874,   34.890541,        1.42,
 140.018378,   34.890541,        1.34,
 140.022883,   34.890541,        1.28,
 140.027387,   34.890541,        1.20,
 140.031892,   34.890541,        1.12,
 140.036396,   34.890541,        1.05,
 140.040901,   34.890541,        0.97,
 140.045405,   34.890541,        0.89,
 140.049910,   34.890541,        0.80,
 140.054414,   34.890541,        0.73,
 140.058919,   34.890541,        0.66,
 140.063423,   34.890541,        0.59,
 140.067928,   34.890541,        0.53,
 140.072432,   34.890541,        0.48,
 140.076937,   34.890541,        0.44,
 140.081441,   34.890541,        0.40,
 140.085946,   34.890541,        0.36,
 140.090450,   34.890541,        0.32,
 140.094955,   34.890541,        0.29,
 140.099459,   34.890541,        0.26,
 140.103964,   34.890541,        0.25,
 140.108468,   34.890541,        0.25,
 140.112973,   34.890541,        0.24,
 140.117477,   34.890541,        0.23,
 140.121982,   34.890541,        0.20,
 140.126486,   34.890541,        0.17,
 140.130991,   34.890541,        0.14,
 140.135495,   34.890541,        0.10,
 140.140000,   34.890541,        0.08,
 140.144505,   34.890541,        0.06,
 140.149009,   34.890541,        0.06,
 140.153514,   34.890541,        0.06,
 140.158018,   34.890541,        0.07,
 140.162523,   34.890541,        0.08,
 140.167027,   34.890541,        0.10,
 140.171532,   34.890541,        0.12,
 140.176036,   34.890541,        0.14,
 140.180541,   34.890541,        0.16,
 140.185045,   34.890541,        0.18,
 140.189550,   34.890541,        0.19,
 140.194054,   34.890541,        0.20,
 140.198559,   34.890541,        0.21,
 140.203063,   34.890541,        0.21,
 140.207568,   34.890541,        0.22,
 140.212072,   34.890541,        0.23,
 140.216577,   34.890541,        0.25,
 140.221081,   34.890541,        0.26,
 140.225586,   34.890541,        0.27,
 140.230090,   34.890541,        0.29,
 140.234595,   34.890541,        0.30,
 140.239099,   34.890541,        0.32,
 140.243604,   34.890541,        0.34,
 140.248108,   34.890541,        0.33,
 140.252613,   34.890541,        0.30,
 140.257117,   34.890541,        0.27,
 140.261622,   34.890541,        0.24,
 140.266126,   34.890541,        0.21,
 140.270631,   34.890541,        0.17,
 140.275135,   34.890541,        0.14,
 140.279640,   34.890541,        0.11,
 140.284144,   34.890541,        0.07,
 140.288649,   34.890541,        0.04,
 140.293153,   34.890541,        0.00,
 140.297658,   34.890541,       -0.03,
 140.302162,   34.890541,       -0.07,
 140.306667,   34.890541,       -0.11,
 140.311171,   34.890541,       -0.14,
 140.315676,   34.890541,       -0.18,
 140.320180,   34.890541,       -0.22,
 140.324685,   34.890541,       -0.26,
 140.329189,   34.890541,       -0.28,
 140.333694,   34.890541,       -0.31,
 140.338198,   34.890541,       -0.33,
 140.342703,   34.890541,       -0.35,
 140.347207,   34.890541,       -0.37,
 140.351712,   34.890541,       -0.39,
 140.356216,   34.890541,       -0.41,
 140.360721,   34.890541,       -0.43,
 140.365225,   34.890541,       -0.46,
 140.369730,   34.890541,       -0.48,
 140.374234,   34.890541,       -0.50,
 140.378739,   34.890541,       -0.52,
 140.383243,   34.890541,       -0.54,
 140.387748,   34.890541,       -0.57,
 139.140000,   34.895045,       -0.15,
 139.144505,   34.895045,       -0.31,
 139.149009,   34.895045,       -0.47,
 139.153514,   34.895045,       -0.62,
 139.158018,   34.895045,       -0.76,
 139.162523,   34.895045,       -0.89,
 139.167027,   34.895045,       -1.02,
 139.171532,   34.895045,       -1.15,
 139.176036,   34.895045,       -1.26,
 139.180541,   34.895045,       -1.37,
 139.185045,   34.895045,       -1.47,
 139.189550,   34.895045,       -1.57,
 139.194054,   34.895045,       -1.63,
 139.198559,   34.895045,       -1.65,
 139.203063,   34.895045,       -1.67,
 139.207568,   34.895045,       -1.52,
 139.212072,   34.895045,       -1.34,
 139.216577,   34.895045,       -1.17,
 139.221081,   34.895045,       -1.01,
 139.225586,   34.895045,       -0.86,
 139.230090,   34.895045,       -0.73,
 139.234595,   34.895045,       -0.60,
 139.239099,   34.895045,       -0.48,
 139.243604,   34.895045,       -0.37,
 139.248108,   34.895045,       -0.27,
 139.252613,   34.895045,       -0.18,
 139.257117,   34.895045,       -0.11,
 139.261622,   34.895045,       -0.04,
 139.266126,   34.895045,        0.00,
 139.270631,   34.895045,        0.00,
 139.275135,   34.895045,        0.00,
 139.279640,   34.895045,        0.00,
 139.284144,   34.895045,        0.00,
 139.288649,   34.895045,        0.00,
 139.293153,   34.895045,        0.00,
 139.297658,   34.895045,        0.00,
 139.302162,   34.895045,        0.00,
 139.306667,   34.895045,        0.00,
 139.311171,   34.895045,        0.00,
 139.315676,   34.895045,        0.00,
 139.320180,   34.895045,        0.00,
 139.324685,   34.895045,        0.00,
 139.329189,   34.895045,        0.00,
 139.333694,   34.895045,        0.00,
 139.338198,   34.895045,        0.00,
 139.342703,   34.895045,        0.00,
 139.347207,   34.895045,        0.00,
 139.351712,   34.895045,        0.00,
 139.356216,   34.895045,        0.00,
 139.360721,   34.895045,        0.00,
 139.365225,   34.895045,        0.00,
 139.369730,   34.895045,        0.00,
 139.374234,   34.895045,        0.01,
 139.378739,   34.895045,        0.05,
 139.383243,   34.895045,        0.10,
 139.387748,   34.895045,        0.15,
 139.392252,   34.895045,        0.20,
 139.396757,   34.895045,        0.26,
 139.401261,   34.895045,        0.33,
 139.405766,   34.895045,        0.40,
 139.410270,   34.895045,        0.47,
 139.414775,   34.895045,        0.55,
 139.419279,   34.895045,        0.62,
 139.423784,   34.895045,        0.68,
 139.428288,   34.895045,        0.73,
 139.432793,   34.895045,        0.74,
 139.437297,   34.895045,        0.73,
 139.441802,   34.895045,        0.72,
 139.446306,   34.895045,        0.69,
 139.450811,   34.895045,        0.66,
 139.455315,   34.895045,        0.63,
 139.459820,   34.895045,        0.61,
 139.464324,   34.895045,        0.58,
 139.468829,   34.895045,        0.56,
 139.473333,   34.895045,        0.57,
 139.477838,   34.895045,        0.58,
 139.482342,   34.895045,        0.60,
 139.486847,   34.895045,        0.62,
 139.491351,   34.895045,        0.64,
 139.495856,   34.895045,        0.66,
 139.500360,   34.895045,        0.67,
 139.504865,   34.895045,        0.67,
 139.509369,   34.895045,        0.67,
 139.513874,   34.895045,        0.67,
 139.518378,   34.895045,        0.67,
 139.522883,   34.895045,        0.67,
 139.527387,   34.895045,        0.66,
 139.531892,   34.895045,        0.66,
 139.536396,   34.895045,        0.66,
 139.540901,   34.895045,        0.66,
 139.545405,   34.895045,        0.66,
 139.549910,   34.895045,        0.67,
 139.554414,   34.895045,        0.67,
 139.558919,   34.895045,        0.67,
 139.563423,   34.895045,        0.68,
 139.567928,   34.895045,        0.68,
 139.572432,   34.895045,        0.69,
 139.576937,   34.895045,        0.70,
 139.581441,   34.895045,        0.71,
 139.585946,   34.895045,        0.72,
 139.590450,   34.895045,        0.73,
 139.594955,   34.895045,        0.74,
 139.599459,   34.895045,        0.75,
 139.603964,   34.895045,        0.76,
 139.608468,   34.895045,        0.77,
 139.612973,   34.895045,        0.78,
 139.617477,   34.895045,        0.78,
 139.621982,   34.895045,        0.78,
 139.626486,   34.895045,        0.79,
 139.630991,   34.895045,        0.80,
 139.635495,   34.895045,        0.81,
 139.640000,   34.895045,        0.82,
 139.644505,   34.895045,        0.83,
 139.649009,   34.895045,        0.84,
 139.653514,   34.895045,        0.87,
 139.658018,   34.895045,        0.90,
 139.662523,   34.895045,        0.93,
 139.667027,   34.895045,        0.96,
 139.671532,   34.895045,        0.98,
 139.676036,   34.895045,        1.02,
 139.680541,   34.895045,        1.06,
 139.685045,   34.895045,        1.10,
 139.689550,   34.895045,        1.14,
 139.694054,   34.895045,        1.19,
 139.698559,   34.895045,        1.24,
 139.703063,   34.895045,        1.29,
 139.707568,   34.895045,        1.34,
 139.712072,   34.895045,        1.39,
 139.716577,   34.895045,        1.43,
 139.721081,   34.895045,        1.47,
 139.725586,   34.895045,        1.54,
 139.730090,   34.895045,        1.62,
 139.734595,   34.895045,        1.70,
 139.739099,   34.895045,        1.76,
 139.743604,   34.895045,        1.83,
 139.748108,   34.895045,        1.88,
 139.752613,   34.895045,        1.90,
 139.757117,   34.895045,        1.91,
 139.761622,   34.895045,        1.87,
 139.766126,   34.895045,        1.83,
 139.770631,   34.895045,        1.80,
 139.775135,   34.895045,        1.70,
 139.779640,   34.895045,        1.61,
 139.784144,   34.895045,        1.54,
 139.788649,   34.895045,        1.48,
 139.793153,   34.895045,        1.42,
 139.797658,   34.895045,        1.41,
 139.802162,   34.895045,        1.41,
 139.806667,   34.895045,        1.42,
 139.811171,   34.895045,        1.51,
 139.815676,   34.895045,        1.61,
 139.820180,   34.895045,        1.69,
 139.824685,   34.895045,        1.75,
 139.829189,   34.895045,        1.80,
 139.833694,   34.895045,        1.89,
 139.838198,   34.895045,        2.02,
 139.842703,   34.895045,        2.17,
 139.847207,   34.895045,        2.38,
 139.851712,   34.895045,        2.54,
 139.856216,   34.895045,        2.63,
 139.860721,   34.895045,        2.71,
 139.865225,   34.895045,        2.78,
 139.869730,   34.895045,        2.83,
 139.874234,   34.895045,        2.87,
 139.878739,   34.895045,        2.90,
 139.883243,   34.895045,        2.89,
 139.887748,   34.895045,        2.87,
 139.892252,   34.895045,        2.82,
 139.896757,   34.895045,        2.77,
 139.901261,   34.895045,        2.74,
 139.905766,   34.895045,        2.71,
 139.910270,   34.895045,        2.69,
 139.914775,   34.895045,        2.67,
 139.919279,   34.895045,        2.66,
 139.923784,   34.895045,        2.65,
 139.928288,   34.895045,        2.63,
 139.932793,   34.895045,        2.62,
 139.937297,   34.895045,        2.60,
 139.941802,   34.895045,        2.59,
 139.946306,   34.895045,        2.56,
 139.950811,   34.895045,        2.53,
 139.955315,   34.895045,        2.49,
 139.959820,   34.895045,        2.45,
 139.964324,   34.895045,        2.40,
 139.968829,   34.895045,        2.35,
 139.973333,   34.895045,        2.28,
 139.977838,   34.895045,        2.20,
 139.982342,   34.895045,        2.11,
 139.986847,   34.895045,        2.01,
 139.991351,   34.895045,        1.91,
 139.995856,   34.895045,        1.82,
 140.000360,   34.895045,        1.73,
 140.004865,   34.895045,        1.65,
 140.009369,   34.895045,        1.58,
 140.013874,   34.895045,        1.50,
 140.018378,   34.895045,        1.42,
 140.022883,   34.895045,        1.35,
 140.027387,   34.895045,        1.28,
 140.031892,   34.895045,        1.20,
 140.036396,   34.895045,        1.13,
 140.040901,   34.895045,        1.05,
 140.045405,   34.895045,        0.97,
 140.049910,   34.895045,        0.88,
 140.054414,   34.895045,        0.80,
 140.058919,   34.895045,        0.72,
 140.063423,   34.895045,        0.65,
 140.067928,   34.895045,        0.58,
 140.072432,   34.895045,        0.53,
 140.076937,   34.895045,        0.49,
 140.081441,   34.895045,        0.46,
 140.085946,   34.895045,        0.42,
 140.090450,   34.895045,        0.38,
 140.094955,   34.895045,        0.34,
 140.099459,   34.895045,        0.30,
 140.103964,   34.895045,        0.27,
 140.108468,   34.895045,        0.27,
 140.112973,   34.895045,        0.25,
 140.117477,   34.895045,        0.23,
 140.121982,   34.895045,        0.20,
 140.126486,   34.895045,        0.17,
 140.130991,   34.895045,        0.13,
 140.135495,   34.895045,        0.09,
 140.140000,   34.895045,        0.05,
 140.144505,   34.895045,        0.04,
 140.149009,   34.895045,        0.05,
 140.153514,   34.895045,        0.06,
 140.158018,   34.895045,        0.08,
 140.162523,   34.895045,        0.10,
 140.167027,   34.895045,        0.12,
 140.171532,   34.895045,        0.15,
 140.176036,   34.895045,        0.17,
 140.180541,   34.895045,        0.19,
 140.185045,   34.895045,        0.21,
 140.189550,   34.895045,        0.22,
 140.194054,   34.895045,        0.23,
 140.198559,   34.895045,        0.24,
 140.203063,   34.895045,        0.25,
 140.207568,   34.895045,        0.25,
 140.212072,   34.895045,        0.26,
 140.216577,   34.895045,        0.27,
 140.221081,   34.895045,        0.28,
 140.225586,   34.895045,        0.30,
 140.230090,   34.895045,        0.31,
 140.234595,   34.895045,        0.33,
 140.239099,   34.895045,        0.35,
 140.243604,   34.895045,        0.34,
 140.248108,   34.895045,        0.31,
 140.252613,   34.895045,        0.28,
 140.257117,   34.895045,        0.25,
 140.261622,   34.895045,        0.22,
 140.266126,   34.895045,        0.19,
 140.270631,   34.895045,        0.16,
 140.275135,   34.895045,        0.12,
 140.279640,   34.895045,        0.09,
 140.284144,   34.895045,        0.06,
 140.288649,   34.895045,        0.02,
 140.293153,   34.895045,       -0.01,
 140.297658,   34.895045,       -0.05,
 140.302162,   34.895045,       -0.09,
 140.306667,   34.895045,       -0.12,
 140.311171,   34.895045,       -0.16,
 140.315676,   34.895045,       -0.20,
 140.320180,   34.895045,       -0.24,
 140.324685,   34.895045,       -0.26,
 140.329189,   34.895045,       -0.29,
 140.333694,   34.895045,       -0.31,
 140.338198,   34.895045,       -0.33,
 140.342703,   34.895045,       -0.35,
 140.347207,   34.895045,       -0.37,
 140.351712,   34.895045,       -0.39,
 140.356216,   34.895045,       -0.41,
 140.360721,   34.895045,       -0.43,
 140.365225,   34.895045,       -0.45,
 140.369730,   34.895045,       -0.47,
 140.374234,   34.895045,       -0.49,
 140.378739,   34.895045,       -0.52,
 140.383243,   34.895045,       -0.54,
 140.387748,   34.895045,       -0.54,
 139.140000,   34.899550,        0.10,
 139.144505,   34.899550,       -0.06,
 139.149009,   34.899550,       -0.22,
 139.153514,   34.899550,       -0.37,
 139.158018,   34.899550,       -0.51,
 139.162523,   34.899550,       -0.65,
 139.167027,   34.899550,       -0.78,
 139.171532,   34.899550,       -0.90,
 139.176036,   34.899550,       -1.02,
 139.180541,   34.899550,       -1.13,
 139.185045,   34.899550,       -1.23,
 139.189550,   34.899550,       -1.33,
 139.194054,   34.899550,       -1.42,
 139.198559,   34.899550,       -1.50,
 139.203063,   34.899550,       -1.51,
 139.207568,   34.899550,       -1.53,
 139.212072,   34.899550,       -1.39,
 139.216577,   34.899550,       -1.22,
 139.221081,   34.899550,       -1.06,
 139.225586,   34.899550,       -0.92,
 139.230090,   34.899550,       -0.78,
 139.234595,   34.899550,       -0.65,
 139.239099,   34.899550,       -0.53,
 139.243604,   34.899550,       -0.42,
 139.248108,   34.899550,       -0.32,
 139.252613,   34.899550,       -0.23,
 139.257117,   34.899550,       -0.16,
 139.261622,   34.899550,       -0.09,
 139.266126,   34.899550,       -0.03,
 139.270631,   34.899550,        0.00,
 139.275135,   34.899550,        0.00,
 139.279640,   34.899550,        0.00,
 139.284144,   34.899550,        0.00,
 139.288649,   34.899550,        0.00,
 139.293153,   34.899550,        0.00,
 139.297658,   34.899550,        0.00,
 139.302162,   34.899550,        0.00,
 139.306667,   34.899550,        0.00,
 139.311171,   34.899550,        0.00,
 139.315676,   34.899550,        0.00,
 139.320180,   34.899550,        0.00,
 139.324685,   34.899550,        0.00,
 139.329189,   34.899550,        0.00,
 139.333694,   34.899550,        0.00,
 139.338198,   34.899550,        0.00,
 139.342703,   34.899550,        0.00,
 139.347207,   34.899550,        0.00,
 139.351712,   34.899550,        0.00,
 139.356216,   34.899550,        0.00,
 139.360721,   34.899550,        0.00,
 139.365225,   34.899550,        0.00,
 139.369730,   34.899550,        0.00,
 139.374234,   34.899550,        0.02,
 139.378739,   34.899550,        0.07,
 139.383243,   34.899550,        0.11,
 139.387748,   34.899550,        0.17,
 139.392252,   34.899550,        0.23,
 139.396757,   34.899550,        0.29,
 139.401261,   34.899550,        0.36,
 139.405766,   34.899550,        0.43,
 139.410270,   34.899550,        0.51,
 139.414775,   34.899550,        0.59,
 139.419279,   34.899550,        0.68,
 139.423784,   34.899550,        0.76,
 139.428288,   34.899550,        0.81,
 139.432793,   34.899550,        0.82,
 139.437297,   34.899550,        0.80,
 139.441802,   34.899550,        0.77,
 139.446306,   34.899550,        0.74,
 139.450811,   34.899550,        0.71,
 139.455315,   34.899550,        0.69,
 139.459820,   34.899550,        0.66,
 139.464324,   34.899550,        0.63,
 139.468829,   34.899550,        0.61,
 139.473333,   34.899550,        0.61,
 139.477838,   34.899550,        0.62,
 139.482342,   34.899550,        0.64,
 139.486847,   34.899550,        0.66,
 139.491351,   34.899550,        0.67,
 139.495856,   34.899550,        0.68,
 139.500360,   34.899550,        0.69,
 139.504865,   34.899550,        0.70,
 139.509369,   34.899550,        0.70,
 139.513874,   34.899550,        0.70,
 139.518378,   34.899550,        0.69,
 139.522883,   34.899550,        0.69,
 139.527387,   34.899550,        0.69,
 139.531892,   34.899550,        0.69,
 139.536396,   34.899550,        0.69,
 139.540901,   34.899550,        0.69,
 139.545405,   34.899550,        0.69,
 139.549910,   34.899550,        0.69,
 139.554414,   34.899550,        0.69,
 139.558919,   34.899550,        0.70,
 139.563423,   34.899550,        0.70,
 139.567928,   34.899550,        0.71,
 139.572432,   34.899550,        0.72,
 139.576937,   34.899550,        0.73,
 139.581441,   34.899550,        0.74,
 139.585946,   34.899550,        0.75,
 139.590450,   34.899550,        0.76,
 139.594955,   34.899550,        0.77,
 139.599459,   34.899550,        0.78,
 139.603964,   34.899550,        0.79,
 139.608468,   34.899550,        0.80,
 139.612973,   34.899550,        0.81,
 139.617477,   34.899550,        0.82,
 139.621982,   34.899550,        0.84,
 139.626486,   34.899550,        0.85,
 139.630991,   34.899550,        0.86,
 139.635495,   34.899550,        0.87,
 139.640000,   34.899550,        0.88,
 139.644505,   34.899550,        0.88,
 139.649009,   34.899550,        0.90,
 139.653514,   34.899550,        0.93,
 139.658018,   34.899550,        0.96,
 139.662523,   34.899550,        0.99,
 139.667027,   34.899550,        1.02,
 139.671532,   34.899550,        1.05,
 139.676036,   34.899550,        1.09,
 139.680541,   34.899550,        1.13,
 139.685045,   34.899550,        1.17,
 139.689550,   34.899550,        1.22,
 139.694054,   34.899550,        1.28,
 139.698559,   34.899550,        1.34,
 139.703063,   34.899550,        1.39,
 139.707568,   34.899550,        1.44,
 139.712072,   34.899550,        1.49,
 139.716577,   34.899550,        1.53,
 139.721081,   34.899550,        1.57,
 139.725586,   34.899550,        1.62,
 139.730090,   34.899550,        1.68,
 139.734595,   34.899550,        1.74,
 139.739099,   34.899550,        1.79,
 139.743604,   34.899550,        1.87,
 139.748108,   34.899550,        1.90,
 139.752613,   34.899550,        1.88,
 139.757117,   34.899550,        1.86,
 139.761622,   34.899550,        1.84,
 139.766126,   34.899550,        1.80,
 139.770631,   34.899550,        1.73,
 139.775135,   34.899550,        1.65,
 139.779640,   34.899550,        1.57,
 139.784144,   34.899550,        1.50,
 139.788649,   34.899550,        1.44,
 139.793153,   34.899550,        1.41,
 139.797658,   34.899550,        1.40,
 139.802162,   34.899550,        1.40,
 139.806667,   34.899550,        1.45,
 139.811171,   34.899550,        1.53,
 139.815676,   34.899550,        1.63,
 139.820180,   34.899550,        1.72,
 139.824685,   34.899550,        1.78,
 139.829189,   34.899550,        1.84,
 139.833694,   34.899550,        1.93,
 139.838198,   34.899550,        2.03,
 139.842703,   34.899550,        2.19,
 139.847207,   34.899550,        2.40,
 139.851712,   34.899550,        2.59,
 139.856216,   34.899550,        2.68,
 139.860721,   34.899550,        2.77,
 139.865225,   34.899550,        2.84,
 139.869730,   34.899550,        2.89,
 139.874234,   34.899550,        2.94,
 139.878739,   34.899550,        2.98,
 139.883243,   34.899550,        2.98,
 139.887748,   34.899550,        2.95,
 139.892252,   34.899550,        2.88,
 139.896757,   34.899550,        2.83,
 139.901261,   34.899550,        2.79,
 139.905766,   34.899550,        2.77,
 139.910270,   34.899550,        2.75,
 139.914775,   34.899550,        2.73,
 139.919279,   34.899550,        2.72,
 139.923784,   34.899550,        2.71,
 139.928288,   34.899550,        2.70,
 139.932793,   34.899550,        2.69,
 139.937297,   34.899550,        2.67,
 139.941802,   34.899550,        2.65,
 139.946306,   34.899550,        2.63,
 139.950811,   34.899550,        2.59,
 139.955315,   34.899550,        2.55,
 139.959820,   34.899550,        2.51,
 139.964324,   34.899550,        2.47,
 139.968829,   34.899550,        2.40,
 139.973333,   34.899550,        2.34,
 139.977838,   34.899550,        2.26,
 139.982342,   34.899550,        2.17,
 139.986847,   34.899550,        2.08,
 139.991351,   34.899550,        1.99,
 139.995856,   34.899550,        1.89,
 140.000360,   34.899550,        1.80,
 140.004865,   34.899550,        1.72,
 140.009369,   34.899550,        1.64,
 140.013874,   34.899550,        1.57,
 140.018378,   34.899550,        1.49,
 140.022883,   34.899550,        1.42,
 140.027387,   34.899550,        1.35,
 140.031892,   34.899550,        1.28,
 140.036396,   34.899550,        1.21,
 140.040901,   34.899550,        1.13,
 140.045405,   34.899550,        1.05,
 140.049910,   34.899550,        0.97,
 140.054414,   34.899550,        0.88,
 140.058919,   34.899550,        0.80,
 140.063423,   34.899550,        0.72,
 140.067928,   34.899550,        0.63,
 140.072432,   34.899550,        0.59,
 140.076937,   34.899550,        0.55,
 140.081441,   34.899550,        0.52,
 140.085946,   34.899550,        0.48,
 140.090450,   34.899550,        0.44,
 140.094955,   34.899550,        0.40,
 140.099459,   34.899550,        0.36,
 140.103964,   34.899550,        0.32,
 140.108468,   34.899550,        0.29,
 140.112973,   34.899550,        0.27,
 140.117477,   34.899550,        0.25,
 140.121982,   34.899550,        0.22,
 140.126486,   34.899550,        0.18,
 140.130991,   34.899550,        0.14,
 140.135495,   34.899550,        0.09,
 140.140000,   34.899550,        0.04,
 140.144505,   34.899550,        0.02,
 140.149009,   34.899550,        0.04,
 140.153514,   34.899550,        0.07,
 140.158018,   34.899550,        0.10,
 140.162523,   34.899550,        0.12,
 140.167027,   34.899550,        0.15,
 140.171532,   34.899550,        0.18,
 140.176036,   34.899550,        0.20,
 140.180541,   34.899550,        0.22,
 140.185045,   34.899550,        0.24,
 140.189550,   34.899550,        0.25,
 140.194054,   34.899550,        0.26,
 140.198559,   34.899550,        0.27,
 140.203063,   34.899550,        0.28,
 140.207568,   34.899550,        0.29,
 140.212072,   34.899550,        0.29,
 140.216577,   34.899550,        0.30,
 140.221081,   34.899550,        0.31,
 140.225586,   34.899550,        0.32,
 140.230090,   34.899550,        0.34,
 140.234595,   34.899550,        0.35,
 140.239099,   34.899550,        0.36,
 140.243604,   34.899550,        0.33,
 140.248108,   34.899550,        0.30,
 140.252613,   34.899550,        0.27,
 140.257117,   34.899550,        0.24,
 140.261622,   34.899550,        0.21,
 140.266126,   34.899550,        0.17,
 140.270631,   34.899550,        0.14,
 140.275135,   34.899550,        0.11,
 140.279640,   34.899550,        0.07,
 140.284144,   34.899550,        0.04,
 140.288649,   34.899550,        0.01,
 140.293153,   34.899550,       -0.03,
 140.297658,   34.899550,       -0.06,
 140.302162,   34.899550,       -0.10,
 140.306667,   34.899550,       -0.14,
 140.311171,   34.899550,       -0.17,
 140.315676,   34.899550,       -0.21,
 140.320180,   34.899550,       -0.24,
 140.324685,   34.899550,       -0.27,
 140.329189,   34.899550,       -0.29,
 140.333694,   34.899550,       -0.30,
 140.338198,   34.899550,       -0.32,
 140.342703,   34.899550,       -0.34,
 140.347207,   34.899550,       -0.36,
 140.351712,   34.899550,       -0.38,
 140.356216,   34.899550,       -0.40,
 140.360721,   34.899550,       -0.42,
 140.365225,   34.899550,       -0.45,
 140.369730,   34.899550,       -0.47,
 140.374234,   34.899550,       -0.49,
 140.378739,   34.899550,       -0.51,
 140.383243,   34.899550,       -0.51,
 140.387748,   34.899550,       -0.51,
 139.140000,   34.904054,        0.34,
 139.144505,   34.904054,        0.18,
 139.149009,   34.904054,        0.02,
 139.153514,   34.904054,       -0.13,
 139.158018,   34.904054,       -0.27,
 139.162523,   34.904054,       -0.41,
 139.167027,   34.904054,       -0.54,
 139.171532,   34.904054,       -0.67,
 139.176036,   34.904054,       -0.79,
 139.180541,   34.904054,       -0.90,
 139.185045,   34.904054,       -1.00,
 139.189550,   34.904054,       -1.10,
 139.194054,   34.904054,       -1.19,
 139.198559,   34.904054,       -1.28,
 139.203063,   34.904054,       -1.36,
 139.207568,   34.904054,       -1.38,
 139.212072,   34.904054,       -1.39,
 139.216577,   34.904054,       -1.26,
 139.221081,   34.904054,       -1.10,
 139.225586,   34.904054,       -0.96,
 139.230090,   34.904054,       -0.82,
 139.234595,   34.904054,       -0.69,
 139.239099,   34.904054,       -0.57,
 139.243604,   34.904054,       -0.46,
 139.248108,   34.904054,       -0.36,
 139.252613,   34.904054,       -0.28,
 139.257117,   34.904054,       -0.20,
 139.261622,   34.904054,       -0.13,
 139.266126,   34.904054,       -0.07,
 139.270631,   34.904054,       -0.02,
 139.275135,   34.904054,        0.00,
 139.279640,   34.904054,        0.00,
 139.284144,   34.904054,        0.00,
 139.288649,   34.904054,        0.00,
 139.293153,   34.904054,        0.00,
 139.297658,   34.904054,        0.00,
 139.302162,   34.904054,        0.00,
 139.306667,   34.904054,        0.00,
 139.311171,   34.904054,        0.00,
 139.315676,   34.904054,        0.00,
 139.320180,   34.904054,        0.00,
 139.324685,   34.904054,        0.00,
 139.329189,   34.904054,        0.00,
 139.333694,   34.904054,        0.00,
 139.338198,   34.904054,        0.00,
 139.342703,   34.904054,        0.00,
 139.347207,   34.904054,        0.00,
 139.351712,   34.904054,        0.00,
 139.356216,   34.904054,        0.00,
 139.360721,   34.904054,        0.00,
 139.365225,   34.904054,        0.00,
 139.369730,   34.904054,        0.00,
 139.374234,   34.904054,        0.03,
 139.378739,   34.904054,        0.07,
 139.383243,   34.904054,        0.12,
 139.387748,   34.904054,        0.18,
 139.392252,   34.904054,        0.24,
 139.396757,   34.904054,        0.31,
 139.401261,   34.904054,        0.38,
 139.405766,   34.904054,        0.46,
 139.410270,   34.904054,        0.54,
 139.414775,   34.904054,        0.63,
 139.419279,   34.904054,        0.72,
 139.423784,   34.904054,        0.81,
 139.428288,   34.904054,        0.90,
 139.432793,   34.904054,        0.87,
 139.437297,   34.904054,        0.85,
 139.441802,   34.904054,        0.82,
 139.446306,   34.904054,        0.79,
 139.450811,   34.904054,        0.76,
 139.455315,   34.904054,        0.74,
 139.459820,   34.904054,        0.71,
 139.464324,   34.904054,        0.68,
 139.468829,   34.904054,        0.67,
 139.473333,   34.904054,        0.66,
 139.477838,   34.904054,        0.66,
 139.482342,   34.904054,        0.67,
 139.486847,   34.904054,        0.69,
 139.491351,   34.904054,        0.70,
 139.495856,   34.904054,        0.71,
 139.500360,   34.904054,        0.72,
 139.504865,   34.904054,        0.72,
 139.509369,   34.904054,        0.72,
 139.513874,   34.904054,        0.72,
 139.518378,   34.904054,        0.72,
 139.522883,   34.904054,        0.72,
 139.527387,   34.904054,        0.72,
 139.531892,   34.904054,        0.72,
 139.536396,   34.904054,        0.72,
 139.540901,   34.904054,        0.72,
 139.545405,   34.904054,        0.72,
 139.549910,   34.904054,        0.72,
 139.554414,   34.904054,        0.72,
 139.558919,   34.904054,        0.72,
 139.563423,   34.904054,        0.73,
 139.567928,   34.904054,        0.74,
 139.572432,   34.904054,        0.75,
 139.576937,   34.904054,        0.76,
 139.581441,   34.904054,        0.77,
 139.585946,   34.904054,        0.78,
 139.590450,   34.904054,        0.79,
 139.594955,   34.904054,        0.80,
 139.599459,   34.904054,        0.81,
 139.603964,   34.904054,        0.83,
 139.608468,   34.904054,        0.84,
 139.612973,   34.904054,        0.86,
 139.617477,   34.904054,        0.88,
 139.621982,   34.904054,        0.89,
 139.626486,   34.904054,        0.91,
 139.630991,   34.904054,        0.92,
 139.635495,   34.904054,        0.93,
 139.640000,   34.904054,        0.94,
 139.644505,   34.904054,        0.95,
 139.649009,   34.904054,        0.97,
 139.653514,   34.904054,        1.00,
 139.658018,   34.904054,        1.02,
 139.662523,   34.904054,        1.05,
 139.667027,   34.904054,        1.08,
 139.671532,   34.904054,        1.12,
 139.676036,   34.904054,        1.17,
 139.680541,   34.904054,        1.21,
 139.685045,   34.904054,        1.25,
 139.689550,   34.904054,        1.30,
 139.694054,   34.904054,        1.37,
 139.698559,   34.904054,        1.43,
 139.703063,   34.904054,        1.49,
 139.707568,   34.904054,        1.54,
 139.712072,   34.904054,        1.60,
 139.716577,   34.904054,        1.63,
 139.721081,   34.904054,        1.66,
 139.725586,   34.904054,        1.69,
 139.730090,   34.904054,        1.72,
 139.734595,   34.904054,        1.73,
 139.739099,   34.904054,        1.76,
 139.743604,   34.904054,        1.81,
 139.748108,   34.904054,        1.83,
 139.752613,   34.904054,        1.82,
 139.757117,   34.904054,        1.81,
 139.761622,   34.904054,        1.81,
 139.766126,   34.904054,        1.74,
 139.770631,   34.904054,        1.66,
 139.775135,   34.904054,        1.59,
 139.779640,   34.904054,        1.53,
 139.784144,   34.904054,        1.46,
 139.788649,   34.904054,        1.41,
 139.793153,   34.904054,        1.40,
 139.797658,   34.904054,        1.39,
 139.802162,   34.904054,        1.41,
 139.806667,   34.904054,        1.48,
 139.811171,   34.904054,        1.55,
 139.815676,   34.904054,        1.65,
 139.820180,   34.904054,        1.74,
 139.824685,   34.904054,        1.83,
 139.829189,   34.904054,        1.89,
 139.833694,   34.904054,        1.97,
 139.838198,   34.904054,        2.05,
 139.842703,   34.904054,        2.18,
 139.847207,   34.904054,        2.37,
 139.851712,   34.904054,        2.55,
 139.856216,   34.904054,        2.69,
 139.860721,   34.904054,        2.77,
 139.865225,   34.904054,        2.85,
 139.869730,   34.904054,        2.91,
 139.874234,   34.904054,        2.97,
 139.878739,   34.904054,        3.03,
 139.883243,   34.904054,        3.07,
 139.887748,   34.904054,        3.01,
 139.892252,   34.904054,        2.93,
 139.896757,   34.904054,        2.88,
 139.901261,   34.904054,        2.84,
 139.905766,   34.904054,        2.81,
 139.910270,   34.904054,        2.79,
 139.914775,   34.904054,        2.78,
 139.919279,   34.904054,        2.77,
 139.923784,   34.904054,        2.76,
 139.928288,   34.904054,        2.76,
 139.932793,   34.904054,        2.74,
 139.937297,   34.904054,        2.72,
 139.941802,   34.904054,        2.70,
 139.946306,   34.904054,        2.66,
 139.950811,   34.904054,        2.63,
 139.955315,   34.904054,        2.59,
 139.959820,   34.904054,        2.55,
 139.964324,   34.904054,        2.51,
 139.968829,   34.904054,        2.44,
 139.973333,   34.904054,        2.37,
 139.977838,   34.904054,        2.30,
 139.982342,   34.904054,        2.21,
 139.986847,   34.904054,        2.12,
 139.991351,   34.904054,        2.03,
 139.995856,   34.904054,        1.95,
 140.000360,   34.904054,        1.86,
 140.004865,   34.904054,        1.78,
 140.009369,   34.904054,        1.71,
 140.013874,   34.904054,        1.64,
 140.018378,   34.904054,        1.56,
 140.022883,   34.904054,        1.49,
 140.027387,   34.904054,        1.42,
 140.031892,   34.904054,        1.35,
 140.036396,   34.904054,        1.28,
 140.040901,   34.904054,        1.21,
 140.045405,   34.904054,        1.13,
 140.049910,   34.904054,        1.05,
 140.054414,   34.904054,        0.97,
 140.058919,   34.904054,        0.89,
 140.063423,   34.904054,        0.81,
 140.067928,   34.904054,        0.73,
 140.072432,   34.904054,        0.67,
 140.076937,   34.904054,        0.62,
 140.081441,   34.904054,        0.58,
 140.085946,   34.904054,        0.54,
 140.090450,   34.904054,        0.50,
 140.094955,   34.904054,        0.46,
 140.099459,   34.904054,        0.42,
 140.103964,   34.904054,        0.38,
 140.108468,   34.904054,        0.34,
 140.112973,   34.904054,        0.31,
 140.117477,   34.904054,        0.27,
 140.121982,   34.904054,        0.24,
 140.126486,   34.904054,        0.20,
 140.130991,   34.904054,        0.16,
 140.135495,   34.904054,        0.11,
 140.140000,   34.904054,        0.05,
 140.144505,   34.904054,        0.03,
 140.149009,   34.904054,        0.07,
 140.153514,   34.904054,        0.10,
 140.158018,   34.904054,        0.13,
 140.162523,   34.904054,        0.16,
 140.167027,   34.904054,        0.19,
 140.171532,   34.904054,        0.21,
 140.176036,   34.904054,        0.24,
 140.180541,   34.904054,        0.26,
 140.185045,   34.904054,        0.28,
 140.189550,   34.904054,        0.29,
 140.194054,   34.904054,        0.30,
 140.198559,   34.904054,        0.30,
 140.203063,   34.904054,        0.31,
 140.207568,   34.904054,        0.32,
 140.212072,   34.904054,        0.32,
 140.216577,   34.904054,        0.33,
 140.221081,   34.904054,        0.34,
 140.225586,   34.904054,        0.35,
 140.230090,   34.904054,        0.36,
 140.234595,   34.904054,        0.37,
 140.239099,   34.904054,        0.34,
 140.243604,   34.904054,        0.31,
 140.248108,   34.904054,        0.28,
 140.252613,   34.904054,        0.25,
 140.257117,   34.904054,        0.22,
 140.261622,   34.904054,        0.19,
 140.266126,   34.904054,        0.16,
 140.270631,   34.904054,        0.13,
 140.275135,   34.904054,        0.09,
 140.279640,   34.904054,        0.06,
 140.284144,   34.904054,        0.03,
 140.288649,   34.904054,       -0.01,
 140.293153,   34.904054,       -0.04,
 140.297658,   34.904054,       -0.08,
 140.302162,   34.904054,       -0.12,
 140.306667,   34.904054,       -0.15,
 140.311171,   34.904054,       -0.19,
 140.315676,   34.904054,       -0.22,
 140.320180,   34.904054,       -0.24,
 140.324685,   34.904054,       -0.26,
 140.329189,   34.904054,       -0.28,
 140.333694,   34.904054,       -0.30,
 140.338198,   34.904054,       -0.32,
 140.342703,   34.904054,       -0.34,
 140.347207,   34.904054,       -0.36,
 140.351712,   34.904054,       -0.38,
 140.356216,   34.904054,       -0.40,
 140.360721,   34.904054,       -0.42,
 140.365225,   34.904054,       -0.44,
 140.369730,   34.904054,       -0.46,
 140.374234,   34.904054,       -0.48,
 140.378739,   34.904054,       -0.48,
 140.383243,   34.904054,       -0.48,
 140.387748,   34.904054,       -0.49,
 139.140000,   34.908559,        0.58,
 139.144505,   34.908559,        0.42,
 139.149009,   34.908559,        0.26,
 139.153514,   34.908559,        0.11,
 139.158018,   34.908559,       -0.04,
 139.162523,   34.908559,       -0.18,
 139.167027,   34.908559,       -0.31,
 139.171532,   34.908559,       -0.44,
 139.176036,   34.908559,       -0.56,
 139.180541,   34.908559,       -0.67,
 139.185045,   34.908559,       -0.78,
 139.189550,   34.908559,       -0.88,
 139.194054,   34.908559,       -0.97,
 139.198559,   34.908559,       -1.06,
 139.203063,   34.908559,       -1.14,
 139.207568,   34.908559,       -1.21,
 139.212072,   34.908559,       -1.24,
 139.216577,   34.908559,       -1.26,
 139.221081,   34.908559,       -1.14,
 139.225586,   34.908559,       -0.99,
 139.230090,   34.908559,       -0.85,
 139.234595,   34.908559,       -0.72,
 139.239099,   34.908559,       -0.60,
 139.243604,   34.908559,       -0.49,
 139.248108,   34.908559,       -0.39,
 139.252613,   34.908559,       -0.31,
 139.257117,   34.908559,       -0.23,
 139.261622,   34.908559,       -0.16,
 139.266126,   34.908559,       -0.10,
 139.270631,   34.908559,       -0.06,
 139.275135,   34.908559,       -0.02,
 139.279640,   34.908559,        0.00,
 139.284144,   34.908559,        0.00,
 139.288649,   34.908559,        0.00,
 139.293153,   34.908559,        0.00,
 139.297658,   34.908559,        0.00,
 139.302162,   34.908559,        0.00,
 139.306667,   34.908559,        0.00,
 139.311171,   34.908559,        0.00,
 139.315676,   34.908559,        0.00,
 139.320180,   34.908559,        0.00,
 139.324685,   34.908559,        0.00,
 139.329189,   34.908559,        0.00,
 139.333694,   34.908559,        0.00,
 139.338198,   34.908559,        0.00,
 139.342703,   34.908559,        0.00,
 139.347207,   34.908559,        0.00,
 139.351712,   34.908559,        0.00,
 139.356216,   34.908559,        0.00,
 139.360721,   34.908559,        0.00,
 139.365225,   34.908559,        0.00,
 139.369730,   34.908559,        0.01,
 139.374234,   34.908559,        0.03,
 139.378739,   34.908559,        0.08,
 139.383243,   34.908559,        0.13,
 139.387748,   34.908559,        0.18,
 139.392252,   34.908559,        0.25,
 139.396757,   34.908559,        0.32,
 139.401261,   34.908559,        0.40,
 139.405766,   34.908559,        0.48,
 139.410270,   34.908559,        0.56,
 139.414775,   34.908559,        0.65,
 139.419279,   34.908559,        0.74,
 139.423784,   34.908559,        0.83,
 139.428288,   34.908559,        0.91,
 139.432793,   34.908559,        0.92,
 139.437297,   34.908559,        0.89,
 139.441802,   34.908559,        0.87,
 139.446306,   34.908559,        0.84,
 139.450811,   34.908559,        0.81,
 139.455315,   34.908559,        0.79,
 139.459820,   34.908559,        0.76,
 139.464324,   34.908559,        0.74,
 139.468829,   34.908559,        0.71,
 139.473333,   34.908559,        0.70,
 139.477838,   34.908559,        0.70,
 139.482342,   34.908559,        0.71,
 139.486847,   34.908559,        0.72,
 139.491351,   34.908559,        0.73,
 139.495856,   34.908559,        0.74,
 139.500360,   34.908559,        0.74,
 139.504865,   34.908559,        0.74,
 139.509369,   34.908559,        0.74,
 139.513874,   34.908559,        0.74,
 139.518378,   34.908559,        0.74,
 139.522883,   34.908559,        0.74,
 139.527387,   34.908559,        0.74,
 139.531892,   34.908559,        0.74,
 139.536396,   34.908559,        0.74,
 139.540901,   34.908559,        0.74,
 139.545405,   34.908559,        0.74,
 139.549910,   34.908559,        0.74,
 139.554414,   34.908559,        0.74,
 139.558919,   34.908559,        0.75,
 139.563423,   34.908559,        0.76,
 139.567928,   34.908559,        0.77,
 139.572432,   34.908559,        0.78,
 139.576937,   34.908559,        0.79,
 139.581441,   34.908559,        0.80,
 139.585946,   34.908559,        0.81,
 139.590450,   34.908559,        0.82,
 139.594955,   34.908559,        0.84,
 139.599459,   34.908559,        0.85,
 139.603964,   34.908559,        0.87,
 139.608468,   34.908559,        0.89,
 139.612973,   34.908559,        0.91,
 139.617477,   34.908559,        0.93,
 139.621982,   34.908559,        0.95,
 139.626486,   34.908559,        0.97,
 139.630991,   34.908559,        0.98,
 139.635495,   34.908559,        1.00,
 139.640000,   34.908559,        1.01,
 139.644505,   34.908559,        1.02,
 139.649009,   34.908559,        1.04,
 139.653514,   34.908559,        1.07,
 139.658018,   34.908559,        1.09,
 139.662523,   34.908559,        1.12,
 139.667027,   34.908559,        1.15,
 139.671532,   34.908559,        1.20,
 139.676036,   34.908559,        1.25,
 139.680541,   34.908559,        1.29,
 139.685045,   34.908559,        1.33,
 139.689550,   34.908559,        1.39,
 139.694054,   34.908559,        1.45,
 139.698559,   34.908559,        1.52,
 139.703063,   34.908559,        1.59,
 139.707568,   34.908559,        1.64,
 139.712072,   34.908559,        1.70,
 139.716577,   34.908559,        1.74,
 139.721081,   34.908559,        1.73,
 139.725586,   34.908559,        1.72,
 139.730090,   34.908559,        1.73,
 139.734595,   34.908559,        1.70,
 139.739099,   34.908559,        1.69,
 139.743604,   34.908559,        1.71,
 139.748108,   34.908559,        1.73,
 139.752613,   34.908559,        1.73,
 139.757117,   34.908559,        1.71,
 139.761622,   34.908559,        1.69,
 139.766126,   34.908559,        1.64,
 139.770631,   34.908559,        1.59,
 139.775135,   34.908559,        1.53,
 139.779640,   34.908559,        1.48,
 139.784144,   34.908559,        1.43,
 139.788649,   34.908559,        1.41,
 139.793153,   34.908559,        1.40,
 139.797658,   34.908559,        1.41,
 139.802162,   34.908559,        1.45,
 139.806667,   34.908559,        1.51,
 139.811171,   34.908559,        1.59,
 139.815676,   34.908559,        1.67,
 139.820180,   34.908559,        1.77,
 139.824685,   34.908559,        1.87,
 139.829189,   34.908559,        1.95,
 139.833694,   34.908559,        2.02,
 139.838198,   34.908559,        2.08,
 139.842703,   34.908559,        2.19,
 139.847207,   34.908559,        2.36,
 139.851712,   34.908559,        2.53,
 139.856216,   34.908559,        2.69,
 139.860721,   34.908559,        2.78,
 139.865225,   34.908559,        2.86,
 139.869730,   34.908559,        2.93,
 139.874234,   34.908559,        2.98,
 139.878739,   34.908559,        3.02,
 139.883243,   34.908559,        3.04,
 139.887748,   34.908559,        3.03,
 139.892252,   34.908559,        2.99,
 139.896757,   34.908559,        2.95,
 139.901261,   34.908559,        2.90,
 139.905766,   34.908559,        2.85,
 139.910270,   34.908559,        2.83,
 139.914775,   34.908559,        2.80,
 139.919279,   34.908559,        2.79,
 139.923784,   34.908559,        2.78,
 139.928288,   34.908559,        2.78,
 139.932793,   34.908559,        2.76,
 139.937297,   34.908559,        2.74,
 139.941802,   34.908559,        2.72,
 139.946306,   34.908559,        2.68,
 139.950811,   34.908559,        2.65,
 139.955315,   34.908559,        2.62,
 139.959820,   34.908559,        2.58,
 139.964324,   34.908559,        2.52,
 139.968829,   34.908559,        2.46,
 139.973333,   34.908559,        2.39,
 139.977838,   34.908559,        2.31,
 139.982342,   34.908559,        2.23,
 139.986847,   34.908559,        2.15,
 139.991351,   34.908559,        2.06,
 139.995856,   34.908559,        1.98,
 140.000360,   34.908559,        1.90,
 140.004865,   34.908559,        1.82,
 140.009369,   34.908559,        1.75,
 140.013874,   34.908559,        1.69,
 140.018378,   34.908559,        1.62,
 140.022883,   34.908559,        1.55,
 140.027387,   34.908559,        1.49,
 140.031892,   34.908559,        1.41,
 140.036396,   34.908559,        1.35,
 140.040901,   34.908559,        1.29,
 140.045405,   34.908559,        1.22,
 140.049910,   34.908559,        1.14,
 140.054414,   34.908559,        1.06,
 140.058919,   34.908559,        0.98,
 140.063423,   34.908559,        0.90,
 140.067928,   34.908559,        0.82,
 140.072432,   34.908559,        0.76,
 140.076937,   34.908559,        0.70,
 140.081441,   34.908559,        0.65,
 140.085946,   34.908559,        0.60,
 140.090450,   34.908559,        0.56,
 140.094955,   34.908559,        0.52,
 140.099459,   34.908559,        0.48,
 140.103964,   34.908559,        0.44,
 140.108468,   34.908559,        0.40,
 140.112973,   34.908559,        0.35,
 140.117477,   34.908559,        0.32,
 140.121982,   34.908559,        0.28,
 140.126486,   34.908559,        0.24,
 140.130991,   34.908559,        0.20,
 140.135495,   34.908559,        0.16,
 140.140000,   34.908559,        0.12,
 140.144505,   34.908559,        0.11,
 140.149009,   34.908559,        0.12,
 140.153514,   34.908559,        0.15,
 140.158018,   34.908559,        0.17,
 140.162523,   34.908559,        0.20,
 140.167027,   34.908559,        0.23,
 140.171532,   34.908559,        0.25,
 140.176036,   34.908559,        0.27,
 140.180541,   34.908559,        0.29,
 140.185045,   34.908559,        0.31,
 140.189550,   34.908559,        0.32,
 140.194054,   34.908559,        0.33,
 140.198559,   34.908559,        0.33,
 140.203063,   34.908559,        0.34,
 140.207568,   34.908559,        0.35,
 140.212072,   34.908559,        0.35,
 140.216577,   34.908559,        0.36,
 140.221081,   34.908559,        0.37,
 140.225586,   34.908559,        0.38,
 140.230090,   34.908559,        0.39,
 140.234595,   34.908559,        0.36,
 140.239099,   34.908559,        0.33,
 140.243604,   34.908559,        0.30,
 140.248108,   34.908559,        0.27,
 140.252613,   34.908559,        0.24,
 140.257117,   34.908559,        0.21,
 140.261622,   34.908559,        0.18,
 140.266126,   34.908559,        0.14,
 140.270631,   34.908559,        0.11,
 140.275135,   34.908559,        0.08,
 140.279640,   34.908559,        0.05,
 140.284144,   34.908559,        0.01,
 140.288649,   34.908559,       -0.02,
 140.293153,   34.908559,       -0.06,
 140.297658,   34.908559,       -0.09,
 140.302162,   34.908559,       -0.13,
 140.306667,   34.908559,       -0.17,
 140.311171,   34.908559,       -0.20,
 140.315676,   34.908559,       -0.22,
 140.320180,   34.908559,       -0.24,
 140.324685,   34.908559,       -0.26,
 140.329189,   34.908559,       -0.27,
 140.333694,   34.908559,       -0.29,
 140.338198,   34.908559,       -0.31,
 140.342703,   34.908559,       -0.33,
 140.347207,   34.908559,       -0.35,
 140.351712,   34.908559,       -0.37,
 140.356216,   34.908559,       -0.39,
 140.360721,   34.908559,       -0.41,
 140.365225,   34.908559,       -0.43,
 140.369730,   34.908559,       -0.45,
 140.374234,   34.908559,       -0.45,
 140.378739,   34.908559,       -0.45,
 140.383243,   34.908559,       -0.47,
 140.387748,   34.908559,       -0.49,
 139.140000,   34.913063,        0.81,
 139.144505,   34.913063,        0.65,
 139.149009,   34.913063,        0.49,
 139.153514,   34.913063,        0.33,
 139.158018,   34.913063,        0.19,
 139.162523,   34.913063,        0.05,
 139.167027,   34.913063,       -0.09,
 139.171532,   34.913063,       -0.22,
 139.176036,   34.913063,       -0.34,
 139.180541,   34.913063,       -0.45,
 139.185045,   34.913063,       -0.56,
 139.189550,   34.913063,       -0.66,
 139.194054,   34.913063,       -0.75,
 139.198559,   34.913063,       -0.84,
 139.203063,   34.913063,       -0.92,
 139.207568,   34.913063,       -1.00,
 139.212072,   34.913063,       -1.06,
 139.216577,   34.913063,       -1.10,
 139.221081,   34.913063,       -1.12,
 139.225586,   34.913063,       -1.01,
 139.230090,   34.913063,       -0.87,
 139.234595,   34.913063,       -0.74,
 139.239099,   34.913063,       -0.62,
 139.243604,   34.913063,       -0.51,
 139.248108,   34.913063,       -0.41,
 139.252613,   34.913063,       -0.33,
 139.257117,   34.913063,       -0.25,
 139.261622,   34.913063,       -0.18,
 139.266126,   34.913063,       -0.12,
 139.270631,   34.913063,       -0.08,
 139.275135,   34.913063,       -0.04,
 139.279640,   34.913063,       -0.01,
 139.284144,   34.913063,        0.00,
 139.288649,   34.913063,        0.00,
 139.293153,   34.913063,        0.00,
 139.297658,   34.913063,        0.00,
 139.302162,   34.913063,        0.00,
 139.306667,   34.913063,        0.00,
 139.311171,   34.913063,        0.00,
 139.315676,   34.913063,        0.00,
 139.320180,   34.913063,        0.00,
 139.324685,   34.913063,        0.00,
 139.329189,   34.913063,        0.00,
 139.333694,   34.913063,        0.00,
 139.338198,   34.913063,        0.00,
 139.342703,   34.913063,        0.00,
 139.347207,   34.913063,        0.00,
 139.351712,   34.913063,        0.00,
 139.356216,   34.913063,        0.00,
 139.360721,   34.913063,        0.00,
 139.365225,   34.913063,        0.00,
 139.369730,   34.913063,        0.01,
 139.374234,   34.913063,        0.03,
 139.378739,   34.913063,        0.07,
 139.383243,   34.913063,        0.12,
 139.387748,   34.913063,        0.18,
 139.392252,   34.913063,        0.25,
 139.396757,   34.913063,        0.33,
 139.401261,   34.913063,        0.41,
 139.405766,   34.913063,        0.49,
 139.410270,   34.913063,        0.58,
 139.414775,   34.913063,        0.67,
 139.419279,   34.913063,        0.76,
 139.423784,   34.913063,        0.85,
 139.428288,   34.913063,        0.91,
 139.432793,   34.913063,        0.94,
 139.437297,   34.913063,        0.94,
 139.441802,   34.913063,        0.91,
 139.446306,   34.913063,        0.89,
 139.450811,   34.913063,        0.86,
 139.455315,   34.913063,        0.84,
 139.459820,   34.913063,        0.81,
 139.464324,   34.913063,        0.79,
 139.468829,   34.913063,        0.76,
 139.473333,   34.913063,        0.74,
 139.477838,   34.913063,        0.74,
 139.482342,   34.913063,        0.74,
 139.486847,   34.913063,        0.75,
 139.491351,   34.913063,        0.76,
 139.495856,   34.913063,        0.76,
 139.500360,   34.913063,        0.77,
 139.504865,   34.913063,        0.77,
 139.509369,   34.913063,        0.77,
 139.513874,   34.913063,        0.77,
 139.518378,   34.913063,        0.77,
 139.522883,   34.913063,        0.77,
 139.527387,   34.913063,        0.77,
 139.531892,   34.913063,        0.77,
 139.536396,   34.913063,        0.77,
 139.540901,   34.913063,        0.77,
 139.545405,   34.913063,        0.77,
 139.549910,   34.913063,        0.77,
 139.554414,   34.913063,        0.77,
 139.558919,   34.913063,        0.78,
 139.563423,   34.913063,        0.79,
 139.567928,   34.913063,        0.80,
 139.572432,   34.913063,        0.81,
 139.576937,   34.913063,        0.82,
 139.581441,   34.913063,        0.83,
 139.585946,   34.913063,        0.84,
 139.590450,   34.913063,        0.85,
 139.594955,   34.913063,        0.88,
 139.599459,   34.913063,        0.90,
 139.603964,   34.913063,        0.92,
 139.608468,   34.913063,        0.94,
 139.612973,   34.913063,        0.96,
 139.617477,   34.913063,        0.99,
 139.621982,   34.913063,        1.01,
 139.626486,   34.913063,        1.03,
 139.630991,   34.913063,        1.04,
 139.635495,   34.913063,        1.06,
 139.640000,   34.913063,        1.08,
 139.644505,   34.913063,        1.09,
 139.649009,   34.913063,        1.12,
 139.653514,   34.913063,        1.14,
 139.658018,   34.913063,        1.17,
 139.662523,   34.913063,        1.18,
 139.667027,   34.913063,        1.23,
 139.671532,   34.913063,        1.28,
 139.676036,   34.913063,        1.33,
 139.680541,   34.913063,        1.37,
 139.685045,   34.913063,        1.41,
 139.689550,   34.913063,        1.48,
 139.694054,   34.913063,        1.55,
 139.698559,   34.913063,        1.61,
 139.703063,   34.913063,        1.68,
 139.707568,   34.913063,        1.74,
 139.712072,   34.913063,        1.79,
 139.716577,   34.913063,        1.82,
 139.721081,   34.913063,        1.81,
 139.725586,   34.913063,        1.77,
 139.730090,   34.913063,        1.72,
 139.734595,   34.913063,        1.67,
 139.739099,   34.913063,        1.63,
 139.743604,   34.913063,        1.60,
 139.748108,   34.913063,        1.61,
 139.752613,   34.913063,        1.60,
 139.757117,   34.913063,        1.58,
 139.761622,   34.913063,        1.56,
 139.766126,   34.913063,        1.55,
 139.770631,   34.913063,        1.51,
 139.775135,   34.913063,        1.47,
 139.779640,   34.913063,        1.44,
 139.784144,   34.913063,        1.42,
 139.788649,   34.913063,        1.41,
 139.793153,   34.913063,        1.41,
 139.797658,   34.913063,        1.45,
 139.802162,   34.913063,        1.49,
 139.806667,   34.913063,        1.55,
 139.811171,   34.913063,        1.63,
 139.815676,   34.913063,        1.71,
 139.820180,   34.913063,        1.80,
 139.824685,   34.913063,        1.90,
 139.829189,   34.913063,        1.99,
 139.833694,   34.913063,        2.05,
 139.838198,   34.913063,        2.16,
 139.842703,   34.913063,        2.29,
 139.847207,   34.913063,        2.44,
 139.851712,   34.913063,        2.58,
 139.856216,   34.913063,        2.72,
 139.860721,   34.913063,        2.84,
 139.865225,   34.913063,        2.94,
 139.869730,   34.913063,        3.01,
 139.874234,   34.913063,        3.07,
 139.878739,   34.913063,        3.10,
 139.883243,   34.913063,        3.10,
 139.887748,   34.913063,        3.08,
 139.892252,   34.913063,        3.06,
 139.896757,   34.913063,        3.03,
 139.901261,   34.913063,        2.99,
 139.905766,   34.913063,        2.94,
 139.910270,   34.913063,        2.89,
 139.914775,   34.913063,        2.84,
 139.919279,   34.913063,        2.80,
 139.923784,   34.913063,        2.79,
 139.928288,   34.913063,        2.78,
 139.932793,   34.913063,        2.77,
 139.937297,   34.913063,        2.74,
 139.941802,   34.913063,        2.72,
 139.946306,   34.913063,        2.70,
 139.950811,   34.913063,        2.67,
 139.955315,   34.913063,        2.64,
 139.959820,   34.913063,        2.59,
 139.964324,   34.913063,        2.53,
 139.968829,   34.913063,        2.47,
 139.973333,   34.913063,        2.39,
 139.977838,   34.913063,        2.31,
 139.982342,   34.913063,        2.24,
 139.986847,   34.913063,        2.16,
 139.991351,   34.913063,        2.07,
 139.995856,   34.913063,        1.99,
 140.000360,   34.913063,        1.91,
 140.004865,   34.913063,        1.84,
 140.009369,   34.913063,        1.77,
 140.013874,   34.913063,        1.71,
 140.018378,   34.913063,        1.65,
 140.022883,   34.913063,        1.60,
 140.027387,   34.913063,        1.54,
 140.031892,   34.913063,        1.48,
 140.036396,   34.913063,        1.42,
 140.040901,   34.913063,        1.36,
 140.045405,   34.913063,        1.30,
 140.049910,   34.913063,        1.23,
 140.054414,   34.913063,        1.15,
 140.058919,   34.913063,        1.08,
 140.063423,   34.913063,        1.00,
 140.067928,   34.913063,        0.92,
 140.072432,   34.913063,        0.85,
 140.076937,   34.913063,        0.78,
 140.081441,   34.913063,        0.72,
 140.085946,   34.913063,        0.67,
 140.090450,   34.913063,        0.62,
 140.094955,   34.913063,        0.58,
 140.099459,   34.913063,        0.54,
 140.103964,   34.913063,        0.50,
 140.108468,   34.913063,        0.45,
 140.112973,   34.913063,        0.41,
 140.117477,   34.913063,        0.37,
 140.121982,   34.913063,        0.33,
 140.126486,   34.913063,        0.29,
 140.130991,   34.913063,        0.26,
 140.135495,   34.913063,        0.22,
 140.140000,   34.913063,        0.19,
 140.144505,   34.913063,        0.18,
 140.149009,   34.913063,        0.19,
 140.153514,   34.913063,        0.20,
 140.158018,   34.913063,        0.22,
 140.162523,   34.913063,        0.25,
 140.167027,   34.913063,        0.27,
 140.171532,   34.913063,        0.29,
 140.176036,   34.913063,        0.31,
 140.180541,   34.913063,        0.33,
 140.185045,   34.913063,        0.35,
 140.189550,   34.913063,        0.35,
 140.194054,   34.913063,        0.36,
 140.198559,   34.913063,        0.36,
 140.203063,   34.913063,        0.37,
 140.207568,   34.913063,        0.37,
 140.212072,   34.913063,        0.38,
 140.216577,   34.913063,        0.39,
 140.221081,   34.913063,        0.39,
 140.225586,   34.913063,        0.40,
 140.230090,   34.913063,        0.39,
 140.234595,   34.913063,        0.35,
 140.239099,   34.913063,        0.31,
 140.243604,   34.913063,        0.28,
 140.248108,   34.913063,        0.25,
 140.252613,   34.913063,        0.22,
 140.257117,   34.913063,        0.19,
 140.261622,   34.913063,        0.16,
 140.266126,   34.913063,        0.13,
 140.270631,   34.913063,        0.10,
 140.275135,   34.913063,        0.06,
 140.279640,   34.913063,        0.03,
 140.284144,   34.913063,       -0.00,
 140.288649,   34.913063,       -0.04,
 140.293153,   34.913063,       -0.07,
 140.297658,   34.913063,       -0.11,
 140.302162,   34.913063,       -0.14,
 140.306667,   34.913063,       -0.17,
 140.311171,   34.913063,       -0.20,
 140.315676,   34.913063,       -0.21,
 140.320180,   34.913063,       -0.23,
 140.324685,   34.913063,       -0.25,
 140.329189,   34.913063,       -0.27,
 140.333694,   34.913063,       -0.29,
 140.338198,   34.913063,       -0.30,
 140.342703,   34.913063,       -0.32,
 140.347207,   34.913063,       -0.34,
 140.351712,   34.913063,       -0.36,
 140.356216,   34.913063,       -0.38,
 140.360721,   34.913063,       -0.41,
 140.365225,   34.913063,       -0.41,
 140.369730,   34.913063,       -0.42,
 140.374234,   34.913063,       -0.42,
 140.378739,   34.913063,       -0.44,
 140.383243,   34.913063,       -0.47,
 140.387748,   34.913063,       -0.49,
 139.140000,   34.917568,        1.04,
 139.144505,   34.917568,        0.87,
 139.149009,   34.917568,        0.71,
 139.153514,   34.917568,        0.55,
 139.158018,   34.917568,        0.41,
 139.162523,   34.917568,        0.26,
 139.167027,   34.917568,        0.13,
 139.171532,   34.917568,        0.00,
 139.176036,   34.917568,       -0.12,
 139.180541,   34.917568,       -0.24,
 139.185045,   34.917568,       -0.35,
 139.189550,   34.917568,       -0.45,
 139.194054,   34.917568,       -0.54,
 139.198559,   34.917568,       -0.63,
 139.203063,   34.917568,       -0.72,
 139.207568,   34.917568,       -0.79,
 139.212072,   34.917568,       -0.86,
 139.216577,   34.917568,       -0.92,
 139.221081,   34.917568,       -0.97,
 139.225586,   34.917568,       -0.98,
 139.230090,   34.917568,       -0.88,
 139.234595,   34.917568,       -0.75,
 139.239099,   34.917568,       -0.63,
 139.243604,   34.917568,       -0.52,
 139.248108,   34.917568,       -0.42,
 139.252613,   34.917568,       -0.34,
 139.257117,   34.917568,       -0.26,
 139.261622,   34.917568,       -0.19,
 139.266126,   34.917568,       -0.13,
 139.270631,   34.917568,       -0.09,
 139.275135,   34.917568,       -0.05,
 139.279640,   34.917568,       -0.02,
 139.284144,   34.917568,       -0.01,
 139.288649,   34.917568,        0.00,
 139.293153,   34.917568,        0.00,
 139.297658,   34.917568,        0.00,
 139.302162,   34.917568,        0.00,
 139.306667,   34.917568,        0.00,
 139.311171,   34.917568,        0.00,
 139.315676,   34.917568,        0.00,
 139.320180,   34.917568,        0.00,
 139.324685,   34.917568,        0.00,
 139.329189,   34.917568,        0.00,
 139.333694,   34.917568,        0.00,
 139.338198,   34.917568,        0.00,
 139.342703,   34.917568,        0.00,
 139.347207,   34.917568,        0.00,
 139.351712,   34.917568,        0.00,
 139.356216,   34.917568,        0.00,
 139.360721,   34.917568,        0.00,
 139.365225,   34.917568,        0.00,
 139.369730,   34.917568,        0.00,
 139.374234,   34.917568,        0.03,
 139.378739,   34.917568,        0.06,
 139.383243,   34.917568,        0.11,
 139.387748,   34.917568,        0.17,
 139.392252,   34.917568,        0.25,
 139.396757,   34.917568,        0.33,
 139.401261,   34.917568,        0.42,
 139.405766,   34.917568,        0.50,
 139.410270,   34.917568,        0.59,
 139.414775,   34.917568,        0.68,
 139.419279,   34.917568,        0.77,
 139.423784,   34.917568,        0.86,
 139.428288,   34.917568,        0.93,
 139.432793,   34.917568,        0.96,
 139.437297,   34.917568,        0.98,
 139.441802,   34.917568,        0.96,
 139.446306,   34.917568,        0.93,
 139.450811,   34.917568,        0.91,
 139.455315,   34.917568,        0.88,
 139.459820,   34.917568,        0.86,
 139.464324,   34.917568,        0.84,
 139.468829,   34.917568,        0.81,
 139.473333,   34.917568,        0.79,
 139.477838,   34.917568,        0.77,
 139.482342,   34.917568,        0.78,
 139.486847,   34.917568,        0.78,
 139.491351,   34.917568,        0.79,
 139.495856,   34.917568,        0.79,
 139.500360,   34.917568,        0.79,
 139.504865,   34.917568,        0.79,
 139.509369,   34.917568,        0.80,
 139.513874,   34.917568,        0.80,
 139.518378,   34.917568,        0.80,
 139.522883,   34.917568,        0.80,
 139.527387,   34.917568,        0.80,
 139.531892,   34.917568,        0.80,
 139.536396,   34.917568,        0.80,
 139.540901,   34.917568,        0.80,
 139.545405,   34.917568,        0.80,
 139.549910,   34.917568,        0.80,
 139.554414,   34.917568,        0.80,
 139.558919,   34.917568,        0.81,
 139.563423,   34.917568,        0.82,
 139.567928,   34.917568,        0.83,
 139.572432,   34.917568,        0.85,
 139.576937,   34.917568,        0.86,
 139.581441,   34.917568,        0.87,
 139.585946,   34.917568,        0.88,
 139.590450,   34.917568,        0.90,
 139.594955,   34.917568,        0.92,
 139.599459,   34.917568,        0.95,
 139.603964,   34.917568,        0.97,
 139.608468,   34.917568,        1.00,
 139.612973,   34.917568,        1.02,
 139.617477,   34.917568,        1.04,
 139.621982,   34.917568,        1.06,
 139.626486,   34.917568,        1.08,
 139.630991,   34.917568,        1.10,
 139.635495,   34.917568,        1.12,
 139.640000,   34.917568,        1.14,
 139.644505,   34.917568,        1.17,
 139.649009,   34.917568,        1.20,
 139.653514,   34.917568,        1.23,
 139.658018,   34.917568,        1.25,
 139.662523,   34.917568,        1.29,
 139.667027,   34.917568,        1.33,
 139.671532,   34.917568,        1.37,
 139.676036,   34.917568,        1.42,
 139.680541,   34.917568,        1.47,
 139.685045,   34.917568,        1.52,
 139.689550,   34.917568,        1.58,
 139.694054,   34.917568,        1.64,
 139.698559,   34.917568,        1.71,
 139.703063,   34.917568,        1.78,
 139.707568,   34.917568,        1.83,
 139.712072,   34.917568,        1.87,
 139.716577,   34.917568,        1.91,
 139.721081,   34.917568,        1.89,
 139.725586,   34.917568,        1.82,
 139.730090,   34.917568,        1.74,
 139.734595,   34.917568,        1.65,
 139.739099,   34.917568,        1.59,
 139.743604,   34.917568,        1.54,
 139.748108,   34.917568,        1.51,
 139.752613,   34.917568,        1.52,
 139.757117,   34.917568,        1.49,
 139.761622,   34.917568,        1.49,
 139.766126,   34.917568,        1.48,
 139.770631,   34.917568,        1.47,
 139.775135,   34.917568,        1.46,
 139.779640,   34.917568,        1.45,
 139.784144,   34.917568,        1.44,
 139.788649,   34.917568,        1.44,
 139.793153,   34.917568,        1.47,
 139.797658,   34.917568,        1.50,
 139.802162,   34.917568,        1.55,
 139.806667,   34.917568,        1.61,
 139.811171,   34.917568,        1.68,
 139.815676,   34.917568,        1.75,
 139.820180,   34.917568,        1.83,
 139.824685,   34.917568,        1.92,
 139.829189,   34.917568,        2.01,
 139.833694,   34.917568,        2.11,
 139.838198,   34.917568,        2.23,
 139.842703,   34.917568,        2.38,
 139.847207,   34.917568,        2.53,
 139.851712,   34.917568,        2.68,
 139.856216,   34.917568,        2.82,
 139.860721,   34.917568,        2.93,
 139.865225,   34.917568,        3.03,
 139.869730,   34.917568,        3.10,
 139.874234,   34.917568,        3.14,
 139.878739,   34.917568,        3.17,
 139.883243,   34.917568,        3.18,
 139.887748,   34.917568,        3.16,
 139.892252,   34.917568,        3.13,
 139.896757,   34.917568,        3.10,
 139.901261,   34.917568,        3.06,
 139.905766,   34.917568,        3.01,
 139.910270,   34.917568,        2.96,
 139.914775,   34.917568,        2.91,
 139.919279,   34.917568,        2.86,
 139.923784,   34.917568,        2.82,
 139.928288,   34.917568,        2.78,
 139.932793,   34.917568,        2.77,
 139.937297,   34.917568,        2.74,
 139.941802,   34.917568,        2.72,
 139.946306,   34.917568,        2.70,
 139.950811,   34.917568,        2.68,
 139.955315,   34.917568,        2.64,
 139.959820,   34.917568,        2.59,
 139.964324,   34.917568,        2.54,
 139.968829,   34.917568,        2.47,
 139.973333,   34.917568,        2.39,
 139.977838,   34.917568,        2.31,
 139.982342,   34.917568,        2.23,
 139.986847,   34.917568,        2.15,
 139.991351,   34.917568,        2.08,
 139.995856,   34.917568,        2.00,
 140.000360,   34.917568,        1.92,
 140.004865,   34.917568,        1.85,
 140.009369,   34.917568,        1.79,
 140.013874,   34.917568,        1.72,
 140.018378,   34.917568,        1.68,
 140.022883,   34.917568,        1.63,
 140.027387,   34.917568,        1.59,
 140.031892,   34.917568,        1.55,
 140.036396,   34.917568,        1.49,
 140.040901,   34.917568,        1.43,
 140.045405,   34.917568,        1.37,
 140.049910,   34.917568,        1.31,
 140.054414,   34.917568,        1.24,
 140.058919,   34.917568,        1.17,
 140.063423,   34.917568,        1.09,
 140.067928,   34.917568,        1.02,
 140.072432,   34.917568,        0.94,
 140.076937,   34.917568,        0.87,
 140.081441,   34.917568,        0.80,
 140.085946,   34.917568,        0.74,
 140.090450,   34.917568,        0.69,
 140.094955,   34.917568,        0.64,
 140.099459,   34.917568,        0.60,
 140.103964,   34.917568,        0.56,
 140.108468,   34.917568,        0.51,
 140.112973,   34.917568,        0.47,
 140.117477,   34.917568,        0.43,
 140.121982,   34.917568,        0.39,
 140.126486,   34.917568,        0.36,
 140.130991,   34.917568,        0.32,
 140.135495,   34.917568,        0.30,
 140.140000,   34.917568,        0.27,
 140.144505,   34.917568,        0.26,
 140.149009,   34.917568,        0.26,
 140.153514,   34.917568,        0.27,
 140.158018,   34.917568,        0.28,
 140.162523,   34.917568,        0.30,
 140.167027,   34.917568,        0.31,
 140.171532,   34.917568,        0.33,
 140.176036,   34.917568,        0.35,
 140.180541,   34.917568,        0.37,
 140.185045,   34.917568,        0.38,
 140.189550,   34.917568,        0.38,
 140.194054,   34.917568,        0.38,
 140.198559,   34.917568,        0.39,
 140.203063,   34.917568,        0.39,
 140.207568,   34.917568,        0.40,
 140.212072,   34.917568,        0.40,
 140.216577,   34.917568,        0.41,
 140.221081,   34.917568,        0.41,
 140.225586,   34.917568,        0.41,
 140.230090,   34.917568,        0.39,
 140.234595,   34.917568,        0.35,
 140.239099,   34.917568,        0.31,
 140.243604,   34.917568,        0.27,
 140.248108,   34.917568,        0.24,
 140.252613,   34.917568,        0.21,
 140.257117,   34.917568,        0.18,
 140.261622,   34.917568,        0.15,
 140.266126,   34.917568,        0.12,
 140.270631,   34.917568,        0.08,
 140.275135,   34.917568,        0.05,
 140.279640,   34.917568,        0.02,
 140.284144,   34.917568,       -0.02,
 140.288649,   34.917568,       -0.05,
 140.293153,   34.917568,       -0.09,
 140.297658,   34.917568,       -0.12,
 140.302162,   34.917568,       -0.15,
 140.306667,   34.917568,       -0.17,
 140.311171,   34.917568,       -0.19,
 140.315676,   34.917568,       -0.21,
 140.320180,   34.917568,       -0.22,
 140.324685,   34.917568,       -0.24,
 140.329189,   34.917568,       -0.26,
 140.333694,   34.917568,       -0.28,
 140.338198,   34.917568,       -0.30,
 140.342703,   34.917568,       -0.32,
 140.347207,   34.917568,       -0.34,
 140.351712,   34.917568,       -0.36,
 140.356216,   34.917568,       -0.38,
 140.360721,   34.917568,       -0.38,
 140.365225,   34.917568,       -0.38,
 140.369730,   34.917568,       -0.39,
 140.374234,   34.917568,       -0.42,
 140.378739,   34.917568,       -0.44,
 140.383243,   34.917568,       -0.47,
 140.387748,   34.917568,       -0.50,
 139.140000,   34.922072,        1.26,
 139.144505,   34.922072,        1.09,
 139.149009,   34.922072,        0.92,
 139.153514,   34.922072,        0.77,
 139.158018,   34.922072,        0.62,
 139.162523,   34.922072,        0.48,
 139.167027,   34.922072,        0.34,
 139.171532,   34.922072,        0.21,
 139.176036,   34.922072,        0.09,
 139.180541,   34.922072,       -0.03,
 139.185045,   34.922072,       -0.14,
 139.189550,   34.922072,       -0.24,
 139.194054,   34.922072,       -0.34,
 139.198559,   34.922072,       -0.43,
 139.203063,   34.922072,       -0.51,
 139.207568,   34.922072,       -0.59,
 139.212072,   34.922072,       -0.66,
 139.216577,   34.922072,       -0.73,
 139.221081,   34.922072,       -0.78,
 139.225586,   34.922072,       -0.83,
 139.230090,   34.922072,       -0.85,
 139.234595,   34.922072,       -0.75,
 139.239099,   34.922072,       -0.63,
 139.243604,   34.922072,       -0.52,
 139.248108,   34.922072,       -0.42,
 139.252613,   34.922072,       -0.34,
 139.257117,   34.922072,       -0.26,
 139.261622,   34.922072,       -0.19,
 139.266126,   34.922072,       -0.13,
 139.270631,   34.922072,       -0.09,
 139.275135,   34.922072,       -0.05,
 139.279640,   34.922072,       -0.02,
 139.284144,   34.922072,       -0.01,
 139.288649,   34.922072,        0.00,
 139.293153,   34.922072,        0.00,
 139.297658,   34.922072,        0.00,
 139.302162,   34.922072,        0.00,
 139.306667,   34.922072,        0.00,
 139.311171,   34.922072,        0.00,
 139.315676,   34.922072,        0.00,
 139.320180,   34.922072,        0.00,
 139.324685,   34.922072,        0.00,
 139.329189,   34.922072,        0.00,
 139.333694,   34.922072,        0.00,
 139.338198,   34.922072,        0.00,
 139.342703,   34.922072,        0.00,
 139.347207,   34.922072,        0.00,
 139.351712,   34.922072,        0.00,
 139.356216,   34.922072,        0.00,
 139.360721,   34.922072,        0.00,
 139.365225,   34.922072,        0.00,
 139.369730,   34.922072,        0.00,
 139.374234,   34.922072,        0.02,
 139.378739,   34.922072,        0.05,
 139.383243,   34.922072,        0.10,
 139.387748,   34.922072,        0.16,
 139.392252,   34.922072,        0.24,
 139.396757,   34.922072,        0.33,
 139.401261,   34.922072,        0.42,
 139.405766,   34.922072,        0.51,
 139.410270,   34.922072,        0.60,
 139.414775,   34.922072,        0.69,
 139.419279,   34.922072,        0.78,
 139.423784,   34.922072,        0.87,
 139.428288,   34.922072,        0.94,
 139.432793,   34.922072,        0.99,
 139.437297,   34.922072,        1.01,
 139.441802,   34.922072,        1.01,
 139.446306,   34.922072,        0.98,
 139.450811,   34.922072,        0.96,
 139.455315,   34.922072,        0.93,
 139.459820,   34.922072,        0.91,
 139.464324,   34.922072,        0.88,
 139.468829,   34.922072,        0.86,
 139.473333,   34.922072,        0.84,
 139.477838,   34.922072,        0.82,
 139.482342,   34.922072,        0.81,
 139.486847,   34.922072,        0.81,
 139.491351,   34.922072,        0.82,
 139.495856,   34.922072,        0.82,
 139.500360,   34.922072,        0.82,
 139.504865,   34.922072,        0.82,
 139.509369,   34.922072,        0.82,
 139.513874,   34.922072,        0.82,
 139.518378,   34.922072,        0.83,
 139.522883,   34.922072,        0.83,
 139.527387,   34.922072,        0.83,
 139.531892,   34.922072,        0.83,
 139.536396,   34.922072,        0.83,
 139.540901,   34.922072,        0.83,
 139.545405,   34.922072,        0.83,
 139.549910,   34.922072,        0.83,
 139.554414,   34.922072,        0.84,
 139.558919,   34.922072,        0.85,
 139.563423,   34.922072,        0.86,
 139.567928,   34.922072,        0.87,
 139.572432,   34.922072,        0.88,
 139.576937,   34.922072,        0.89,
 139.581441,   34.922072,        0.91,
 139.585946,   34.922072,        0.93,
 139.590450,   34.922072,        0.95,
 139.594955,   34.922072,        0.98,
 139.599459,   34.922072,        1.00,
 139.603964,   34.922072,        1.03,
 139.608468,   34.922072,        1.05,
 139.612973,   34.922072,        1.07,
 139.617477,   34.922072,        1.10,
 139.621982,   34.922072,        1.12,
 139.626486,   34.922072,        1.15,
 139.630991,   34.922072,        1.17,
 139.635495,   34.922072,        1.19,
 139.640000,   34.922072,        1.22,
 139.644505,   34.922072,        1.26,
 139.649009,   34.922072,        1.29,
 139.653514,   34.922072,        1.32,
 139.658018,   34.922072,        1.35,
 139.662523,   34.922072,        1.39,
 139.667027,   34.922072,        1.43,
 139.671532,   34.922072,        1.47,
 139.676036,   34.922072,        1.52,
 139.680541,   34.922072,        1.57,
 139.685045,   34.922072,        1.61,
 139.689550,   34.922072,        1.67,
 139.694054,   34.922072,        1.74,
 139.698559,   34.922072,        1.80,
 139.703063,   34.922072,        1.87,
 139.707568,   34.922072,        1.90,
 139.712072,   34.922072,        1.93,
 139.716577,   34.922072,        1.97,
 139.721081,   34.922072,        1.94,
 139.725586,   34.922072,        1.86,
 139.730090,   34.922072,        1.78,
 139.734595,   34.922072,        1.70,
 139.739099,   34.922072,        1.63,
 139.743604,   34.922072,        1.58,
 139.748108,   34.922072,        1.53,
 139.752613,   34.922072,        1.51,
 139.757117,   34.922072,        1.50,
 139.761622,   34.922072,        1.49,
 139.766126,   34.922072,        1.48,
 139.770631,   34.922072,        1.47,
 139.775135,   34.922072,        1.46,
 139.779640,   34.922072,        1.46,
 139.784144,   34.922072,        1.46,
 139.788649,   34.922072,        1.49,
 139.793153,   34.922072,        1.52,
 139.797658,   34.922072,        1.56,
 139.802162,   34.922072,        1.61,
 139.806667,   34.922072,        1.67,
 139.811171,   34.922072,        1.73,
 139.815676,   34.922072,        1.80,
 139.820180,   34.922072,        1.87,
 139.824685,   34.922072,        1.94,
 139.829189,   34.922072,        2.04,
 139.833694,   34.922072,        2.16,
 139.838198,   34.922072,        2.32,
 139.842703,   34.922072,        2.48,
 139.847207,   34.922072,        2.65,
 139.851712,   34.922072,        2.80,
 139.856216,   34.922072,        2.93,
 139.860721,   34.922072,        3.04,
 139.865225,   34.922072,        3.12,
 139.869730,   34.922072,        3.18,
 139.874234,   34.922072,        3.22,
 139.878739,   34.922072,        3.24,
 139.883243,   34.922072,        3.25,
 139.887748,   34.922072,        3.24,
 139.892252,   34.922072,        3.21,
 139.896757,   34.922072,        3.17,
 139.901261,   34.922072,        3.13,
 139.905766,   34.922072,        3.08,
 139.910270,   34.922072,        3.03,
 139.914775,   34.922072,        2.98,
 139.919279,   34.922072,        2.92,
 139.923784,   34.922072,        2.87,
 139.928288,   34.922072,        2.82,
 139.932793,   34.922072,        2.77,
 139.937297,   34.922072,        2.74,
 139.941802,   34.922072,        2.72,
 139.946306,   34.922072,        2.70,
 139.950811,   34.922072,        2.68,
 139.955315,   34.922072,        2.65,
 139.959820,   34.922072,        2.60,
 139.964324,   34.922072,        2.55,
 139.968829,   34.922072,        2.47,
 139.973333,   34.922072,        2.39,
 139.977838,   34.922072,        2.31,
 139.982342,   34.922072,        2.23,
 139.986847,   34.922072,        2.15,
 139.991351,   34.922072,        2.07,
 139.995856,   34.922072,        2.00,
 140.000360,   34.922072,        1.92,
 140.004865,   34.922072,        1.86,
 140.009369,   34.922072,        1.80,
 140.013874,   34.922072,        1.74,
 140.018378,   34.922072,        1.69,
 140.022883,   34.922072,        1.65,
 140.027387,   34.922072,        1.61,
 140.031892,   34.922072,        1.58,
 140.036396,   34.922072,        1.54,
 140.040901,   34.922072,        1.49,
 140.045405,   34.922072,        1.44,
 140.049910,   34.922072,        1.38,
 140.054414,   34.922072,        1.32,
 140.058919,   34.922072,        1.26,
 140.063423,   34.922072,        1.19,
 140.067928,   34.922072,        1.11,
 140.072432,   34.922072,        1.03,
 140.076937,   34.922072,        0.96,
 140.081441,   34.922072,        0.89,
 140.085946,   34.922072,        0.82,
 140.090450,   34.922072,        0.75,
 140.094955,   34.922072,        0.71,
 140.099459,   34.922072,        0.66,
 140.103964,   34.922072,        0.62,
 140.108468,   34.922072,        0.57,
 140.112973,   34.922072,        0.53,
 140.117477,   34.922072,        0.48,
 140.121982,   34.922072,        0.45,
 140.126486,   34.922072,        0.42,
 140.130991,   34.922072,        0.39,
 140.135495,   34.922072,        0.37,
 140.140000,   34.922072,        0.34,
 140.144505,   34.922072,        0.33,
 140.149009,   34.922072,        0.33,
 140.153514,   34.922072,        0.33,
 140.158018,   34.922072,        0.34,
 140.162523,   34.922072,        0.34,
 140.167027,   34.922072,        0.34,
 140.171532,   34.922072,        0.35,
 140.176036,   34.922072,        0.36,
 140.180541,   34.922072,        0.36,
 140.185045,   34.922072,        0.37,
 140.189550,   34.922072,        0.38,
 140.194054,   34.922072,        0.39,
 140.198559,   34.922072,        0.40,
 140.203063,   34.922072,        0.41,
 140.207568,   34.922072,        0.42,
 140.212072,   34.922072,        0.42,
 140.216577,   34.922072,        0.43,
 140.221081,   34.922072,        0.43,
 140.225586,   34.922072,        0.41,
 140.230090,   34.922072,        0.39,
 140.234595,   34.922072,        0.35,
 140.239099,   34.922072,        0.31,
 140.243604,   34.922072,        0.26,
 140.248108,   34.922072,        0.23,
 140.252613,   34.922072,        0.20,
 140.257117,   34.922072,        0.17,
 140.261622,   34.922072,        0.14,
 140.266126,   34.922072,        0.10,
 140.270631,   34.922072,        0.07,
 140.275135,   34.922072,        0.04,
 140.279640,   34.922072,        0.00,
 140.284144,   34.922072,       -0.03,
 140.288649,   34.922072,       -0.06,
 140.293153,   34.922072,       -0.10,
 140.297658,   34.922072,       -0.13,
 140.302162,   34.922072,       -0.15,
 140.306667,   34.922072,       -0.17,
 140.311171,   34.922072,       -0.18,
 140.315676,   34.922072,       -0.20,
 140.320180,   34.922072,       -0.22,
 140.324685,   34.922072,       -0.23,
 140.329189,   34.922072,       -0.25,
 140.333694,   34.922072,       -0.27,
 140.338198,   34.922072,       -0.29,
 140.342703,   34.922072,       -0.31,
 140.347207,   34.922072,       -0.33,
 140.351712,   34.922072,       -0.35,
 140.356216,   34.922072,       -0.35,
 140.360721,   34.922072,       -0.35,
 140.365225,   34.922072,       -0.37,
 140.369730,   34.922072,       -0.39,
 140.374234,   34.922072,       -0.42,
 140.378739,   34.922072,       -0.44,
 140.383243,   34.922072,       -0.47,
 140.387748,   34.922072,       -0.50,
 139.140000,   34.926577,        1.47,
 139.144505,   34.926577,        1.30,
 139.149009,   34.926577,        1.13,
 139.153514,   34.926577,        0.98,
 139.158018,   34.926577,        0.83,
 139.162523,   34.926577,        0.68,
 139.167027,   34.926577,        0.54,
 139.171532,   34.926577,        0.41,
 139.176036,   34.926577,        0.29,
 139.180541,   34.926577,        0.17,
 139.185045,   34.926577,        0.06,
 139.189550,   34.926577,       -0.05,
 139.194054,   34.926577,       -0.14,
 139.198559,   34.926577,       -0.24,
 139.203063,   34.926577,       -0.32,
 139.207568,   34.926577,       -0.40,
 139.212072,   34.926577,       -0.47,
 139.216577,   34.926577,       -0.54,
 139.221081,   34.926577,       -0.59,
 139.225586,   34.926577,       -0.65,
 139.230090,   34.926577,       -0.69,
 139.234595,   34.926577,       -0.71,
 139.239099,   34.926577,       -0.62,
 139.243604,   34.926577,       -0.51,
 139.248108,   34.926577,       -0.41,
 139.252613,   34.926577,       -0.33,
 139.257117,   34.926577,       -0.25,
 139.261622,   34.926577,       -0.18,
 139.266126,   34.926577,       -0.12,
 139.270631,   34.926577,       -0.08,
 139.275135,   34.926577,       -0.04,
 139.279640,   34.926577,       -0.01,
 139.284144,   34.926577,        0.00,
 139.288649,   34.926577,        0.00,
 139.293153,   34.926577,        0.00,
 139.297658,   34.926577,        0.00,
 139.302162,   34.926577,        0.00,
 139.306667,   34.926577,        0.00,
 139.311171,   34.926577,        0.00,
 139.315676,   34.926577,        0.00,
 139.320180,   34.926577,        0.00,
 139.324685,   34.926577,        0.00,
 139.329189,   34.926577,        0.00,
 139.333694,   34.926577,        0.00,
 139.338198,   34.926577,        0.00,
 139.342703,   34.926577,        0.00,
 139.347207,   34.926577,        0.00,
 139.351712,   34.926577,        0.00,
 139.356216,   34.926577,        0.00,
 139.360721,   34.926577,        0.00,
 139.365225,   34.926577,        0.00,
 139.369730,   34.926577,        0.00,
 139.374234,   34.926577,        0.01,
 139.378739,   34.926577,        0.04,
 139.383243,   34.926577,        0.08,
 139.387748,   34.926577,        0.15,
 139.392252,   34.926577,        0.24,
 139.396757,   34.926577,        0.33,
 139.401261,   34.926577,        0.43,
 139.405766,   34.926577,        0.52,
 139.410270,   34.926577,        0.62,
 139.414775,   34.926577,        0.71,
 139.419279,   34.926577,        0.80,
 139.423784,   34.926577,        0.89,
 139.428288,   34.926577,        0.96,
 139.432793,   34.926577,        1.01,
 139.437297,   34.926577,        1.04,
 139.441802,   34.926577,        1.05,
 139.446306,   34.926577,        1.03,
 139.450811,   34.926577,        1.00,
 139.455315,   34.926577,        0.98,
 139.459820,   34.926577,        0.96,
 139.464324,   34.926577,        0.93,
 139.468829,   34.926577,        0.91,
 139.473333,   34.926577,        0.89,
 139.477838,   34.926577,        0.87,
 139.482342,   34.926577,        0.85,
 139.486847,   34.926577,        0.85,
 139.491351,   34.926577,        0.85,
 139.495856,   34.926577,        0.85,
 139.500360,   34.926577,        0.85,
 139.504865,   34.926577,        0.85,
 139.509369,   34.926577,        0.85,
 139.513874,   34.926577,        0.85,
 139.518378,   34.926577,        0.86,
 139.522883,   34.926577,        0.86,
 139.527387,   34.926577,        0.86,
 139.531892,   34.926577,        0.86,
 139.536396,   34.926577,        0.86,
 139.540901,   34.926577,        0.86,
 139.545405,   34.926577,        0.86,
 139.549910,   34.926577,        0.87,
 139.554414,   34.926577,        0.88,
 139.558919,   34.926577,        0.89,
 139.563423,   34.926577,        0.90,
 139.567928,   34.926577,        0.91,
 139.572432,   34.926577,        0.92,
 139.576937,   34.926577,        0.94,
 139.581441,   34.926577,        0.96,
 139.585946,   34.926577,        0.98,
 139.590450,   34.926577,        1.01,
 139.594955,   34.926577,        1.03,
 139.599459,   34.926577,        1.06,
 139.603964,   34.926577,        1.08,
 139.608468,   34.926577,        1.11,
 139.612973,   34.926577,        1.13,
 139.617477,   34.926577,        1.16,
 139.621982,   34.926577,        1.19,
 139.626486,   34.926577,        1.21,
 139.630991,   34.926577,        1.24,
 139.635495,   34.926577,        1.27,
 139.640000,   34.926577,        1.30,
 139.644505,   34.926577,        1.34,
 139.649009,   34.926577,        1.38,
 139.653514,   34.926577,        1.42,
 139.658018,   34.926577,        1.45,
 139.662523,   34.926577,        1.49,
 139.667027,   34.926577,        1.54,
 139.671532,   34.926577,        1.58,
 139.676036,   34.926577,        1.63,
 139.680541,   34.926577,        1.68,
 139.685045,   34.926577,        1.72,
 139.689550,   34.926577,        1.77,
 139.694054,   34.926577,        1.83,
 139.698559,   34.926577,        1.90,
 139.703063,   34.926577,        1.95,
 139.707568,   34.926577,        1.98,
 139.712072,   34.926577,        2.01,
 139.716577,   34.926577,        2.03,
 139.721081,   34.926577,        1.99,
 139.725586,   34.926577,        1.91,
 139.730090,   34.926577,        1.84,
 139.734595,   34.926577,        1.76,
 139.739099,   34.926577,        1.68,
 139.743604,   34.926577,        1.62,
 139.748108,   34.926577,        1.58,
 139.752613,   34.926577,        1.54,
 139.757117,   34.926577,        1.52,
 139.761622,   34.926577,        1.50,
 139.766126,   34.926577,        1.49,
 139.770631,   34.926577,        1.48,
 139.775135,   34.926577,        1.47,
 139.779640,   34.926577,        1.48,
 139.784144,   34.926577,        1.52,
 139.788649,   34.926577,        1.55,
 139.793153,   34.926577,        1.59,
 139.797658,   34.926577,        1.63,
 139.802162,   34.926577,        1.68,
 139.806667,   34.926577,        1.73,
 139.811171,   34.926577,        1.78,
 139.815676,   34.926577,        1.84,
 139.820180,   34.926577,        1.91,
 139.824685,   34.926577,        1.98,
 139.829189,   34.926577,        2.09,
 139.833694,   34.926577,        2.25,
 139.838198,   34.926577,        2.43,
 139.842703,   34.926577,        2.61,
 139.847207,   34.926577,        2.77,
 139.851712,   34.926577,        2.92,
 139.856216,   34.926577,        3.04,
 139.860721,   34.926577,        3.14,
 139.865225,   34.926577,        3.22,
 139.869730,   34.926577,        3.28,
 139.874234,   34.926577,        3.31,
 139.878739,   34.926577,        3.32,
 139.883243,   34.926577,        3.32,
 139.887748,   34.926577,        3.31,
 139.892252,   34.926577,        3.28,
 139.896757,   34.926577,        3.25,
 139.901261,   34.926577,        3.20,
 139.905766,   34.926577,        3.15,
 139.910270,   34.926577,        3.09,
 139.914775,   34.926577,        3.04,
 139.919279,   34.926577,        2.98,
 139.923784,   34.926577,        2.92,
 139.928288,   34.926577,        2.86,
 139.932793,   34.926577,        2.81,
 139.937297,   34.926577,        2.76,
 139.941802,   34.926577,        2.72,
 139.946306,   34.926577,        2.70,
 139.950811,   34.926577,        2.68,
 139.955315,   34.926577,        2.65,
 139.959820,   34.926577,        2.62,
 139.964324,   34.926577,        2.55,
 139.968829,   34.926577,        2.47,
 139.973333,   34.926577,        2.39,
 139.977838,   34.926577,        2.31,
 139.982342,   34.926577,        2.22,
 139.986847,   34.926577,        2.14,
 139.991351,   34.926577,        2.07,
 139.995856,   34.926577,        1.99,
 140.000360,   34.926577,        1.92,
 140.004865,   34.926577,        1.86,
 140.009369,   34.926577,        1.80,
 140.013874,   34.926577,        1.74,
 140.018378,   34.926577,        1.71,
 140.022883,   34.926577,        1.67,
 140.027387,   34.926577,        1.63,
 140.031892,   34.926577,        1.61,
 140.036396,   34.926577,        1.58,
 140.040901,   34.926577,        1.55,
 140.045405,   34.926577,        1.51,
 140.049910,   34.926577,        1.45,
 140.054414,   34.926577,        1.39,
 140.058919,   34.926577,        1.33,
 140.063423,   34.926577,        1.27,
 140.067928,   34.926577,        1.19,
 140.072432,   34.926577,        1.12,
 140.076937,   34.926577,        1.04,
 140.081441,   34.926577,        0.97,
 140.085946,   34.926577,        0.89,
 140.090450,   34.926577,        0.83,
 140.094955,   34.926577,        0.77,
 140.099459,   34.926577,        0.73,
 140.103964,   34.926577,        0.68,
 140.108468,   34.926577,        0.64,
 140.112973,   34.926577,        0.59,
 140.117477,   34.926577,        0.54,
 140.121982,   34.926577,        0.51,
 140.126486,   34.926577,        0.49,
 140.130991,   34.926577,        0.46,
 140.135495,   34.926577,        0.44,
 140.140000,   34.926577,        0.41,
 140.144505,   34.926577,        0.40,
 140.149009,   34.926577,        0.39,
 140.153514,   34.926577,        0.39,
 140.158018,   34.926577,        0.38,
 140.162523,   34.926577,        0.36,
 140.167027,   34.926577,        0.35,
 140.171532,   34.926577,        0.34,
 140.176036,   34.926577,        0.33,
 140.180541,   34.926577,        0.33,
 140.185045,   34.926577,        0.34,
 140.189550,   34.926577,        0.36,
 140.194054,   34.926577,        0.38,
 140.198559,   34.926577,        0.40,
 140.203063,   34.926577,        0.41,
 140.207568,   34.926577,        0.43,
 140.212072,   34.926577,        0.44,
 140.216577,   34.926577,        0.45,
 140.221081,   34.926577,        0.44,
 140.225586,   34.926577,        0.42,
 140.230090,   34.926577,        0.39,
 140.234595,   34.926577,        0.35,
 140.239099,   34.926577,        0.31,
 140.243604,   34.926577,        0.27,
 140.248108,   34.926577,        0.22,
 140.252613,   34.926577,        0.18,
 140.257117,   34.926577,        0.15,
 140.261622,   34.926577,        0.12,
 140.266126,   34.926577,        0.09,
 140.270631,   34.926577,        0.06,
 140.275135,   34.926577,        0.03,
 140.279640,   34.926577,       -0.01,
 140.284144,   34.926577,       -0.04,
 140.288649,   34.926577,       -0.08,
 140.293153,   34.926577,       -0.11,
 140.297658,   34.926577,       -0.13,
 140.302162,   34.926577,       -0.14,
 140.306667,   34.926577,       -0.16,
 140.311171,   34.926577,       -0.17,
 140.315676,   34.926577,       -0.19,
 140.320180,   34.926577,       -0.21,
 140.324685,   34.926577,       -0.22,
 140.329189,   34.926577,       -0.24,
 140.333694,   34.926577,       -0.26,
 140.338198,   34.926577,       -0.28,
 140.342703,   34.926577,       -0.30,
 140.347207,   34.926577,       -0.32,
 140.351712,   34.926577,       -0.32,
 140.356216,   34.926577,       -0.32,
 140.360721,   34.926577,       -0.35,
 140.365225,   34.926577,       -0.37,
 140.369730,   34.926577,       -0.39,
 140.374234,   34.926577,       -0.42,
 140.378739,   34.926577,       -0.44,
 140.383243,   34.926577,       -0.47,
 140.387748,   34.926577,       -0.50,
 139.140000,   34.931081,        1.47,
 139.144505,   34.931081,        1.50,
 139.149009,   34.931081,        1.34,
 139.153514,   34.931081,        1.18,
 139.158018,   34.931081,        1.03,
 139.162523,   34.931081,        0.88,
 139.167027,   34.931081,        0.74,
 139.171532,   34.931081,        0.61,
 139.176036,   34.931081,        0.48,
 139.180541,   34.931081,        0.36,
 139.185045,   34.931081,        0.25,
 139.189550,   34.931081,        0.15,
 139.194054,   34.931081,        0.05,
 139.198559,   34.931081,       -0.05,
 139.203063,   34.931081,       -0.13,
 139.207568,   34.931081,       -0.21,
 139.212072,   34.931081,       -0.29,
 139.216577,   34.931081,       -0.35,
 139.221081,   34.931081,       -0.41,
 139.225586,   34.931081,       -0.47,
 139.230090,   34.931081,       -0.51,
 139.234595,   34.931081,       -0.55,
 139.239099,   34.931081,       -0.58,
 139.243604,   34.931081,       -0.49,
 139.248108,   34.931081,       -0.39,
 139.252613,   34.931081,       -0.31,
 139.257117,   34.931081,       -0.23,
 139.261622,   34.931081,       -0.16,
 139.266126,   34.931081,       -0.10,
 139.270631,   34.931081,       -0.06,
 139.275135,   34.931081,       -0.02,
 139.279640,   34.931081,        0.00,
 139.284144,   34.931081,        0.00,
 139.288649,   34.931081,        0.00,
 139.293153,   34.931081,        0.00,
 139.297658,   34.931081,        0.00,
 139.302162,   34.931081,        0.00,
 139.306667,   34.931081,        0.00,
 139.311171,   34.931081,        0.00,
 139.315676,   34.931081,        0.00,
 139.320180,   34.931081,        0.00,
 139.324685,   34.931081,        0.00,
 139.329189,   34.931081,        0.00,
 139.333694,   34.931081,        0.00,
 139.338198,   34.931081,        0.00,
 139.342703,   34.931081,        0.00,
 139.347207,   34.931081,        0.00,
 139.351712,   34.931081,        0.00,
 139.356216,   34.931081,        0.00,
 139.360721,   34.931081,        0.00,
 139.365225,   34.931081,        0.00,
 139.369730,   34.931081,        0.00,
 139.374234,   34.931081,        0.00,
 139.378739,   34.931081,        0.02,
 139.383243,   34.931081,        0.06,
 139.387748,   34.931081,        0.14,
 139.392252,   34.931081,        0.24,
 139.396757,   34.931081,        0.35,
 139.401261,   34.931081,        0.46,
 139.405766,   34.931081,        0.56,
 139.410270,   34.931081,        0.65,
 139.414775,   34.931081,        0.74,
 139.419279,   34.931081,        0.83,
 139.423784,   34.931081,        0.92,
 139.428288,   34.931081,        0.99,
 139.432793,   34.931081,        1.04,
 139.437297,   34.931081,        1.08,
 139.441802,   34.931081,        1.09,
 139.446306,   34.931081,        1.07,
 139.450811,   34.931081,        1.05,
 139.455315,   34.931081,        1.02,
 139.459820,   34.931081,        1.00,
 139.464324,   34.931081,        0.98,
 139.468829,   34.931081,        0.96,
 139.473333,   34.931081,        0.93,
 139.477838,   34.931081,        0.91,
 139.482342,   34.931081,        0.90,
 139.486847,   34.931081,        0.89,
 139.491351,   34.931081,        0.88,
 139.495856,   34.931081,        0.88,
 139.500360,   34.931081,        0.88,
 139.504865,   34.931081,        0.88,
 139.509369,   34.931081,        0.88,
 139.513874,   34.931081,        0.88,
 139.518378,   34.931081,        0.89,
 139.522883,   34.931081,        0.89,
 139.527387,   34.931081,        0.89,
 139.531892,   34.931081,        0.89,
 139.536396,   34.931081,        0.89,
 139.540901,   34.931081,        0.89,
 139.545405,   34.931081,        0.89,
 139.549910,   34.931081,        0.90,
 139.554414,   34.931081,        0.91,
 139.558919,   34.931081,        0.92,
 139.563423,   34.931081,        0.93,
 139.567928,   34.931081,        0.94,
 139.572432,   34.931081,        0.96,
 139.576937,   34.931081,        0.98,
 139.581441,   34.931081,        1.01,
 139.585946,   34.931081,        1.04,
 139.590450,   34.931081,        1.06,
 139.594955,   34.931081,        1.09,
 139.599459,   34.931081,        1.12,
 139.603964,   34.931081,        1.14,
 139.608468,   34.931081,        1.17,
 139.612973,   34.931081,        1.20,
 139.617477,   34.931081,        1.23,
 139.621982,   34.931081,        1.26,
 139.626486,   34.931081,        1.29,
 139.630991,   34.931081,        1.32,
 139.635495,   34.931081,        1.35,
 139.640000,   34.931081,        1.39,
 139.644505,   34.931081,        1.42,
 139.649009,   34.931081,        1.46,
 139.653514,   34.931081,        1.50,
 139.658018,   34.931081,        1.54,
 139.662523,   34.931081,        1.59,
 139.667027,   34.931081,        1.64,
 139.671532,   34.931081,        1.70,
 139.676036,   34.931081,        1.75,
 139.680541,   34.931081,        1.80,
 139.685045,   34.931081,        1.84,
 139.689550,   34.931081,        1.88,
 139.694054,   34.931081,        1.93,
 139.698559,   34.931081,        1.99,
 139.703063,   34.931081,        2.05,
 139.707568,   34.931081,        2.06,
 139.712072,   34.931081,        2.07,
 139.716577,   34.931081,        2.09,
 139.721081,   34.931081,        2.02,
 139.725586,   34.931081,        1.95,
 139.730090,   34.931081,        1.88,
 139.734595,   34.931081,        1.81,
 139.739099,   34.931081,        1.74,
 139.743604,   34.931081,        1.67,
 139.748108,   34.931081,        1.62,
 139.752613,   34.931081,        1.58,
 139.757117,   34.931081,        1.55,
 139.761622,   34.931081,        1.53,
 139.766126,   34.931081,        1.51,
 139.770631,   34.931081,        1.49,
 139.775135,   34.931081,        1.50,
 139.779640,   34.931081,        1.54,
 139.784144,   34.931081,        1.58,
 139.788649,   34.931081,        1.62,
 139.793153,   34.931081,        1.67,
 139.797658,   34.931081,        1.71,
 139.802162,   34.931081,        1.75,
 139.806667,   34.931081,        1.81,
 139.811171,   34.931081,        1.85,
 139.815676,   34.931081,        1.89,
 139.820180,   34.931081,        1.96,
 139.824685,   34.931081,        2.03,
 139.829189,   34.931081,        2.17,
 139.833694,   34.931081,        2.37,
 139.838198,   34.931081,        2.56,
 139.842703,   34.931081,        2.74,
 139.847207,   34.931081,        2.90,
 139.851712,   34.931081,        3.04,
 139.856216,   34.931081,        3.16,
 139.860721,   34.931081,        3.26,
 139.865225,   34.931081,        3.33,
 139.869730,   34.931081,        3.37,
 139.874234,   34.931081,        3.40,
 139.878739,   34.931081,        3.41,
 139.883243,   34.931081,        3.40,
 139.887748,   34.931081,        3.39,
 139.892252,   34.931081,        3.36,
 139.896757,   34.931081,        3.32,
 139.901261,   34.931081,        3.28,
 139.905766,   34.931081,        3.22,
 139.910270,   34.931081,        3.16,
 139.914775,   34.931081,        3.10,
 139.919279,   34.931081,        3.04,
 139.923784,   34.931081,        2.98,
 139.928288,   34.931081,        2.91,
 139.932793,   34.931081,        2.85,
 139.937297,   34.931081,        2.79,
 139.941802,   34.931081,        2.74,
 139.946306,   34.931081,        2.70,
 139.950811,   34.931081,        2.68,
 139.955315,   34.931081,        2.65,
 139.959820,   34.931081,        2.62,
 139.964324,   34.931081,        2.55,
 139.968829,   34.931081,        2.47,
 139.973333,   34.931081,        2.39,
 139.977838,   34.931081,        2.31,
 139.982342,   34.931081,        2.22,
 139.986847,   34.931081,        2.14,
 139.991351,   34.931081,        2.07,
 139.995856,   34.931081,        1.99,
 140.000360,   34.931081,        1.92,
 140.004865,   34.931081,        1.86,
 140.009369,   34.931081,        1.79,
 140.013874,   34.931081,        1.75,
 140.018378,   34.931081,        1.72,
 140.022883,   34.931081,        1.69,
 140.027387,   34.931081,        1.66,
 140.031892,   34.931081,        1.64,
 140.036396,   34.931081,        1.62,
 140.040901,   34.931081,        1.60,
 140.045405,   34.931081,        1.57,
 140.049910,   34.931081,        1.52,
 140.054414,   34.931081,        1.47,
 140.058919,   34.931081,        1.41,
 140.063423,   34.931081,        1.35,
 140.067928,   34.931081,        1.27,
 140.072432,   34.931081,        1.19,
 140.076937,   34.931081,        1.12,
 140.081441,   34.931081,        1.04,
 140.085946,   34.931081,        0.97,
 140.090450,   34.931081,        0.91,
 140.094955,   34.931081,        0.85,
 140.099459,   34.931081,        0.79,
 140.103964,   34.931081,        0.75,
 140.108468,   34.931081,        0.70,
 140.112973,   34.931081,        0.65,
 140.117477,   34.931081,        0.60,
 140.121982,   34.931081,        0.57,
 140.126486,   34.931081,        0.55,
 140.130991,   34.931081,        0.52,
 140.135495,   34.931081,        0.50,
 140.140000,   34.931081,        0.48,
 140.144505,   34.931081,        0.46,
 140.149009,   34.931081,        0.45,
 140.153514,   34.931081,        0.43,
 140.158018,   34.931081,        0.40,
 140.162523,   34.931081,        0.37,
 140.167027,   34.931081,        0.34,
 140.171532,   34.931081,        0.32,
 140.176036,   34.931081,        0.29,
 140.180541,   34.931081,        0.28,
 140.185045,   34.931081,        0.31,
 140.189550,   34.931081,        0.34,
 140.194054,   34.931081,        0.37,
 140.198559,   34.931081,        0.39,
 140.203063,   34.931081,        0.41,
 140.207568,   34.931081,        0.43,
 140.212072,   34.931081,        0.45,
 140.216577,   34.931081,        0.46,
 140.221081,   34.931081,        0.45,
 140.225586,   34.931081,        0.43,
 140.230090,   34.931081,        0.40,
 140.234595,   34.931081,        0.36,
 140.239099,   34.931081,        0.31,
 140.243604,   34.931081,        0.27,
 140.248108,   34.931081,        0.22,
 140.252613,   34.931081,        0.18,
 140.257117,   34.931081,        0.14,
 140.261622,   34.931081,        0.11,
 140.266126,   34.931081,        0.08,
 140.270631,   34.931081,        0.05,
 140.275135,   34.931081,        0.01,
 140.279640,   34.931081,       -0.02,
 140.284144,   34.931081,       -0.05,
 140.288649,   34.931081,       -0.08,
 140.293153,   34.931081,       -0.10,
 140.297658,   34.931081,       -0.12,
 140.302162,   34.931081,       -0.13,
 140.306667,   34.931081,       -0.15,
 140.311171,   34.931081,       -0.16,
 140.315676,   34.931081,       -0.18,
 140.320180,   34.931081,       -0.20,
 140.324685,   34.931081,       -0.22,
 140.329189,   34.931081,       -0.23,
 140.333694,   34.931081,       -0.25,
 140.338198,   34.931081,       -0.27,
 140.342703,   34.931081,       -0.29,
 140.347207,   34.931081,       -0.29,
 140.351712,   34.931081,       -0.30,
 140.356216,   34.931081,       -0.32,
 140.360721,   34.931081,       -0.34,
 140.365225,   34.931081,       -0.37,
 140.369730,   34.931081,       -0.39,
 140.374234,   34.931081,       -0.42,
 140.378739,   34.931081,       -0.44,
 140.383243,   34.931081,       -0.47,
 140.387748,   34.931081,       -0.50,
 139.140000,   34.935586,        1.43,
 139.144505,   34.935586,        1.46,
 139.149009,   34.935586,        1.50,
 139.153514,   34.935586,        1.37,
 139.158018,   34.935586,        1.22,
 139.162523,   34.935586,        1.07,
 139.167027,   34.935586,        0.93,
 139.171532,   34.935586,        0.80,
 139.176036,   34.935586,        0.67,
 139.180541,   34.935586,        0.55,
 139.185045,   34.935586,        0.44,
 139.189550,   34.935586,        0.33,
 139.194054,   34.935586,        0.23,
 139.198559,   34.935586,        0.14,
 139.203063,   34.935586,        0.05,
 139.207568,   34.935586,       -0.03,
 139.212072,   34.935586,       -0.11,
 139.216577,   34.935586,       -0.17,
 139.221081,   34.935586,       -0.24,
 139.225586,   34.935586,       -0.29,
 139.230090,   34.935586,       -0.34,
 139.234595,   34.935586,       -0.38,
 139.239099,   34.935586,       -0.41,
 139.243604,   34.935586,       -0.44,
 139.248108,   34.935586,       -0.36,
 139.252613,   34.935586,       -0.28,
 139.257117,   34.935586,       -0.20,
 139.261622,   34.935586,       -0.13,
 139.266126,   34.935586,       -0.07,
 139.270631,   34.935586,       -0.03,
 139.275135,   34.935586,        0.00,
 139.279640,   34.935586,        0.00,
 139.284144,   34.935586,        0.00,
 139.288649,   34.935586,        0.00,
 139.293153,   34.935586,        0.00,
 139.297658,   34.935586,        0.00,
 139.302162,   34.935586,        0.00,
 139.306667,   34.935586,        0.00,
 139.311171,   34.935586,        0.00,
 139.315676,   34.935586,        0.00,
 139.320180,   34.935586,        0.00,
 139.324685,   34.935586,        0.00,
 139.329189,   34.935586,        0.00,
 139.333694,   34.935586,        0.00,
 139.338198,   34.935586,        0.00,
 139.342703,   34.935586,        0.00,
 139.347207,   34.935586,        0.01,
 139.351712,   34.935586,        0.03,
 139.356216,   34.935586,        0.04,
 139.360721,   34.935586,        0.04,
 139.365225,   34.935586,        0.04,
 139.369730,   34.935586,        0.02,
 139.374234,   34.935586,        0.01,
 139.378739,   34.935586,        0.00,
 139.383243,   34.935586,        0.04,
 139.387748,   34.935586,        0.15,
 139.392252,   34.935586,        0.27,
 139.396757,   34.935586,        0.39,
 139.401261,   34.935586,        0.50,
 139.405766,   34.935586,        0.60,
 139.410270,   34.935586,        0.70,
 139.414775,   34.935586,        0.79,
 139.419279,   34.935586,        0.88,
 139.423784,   34.935586,        0.96,
 139.428288,   34.935586,        1.03,
 139.432793,   34.935586,        1.08,
 139.437297,   34.935586,        1.12,
 139.441802,   34.935586,        1.14,
 139.446306,   34.935586,        1.12,
 139.450811,   34.935586,        1.09,
 139.455315,   34.935586,        1.07,
 139.459820,   34.935586,        1.05,
 139.464324,   34.935586,        1.02,
 139.468829,   34.935586,        1.00,
 139.473333,   34.935586,        0.98,
 139.477838,   34.935586,        0.96,
 139.482342,   34.935586,        0.94,
 139.486847,   34.935586,        0.93,
 139.491351,   34.935586,        0.92,
 139.495856,   34.935586,        0.92,
 139.500360,   34.935586,        0.92,
 139.504865,   34.935586,        0.92,
 139.509369,   34.935586,        0.92,
 139.513874,   34.935586,        0.91,
 139.518378,   34.935586,        0.92,
 139.522883,   34.935586,        0.92,
 139.527387,   34.935586,        0.92,
 139.531892,   34.935586,        0.92,
 139.536396,   34.935586,        0.92,
 139.540901,   34.935586,        0.92,
 139.545405,   34.935586,        0.93,
 139.549910,   34.935586,        0.94,
 139.554414,   34.935586,        0.95,
 139.558919,   34.935586,        0.97,
 139.563423,   34.935586,        0.98,
 139.567928,   34.935586,        0.99,
 139.572432,   34.935586,        1.01,
 139.576937,   34.935586,        1.04,
 139.581441,   34.935586,        1.07,
 139.585946,   34.935586,        1.09,
 139.590450,   34.935586,        1.12,
 139.594955,   34.935586,        1.15,
 139.599459,   34.935586,        1.18,
 139.603964,   34.935586,        1.21,
 139.608468,   34.935586,        1.25,
 139.612973,   34.935586,        1.28,
 139.617477,   34.935586,        1.31,
 139.621982,   34.935586,        1.34,
 139.626486,   34.935586,        1.37,
 139.630991,   34.935586,        1.40,
 139.635495,   34.935586,        1.43,
 139.640000,   34.935586,        1.47,
 139.644505,   34.935586,        1.50,
 139.649009,   34.935586,        1.54,
 139.653514,   34.935586,        1.58,
 139.658018,   34.935586,        1.62,
 139.662523,   34.935586,        1.67,
 139.667027,   34.935586,        1.73,
 139.671532,   34.935586,        1.79,
 139.676036,   34.935586,        1.86,
 139.680541,   34.935586,        1.91,
 139.685045,   34.935586,        1.95,
 139.689550,   34.935586,        1.99,
 139.694054,   34.935586,        2.03,
 139.698559,   34.935586,        2.08,
 139.703063,   34.935586,        2.11,
 139.707568,   34.935586,        2.12,
 139.712072,   34.935586,        2.12,
 139.716577,   34.935586,        2.10,
 139.721081,   34.935586,        2.04,
 139.725586,   34.935586,        1.97,
 139.730090,   34.935586,        1.90,
 139.734595,   34.935586,        1.82,
 139.739099,   34.935586,        1.75,
 139.743604,   34.935586,        1.70,
 139.748108,   34.935586,        1.65,
 139.752613,   34.935586,        1.60,
 139.757117,   34.935586,        1.57,
 139.761622,   34.935586,        1.54,
 139.766126,   34.935586,        1.52,
 139.770631,   34.935586,        1.51,
 139.775135,   34.935586,        1.55,
 139.779640,   34.935586,        1.60,
 139.784144,   34.935586,        1.64,
 139.788649,   34.935586,        1.70,
 139.793153,   34.935586,        1.75,
 139.797658,   34.935586,        1.80,
 139.802162,   34.935586,        1.86,
 139.806667,   34.935586,        1.90,
 139.811171,   34.935586,        1.94,
 139.815676,   34.935586,        1.96,
 139.820180,   34.935586,        2.00,
 139.824685,   34.935586,        2.10,
 139.829189,   34.935586,        2.31,
 139.833694,   34.935586,        2.51,
 139.838198,   34.935586,        2.70,
 139.842703,   34.935586,        2.88,
 139.847207,   34.935586,        3.04,
 139.851712,   34.935586,        3.18,
 139.856216,   34.935586,        3.29,
 139.860721,   34.935586,        3.38,
 139.865225,   34.935586,        3.44,
 139.869730,   34.935586,        3.47,
 139.874234,   34.935586,        3.49,
 139.878739,   34.935586,        3.50,
 139.883243,   34.935586,        3.49,
 139.887748,   34.935586,        3.47,
 139.892252,   34.935586,        3.44,
 139.896757,   34.935586,        3.41,
 139.901261,   34.935586,        3.36,
 139.905766,   34.935586,        3.30,
 139.910270,   34.935586,        3.24,
 139.914775,   34.935586,        3.17,
 139.919279,   34.935586,        3.11,
 139.923784,   34.935586,        3.04,
 139.928288,   34.935586,        2.97,
 139.932793,   34.935586,        2.90,
 139.937297,   34.935586,        2.83,
 139.941802,   34.935586,        2.76,
 139.946306,   34.935586,        2.71,
 139.950811,   34.935586,        2.68,
 139.955315,   34.935586,        2.65,
 139.959820,   34.935586,        2.61,
 139.964324,   34.935586,        2.55,
 139.968829,   34.935586,        2.48,
 139.973333,   34.935586,        2.39,
 139.977838,   34.935586,        2.30,
 139.982342,   34.935586,        2.22,
 139.986847,   34.935586,        2.14,
 139.991351,   34.935586,        2.07,
 139.995856,   34.935586,        1.99,
 140.000360,   34.935586,        1.92,
 140.004865,   34.935586,        1.85,
 140.009369,   34.935586,        1.79,
 140.013874,   34.935586,        1.75,
 140.018378,   34.935586,        1.72,
 140.022883,   34.935586,        1.69,
 140.027387,   34.935586,        1.67,
 140.031892,   34.935586,        1.66,
 140.036396,   34.935586,        1.65,
 140.040901,   34.935586,        1.63,
 140.045405,   34.935586,        1.61,
 140.049910,   34.935586,        1.58,
 140.054414,   34.935586,        1.54,
 140.058919,   34.935586,        1.49,
 140.063423,   34.935586,        1.42,
 140.067928,   34.935586,        1.34,
 140.072432,   34.935586,        1.27,
 140.076937,   34.935586,        1.19,
 140.081441,   34.935586,        1.12,
 140.085946,   34.935586,        1.05,
 140.090450,   34.935586,        0.99,
 140.094955,   34.935586,        0.92,
 140.099459,   34.935586,        0.86,
 140.103964,   34.935586,        0.81,
 140.108468,   34.935586,        0.76,
 140.112973,   34.935586,        0.71,
 140.117477,   34.935586,        0.66,
 140.121982,   34.935586,        0.63,
 140.126486,   34.935586,        0.60,
 140.130991,   34.935586,        0.58,
 140.135495,   34.935586,        0.56,
 140.140000,   34.935586,        0.54,
 140.144505,   34.935586,        0.52,
 140.149009,   34.935586,        0.49,
 140.153514,   34.935586,        0.45,
 140.158018,   34.935586,        0.40,
 140.162523,   34.935586,        0.36,
 140.167027,   34.935586,        0.31,
 140.171532,   34.935586,        0.27,
 140.176036,   34.935586,        0.24,
 140.180541,   34.935586,        0.24,
 140.185045,   34.935586,        0.26,
 140.189550,   34.935586,        0.30,
 140.194054,   34.935586,        0.34,
 140.198559,   34.935586,        0.38,
 140.203063,   34.935586,        0.41,
 140.207568,   34.935586,        0.44,
 140.212072,   34.935586,        0.46,
 140.216577,   34.935586,        0.48,
 140.221081,   34.935586,        0.47,
 140.225586,   34.935586,        0.44,
 140.230090,   34.935586,        0.40,
 140.234595,   34.935586,        0.35,
 140.239099,   34.935586,        0.31,
 140.243604,   34.935586,        0.26,
 140.248108,   34.935586,        0.22,
 140.252613,   34.935586,        0.18,
 140.257117,   34.935586,        0.14,
 140.261622,   34.935586,        0.10,
 140.266126,   34.935586,        0.07,
 140.270631,   34.935586,        0.04,
 140.275135,   34.935586,        0.00,
 140.279640,   34.935586,       -0.03,
 140.284144,   34.935586,       -0.06,
 140.288649,   34.935586,       -0.08,
 140.293153,   34.935586,       -0.09,
 140.297658,   34.935586,       -0.11,
 140.302162,   34.935586,       -0.12,
 140.306667,   34.935586,       -0.14,
 140.311171,   34.935586,       -0.15,
 140.315676,   34.935586,       -0.17,
 140.320180,   34.935586,       -0.19,
 140.324685,   34.935586,       -0.21,
 140.329189,   34.935586,       -0.23,
 140.333694,   34.935586,       -0.24,
 140.338198,   34.935586,       -0.26,
 140.342703,   34.935586,       -0.26,
 140.347207,   34.935586,       -0.27,
 140.351712,   34.935586,       -0.30,
 140.356216,   34.935586,       -0.32,
 140.360721,   34.935586,       -0.34,
 140.365225,   34.935586,       -0.37,
 140.369730,   34.935586,       -0.39,
 140.374234,   34.935586,       -0.41,
 140.378739,   34.935586,       -0.44,
 140.383243,   34.935586,       -0.47,
 140.387748,   34.935586,       -0.49,
 139.140000,   34.940090,        1.34,
 139.144505,   34.940090,        1.42,
 139.149009,   34.940090,        1.45,
 139.153514,   34.940090,        1.49,
 139.158018,   34.940090,        1.41,
 139.162523,   34.940090,        1.26,
 139.167027,   34.940090,        1.12,
 139.171532,   34.940090,        0.98,
 139.176036,   34.940090,        0.85,
 139.180541,   34.940090,        0.73,
 139.185045,   34.940090,        0.62,
 139.189550,   34.940090,        0.51,
 139.194054,   34.940090,        0.41,
 139.198559,   34.940090,        0.31,
 139.203063,   34.940090,        0.22,
 139.207568,   34.940090,        0.14,
 139.212072,   34.940090,        0.06,
 139.216577,   34.940090,       -0.00,
 139.221081,   34.940090,       -0.07,
 139.225586,   34.940090,       -0.12,
 139.230090,   34.940090,       -0.17,
 139.234595,   34.940090,       -0.21,
 139.239099,   34.940090,       -0.25,
 139.243604,   34.940090,       -0.28,
 139.248108,   34.940090,       -0.30,
 139.252613,   34.940090,       -0.23,
 139.257117,   34.940090,       -0.16,
 139.261622,   34.940090,       -0.09,
 139.266126,   34.940090,       -0.03,
 139.270631,   34.940090,        0.00,
 139.275135,   34.940090,        0.00,
 139.279640,   34.940090,        0.00,
 139.284144,   34.940090,        0.00,
 139.288649,   34.940090,        0.00,
 139.293153,   34.940090,        0.00,
 139.297658,   34.940090,        0.00,
 139.302162,   34.940090,        0.00,
 139.306667,   34.940090,        0.00,
 139.311171,   34.940090,        0.00,
 139.315676,   34.940090,        0.00,
 139.320180,   34.940090,        0.00,
 139.324685,   34.940090,        0.00,
 139.329189,   34.940090,        0.00,
 139.333694,   34.940090,        0.00,
 139.338198,   34.940090,        0.00,
 139.342703,   34.940090,        0.03,
 139.347207,   34.940090,        0.08,
 139.351712,   34.940090,        0.11,
 139.356216,   34.940090,        0.13,
 139.360721,   34.940090,        0.13,
 139.365225,   34.940090,        0.13,
 139.369730,   34.940090,        0.12,
 139.374234,   34.940090,        0.09,
 139.378739,   34.940090,        0.05,
 139.383243,   34.940090,        0.05,
 139.387748,   34.940090,        0.20,
 139.392252,   34.940090,        0.33,
 139.396757,   34.940090,        0.45,
 139.401261,   34.940090,        0.57,
 139.405766,   34.940090,        0.67,
 139.410270,   34.940090,        0.77,
 139.414775,   34.940090,        0.86,
 139.419279,   34.940090,        0.94,
 139.423784,   34.940090,        1.01,
 139.428288,   34.940090,        1.08,
 139.432793,   34.940090,        1.13,
 139.437297,   34.940090,        1.17,
 139.441802,   34.940090,        1.18,
 139.446306,   34.940090,        1.16,
 139.450811,   34.940090,        1.14,
 139.455315,   34.940090,        1.11,
 139.459820,   34.940090,        1.09,
 139.464324,   34.940090,        1.07,
 139.468829,   34.940090,        1.04,
 139.473333,   34.940090,        1.02,
 139.477838,   34.940090,        1.00,
 139.482342,   34.940090,        0.99,
 139.486847,   34.940090,        0.97,
 139.491351,   34.940090,        0.96,
 139.495856,   34.940090,        0.96,
 139.500360,   34.940090,        0.96,
 139.504865,   34.940090,        0.95,
 139.509369,   34.940090,        0.95,
 139.513874,   34.940090,        0.95,
 139.518378,   34.940090,        0.95,
 139.522883,   34.940090,        0.95,
 139.527387,   34.940090,        0.95,
 139.531892,   34.940090,        0.95,
 139.536396,   34.940090,        0.96,
 139.540901,   34.940090,        0.96,
 139.545405,   34.940090,        0.97,
 139.549910,   34.940090,        0.98,
 139.554414,   34.940090,        1.00,
 139.558919,   34.940090,        1.01,
 139.563423,   34.940090,        1.02,
 139.567928,   34.940090,        1.05,
 139.572432,   34.940090,        1.07,
 139.576937,   34.940090,        1.10,
 139.581441,   34.940090,        1.13,
 139.585946,   34.940090,        1.15,
 139.590450,   34.940090,        1.18,
 139.594955,   34.940090,        1.21,
 139.599459,   34.940090,        1.25,
 139.603964,   34.940090,        1.29,
 139.608468,   34.940090,        1.33,
 139.612973,   34.940090,        1.37,
 139.617477,   34.940090,        1.40,
 139.621982,   34.940090,        1.43,
 139.626486,   34.940090,        1.46,
 139.630991,   34.940090,        1.48,
 139.635495,   34.940090,        1.51,
 139.640000,   34.940090,        1.55,
 139.644505,   34.940090,        1.58,
 139.649009,   34.940090,        1.61,
 139.653514,   34.940090,        1.65,
 139.658018,   34.940090,        1.69,
 139.662523,   34.940090,        1.74,
 139.667027,   34.940090,        1.80,
 139.671532,   34.940090,        1.86,
 139.676036,   34.940090,        1.92,
 139.680541,   34.940090,        1.97,
 139.685045,   34.940090,        2.01,
 139.689550,   34.940090,        2.06,
 139.694054,   34.940090,        2.09,
 139.698559,   34.940090,        2.12,
 139.703063,   34.940090,        2.14,
 139.707568,   34.940090,        2.15,
 139.712072,   34.940090,        2.16,
 139.716577,   34.940090,        2.11,
 139.721081,   34.940090,        2.03,
 139.725586,   34.940090,        1.97,
 139.730090,   34.940090,        1.89,
 139.734595,   34.940090,        1.81,
 139.739099,   34.940090,        1.74,
 139.743604,   34.940090,        1.69,
 139.748108,   34.940090,        1.64,
 139.752613,   34.940090,        1.60,
 139.757117,   34.940090,        1.56,
 139.761622,   34.940090,        1.54,
 139.766126,   34.940090,        1.53,
 139.770631,   34.940090,        1.57,
 139.775135,   34.940090,        1.62,
 139.779640,   34.940090,        1.67,
 139.784144,   34.940090,        1.74,
 139.788649,   34.940090,        1.81,
 139.793153,   34.940090,        1.86,
 139.797658,   34.940090,        1.93,
 139.802162,   34.940090,        1.98,
 139.806667,   34.940090,        2.00,
 139.811171,   34.940090,        2.01,
 139.815676,   34.940090,        2.03,
 139.820180,   34.940090,        2.04,
 139.824685,   34.940090,        2.26,
 139.829189,   34.940090,        2.46,
 139.833694,   34.940090,        2.66,
 139.838198,   34.940090,        2.85,
 139.842703,   34.940090,        3.02,
 139.847207,   34.940090,        3.18,
 139.851712,   34.940090,        3.31,
 139.856216,   34.940090,        3.42,
 139.860721,   34.940090,        3.50,
 139.865225,   34.940090,        3.55,
 139.869730,   34.940090,        3.58,
 139.874234,   34.940090,        3.60,
 139.878739,   34.940090,        3.60,
 139.883243,   34.940090,        3.59,
 139.887748,   34.940090,        3.56,
 139.892252,   34.940090,        3.53,
 139.896757,   34.940090,        3.49,
 139.901261,   34.940090,        3.44,
 139.905766,   34.940090,        3.38,
 139.910270,   34.940090,        3.31,
 139.914775,   34.940090,        3.24,
 139.919279,   34.940090,        3.17,
 139.923784,   34.940090,        3.10,
 139.928288,   34.940090,        3.02,
 139.932793,   34.940090,        2.95,
 139.937297,   34.940090,        2.87,
 139.941802,   34.940090,        2.80,
 139.946306,   34.940090,        2.73,
 139.950811,   34.940090,        2.68,
 139.955315,   34.940090,        2.65,
 139.959820,   34.940090,        2.61,
 139.964324,   34.940090,        2.55,
 139.968829,   34.940090,        2.47,
 139.973333,   34.940090,        2.38,
 139.977838,   34.940090,        2.30,
 139.982342,   34.940090,        2.22,
 139.986847,   34.940090,        2.15,
 139.991351,   34.940090,        2.07,
 139.995856,   34.940090,        1.99,
 140.000360,   34.940090,        1.92,
 140.004865,   34.940090,        1.85,
 140.009369,   34.940090,        1.79,
 140.013874,   34.940090,        1.75,
 140.018378,   34.940090,        1.72,
 140.022883,   34.940090,        1.69,
 140.027387,   34.940090,        1.68,
 140.031892,   34.940090,        1.68,
 140.036396,   34.940090,        1.68,
 140.040901,   34.940090,        1.66,
 140.045405,   34.940090,        1.64,
 140.049910,   34.940090,        1.61,
 140.054414,   34.940090,        1.58,
 140.058919,   34.940090,        1.55,
 140.063423,   34.940090,        1.48,
 140.067928,   34.940090,        1.41,
 140.072432,   34.940090,        1.33,
 140.076937,   34.940090,        1.27,
 140.081441,   34.940090,        1.20,
 140.085946,   34.940090,        1.13,
 140.090450,   34.940090,        1.06,
 140.094955,   34.940090,        1.00,
 140.099459,   34.940090,        0.93,
 140.103964,   34.940090,        0.87,
 140.108468,   34.940090,        0.82,
 140.112973,   34.940090,        0.76,
 140.117477,   34.940090,        0.71,
 140.121982,   34.940090,        0.68,
 140.126486,   34.940090,        0.65,
 140.130991,   34.940090,        0.63,
 140.135495,   34.940090,        0.61,
 140.140000,   34.940090,        0.59,
 140.144505,   34.940090,        0.57,
 140.149009,   34.940090,        0.51,
 140.153514,   34.940090,        0.45,
 140.158018,   34.940090,        0.39,
 140.162523,   34.940090,        0.33,
 140.167027,   34.940090,        0.27,
 140.171532,   34.940090,        0.22,
 140.176036,   34.940090,        0.18,
 140.180541,   34.940090,        0.19,
 140.185045,   34.940090,        0.22,
 140.189550,   34.940090,        0.27,
 140.194054,   34.940090,        0.32,
 140.198559,   34.940090,        0.36,
 140.203063,   34.940090,        0.40,
 140.207568,   34.940090,        0.44,
 140.212072,   34.940090,        0.47,
 140.216577,   34.940090,        0.49,
 140.221081,   34.940090,        0.48,
 140.225586,   34.940090,        0.44,
 140.230090,   34.940090,        0.40,
 140.234595,   34.940090,        0.35,
 140.239099,   34.940090,        0.30,
 140.243604,   34.940090,        0.26,
 140.248108,   34.940090,        0.21,
 140.252613,   34.940090,        0.17,
 140.257117,   34.940090,        0.13,
 140.261622,   34.940090,        0.09,
 140.266126,   34.940090,        0.06,
 140.270631,   34.940090,        0.02,
 140.275135,   34.940090,       -0.01,
 140.279640,   34.940090,       -0.04,
 140.284144,   34.940090,       -0.05,
 140.288649,   34.940090,       -0.07,
 140.293153,   34.940090,       -0.08,
 140.297658,   34.940090,       -0.10,
 140.302162,   34.940090,       -0.11,
 140.306667,   34.940090,       -0.13,
 140.311171,   34.940090,       -0.14,
 140.315676,   34.940090,       -0.16,
 140.320180,   34.940090,       -0.18,
 140.324685,   34.940090,       -0.20,
 140.329189,   34.940090,       -0.22,
 140.333694,   34.940090,       -0.23,
 140.338198,   34.940090,       -0.23,
 140.342703,   34.940090,       -0.25,
 140.347207,   34.940090,       -0.27,
 140.351712,   34.940090,       -0.29,
 140.356216,   34.940090,       -0.31,
 140.360721,   34.940090,       -0.34,
 140.365225,   34.940090,       -0.36,
 140.369730,   34.940090,       -0.39,
 140.374234,   34.940090,       -0.41,
 140.378739,   34.940090,       -0.44,
 140.383243,   34.940090,       -0.46,
 140.387748,   34.940090,       -0.49,
 139.140000,   34.944595,        0.98,
 139.144505,   34.944595,        1.23,
 139.149009,   34.944595,        1.40,
 139.153514,   34.944595,        1.44,
 139.158018,   34.944595,        1.48,
 139.162523,   34.944595,        1.44,
 139.167027,   34.944595,        1.29,
 139.171532,   34.944595,        1.16,
 139.176036,   34.944595,        1.03,
 139.180541,   34.944595,        0.91,
 139.185045,   34.944595,        0.79,
 139.189550,   34.944595,        0.68,
 139.194054,   34.944595,        0.58,
 139.198559,   34.944595,        0.48,
 139.203063,   34.944595,        0.39,
 139.207568,   34.944595,        0.31,
 139.212072,   34.944595,        0.23,
 139.216577,   34.944595,        0.16,
 139.221081,   34.944595,        0.10,
 139.225586,   34.944595,        0.04,
 139.230090,   34.944595,       -0.01,
 139.234595,   34.944595,       -0.06,
 139.239099,   34.944595,       -0.09,
 139.243604,   34.944595,       -0.12,
 139.248108,   34.944595,       -0.15,
 139.252613,   34.944595,       -0.17,
 139.257117,   34.944595,       -0.11,
 139.261622,   34.944595,       -0.04,
 139.266126,   34.944595,        0.00,
 139.270631,   34.944595,        0.00,
 139.275135,   34.944595,        0.00,
 139.279640,   34.944595,        0.00,
 139.284144,   34.944595,        0.00,
 139.288649,   34.944595,        0.00,
 139.293153,   34.944595,        0.00,
 139.297658,   34.944595,        0.00,
 139.302162,   34.944595,        0.00,
 139.306667,   34.944595,        0.00,
 139.311171,   34.944595,        0.00,
 139.315676,   34.944595,        0.00,
 139.320180,   34.944595,        0.00,
 139.324685,   34.944595,        0.00,
 139.329189,   34.944595,        0.00,
 139.333694,   34.944595,        0.00,
 139.338198,   34.944595,        0.06,
 139.342703,   34.944595,        0.14,
 139.347207,   34.944595,        0.20,
 139.351712,   34.944595,        0.24,
 139.356216,   34.944595,        0.27,
 139.360721,   34.944595,        0.28,
 139.365225,   34.944595,        0.28,
 139.369730,   34.944595,        0.28,
 139.374234,   34.944595,        0.26,
 139.378739,   34.944595,        0.25,
 139.383243,   34.944595,        0.27,
 139.387748,   34.944595,        0.33,
 139.392252,   34.944595,        0.43,
 139.396757,   34.944595,        0.55,
 139.401261,   34.944595,        0.66,
 139.405766,   34.944595,        0.76,
 139.410270,   34.944595,        0.85,
 139.414775,   34.944595,        0.94,
 139.419279,   34.944595,        1.01,
 139.423784,   34.944595,        1.08,
 139.428288,   34.944595,        1.14,
 139.432793,   34.944595,        1.18,
 139.437297,   34.944595,        1.22,
 139.441802,   34.944595,        1.23,
 139.446306,   34.944595,        1.21,
 139.450811,   34.944595,        1.18,
 139.455315,   34.944595,        1.16,
 139.459820,   34.944595,        1.14,
 139.464324,   34.944595,        1.11,
 139.468829,   34.944595,        1.09,
 139.473333,   34.944595,        1.07,
 139.477838,   34.944595,        1.05,
 139.482342,   34.944595,        1.03,
 139.486847,   34.944595,        1.01,
 139.491351,   34.944595,        1.00,
 139.495856,   34.944595,        1.00,
 139.500360,   34.944595,        1.00,
 139.504865,   34.944595,        0.99,
 139.509369,   34.944595,        0.99,
 139.513874,   34.944595,        0.98,
 139.518378,   34.944595,        0.98,
 139.522883,   34.944595,        0.98,
 139.527387,   34.944595,        0.99,
 139.531892,   34.944595,        0.99,
 139.536396,   34.944595,        0.99,
 139.540901,   34.944595,        1.00,
 139.545405,   34.944595,        1.01,
 139.549910,   34.944595,        1.03,
 139.554414,   34.944595,        1.04,
 139.558919,   34.944595,        1.06,
 139.563423,   34.944595,        1.08,
 139.567928,   34.944595,        1.11,
 139.572432,   34.944595,        1.13,
 139.576937,   34.944595,        1.16,
 139.581441,   34.944595,        1.19,
 139.585946,   34.944595,        1.22,
 139.590450,   34.944595,        1.25,
 139.594955,   34.944595,        1.29,
 139.599459,   34.944595,        1.33,
 139.603964,   34.944595,        1.37,
 139.608468,   34.944595,        1.41,
 139.612973,   34.944595,        1.45,
 139.617477,   34.944595,        1.48,
 139.621982,   34.944595,        1.51,
 139.626486,   34.944595,        1.54,
 139.630991,   34.944595,        1.57,
 139.635495,   34.944595,        1.59,
 139.640000,   34.944595,        1.62,
 139.644505,   34.944595,        1.64,
 139.649009,   34.944595,        1.67,
 139.653514,   34.944595,        1.70,
 139.658018,   34.944595,        1.74,
 139.662523,   34.944595,        1.80,
 139.667027,   34.944595,        1.86,
 139.671532,   34.944595,        1.91,
 139.676036,   34.944595,        1.95,
 139.680541,   34.944595,        2.00,
 139.685045,   34.944595,        2.06,
 139.689550,   34.944595,        2.09,
 139.694054,   34.944595,        2.12,
 139.698559,   34.944595,        2.16,
 139.703063,   34.944595,        2.16,
 139.707568,   34.944595,        2.16,
 139.712072,   34.944595,        2.15,
 139.716577,   34.944595,        2.07,
 139.721081,   34.944595,        2.00,
 139.725586,   34.944595,        1.93,
 139.730090,   34.944595,        1.85,
 139.734595,   34.944595,        1.77,
 139.739099,   34.944595,        1.72,
 139.743604,   34.944595,        1.67,
 139.748108,   34.944595,        1.62,
 139.752613,   34.944595,        1.59,
 139.757117,   34.944595,        1.56,
 139.761622,   34.944595,        1.53,
 139.766126,   34.944595,        1.56,
 139.770631,   34.944595,        1.62,
 139.775135,   34.944595,        1.68,
 139.779640,   34.944595,        1.76,
 139.784144,   34.944595,        1.85,
 139.788649,   34.944595,        1.93,
 139.793153,   34.944595,        1.98,
 139.797658,   34.944595,        2.06,
 139.802162,   34.944595,        2.09,
 139.806667,   34.944595,        2.08,
 139.811171,   34.944595,        2.08,
 139.815676,   34.944595,        2.13,
 139.820180,   34.944595,        2.26,
 139.824685,   34.944595,        2.45,
 139.829189,   34.944595,        2.64,
 139.833694,   34.944595,        2.82,
 139.838198,   34.944595,        3.01,
 139.842703,   34.944595,        3.18,
 139.847207,   34.944595,        3.33,
 139.851712,   34.944595,        3.46,
 139.856216,   34.944595,        3.56,
 139.860721,   34.944595,        3.62,
 139.865225,   34.944595,        3.67,
 139.869730,   34.944595,        3.69,
 139.874234,   34.944595,        3.70,
 139.878739,   34.944595,        3.70,
 139.883243,   34.944595,        3.69,
 139.887748,   34.944595,        3.66,
 139.892252,   34.944595,        3.62,
 139.896757,   34.944595,        3.58,
 139.901261,   34.944595,        3.52,
 139.905766,   34.944595,        3.46,
 139.910270,   34.944595,        3.39,
 139.914775,   34.944595,        3.31,
 139.919279,   34.944595,        3.24,
 139.923784,   34.944595,        3.16,
 139.928288,   34.944595,        3.08,
 139.932793,   34.944595,        3.00,
 139.937297,   34.944595,        2.92,
 139.941802,   34.944595,        2.84,
 139.946306,   34.944595,        2.76,
 139.950811,   34.944595,        2.69,
 139.955315,   34.944595,        2.64,
 139.959820,   34.944595,        2.62,
 139.964324,   34.944595,        2.56,
 139.968829,   34.944595,        2.47,
 139.973333,   34.944595,        2.38,
 139.977838,   34.944595,        2.29,
 139.982342,   34.944595,        2.23,
 139.986847,   34.944595,        2.15,
 139.991351,   34.944595,        2.07,
 139.995856,   34.944595,        2.00,
 140.000360,   34.944595,        1.92,
 140.004865,   34.944595,        1.85,
 140.009369,   34.944595,        1.79,
 140.013874,   34.944595,        1.75,
 140.018378,   34.944595,        1.72,
 140.022883,   34.944595,        1.69,
 140.027387,   34.944595,        1.69,
 140.031892,   34.944595,        1.69,
 140.036396,   34.944595,        1.68,
 140.040901,   34.944595,        1.68,
 140.045405,   34.944595,        1.67,
 140.049910,   34.944595,        1.65,
 140.054414,   34.944595,        1.61,
 140.058919,   34.944595,        1.58,
 140.063423,   34.944595,        1.53,
 140.067928,   34.944595,        1.46,
 140.072432,   34.944595,        1.39,
 140.076937,   34.944595,        1.32,
 140.081441,   34.944595,        1.26,
 140.085946,   34.944595,        1.20,
 140.090450,   34.944595,        1.13,
 140.094955,   34.944595,        1.06,
 140.099459,   34.944595,        1.00,
 140.103964,   34.944595,        0.94,
 140.108468,   34.944595,        0.88,
 140.112973,   34.944595,        0.82,
 140.117477,   34.944595,        0.77,
 140.121982,   34.944595,        0.73,
 140.126486,   34.944595,        0.70,
 140.130991,   34.944595,        0.68,
 140.135495,   34.944595,        0.65,
 140.140000,   34.944595,        0.63,
 140.144505,   34.944595,        0.60,
 140.149009,   34.944595,        0.54,
 140.153514,   34.944595,        0.46,
 140.158018,   34.944595,        0.38,
 140.162523,   34.944595,        0.31,
 140.167027,   34.944595,        0.24,
 140.171532,   34.944595,        0.17,
 140.176036,   34.944595,        0.12,
 140.180541,   34.944595,        0.13,
 140.185045,   34.944595,        0.18,
 140.189550,   34.944595,        0.24,
 140.194054,   34.944595,        0.29,
 140.198559,   34.944595,        0.35,
 140.203063,   34.944595,        0.39,
 140.207568,   34.944595,        0.44,
 140.212072,   34.944595,        0.48,
 140.216577,   34.944595,        0.51,
 140.221081,   34.944595,        0.49,
 140.225586,   34.944595,        0.44,
 140.230090,   34.944595,        0.39,
 140.234595,   34.944595,        0.34,
 140.239099,   34.944595,        0.29,
 140.243604,   34.944595,        0.24,
 140.248108,   34.944595,        0.20,
 140.252613,   34.944595,        0.16,
 140.257117,   34.944595,        0.12,
 140.261622,   34.944595,        0.08,
 140.266126,   34.944595,        0.05,
 140.270631,   34.944595,        0.01,
 140.275135,   34.944595,       -0.01,
 140.279640,   34.944595,       -0.03,
 140.284144,   34.944595,       -0.04,
 140.288649,   34.944595,       -0.06,
 140.293153,   34.944595,       -0.07,
 140.297658,   34.944595,       -0.09,
 140.302162,   34.944595,       -0.10,
 140.306667,   34.944595,       -0.12,
 140.311171,   34.944595,       -0.13,
 140.315676,   34.944595,       -0.15,
 140.320180,   34.944595,       -0.17,
 140.324685,   34.944595,       -0.19,
 140.329189,   34.944595,       -0.19,
 140.333694,   34.944595,       -0.20,
 140.338198,   34.944595,       -0.22,
 140.342703,   34.944595,       -0.24,
 140.347207,   34.944595,       -0.27,
 140.351712,   34.944595,       -0.29,
 140.356216,   34.944595,       -0.31,
 140.360721,   34.944595,       -0.33,
 140.365225,   34.944595,       -0.36,
 140.369730,   34.944595,       -0.38,
 140.374234,   34.944595,       -0.41,
 140.378739,   34.944595,       -0.44,
 140.383243,   34.944595,       -0.46,
 140.387748,   34.944595,       -0.49,
 139.140000,   34.949099,        0.63,
 139.144505,   34.949099,        0.89,
 139.149009,   34.949099,        1.13,
 139.153514,   34.949099,        1.37,
 139.158018,   34.949099,        1.43,
 139.162523,   34.949099,        1.47,
 139.167027,   34.949099,        1.47,
 139.171532,   34.949099,        1.33,
 139.176036,   34.949099,        1.20,
 139.180541,   34.949099,        1.07,
 139.185045,   34.949099,        0.96,
 139.189550,   34.949099,        0.84,
 139.194054,   34.949099,        0.74,
 139.198559,   34.949099,        0.64,
 139.203063,   34.949099,        0.55,
 139.207568,   34.949099,        0.47,
 139.212072,   34.949099,        0.39,
 139.216577,   34.949099,        0.32,
 139.221081,   34.949099,        0.25,
 139.225586,   34.949099,        0.19,
 139.230090,   34.949099,        0.14,
 139.234595,   34.949099,        0.10,
 139.239099,   34.949099,        0.06,
 139.243604,   34.949099,        0.03,
 139.248108,   34.949099,        0.00,
 139.252613,   34.949099,       -0.02,
 139.257117,   34.949099,       -0.03,
 139.261622,   34.949099,        0.00,
 139.266126,   34.949099,        0.01,
 139.270631,   34.949099,        0.02,
 139.275135,   34.949099,        0.02,
 139.279640,   34.949099,        0.01,
 139.284144,   34.949099,        0.00,
 139.288649,   34.949099,        0.00,
 139.293153,   34.949099,        0.00,
 139.297658,   34.949099,        0.00,
 139.302162,   34.949099,        0.00,
 139.306667,   34.949099,        0.00,
 139.311171,   34.949099,        0.00,
 139.315676,   34.949099,        0.00,
 139.320180,   34.949099,        0.00,
 139.324685,   34.949099,        0.02,
 139.329189,   34.949099,        0.04,
 139.333694,   34.949099,        0.11,
 139.338198,   34.949099,        0.21,
 139.342703,   34.949099,        0.30,
 139.347207,   34.949099,        0.36,
 139.351712,   34.949099,        0.41,
 139.356216,   34.949099,        0.45,
 139.360721,   34.949099,        0.47,
 139.365225,   34.949099,        0.48,
 139.369730,   34.949099,        0.48,
 139.374234,   34.949099,        0.48,
 139.378739,   34.949099,        0.49,
 139.383243,   34.949099,        0.50,
 139.387748,   34.949099,        0.53,
 139.392252,   34.949099,        0.59,
 139.396757,   34.949099,        0.68,
 139.401261,   34.949099,        0.78,
 139.405766,   34.949099,        0.87,
 139.410270,   34.949099,        0.96,
 139.414775,   34.949099,        1.04,
 139.419279,   34.949099,        1.11,
 139.423784,   34.949099,        1.17,
 139.428288,   34.949099,        1.21,
 139.432793,   34.949099,        1.25,
 139.437297,   34.949099,        1.28,
 139.441802,   34.949099,        1.28,
 139.446306,   34.949099,        1.26,
 139.450811,   34.949099,        1.24,
 139.455315,   34.949099,        1.21,
 139.459820,   34.949099,        1.19,
 139.464324,   34.949099,        1.16,
 139.468829,   34.949099,        1.14,
 139.473333,   34.949099,        1.11,
 139.477838,   34.949099,        1.09,
 139.482342,   34.949099,        1.07,
 139.486847,   34.949099,        1.06,
 139.491351,   34.949099,        1.05,
 139.495856,   34.949099,        1.04,
 139.500360,   34.949099,        1.04,
 139.504865,   34.949099,        1.03,
 139.509369,   34.949099,        1.03,
 139.513874,   34.949099,        1.02,
 139.518378,   34.949099,        1.02,
 139.522883,   34.949099,        1.02,
 139.527387,   34.949099,        1.02,
 139.531892,   34.949099,        1.03,
 139.536396,   34.949099,        1.03,
 139.540901,   34.949099,        1.03,
 139.545405,   34.949099,        1.05,
 139.549910,   34.949099,        1.07,
 139.554414,   34.949099,        1.09,
 139.558919,   34.949099,        1.12,
 139.563423,   34.949099,        1.14,
 139.567928,   34.949099,        1.17,
 139.572432,   34.949099,        1.20,
 139.576937,   34.949099,        1.22,
 139.581441,   34.949099,        1.26,
 139.585946,   34.949099,        1.30,
 139.590450,   34.949099,        1.34,
 139.594955,   34.949099,        1.38,
 139.599459,   34.949099,        1.42,
 139.603964,   34.949099,        1.46,
 139.608468,   34.949099,        1.50,
 139.612973,   34.949099,        1.54,
 139.617477,   34.949099,        1.57,
 139.621982,   34.949099,        1.59,
 139.626486,   34.949099,        1.62,
 139.630991,   34.949099,        1.64,
 139.635495,   34.949099,        1.66,
 139.640000,   34.949099,        1.66,
 139.644505,   34.949099,        1.67,
 139.649009,   34.949099,        1.70,
 139.653514,   34.949099,        1.73,
 139.658018,   34.949099,        1.78,
 139.662523,   34.949099,        1.83,
 139.667027,   34.949099,        1.88,
 139.671532,   34.949099,        1.91,
 139.676036,   34.949099,        1.95,
 139.680541,   34.949099,        2.00,
 139.685045,   34.949099,        2.06,
 139.689550,   34.949099,        2.09,
 139.694054,   34.949099,        2.11,
 139.698559,   34.949099,        2.13,
 139.703063,   34.949099,        2.13,
 139.707568,   34.949099,        2.13,
 139.712072,   34.949099,        2.08,
 139.716577,   34.949099,        2.01,
 139.721081,   34.949099,        1.94,
 139.725586,   34.949099,        1.86,
 139.730090,   34.949099,        1.79,
 139.734595,   34.949099,        1.72,
 139.739099,   34.949099,        1.68,
 139.743604,   34.949099,        1.64,
 139.748108,   34.949099,        1.61,
 139.752613,   34.949099,        1.59,
 139.757117,   34.949099,        1.57,
 139.761622,   34.949099,        1.58,
 139.766126,   34.949099,        1.62,
 139.770631,   34.949099,        1.68,
 139.775135,   34.949099,        1.73,
 139.779640,   34.949099,        1.81,
 139.784144,   34.949099,        1.89,
 139.788649,   34.949099,        1.98,
 139.793153,   34.949099,        2.06,
 139.797658,   34.949099,        2.11,
 139.802162,   34.949099,        2.12,
 139.806667,   34.949099,        2.16,
 139.811171,   34.949099,        2.22,
 139.815676,   34.949099,        2.33,
 139.820180,   34.949099,        2.46,
 139.824685,   34.949099,        2.63,
 139.829189,   34.949099,        2.81,
 139.833694,   34.949099,        2.99,
 139.838198,   34.949099,        3.17,
 139.842703,   34.949099,        3.34,
 139.847207,   34.949099,        3.48,
 139.851712,   34.949099,        3.61,
 139.856216,   34.949099,        3.69,
 139.860721,   34.949099,        3.75,
 139.865225,   34.949099,        3.79,
 139.869730,   34.949099,        3.81,
 139.874234,   34.949099,        3.82,
 139.878739,   34.949099,        3.81,
 139.883243,   34.949099,        3.79,
 139.887748,   34.949099,        3.76,
 139.892252,   34.949099,        3.72,
 139.896757,   34.949099,        3.67,
 139.901261,   34.949099,        3.61,
 139.905766,   34.949099,        3.54,
 139.910270,   34.949099,        3.46,
 139.914775,   34.949099,        3.39,
 139.919279,   34.949099,        3.31,
 139.923784,   34.949099,        3.23,
 139.928288,   34.949099,        3.14,
 139.932793,   34.949099,        3.06,
 139.937297,   34.949099,        2.97,
 139.941802,   34.949099,        2.88,
 139.946306,   34.949099,        2.80,
 139.950811,   34.949099,        2.72,
 139.955315,   34.949099,        2.65,
 139.959820,   34.949099,        2.61,
 139.964324,   34.949099,        2.56,
 139.968829,   34.949099,        2.46,
 139.973333,   34.949099,        2.37,
 139.977838,   34.949099,        2.30,
 139.982342,   34.949099,        2.24,
 139.986847,   34.949099,        2.16,
 139.991351,   34.949099,        2.08,
 139.995856,   34.949099,        2.01,
 140.000360,   34.949099,        1.93,
 140.004865,   34.949099,        1.85,
 140.009369,   34.949099,        1.79,
 140.013874,   34.949099,        1.75,
 140.018378,   34.949099,        1.72,
 140.022883,   34.949099,        1.69,
 140.027387,   34.949099,        1.68,
 140.031892,   34.949099,        1.68,
 140.036396,   34.949099,        1.68,
 140.040901,   34.949099,        1.68,
 140.045405,   34.949099,        1.67,
 140.049910,   34.949099,        1.66,
 140.054414,   34.949099,        1.63,
 140.058919,   34.949099,        1.61,
 140.063423,   34.949099,        1.57,
 140.067928,   34.949099,        1.51,
 140.072432,   34.949099,        1.44,
 140.076937,   34.949099,        1.38,
 140.081441,   34.949099,        1.32,
 140.085946,   34.949099,        1.26,
 140.090450,   34.949099,        1.20,
 140.094955,   34.949099,        1.13,
 140.099459,   34.949099,        1.07,
 140.103964,   34.949099,        1.00,
 140.108468,   34.949099,        0.94,
 140.112973,   34.949099,        0.88,
 140.117477,   34.949099,        0.82,
 140.121982,   34.949099,        0.78,
 140.126486,   34.949099,        0.75,
 140.130991,   34.949099,        0.72,
 140.135495,   34.949099,        0.70,
 140.140000,   34.949099,        0.67,
 140.144505,   34.949099,        0.64,
 140.149009,   34.949099,        0.58,
 140.153514,   34.949099,        0.49,
 140.158018,   34.949099,        0.40,
 140.162523,   34.949099,        0.31,
 140.167027,   34.949099,        0.23,
 140.171532,   34.949099,        0.14,
 140.176036,   34.949099,        0.06,
 140.180541,   34.949099,        0.08,
 140.185045,   34.949099,        0.15,
 140.189550,   34.949099,        0.22,
 140.194054,   34.949099,        0.28,
 140.198559,   34.949099,        0.33,
 140.203063,   34.949099,        0.39,
 140.207568,   34.949099,        0.43,
 140.212072,   34.949099,        0.48,
 140.216577,   34.949099,        0.51,
 140.221081,   34.949099,        0.48,
 140.225586,   34.949099,        0.42,
 140.230090,   34.949099,        0.37,
 140.234595,   34.949099,        0.32,
 140.239099,   34.949099,        0.27,
 140.243604,   34.949099,        0.23,
 140.248108,   34.949099,        0.19,
 140.252613,   34.949099,        0.14,
 140.257117,   34.949099,        0.11,
 140.261622,   34.949099,        0.07,
 140.266126,   34.949099,        0.03,
 140.270631,   34.949099,        0.01,
 140.275135,   34.949099,       -0.00,
 140.279640,   34.949099,       -0.02,
 140.284144,   34.949099,       -0.03,
 140.288649,   34.949099,       -0.04,
 140.293153,   34.949099,       -0.06,
 140.297658,   34.949099,       -0.07,
 140.302162,   34.949099,       -0.09,
 140.306667,   34.949099,       -0.11,
 140.311171,   34.949099,       -0.12,
 140.315676,   34.949099,       -0.14,
 140.320180,   34.949099,       -0.16,
 140.324685,   34.949099,       -0.16,
 140.329189,   34.949099,       -0.18,
 140.333694,   34.949099,       -0.20,
 140.338198,   34.949099,       -0.22,
 140.342703,   34.949099,       -0.24,
 140.347207,   34.949099,       -0.26,
 140.351712,   34.949099,       -0.28,
 140.356216,   34.949099,       -0.31,
 140.360721,   34.949099,       -0.33,
 140.365225,   34.949099,       -0.35,
 140.369730,   34.949099,       -0.38,
 140.374234,   34.949099,       -0.40,
 140.378739,   34.949099,       -0.43,
 140.383243,   34.949099,       -0.46,
 140.387748,   34.949099,       -0.49,
 139.140000,   34.953604,        0.29,
 139.144505,   34.953604,        0.55,
 139.149009,   34.953604,        0.80,
 139.153514,   34.953604,        1.04,
 139.158018,   34.953604,        1.27,
 139.162523,   34.953604,        1.42,
 139.167027,   34.953604,        1.45,
 139.171532,   34.953604,        1.49,
 139.176036,   34.953604,        1.36,
 139.180541,   34.953604,        1.23,
 139.185045,   34.953604,        1.12,
 139.189550,   34.953604,        1.00,
 139.194054,   34.953604,        0.90,
 139.198559,   34.953604,        0.80,
 139.203063,   34.953604,        0.71,
 139.207568,   34.953604,        0.62,
 139.212072,   34.953604,        0.54,
 139.216577,   34.953604,        0.47,
 139.221081,   34.953604,        0.40,
 139.225586,   34.953604,        0.34,
 139.230090,   34.953604,        0.29,
 139.234595,   34.953604,        0.24,
 139.239099,   34.953604,        0.20,
 139.243604,   34.953604,        0.17,
 139.248108,   34.953604,        0.14,
 139.252613,   34.953604,        0.12,
 139.257117,   34.953604,        0.12,
 139.261622,   34.953604,        0.10,
 139.266126,   34.953604,        0.09,
 139.270631,   34.953604,        0.08,
 139.275135,   34.953604,        0.07,
 139.279640,   34.953604,        0.05,
 139.284144,   34.953604,        0.03,
 139.288649,   34.953604,        0.01,
 139.293153,   34.953604,        0.00,
 139.297658,   34.953604,        0.00,
 139.302162,   34.953604,        0.00,
 139.306667,   34.953604,        0.00,
 139.311171,   34.953604,        0.00,
 139.315676,   34.953604,        0.03,
 139.320180,   34.953604,        0.07,
 139.324685,   34.953604,        0.13,
 139.329189,   34.953604,        0.21,
 139.333694,   34.953604,        0.33,
 139.338198,   34.953604,        0.42,
 139.342703,   34.953604,        0.50,
 139.347207,   34.953604,        0.57,
 139.351712,   34.953604,        0.62,
 139.356216,   34.953604,        0.65,
 139.360721,   34.953604,        0.68,
 139.365225,   34.953604,        0.69,
 139.369730,   34.953604,        0.71,
 139.374234,   34.953604,        0.72,
 139.378739,   34.953604,        0.73,
 139.383243,   34.953604,        0.74,
 139.387748,   34.953604,        0.76,
 139.392252,   34.953604,        0.79,
 139.396757,   34.953604,        0.84,
 139.401261,   34.953604,        0.92,
 139.405766,   34.953604,        1.00,
 139.410270,   34.953604,        1.08,
 139.414775,   34.953604,        1.16,
 139.419279,   34.953604,        1.22,
 139.423784,   34.953604,        1.27,
 139.428288,   34.953604,        1.31,
 139.432793,   34.953604,        1.34,
 139.437297,   34.953604,        1.36,
 139.441802,   34.953604,        1.34,
 139.446306,   34.953604,        1.32,
 139.450811,   34.953604,        1.30,
 139.455315,   34.953604,        1.27,
 139.459820,   34.953604,        1.25,
 139.464324,   34.953604,        1.22,
 139.468829,   34.953604,        1.19,
 139.473333,   34.953604,        1.16,
 139.477838,   34.953604,        1.14,
 139.482342,   34.953604,        1.11,
 139.486847,   34.953604,        1.10,
 139.491351,   34.953604,        1.09,
 139.495856,   34.953604,        1.08,
 139.500360,   34.953604,        1.08,
 139.504865,   34.953604,        1.07,
 139.509369,   34.953604,        1.07,
 139.513874,   34.953604,        1.07,
 139.518378,   34.953604,        1.06,
 139.522883,   34.953604,        1.06,
 139.527387,   34.953604,        1.06,
 139.531892,   34.953604,        1.07,
 139.536396,   34.953604,        1.07,
 139.540901,   34.953604,        1.08,
 139.545405,   34.953604,        1.10,
 139.549910,   34.953604,        1.13,
 139.554414,   34.953604,        1.16,
 139.558919,   34.953604,        1.18,
 139.563423,   34.953604,        1.21,
 139.567928,   34.953604,        1.24,
 139.572432,   34.953604,        1.27,
 139.576937,   34.953604,        1.29,
 139.581441,   34.953604,        1.34,
 139.585946,   34.953604,        1.38,
 139.590450,   34.953604,        1.42,
 139.594955,   34.953604,        1.46,
 139.599459,   34.953604,        1.50,
 139.603964,   34.953604,        1.55,
 139.608468,   34.953604,        1.59,
 139.612973,   34.953604,        1.63,
 139.617477,   34.953604,        1.65,
 139.621982,   34.953604,        1.68,
 139.626486,   34.953604,        1.70,
 139.630991,   34.953604,        1.71,
 139.635495,   34.953604,        1.70,
 139.640000,   34.953604,        1.69,
 139.644505,   34.953604,        1.69,
 139.649009,   34.953604,        1.72,
 139.653514,   34.953604,        1.75,
 139.658018,   34.953604,        1.79,
 139.662523,   34.953604,        1.83,
 139.667027,   34.953604,        1.85,
 139.671532,   34.953604,        1.88,
 139.676036,   34.953604,        1.92,
 139.680541,   34.953604,        1.96,
 139.685045,   34.953604,        2.01,
 139.689550,   34.953604,        2.05,
 139.694054,   34.953604,        2.08,
 139.698559,   34.953604,        2.10,
 139.703063,   34.953604,        2.09,
 139.707568,   34.953604,        2.07,
 139.712072,   34.953604,        2.01,
 139.716577,   34.953604,        1.94,
 139.721081,   34.953604,        1.88,
 139.725586,   34.953604,        1.80,
 139.730090,   34.953604,        1.73,
 139.734595,   34.953604,        1.70,
 139.739099,   34.953604,        1.66,
 139.743604,   34.953604,        1.62,
 139.748108,   34.953604,        1.62,
 139.752613,   34.953604,        1.61,
 139.757117,   34.953604,        1.60,
 139.761622,   34.953604,        1.64,
 139.766126,   34.953604,        1.68,
 139.770631,   34.953604,        1.72,
 139.775135,   34.953604,        1.76,
 139.779640,   34.953604,        1.83,
 139.784144,   34.953604,        1.91,
 139.788649,   34.953604,        2.00,
 139.793153,   34.953604,        2.10,
 139.797658,   34.953604,        2.20,
 139.802162,   34.953604,        2.30,
 139.806667,   34.953604,        2.37,
 139.811171,   34.953604,        2.45,
 139.815676,   34.953604,        2.54,
 139.820180,   34.953604,        2.67,
 139.824685,   34.953604,        2.82,
 139.829189,   34.953604,        2.99,
 139.833694,   34.953604,        3.16,
 139.838198,   34.953604,        3.33,
 139.842703,   34.953604,        3.50,
 139.847207,   34.953604,        3.64,
 139.851712,   34.953604,        3.76,
 139.856216,   34.953604,        3.84,
 139.860721,   34.953604,        3.89,
 139.865225,   34.953604,        3.93,
 139.869730,   34.953604,        3.94,
 139.874234,   34.953604,        3.94,
 139.878739,   34.953604,        3.93,
 139.883243,   34.953604,        3.90,
 139.887748,   34.953604,        3.86,
 139.892252,   34.953604,        3.82,
 139.896757,   34.953604,        3.76,
 139.901261,   34.953604,        3.70,
 139.905766,   34.953604,        3.62,
 139.910270,   34.953604,        3.54,
 139.914775,   34.953604,        3.46,
 139.919279,   34.953604,        3.38,
 139.923784,   34.953604,        3.29,
 139.928288,   34.953604,        3.20,
 139.932793,   34.953604,        3.11,
 139.937297,   34.953604,        3.02,
 139.941802,   34.953604,        2.93,
 139.946306,   34.953604,        2.84,
 139.950811,   34.953604,        2.75,
 139.955315,   34.953604,        2.66,
 139.959820,   34.953604,        2.60,
 139.964324,   34.953604,        2.54,
 139.968829,   34.953604,        2.45,
 139.973333,   34.953604,        2.37,
 139.977838,   34.953604,        2.31,
 139.982342,   34.953604,        2.24,
 139.986847,   34.953604,        2.17,
 139.991351,   34.953604,        2.10,
 139.995856,   34.953604,        2.02,
 140.000360,   34.953604,        1.94,
 140.004865,   34.953604,        1.86,
 140.009369,   34.953604,        1.80,
 140.013874,   34.953604,        1.75,
 140.018378,   34.953604,        1.71,
 140.022883,   34.953604,        1.69,
 140.027387,   34.953604,        1.68,
 140.031892,   34.953604,        1.68,
 140.036396,   34.953604,        1.68,
 140.040901,   34.953604,        1.68,
 140.045405,   34.953604,        1.68,
 140.049910,   34.953604,        1.67,
 140.054414,   34.953604,        1.65,
 140.058919,   34.953604,        1.63,
 140.063423,   34.953604,        1.60,
 140.067928,   34.953604,        1.55,
 140.072432,   34.953604,        1.50,
 140.076937,   34.953604,        1.44,
 140.081441,   34.953604,        1.38,
 140.085946,   34.953604,        1.32,
 140.090450,   34.953604,        1.26,
 140.094955,   34.953604,        1.20,
 140.099459,   34.953604,        1.13,
 140.103964,   34.953604,        1.06,
 140.108468,   34.953604,        1.00,
 140.112973,   34.953604,        0.94,
 140.117477,   34.953604,        0.88,
 140.121982,   34.953604,        0.82,
 140.126486,   34.953604,        0.79,
 140.130991,   34.953604,        0.76,
 140.135495,   34.953604,        0.73,
 140.140000,   34.953604,        0.71,
 140.144505,   34.953604,        0.67,
 140.149009,   34.953604,        0.62,
 140.153514,   34.953604,        0.53,
 140.158018,   34.953604,        0.44,
 140.162523,   34.953604,        0.34,
 140.167027,   34.953604,        0.25,
 140.171532,   34.953604,        0.14,
 140.176036,   34.953604,        0.04,
 140.180541,   34.953604,        0.07,
 140.185045,   34.953604,        0.14,
 140.189550,   34.953604,        0.21,
 140.194054,   34.953604,        0.27,
 140.198559,   34.953604,        0.33,
 140.203063,   34.953604,        0.39,
 140.207568,   34.953604,        0.44,
 140.212072,   34.953604,        0.47,
 140.216577,   34.953604,        0.48,
 140.221081,   34.953604,        0.45,
 140.225586,   34.953604,        0.40,
 140.230090,   34.953604,        0.35,
 140.234595,   34.953604,        0.30,
 140.239099,   34.953604,        0.25,
 140.243604,   34.953604,        0.21,
 140.248108,   34.953604,        0.16,
 140.252613,   34.953604,        0.12,
 140.257117,   34.953604,        0.09,
 140.261622,   34.953604,        0.05,
 140.266126,   34.953604,        0.02,
 140.270631,   34.953604,        0.00,
 140.275135,   34.953604,        0.00,
 140.279640,   34.953604,       -0.00,
 140.284144,   34.953604,       -0.02,
 140.288649,   34.953604,       -0.03,
 140.293153,   34.953604,       -0.05,
 140.297658,   34.953604,       -0.06,
 140.302162,   34.953604,       -0.08,
 140.306667,   34.953604,       -0.10,
 140.311171,   34.953604,       -0.11,
 140.315676,   34.953604,       -0.13,
 140.320180,   34.953604,       -0.13,
 140.324685,   34.953604,       -0.15,
 140.329189,   34.953604,       -0.17,
 140.333694,   34.953604,       -0.19,
 140.338198,   34.953604,       -0.21,
 140.342703,   34.953604,       -0.23,
 140.347207,   34.953604,       -0.25,
 140.351712,   34.953604,       -0.28,
 140.356216,   34.953604,       -0.30,
 140.360721,   34.953604,       -0.32,
 140.365225,   34.953604,       -0.35,
 140.369730,   34.953604,       -0.37,
 140.374234,   34.953604,       -0.40,
 140.378739,   34.953604,       -0.43,
 140.383243,   34.953604,       -0.45,
 140.387748,   34.953604,       -0.48,
 139.140000,   34.958108,       -0.04,
 139.144505,   34.958108,        0.22,
 139.149009,   34.958108,        0.48,
 139.153514,   34.958108,        0.73,
 139.158018,   34.958108,        0.96,
 139.162523,   34.958108,        1.18,
 139.167027,   34.958108,        1.40,
 139.171532,   34.958108,        1.44,
 139.176036,   34.958108,        1.48,
 139.180541,   34.958108,        1.39,
 139.185045,   34.958108,        1.27,
 139.189550,   34.958108,        1.15,
 139.194054,   34.958108,        1.05,
 139.198559,   34.958108,        0.95,
 139.203063,   34.958108,        0.85,
 139.207568,   34.958108,        0.77,
 139.212072,   34.958108,        0.69,
 139.216577,   34.958108,        0.61,
 139.221081,   34.958108,        0.54,
 139.225586,   34.958108,        0.48,
 139.230090,   34.958108,        0.43,
 139.234595,   34.958108,        0.38,
 139.239099,   34.958108,        0.34,
 139.243604,   34.958108,        0.31,
 139.248108,   34.958108,        0.28,
 139.252613,   34.958108,        0.26,
 139.257117,   34.958108,        0.28,
 139.261622,   34.958108,        0.26,
 139.266126,   34.958108,        0.22,
 139.270631,   34.958108,        0.19,
 139.275135,   34.958108,        0.15,
 139.279640,   34.958108,        0.12,
 139.284144,   34.958108,        0.08,
 139.288649,   34.958108,        0.04,
 139.293153,   34.958108,        0.01,
 139.297658,   34.958108,        0.00,
 139.302162,   34.958108,        0.00,
 139.306667,   34.958108,        0.00,
 139.311171,   34.958108,        0.05,
 139.315676,   34.958108,        0.11,
 139.320180,   34.958108,        0.20,
 139.324685,   34.958108,        0.30,
 139.329189,   34.958108,        0.43,
 139.333694,   34.958108,        0.56,
 139.338198,   34.958108,        0.66,
 139.342703,   34.958108,        0.73,
 139.347207,   34.958108,        0.80,
 139.351712,   34.958108,        0.85,
 139.356216,   34.958108,        0.89,
 139.360721,   34.958108,        0.91,
 139.365225,   34.958108,        0.93,
 139.369730,   34.958108,        0.95,
 139.374234,   34.958108,        0.96,
 139.378739,   34.958108,        0.97,
 139.383243,   34.958108,        0.98,
 139.387748,   34.958108,        0.99,
 139.392252,   34.958108,        1.00,
 139.396757,   34.958108,        1.03,
 139.401261,   34.958108,        1.08,
 139.405766,   34.958108,        1.16,
 139.410270,   34.958108,        1.23,
 139.414775,   34.958108,        1.30,
 139.419279,   34.958108,        1.35,
 139.423784,   34.958108,        1.39,
 139.428288,   34.958108,        1.42,
 139.432793,   34.958108,        1.45,
 139.437297,   34.958108,        1.44,
 139.441802,   34.958108,        1.41,
 139.446306,   34.958108,        1.39,
 139.450811,   34.958108,        1.36,
 139.455315,   34.958108,        1.33,
 139.459820,   34.958108,        1.31,
 139.464324,   34.958108,        1.28,
 139.468829,   34.958108,        1.25,
 139.473333,   34.958108,        1.22,
 139.477838,   34.958108,        1.19,
 139.482342,   34.958108,        1.16,
 139.486847,   34.958108,        1.14,
 139.491351,   34.958108,        1.13,
 139.495856,   34.958108,        1.13,
 139.500360,   34.958108,        1.12,
 139.504865,   34.958108,        1.12,
 139.509369,   34.958108,        1.12,
 139.513874,   34.958108,        1.11,
 139.518378,   34.958108,        1.10,
 139.522883,   34.958108,        1.10,
 139.527387,   34.958108,        1.10,
 139.531892,   34.958108,        1.11,
 139.536396,   34.958108,        1.12,
 139.540901,   34.958108,        1.14,
 139.545405,   34.958108,        1.17,
 139.549910,   34.958108,        1.20,
 139.554414,   34.958108,        1.23,
 139.558919,   34.958108,        1.26,
 139.563423,   34.958108,        1.29,
 139.567928,   34.958108,        1.33,
 139.572432,   34.958108,        1.36,
 139.576937,   34.958108,        1.40,
 139.581441,   34.958108,        1.44,
 139.585946,   34.958108,        1.48,
 139.590450,   34.958108,        1.52,
 139.594955,   34.958108,        1.56,
 139.599459,   34.958108,        1.61,
 139.603964,   34.958108,        1.65,
 139.608468,   34.958108,        1.69,
 139.612973,   34.958108,        1.72,
 139.617477,   34.958108,        1.74,
 139.621982,   34.958108,        1.77,
 139.626486,   34.958108,        1.77,
 139.630991,   34.958108,        1.76,
 139.635495,   34.958108,        1.73,
 139.640000,   34.958108,        1.71,
 139.644505,   34.958108,        1.71,
 139.649009,   34.958108,        1.72,
 139.653514,   34.958108,        1.75,
 139.658018,   34.958108,        1.78,
 139.662523,   34.958108,        1.80,
 139.667027,   34.958108,        1.81,
 139.671532,   34.958108,        1.83,
 139.676036,   34.958108,        1.87,
 139.680541,   34.958108,        1.91,
 139.685045,   34.958108,        1.95,
 139.689550,   34.958108,        1.99,
 139.694054,   34.958108,        2.04,
 139.698559,   34.958108,        2.07,
 139.703063,   34.958108,        2.04,
 139.707568,   34.958108,        2.00,
 139.712072,   34.958108,        1.94,
 139.716577,   34.958108,        1.88,
 139.721081,   34.958108,        1.81,
 139.725586,   34.958108,        1.74,
 139.730090,   34.958108,        1.71,
 139.734595,   34.958108,        1.69,
 139.739099,   34.958108,        1.67,
 139.743604,   34.958108,        1.67,
 139.748108,   34.958108,        1.68,
 139.752613,   34.958108,        1.68,
 139.757117,   34.958108,        1.70,
 139.761622,   34.958108,        1.73,
 139.766126,   34.958108,        1.76,
 139.770631,   34.958108,        1.79,
 139.775135,   34.958108,        1.81,
 139.779640,   34.958108,        1.85,
 139.784144,   34.958108,        2.02,
 139.788649,   34.958108,        2.19,
 139.793153,   34.958108,        2.33,
 139.797658,   34.958108,        2.44,
 139.802162,   34.958108,        2.53,
 139.806667,   34.958108,        2.59,
 139.811171,   34.958108,        2.67,
 139.815676,   34.958108,        2.76,
 139.820180,   34.958108,        2.86,
 139.824685,   34.958108,        3.00,
 139.829189,   34.958108,        3.16,
 139.833694,   34.958108,        3.33,
 139.838198,   34.958108,        3.50,
 139.842703,   34.958108,        3.66,
 139.847207,   34.958108,        3.80,
 139.851712,   34.958108,        3.91,
 139.856216,   34.958108,        3.99,
 139.860721,   34.958108,        4.04,
 139.865225,   34.958108,        4.07,
 139.869730,   34.958108,        4.08,
 139.874234,   34.958108,        4.07,
 139.878739,   34.958108,        4.05,
 139.883243,   34.958108,        4.02,
 139.887748,   34.958108,        3.97,
 139.892252,   34.958108,        3.92,
 139.896757,   34.958108,        3.85,
 139.901261,   34.958108,        3.78,
 139.905766,   34.958108,        3.70,
 139.910270,   34.958108,        3.62,
 139.914775,   34.958108,        3.53,
 139.919279,   34.958108,        3.44,
 139.923784,   34.958108,        3.35,
 139.928288,   34.958108,        3.26,
 139.932793,   34.958108,        3.17,
 139.937297,   34.958108,        3.07,
 139.941802,   34.958108,        2.97,
 139.946306,   34.958108,        2.87,
 139.950811,   34.958108,        2.78,
 139.955315,   34.958108,        2.68,
 139.959820,   34.958108,        2.60,
 139.964324,   34.958108,        2.53,
 139.968829,   34.958108,        2.45,
 139.973333,   34.958108,        2.38,
 139.977838,   34.958108,        2.31,
 139.982342,   34.958108,        2.25,
 139.986847,   34.958108,        2.19,
 139.991351,   34.958108,        2.11,
 139.995856,   34.958108,        2.03,
 140.000360,   34.958108,        1.95,
 140.004865,   34.958108,        1.88,
 140.009369,   34.958108,        1.81,
 140.013874,   34.958108,        1.75,
 140.018378,   34.958108,        1.72,
 140.022883,   34.958108,        1.69,
 140.027387,   34.958108,        1.68,
 140.031892,   34.958108,        1.67,
 140.036396,   34.958108,        1.67,
 140.040901,   34.958108,        1.67,
 140.045405,   34.958108,        1.68,
 140.049910,   34.958108,        1.67,
 140.054414,   34.958108,        1.66,
 140.058919,   34.958108,        1.64,
 140.063423,   34.958108,        1.61,
 140.067928,   34.958108,        1.58,
 140.072432,   34.958108,        1.54,
 140.076937,   34.958108,        1.50,
 140.081441,   34.958108,        1.43,
 140.085946,   34.958108,        1.37,
 140.090450,   34.958108,        1.31,
 140.094955,   34.958108,        1.25,
 140.099459,   34.958108,        1.18,
 140.103964,   34.958108,        1.11,
 140.108468,   34.958108,        1.05,
 140.112973,   34.958108,        0.99,
 140.117477,   34.958108,        0.93,
 140.121982,   34.958108,        0.87,
 140.126486,   34.958108,        0.84,
 140.130991,   34.958108,        0.80,
 140.135495,   34.958108,        0.77,
 140.140000,   34.958108,        0.74,
 140.144505,   34.958108,        0.71,
 140.149009,   34.958108,        0.66,
 140.153514,   34.958108,        0.58,
 140.158018,   34.958108,        0.49,
 140.162523,   34.958108,        0.40,
 140.167027,   34.958108,        0.31,
 140.171532,   34.958108,        0.22,
 140.176036,   34.958108,        0.15,
 140.180541,   34.958108,        0.14,
 140.185045,   34.958108,        0.18,
 140.189550,   34.958108,        0.23,
 140.194054,   34.958108,        0.28,
 140.198559,   34.958108,        0.34,
 140.203063,   34.958108,        0.40,
 140.207568,   34.958108,        0.44,
 140.212072,   34.958108,        0.46,
 140.216577,   34.958108,        0.46,
 140.221081,   34.958108,        0.42,
 140.225586,   34.958108,        0.37,
 140.230090,   34.958108,        0.33,
 140.234595,   34.958108,        0.28,
 140.239099,   34.958108,        0.23,
 140.243604,   34.958108,        0.18,
 140.248108,   34.958108,        0.14,
 140.252613,   34.958108,        0.10,
 140.257117,   34.958108,        0.07,
 140.261622,   34.958108,        0.04,
 140.266126,   34.958108,        0.01,
 140.270631,   34.958108,        0.00,
 140.275135,   34.958108,        0.00,
 140.279640,   34.958108,        0.00,
 140.284144,   34.958108,       -0.01,
 140.288649,   34.958108,       -0.02,
 140.293153,   34.958108,       -0.04,
 140.297658,   34.958108,       -0.05,
 140.302162,   34.958108,       -0.07,
 140.306667,   34.958108,       -0.08,
 140.311171,   34.958108,       -0.10,
 140.315676,   34.958108,       -0.11,
 140.320180,   34.958108,       -0.13,
 140.324685,   34.958108,       -0.14,
 140.329189,   34.958108,       -0.16,
 140.333694,   34.958108,       -0.18,
 140.338198,   34.958108,       -0.20,
 140.342703,   34.958108,       -0.23,
 140.347207,   34.958108,       -0.25,
 140.351712,   34.958108,       -0.27,
 140.356216,   34.958108,       -0.29,
 140.360721,   34.958108,       -0.32,
 140.365225,   34.958108,       -0.34,
 140.369730,   34.958108,       -0.37,
 140.374234,   34.958108,       -0.39,
 140.378739,   34.958108,       -0.42,
 140.383243,   34.958108,       -0.45,
 140.387748,   34.958108,       -0.48,
 139.140000,   34.962613,       -0.36,
 139.144505,   34.962613,       -0.09,
 139.149009,   34.962613,        0.17,
 139.153514,   34.962613,        0.42,
 139.158018,   34.962613,        0.66,
 139.162523,   34.962613,        0.89,
 139.167027,   34.962613,        1.10,
 139.171532,   34.962613,        1.31,
 139.176036,   34.962613,        1.43,
 139.180541,   34.962613,        1.47,
 139.185045,   34.962613,        1.41,
 139.189550,   34.962613,        1.30,
 139.194054,   34.962613,        1.19,
 139.198559,   34.962613,        1.09,
 139.203063,   34.962613,        1.00,
 139.207568,   34.962613,        0.91,
 139.212072,   34.962613,        0.83,
 139.216577,   34.962613,        0.75,
 139.221081,   34.962613,        0.68,
 139.225586,   34.962613,        0.62,
 139.230090,   34.962613,        0.56,
 139.234595,   34.962613,        0.51,
 139.239099,   34.962613,        0.47,
 139.243604,   34.962613,        0.44,
 139.248108,   34.962613,        0.41,
 139.252613,   34.962613,        0.43,
 139.257117,   34.962613,        0.44,
 139.261622,   34.962613,        0.43,
 139.266126,   34.962613,        0.38,
 139.270631,   34.962613,        0.32,
 139.275135,   34.962613,        0.27,
 139.279640,   34.962613,        0.21,
 139.284144,   34.962613,        0.16,
 139.288649,   34.962613,        0.10,
 139.293153,   34.962613,        0.04,
 139.297658,   34.962613,        0.00,
 139.302162,   34.962613,        0.00,
 139.306667,   34.962613,        0.05,
 139.311171,   34.962613,        0.15,
 139.315676,   34.962613,        0.27,
 139.320180,   34.962613,        0.39,
 139.324685,   34.962613,        0.52,
 139.329189,   34.962613,        0.66,
 139.333694,   34.962613,        0.79,
 139.338198,   34.962613,        0.89,
 139.342703,   34.962613,        0.98,
 139.347207,   34.962613,        1.06,
 139.351712,   34.962613,        1.11,
 139.356216,   34.962613,        1.14,
 139.360721,   34.962613,        1.17,
 139.365225,   34.962613,        1.19,
 139.369730,   34.962613,        1.20,
 139.374234,   34.962613,        1.21,
 139.378739,   34.962613,        1.22,
 139.383243,   34.962613,        1.22,
 139.387748,   34.962613,        1.22,
 139.392252,   34.962613,        1.23,
 139.396757,   34.962613,        1.24,
 139.401261,   34.962613,        1.28,
 139.405766,   34.962613,        1.33,
 139.410270,   34.962613,        1.40,
 139.414775,   34.962613,        1.45,
 139.419279,   34.962613,        1.49,
 139.423784,   34.962613,        1.52,
 139.428288,   34.962613,        1.54,
 139.432793,   34.962613,        1.54,
 139.437297,   34.962613,        1.52,
 139.441802,   34.962613,        1.49,
 139.446306,   34.962613,        1.46,
 139.450811,   34.962613,        1.43,
 139.455315,   34.962613,        1.40,
 139.459820,   34.962613,        1.37,
 139.464324,   34.962613,        1.34,
 139.468829,   34.962613,        1.31,
 139.473333,   34.962613,        1.28,
 139.477838,   34.962613,        1.24,
 139.482342,   34.962613,        1.21,
 139.486847,   34.962613,        1.17,
 139.491351,   34.962613,        1.17,
 139.495856,   34.962613,        1.17,
 139.500360,   34.962613,        1.17,
 139.504865,   34.962613,        1.17,
 139.509369,   34.962613,        1.17,
 139.513874,   34.962613,        1.16,
 139.518378,   34.962613,        1.15,
 139.522883,   34.962613,        1.14,
 139.527387,   34.962613,        1.15,
 139.531892,   34.962613,        1.17,
 139.536396,   34.962613,        1.18,
 139.540901,   34.962613,        1.20,
 139.545405,   34.962613,        1.23,
 139.549910,   34.962613,        1.27,
 139.554414,   34.962613,        1.30,
 139.558919,   34.962613,        1.33,
 139.563423,   34.962613,        1.38,
 139.567928,   34.962613,        1.43,
 139.572432,   34.962613,        1.47,
 139.576937,   34.962613,        1.51,
 139.581441,   34.962613,        1.55,
 139.585946,   34.962613,        1.58,
 139.590450,   34.962613,        1.63,
 139.594955,   34.962613,        1.69,
 139.599459,   34.962613,        1.74,
 139.603964,   34.962613,        1.77,
 139.608468,   34.962613,        1.79,
 139.612973,   34.962613,        1.81,
 139.617477,   34.962613,        1.84,
 139.621982,   34.962613,        1.85,
 139.626486,   34.962613,        1.82,
 139.630991,   34.962613,        1.78,
 139.635495,   34.962613,        1.75,
 139.640000,   34.962613,        1.72,
 139.644505,   34.962613,        1.71,
 139.649009,   34.962613,        1.71,
 139.653514,   34.962613,        1.72,
 139.658018,   34.962613,        1.72,
 139.662523,   34.962613,        1.73,
 139.667027,   34.962613,        1.74,
 139.671532,   34.962613,        1.76,
 139.676036,   34.962613,        1.81,
 139.680541,   34.962613,        1.85,
 139.685045,   34.962613,        1.89,
 139.689550,   34.962613,        1.94,
 139.694054,   34.962613,        1.98,
 139.698559,   34.962613,        2.00,
 139.703063,   34.962613,        1.98,
 139.707568,   34.962613,        1.95,
 139.712072,   34.962613,        1.89,
 139.716577,   34.962613,        1.84,
 139.721081,   34.962613,        1.78,
 139.725586,   34.962613,        1.73,
 139.730090,   34.962613,        1.72,
 139.734595,   34.962613,        1.71,
 139.739099,   34.962613,        1.73,
 139.743604,   34.962613,        1.75,
 139.748108,   34.962613,        1.76,
 139.752613,   34.962613,        1.77,
 139.757117,   34.962613,        1.80,
 139.761622,   34.962613,        1.83,
 139.766126,   34.962613,        1.98,
 139.770631,   34.962613,        2.10,
 139.775135,   34.962613,        2.14,
 139.779640,   34.962613,        2.18,
 139.784144,   34.962613,        2.33,
 139.788649,   34.962613,        2.49,
 139.793153,   34.962613,        2.62,
 139.797658,   34.962613,        2.71,
 139.802162,   34.962613,        2.78,
 139.806667,   34.962613,        2.83,
 139.811171,   34.962613,        2.89,
 139.815676,   34.962613,        2.97,
 139.820180,   34.962613,        3.06,
 139.824685,   34.962613,        3.18,
 139.829189,   34.962613,        3.33,
 139.833694,   34.962613,        3.49,
 139.838198,   34.962613,        3.66,
 139.842703,   34.962613,        3.82,
 139.847207,   34.962613,        3.97,
 139.851712,   34.962613,        4.07,
 139.856216,   34.962613,        4.14,
 139.860721,   34.962613,        4.19,
 139.865225,   34.962613,        4.21,
 139.869730,   34.962613,        4.22,
 139.874234,   34.962613,        4.20,
 139.878739,   34.962613,        4.17,
 139.883243,   34.962613,        4.13,
 139.887748,   34.962613,        4.08,
 139.892252,   34.962613,        4.02,
 139.896757,   34.962613,        3.95,
 139.901261,   34.962613,        3.87,
 139.905766,   34.962613,        3.79,
 139.910270,   34.962613,        3.70,
 139.914775,   34.962613,        3.60,
 139.919279,   34.962613,        3.51,
 139.923784,   34.962613,        3.42,
 139.928288,   34.962613,        3.32,
 139.932793,   34.962613,        3.22,
 139.937297,   34.962613,        3.12,
 139.941802,   34.962613,        3.02,
 139.946306,   34.962613,        2.91,
 139.950811,   34.962613,        2.81,
 139.955315,   34.962613,        2.71,
 139.959820,   34.962613,        2.61,
 139.964324,   34.962613,        2.53,
 139.968829,   34.962613,        2.45,
 139.973333,   34.962613,        2.38,
 139.977838,   34.962613,        2.33,
 139.982342,   34.962613,        2.27,
 139.986847,   34.962613,        2.20,
 139.991351,   34.962613,        2.13,
 139.995856,   34.962613,        2.05,
 140.000360,   34.962613,        1.97,
 140.004865,   34.962613,        1.89,
 140.009369,   34.962613,        1.83,
 140.013874,   34.962613,        1.77,
 140.018378,   34.962613,        1.72,
 140.022883,   34.962613,        1.70,
 140.027387,   34.962613,        1.68,
 140.031892,   34.962613,        1.67,
 140.036396,   34.962613,        1.67,
 140.040901,   34.962613,        1.67,
 140.045405,   34.962613,        1.67,
 140.049910,   34.962613,        1.67,
 140.054414,   34.962613,        1.66,
 140.058919,   34.962613,        1.65,
 140.063423,   34.962613,        1.63,
 140.067928,   34.962613,        1.59,
 140.072432,   34.962613,        1.56,
 140.076937,   34.962613,        1.52,
 140.081441,   34.962613,        1.48,
 140.085946,   34.962613,        1.42,
 140.090450,   34.962613,        1.36,
 140.094955,   34.962613,        1.29,
 140.099459,   34.962613,        1.23,
 140.103964,   34.962613,        1.16,
 140.108468,   34.962613,        1.09,
 140.112973,   34.962613,        1.03,
 140.117477,   34.962613,        0.98,
 140.121982,   34.962613,        0.92,
 140.126486,   34.962613,        0.88,
 140.130991,   34.962613,        0.85,
 140.135495,   34.962613,        0.81,
 140.140000,   34.962613,        0.78,
 140.144505,   34.962613,        0.75,
 140.149009,   34.962613,        0.71,
 140.153514,   34.962613,        0.64,
 140.158018,   34.962613,        0.56,
 140.162523,   34.962613,        0.47,
 140.167027,   34.962613,        0.39,
 140.171532,   34.962613,        0.31,
 140.176036,   34.962613,        0.26,
 140.180541,   34.962613,        0.23,
 140.185045,   34.962613,        0.25,
 140.189550,   34.962613,        0.28,
 140.194054,   34.962613,        0.32,
 140.198559,   34.962613,        0.37,
 140.203063,   34.962613,        0.42,
 140.207568,   34.962613,        0.44,
 140.212072,   34.962613,        0.45,
 140.216577,   34.962613,        0.44,
 140.221081,   34.962613,        0.40,
 140.225586,   34.962613,        0.35,
 140.230090,   34.962613,        0.30,
 140.234595,   34.962613,        0.25,
 140.239099,   34.962613,        0.20,
 140.243604,   34.962613,        0.15,
 140.248108,   34.962613,        0.11,
 140.252613,   34.962613,        0.07,
 140.257117,   34.962613,        0.04,
 140.261622,   34.962613,        0.02,
 140.266126,   34.962613,        0.01,
 140.270631,   34.962613,        0.00,
 140.275135,   34.962613,        0.00,
 140.279640,   34.962613,        0.00,
 140.284144,   34.962613,        0.00,
 140.288649,   34.962613,       -0.01,
 140.293153,   34.962613,       -0.02,
 140.297658,   34.962613,       -0.04,
 140.302162,   34.962613,       -0.05,
 140.306667,   34.962613,       -0.07,
 140.311171,   34.962613,       -0.08,
 140.315676,   34.962613,       -0.10,
 140.320180,   34.962613,       -0.12,
 140.324685,   34.962613,       -0.14,
 140.329189,   34.962613,       -0.16,
 140.333694,   34.962613,       -0.18,
 140.338198,   34.962613,       -0.20,
 140.342703,   34.962613,       -0.22,
 140.347207,   34.962613,       -0.24,
 140.351712,   34.962613,       -0.26,
 140.356216,   34.962613,       -0.29,
 140.360721,   34.962613,       -0.31,
 140.365225,   34.962613,       -0.34,
 140.369730,   34.962613,       -0.36,
 140.374234,   34.962613,       -0.39,
 140.378739,   34.962613,       -0.42,
 140.383243,   34.962613,       -0.44,
 140.387748,   34.962613,       -0.47,
 139.140000,   34.967117,       -0.67,
 139.144505,   34.967117,       -0.39,
 139.149009,   34.967117,       -0.13,
 139.153514,   34.967117,        0.12,
 139.158018,   34.967117,        0.37,
 139.162523,   34.967117,        0.60,
 139.167027,   34.967117,        0.82,
 139.171532,   34.967117,        1.03,
 139.176036,   34.967117,        1.23,
 139.180541,   34.967117,        1.42,
 139.185045,   34.967117,        1.46,
 139.189550,   34.967117,        1.44,
 139.194054,   34.967117,        1.33,
 139.198559,   34.967117,        1.23,
 139.203063,   34.967117,        1.13,
 139.207568,   34.967117,        1.04,
 139.212072,   34.967117,        0.96,
 139.216577,   34.967117,        0.88,
 139.221081,   34.967117,        0.81,
 139.225586,   34.967117,        0.75,
 139.230090,   34.967117,        0.69,
 139.234595,   34.967117,        0.64,
 139.239099,   34.967117,        0.60,
 139.243604,   34.967117,        0.56,
 139.248108,   34.967117,        0.57,
 139.252613,   34.967117,        0.60,
 139.257117,   34.967117,        0.61,
 139.261622,   34.967117,        0.60,
 139.266126,   34.967117,        0.55,
 139.270631,   34.967117,        0.49,
 139.275135,   34.967117,        0.41,
 139.279640,   34.967117,        0.34,
 139.284144,   34.967117,        0.27,
 139.288649,   34.967117,        0.20,
 139.293153,   34.967117,        0.11,
 139.297658,   34.967117,        0.02,
 139.302162,   34.967117,        0.04,
 139.306667,   34.967117,        0.20,
 139.311171,   34.967117,        0.36,
 139.315676,   34.967117,        0.50,
 139.320180,   34.967117,        0.65,
 139.324685,   34.967117,        0.78,
 139.329189,   34.967117,        0.92,
 139.333694,   34.967117,        1.04,
 139.338198,   34.967117,        1.14,
 139.342703,   34.967117,        1.23,
 139.347207,   34.967117,        1.32,
 139.351712,   34.967117,        1.37,
 139.356216,   34.967117,        1.41,
 139.360721,   34.967117,        1.43,
 139.365225,   34.967117,        1.45,
 139.369730,   34.967117,        1.46,
 139.374234,   34.967117,        1.46,
 139.378739,   34.967117,        1.47,
 139.383243,   34.967117,        1.46,
 139.387748,   34.967117,        1.46,
 139.392252,   34.967117,        1.45,
 139.396757,   34.967117,        1.46,
 139.401261,   34.967117,        1.48,
 139.405766,   34.967117,        1.52,
 139.410270,   34.967117,        1.58,
 139.414775,   34.967117,        1.61,
 139.419279,   34.967117,        1.63,
 139.423784,   34.967117,        1.64,
 139.428288,   34.967117,        1.64,
 139.432793,   34.967117,        1.62,
 139.437297,   34.967117,        1.60,
 139.441802,   34.967117,        1.57,
 139.446306,   34.967117,        1.54,
 139.450811,   34.967117,        1.51,
 139.455315,   34.967117,        1.48,
 139.459820,   34.967117,        1.45,
 139.464324,   34.967117,        1.41,
 139.468829,   34.967117,        1.38,
 139.473333,   34.967117,        1.35,
 139.477838,   34.967117,        1.31,
 139.482342,   34.967117,        1.28,
 139.486847,   34.967117,        1.25,
 139.491351,   34.967117,        1.24,
 139.495856,   34.967117,        1.24,
 139.500360,   34.967117,        1.24,
 139.504865,   34.967117,        1.23,
 139.509369,   34.967117,        1.23,
 139.513874,   34.967117,        1.22,
 139.518378,   34.967117,        1.21,
 139.522883,   34.967117,        1.20,
 139.527387,   34.967117,        1.21,
 139.531892,   34.967117,        1.23,
 139.536396,   34.967117,        1.25,
 139.540901,   34.967117,        1.27,
 139.545405,   34.967117,        1.31,
 139.549910,   34.967117,        1.36,
 139.554414,   34.967117,        1.40,
 139.558919,   34.967117,        1.46,
 139.563423,   34.967117,        1.51,
 139.567928,   34.967117,        1.55,
 139.572432,   34.967117,        1.59,
 139.576937,   34.967117,        1.64,
 139.581441,   34.967117,        1.69,
 139.585946,   34.967117,        1.72,
 139.590450,   34.967117,        1.77,
 139.594955,   34.967117,        1.83,
 139.599459,   34.967117,        1.88,
 139.603964,   34.967117,        1.89,
 139.608468,   34.967117,        1.90,
 139.612973,   34.967117,        1.92,
 139.617477,   34.967117,        1.90,
 139.621982,   34.967117,        1.87,
 139.626486,   34.967117,        1.82,
 139.630991,   34.967117,        1.79,
 139.635495,   34.967117,        1.75,
 139.640000,   34.967117,        1.71,
 139.644505,   34.967117,        1.66,
 139.649009,   34.967117,        1.63,
 139.653514,   34.967117,        1.59,
 139.658018,   34.967117,        1.59,
 139.662523,   34.967117,        1.62,
 139.667027,   34.967117,        1.64,
 139.671532,   34.967117,        1.68,
 139.676036,   34.967117,        1.73,
 139.680541,   34.967117,        1.79,
 139.685045,   34.967117,        1.83,
 139.689550,   34.967117,        1.87,
 139.694054,   34.967117,        1.91,
 139.698559,   34.967117,        1.93,
 139.703063,   34.967117,        1.93,
 139.707568,   34.967117,        1.91,
 139.712072,   34.967117,        1.88,
 139.716577,   34.967117,        1.83,
 139.721081,   34.967117,        1.77,
 139.725586,   34.967117,        1.78,
 139.730090,   34.967117,        1.77,
 139.734595,   34.967117,        1.79,
 139.739099,   34.967117,        1.85,
 139.743604,   34.967117,        1.88,
 139.748108,   34.967117,        1.89,
 139.752613,   34.967117,        1.91,
 139.757117,   34.967117,        1.95,
 139.761622,   34.967117,        2.15,
 139.766126,   34.967117,        2.39,
 139.770631,   34.967117,        2.54,
 139.775135,   34.967117,        2.61,
 139.779640,   34.967117,        2.65,
 139.784144,   34.967117,        2.73,
 139.788649,   34.967117,        2.83,
 139.793153,   34.967117,        2.92,
 139.797658,   34.967117,        2.99,
 139.802162,   34.967117,        3.03,
 139.806667,   34.967117,        3.07,
 139.811171,   34.967117,        3.12,
 139.815676,   34.967117,        3.17,
 139.820180,   34.967117,        3.25,
 139.824685,   34.967117,        3.36,
 139.829189,   34.967117,        3.50,
 139.833694,   34.967117,        3.66,
 139.838198,   34.967117,        3.82,
 139.842703,   34.967117,        3.99,
 139.847207,   34.967117,        4.13,
 139.851712,   34.967117,        4.24,
 139.856216,   34.967117,        4.31,
 139.860721,   34.967117,        4.35,
 139.865225,   34.967117,        4.36,
 139.869730,   34.967117,        4.36,
 139.874234,   34.967117,        4.34,
 139.878739,   34.967117,        4.30,
 139.883243,   34.967117,        4.25,
 139.887748,   34.967117,        4.19,
 139.892252,   34.967117,        4.12,
 139.896757,   34.967117,        4.04,
 139.901261,   34.967117,        3.95,
 139.905766,   34.967117,        3.86,
 139.910270,   34.967117,        3.76,
 139.914775,   34.967117,        3.67,
 139.919279,   34.967117,        3.57,
 139.923784,   34.967117,        3.47,
 139.928288,   34.967117,        3.37,
 139.932793,   34.967117,        3.27,
 139.937297,   34.967117,        3.17,
 139.941802,   34.967117,        3.06,
 139.946306,   34.967117,        2.95,
 139.950811,   34.967117,        2.84,
 139.955315,   34.967117,        2.73,
 139.959820,   34.967117,        2.62,
 139.964324,   34.967117,        2.53,
 139.968829,   34.967117,        2.45,
 139.973333,   34.967117,        2.39,
 139.977838,   34.967117,        2.34,
 139.982342,   34.967117,        2.29,
 139.986847,   34.967117,        2.22,
 139.991351,   34.967117,        2.15,
 139.995856,   34.967117,        2.08,
 140.000360,   34.967117,        2.00,
 140.004865,   34.967117,        1.92,
 140.009369,   34.967117,        1.84,
 140.013874,   34.967117,        1.79,
 140.018378,   34.967117,        1.74,
 140.022883,   34.967117,        1.70,
 140.027387,   34.967117,        1.68,
 140.031892,   34.967117,        1.67,
 140.036396,   34.967117,        1.66,
 140.040901,   34.967117,        1.66,
 140.045405,   34.967117,        1.66,
 140.049910,   34.967117,        1.66,
 140.054414,   34.967117,        1.65,
 140.058919,   34.967117,        1.65,
 140.063423,   34.967117,        1.63,
 140.067928,   34.967117,        1.61,
 140.072432,   34.967117,        1.58,
 140.076937,   34.967117,        1.54,
 140.081441,   34.967117,        1.51,
 140.085946,   34.967117,        1.46,
 140.090450,   34.967117,        1.41,
 140.094955,   34.967117,        1.34,
 140.099459,   34.967117,        1.27,
 140.103964,   34.967117,        1.20,
 140.108468,   34.967117,        1.14,
 140.112973,   34.967117,        1.08,
 140.117477,   34.967117,        1.03,
 140.121982,   34.967117,        0.97,
 140.126486,   34.967117,        0.93,
 140.130991,   34.967117,        0.89,
 140.135495,   34.967117,        0.86,
 140.140000,   34.967117,        0.82,
 140.144505,   34.967117,        0.79,
 140.149009,   34.967117,        0.75,
 140.153514,   34.967117,        0.69,
 140.158018,   34.967117,        0.63,
 140.162523,   34.967117,        0.55,
 140.167027,   34.967117,        0.47,
 140.171532,   34.967117,        0.41,
 140.176036,   34.967117,        0.36,
 140.180541,   34.967117,        0.33,
 140.185045,   34.967117,        0.33,
 140.189550,   34.967117,        0.34,
 140.194054,   34.967117,        0.36,
 140.198559,   34.967117,        0.40,
 140.203063,   34.967117,        0.44,
 140.207568,   34.967117,        0.45,
 140.212072,   34.967117,        0.45,
 140.216577,   34.967117,        0.43,
 140.221081,   34.967117,        0.38,
 140.225586,   34.967117,        0.33,
 140.230090,   34.967117,        0.28,
 140.234595,   34.967117,        0.22,
 140.239099,   34.967117,        0.17,
 140.243604,   34.967117,        0.12,
 140.248108,   34.967117,        0.08,
 140.252613,   34.967117,        0.05,
 140.257117,   34.967117,        0.02,
 140.261622,   34.967117,        0.01,
 140.266126,   34.967117,        0.00,
 140.270631,   34.967117,        0.00,
 140.275135,   34.967117,        0.00,
 140.279640,   34.967117,        0.00,
 140.284144,   34.967117,        0.00,
 140.288649,   34.967117,        0.00,
 140.293153,   34.967117,       -0.01,
 140.297658,   34.967117,       -0.03,
 140.302162,   34.967117,       -0.04,
 140.306667,   34.967117,       -0.06,
 140.311171,   34.967117,       -0.07,
 140.315676,   34.967117,       -0.09,
 140.320180,   34.967117,       -0.11,
 140.324685,   34.967117,       -0.13,
 140.329189,   34.967117,       -0.15,
 140.333694,   34.967117,       -0.17,
 140.338198,   34.967117,       -0.19,
 140.342703,   34.967117,       -0.21,
 140.347207,   34.967117,       -0.23,
 140.351712,   34.967117,       -0.26,
 140.356216,   34.967117,       -0.28,
 140.360721,   34.967117,       -0.30,
 140.365225,   34.967117,       -0.33,
 140.369730,   34.967117,       -0.36,
 140.374234,   34.967117,       -0.38,
 140.378739,   34.967117,       -0.41,
 140.383243,   34.967117,       -0.44,
 140.387748,   34.967117,       -0.49,
 139.140000,   34.971622,       -0.97,
 139.144505,   34.971622,       -0.69,
 139.149009,   34.971622,       -0.42,
 139.153514,   34.971622,       -0.16,
 139.158018,   34.971622,        0.09,
 139.162523,   34.971622,        0.32,
 139.167027,   34.971622,        0.55,
 139.171532,   34.971622,        0.76,
 139.176036,   34.971622,        0.97,
 139.180541,   34.971622,        1.16,
 139.185045,   34.971622,        1.35,
 139.189550,   34.971622,        1.45,
 139.194054,   34.971622,        1.46,
 139.198559,   34.971622,        1.36,
 139.203063,   34.971622,        1.26,
 139.207568,   34.971622,        1.17,
 139.212072,   34.971622,        1.08,
 139.216577,   34.971622,        1.01,
 139.221081,   34.971622,        0.93,
 139.225586,   34.971622,        0.87,
 139.230090,   34.971622,        0.81,
 139.234595,   34.971622,        0.76,
 139.239099,   34.971622,        0.72,
 139.243604,   34.971622,        0.71,
 139.248108,   34.971622,        0.75,
 139.252613,   34.971622,        0.77,
 139.257117,   34.971622,        0.78,
 139.261622,   34.971622,        0.77,
 139.266126,   34.971622,        0.73,
 139.270631,   34.971622,        0.67,
 139.275135,   34.971622,        0.60,
 139.279640,   34.971622,        0.53,
 139.284144,   34.971622,        0.46,
 139.288649,   34.971622,        0.40,
 139.293153,   34.971622,        0.33,
 139.297658,   34.971622,        0.27,
 139.302162,   34.971622,        0.35,
 139.306667,   34.971622,        0.51,
 139.311171,   34.971622,        0.66,
 139.315676,   34.971622,        0.80,
 139.320180,   34.971622,        0.94,
 139.324685,   34.971622,        1.07,
 139.329189,   34.971622,        1.19,
 139.333694,   34.971622,        1.30,
 139.338198,   34.971622,        1.40,
 139.342703,   34.971622,        1.49,
 139.347207,   34.971622,        1.58,
 139.351712,   34.971622,        1.64,
 139.356216,   34.971622,        1.68,
 139.360721,   34.971622,        1.69,
 139.365225,   34.971622,        1.71,
 139.369730,   34.971622,        1.71,
 139.374234,   34.971622,        1.71,
 139.378739,   34.971622,        1.70,
 139.383243,   34.971622,        1.70,
 139.387748,   34.971622,        1.69,
 139.392252,   34.971622,        1.68,
 139.396757,   34.971622,        1.67,
 139.401261,   34.971622,        1.68,
 139.405766,   34.971622,        1.71,
 139.410270,   34.971622,        1.75,
 139.414775,   34.971622,        1.76,
 139.419279,   34.971622,        1.76,
 139.423784,   34.971622,        1.75,
 139.428288,   34.971622,        1.72,
 139.432793,   34.971622,        1.70,
 139.437297,   34.971622,        1.67,
 139.441802,   34.971622,        1.64,
 139.446306,   34.971622,        1.62,
 139.450811,   34.971622,        1.58,
 139.455315,   34.971622,        1.55,
 139.459820,   34.971622,        1.52,
 139.464324,   34.971622,        1.49,
 139.468829,   34.971622,        1.46,
 139.473333,   34.971622,        1.43,
 139.477838,   34.971622,        1.40,
 139.482342,   34.971622,        1.37,
 139.486847,   34.971622,        1.34,
 139.491351,   34.971622,        1.33,
 139.495856,   34.971622,        1.32,
 139.500360,   34.971622,        1.31,
 139.504865,   34.971622,        1.31,
 139.509369,   34.971622,        1.30,
 139.513874,   34.971622,        1.29,
 139.518378,   34.971622,        1.28,
 139.522883,   34.971622,        1.29,
 139.527387,   34.971622,        1.30,
 139.531892,   34.971622,        1.32,
 139.536396,   34.971622,        1.33,
 139.540901,   34.971622,        1.36,
 139.545405,   34.971622,        1.41,
 139.549910,   34.971622,        1.47,
 139.554414,   34.971622,        1.52,
 139.558919,   34.971622,        1.59,
 139.563423,   34.971622,        1.65,
 139.567928,   34.971622,        1.70,
 139.572432,   34.971622,        1.76,
 139.576937,   34.971622,        1.83,
 139.581441,   34.971622,        1.88,
 139.585946,   34.971622,        1.91,
 139.590450,   34.971622,        1.95,
 139.594955,   34.971622,        2.00,
 139.599459,   34.971622,        2.02,
 139.603964,   34.971622,        2.01,
 139.608468,   34.971622,        2.01,
 139.612973,   34.971622,        2.00,
 139.617477,   34.971622,        1.95,
 139.621982,   34.971622,        1.89,
 139.626486,   34.971622,        1.82,
 139.630991,   34.971622,        1.77,
 139.635495,   34.971622,        1.70,
 139.640000,   34.971622,        1.62,
 139.644505,   34.971622,        1.54,
 139.649009,   34.971622,        1.49,
 139.653514,   34.971622,        1.44,
 139.658018,   34.971622,        1.47,
 139.662523,   34.971622,        1.50,
 139.667027,   34.971622,        1.52,
 139.671532,   34.971622,        1.58,
 139.676036,   34.971622,        1.65,
 139.680541,   34.971622,        1.72,
 139.685045,   34.971622,        1.77,
 139.689550,   34.971622,        1.82,
 139.694054,   34.971622,        1.87,
 139.698559,   34.971622,        1.90,
 139.703063,   34.971622,        1.92,
 139.707568,   34.971622,        1.94,
 139.712072,   34.971622,        1.93,
 139.716577,   34.971622,        1.89,
 139.721081,   34.971622,        1.88,
 139.725586,   34.971622,        1.89,
 139.730090,   34.971622,        1.90,
 139.734595,   34.971622,        1.96,
 139.739099,   34.971622,        2.02,
 139.743604,   34.971622,        2.04,
 139.748108,   34.971622,        2.06,
 139.752613,   34.971622,        2.04,
 139.757117,   34.971622,        2.17,
 139.761622,   34.971622,        2.52,
 139.766126,   34.971622,        2.84,
 139.770631,   34.971622,        3.03,
 139.775135,   34.971622,        3.11,
 139.779640,   34.971622,        3.12,
 139.784144,   34.971622,        3.14,
 139.788649,   34.971622,        3.19,
 139.793153,   34.971622,        3.24,
 139.797658,   34.971622,        3.27,
 139.802162,   34.971622,        3.29,
 139.806667,   34.971622,        3.31,
 139.811171,   34.971622,        3.34,
 139.815676,   34.971622,        3.37,
 139.820180,   34.971622,        3.44,
 139.824685,   34.971622,        3.53,
 139.829189,   34.971622,        3.66,
 139.833694,   34.971622,        3.81,
 139.838198,   34.971622,        3.98,
 139.842703,   34.971622,        4.15,
 139.847207,   34.971622,        4.30,
 139.851712,   34.971622,        4.41,
 139.856216,   34.971622,        4.48,
 139.860721,   34.971622,        4.51,
 139.865225,   34.971622,        4.52,
 139.869730,   34.971622,        4.51,
 139.874234,   34.971622,        4.48,
 139.878739,   34.971622,        4.43,
 139.883243,   34.971622,        4.37,
 139.887748,   34.971622,        4.29,
 139.892252,   34.971622,        4.21,
 139.896757,   34.971622,        4.12,
 139.901261,   34.971622,        4.02,
 139.905766,   34.971622,        3.93,
 139.910270,   34.971622,        3.83,
 139.914775,   34.971622,        3.73,
 139.919279,   34.971622,        3.63,
 139.923784,   34.971622,        3.52,
 139.928288,   34.971622,        3.42,
 139.932793,   34.971622,        3.32,
 139.937297,   34.971622,        3.21,
 139.941802,   34.971622,        3.10,
 139.946306,   34.971622,        2.99,
 139.950811,   34.971622,        2.88,
 139.955315,   34.971622,        2.76,
 139.959820,   34.971622,        2.64,
 139.964324,   34.971622,        2.53,
 139.968829,   34.971622,        2.46,
 139.973333,   34.971622,        2.40,
 139.977838,   34.971622,        2.35,
 139.982342,   34.971622,        2.30,
 139.986847,   34.971622,        2.24,
 139.991351,   34.971622,        2.17,
 139.995856,   34.971622,        2.10,
 140.000360,   34.971622,        2.02,
 140.004865,   34.971622,        1.94,
 140.009369,   34.971622,        1.87,
 140.013874,   34.971622,        1.80,
 140.018378,   34.971622,        1.75,
 140.022883,   34.971622,        1.71,
 140.027387,   34.971622,        1.68,
 140.031892,   34.971622,        1.67,
 140.036396,   34.971622,        1.66,
 140.040901,   34.971622,        1.65,
 140.045405,   34.971622,        1.65,
 140.049910,   34.971622,        1.65,
 140.054414,   34.971622,        1.65,
 140.058919,   34.971622,        1.64,
 140.063423,   34.971622,        1.63,
 140.067928,   34.971622,        1.61,
 140.072432,   34.971622,        1.60,
 140.076937,   34.971622,        1.56,
 140.081441,   34.971622,        1.53,
 140.085946,   34.971622,        1.49,
 140.090450,   34.971622,        1.44,
 140.094955,   34.971622,        1.38,
 140.099459,   34.971622,        1.31,
 140.103964,   34.971622,        1.24,
 140.108468,   34.971622,        1.18,
 140.112973,   34.971622,        1.13,
 140.117477,   34.971622,        1.07,
 140.121982,   34.971622,        1.02,
 140.126486,   34.971622,        0.97,
 140.130991,   34.971622,        0.93,
 140.135495,   34.971622,        0.90,
 140.140000,   34.971622,        0.86,
 140.144505,   34.971622,        0.82,
 140.149009,   34.971622,        0.78,
 140.153514,   34.971622,        0.74,
 140.158018,   34.971622,        0.68,
 140.162523,   34.971622,        0.63,
 140.167027,   34.971622,        0.56,
 140.171532,   34.971622,        0.51,
 140.176036,   34.971622,        0.47,
 140.180541,   34.971622,        0.43,
 140.185045,   34.971622,        0.40,
 140.189550,   34.971622,        0.40,
 140.194054,   34.971622,        0.41,
 140.198559,   34.971622,        0.43,
 140.203063,   34.971622,        0.46,
 140.207568,   34.971622,        0.46,
 140.212072,   34.971622,        0.45,
 140.216577,   34.971622,        0.42,
 140.221081,   34.971622,        0.38,
 140.225586,   34.971622,        0.32,
 140.230090,   34.971622,        0.27,
 140.234595,   34.971622,        0.21,
 140.239099,   34.971622,        0.14,
 140.243604,   34.971622,        0.08,
 140.248108,   34.971622,        0.04,
 140.252613,   34.971622,        0.02,
 140.257117,   34.971622,        0.01,
 140.261622,   34.971622,        0.00,
 140.266126,   34.971622,        0.00,
 140.270631,   34.971622,        0.00,
 140.275135,   34.971622,        0.00,
 140.279640,   34.971622,        0.00,
 140.284144,   34.971622,        0.00,
 140.288649,   34.971622,        0.00,
 140.293153,   34.971622,        0.00,
 140.297658,   34.971622,       -0.01,
 140.302162,   34.971622,       -0.03,
 140.306667,   34.971622,       -0.04,
 140.311171,   34.971622,       -0.06,
 140.315676,   34.971622,       -0.08,
 140.320180,   34.971622,       -0.10,
 140.324685,   34.971622,       -0.12,
 140.329189,   34.971622,       -0.14,
 140.333694,   34.971622,       -0.16,
 140.338198,   34.971622,       -0.18,
 140.342703,   34.971622,       -0.20,
 140.347207,   34.971622,       -0.22,
 140.351712,   34.971622,       -0.25,
 140.356216,   34.971622,       -0.27,
 140.360721,   34.971622,       -0.30,
 140.365225,   34.971622,       -0.32,
 140.369730,   34.971622,       -0.35,
 140.374234,   34.971622,       -0.37,
 140.378739,   34.971622,       -0.41,
 140.383243,   34.971622,       -0.46,
 140.387748,   34.971622,       -0.48,
 139.140000,   34.976126,       -1.25,
 139.144505,   34.976126,       -0.97,
 139.149009,   34.976126,       -0.70,
 139.153514,   34.976126,       -0.44,
 139.158018,   34.976126,       -0.18,
 139.162523,   34.976126,        0.06,
 139.167027,   34.976126,        0.29,
 139.171532,   34.976126,        0.51,
 139.176036,   34.976126,        0.71,
 139.180541,   34.976126,        0.91,
 139.185045,   34.976126,        1.10,
 139.189550,   34.976126,        1.28,
 139.194054,   34.976126,        1.44,
 139.198559,   34.976126,        1.47,
 139.203063,   34.976126,        1.38,
 139.207568,   34.976126,        1.29,
 139.212072,   34.976126,        1.20,
 139.216577,   34.976126,        1.12,
 139.221081,   34.976126,        1.05,
 139.225586,   34.976126,        0.98,
 139.230090,   34.976126,        0.93,
 139.234595,   34.976126,        0.87,
 139.239099,   34.976126,        0.85,
 139.243604,   34.976126,        0.89,
 139.248108,   34.976126,        0.92,
 139.252613,   34.976126,        0.95,
 139.257117,   34.976126,        0.96,
 139.261622,   34.976126,        0.95,
 139.266126,   34.976126,        0.92,
 139.270631,   34.976126,        0.86,
 139.275135,   34.976126,        0.81,
 139.279640,   34.976126,        0.76,
 139.284144,   34.976126,        0.72,
 139.288649,   34.976126,        0.68,
 139.293153,   34.976126,        0.65,
 139.297658,   34.976126,        0.65,
 139.302162,   34.976126,        0.73,
 139.306667,   34.976126,        0.86,
 139.311171,   34.976126,        0.99,
 139.315676,   34.976126,        1.12,
 139.320180,   34.976126,        1.24,
 139.324685,   34.976126,        1.36,
 139.329189,   34.976126,        1.47,
 139.333694,   34.976126,        1.57,
 139.338198,   34.976126,        1.67,
 139.342703,   34.976126,        1.76,
 139.347207,   34.976126,        1.84,
 139.351712,   34.976126,        1.91,
 139.356216,   34.976126,        1.95,
 139.360721,   34.976126,        1.96,
 139.365225,   34.976126,        1.96,
 139.369730,   34.976126,        1.95,
 139.374234,   34.976126,        1.94,
 139.378739,   34.976126,        1.93,
 139.383243,   34.976126,        1.91,
 139.387748,   34.976126,        1.90,
 139.392252,   34.976126,        1.89,
 139.396757,   34.976126,        1.88,
 139.401261,   34.976126,        1.89,
 139.405766,   34.976126,        1.90,
 139.410270,   34.976126,        1.90,
 139.414775,   34.976126,        1.88,
 139.419279,   34.976126,        1.86,
 139.423784,   34.976126,        1.84,
 139.428288,   34.976126,        1.81,
 139.432793,   34.976126,        1.78,
 139.437297,   34.976126,        1.75,
 139.441802,   34.976126,        1.72,
 139.446306,   34.976126,        1.69,
 139.450811,   34.976126,        1.66,
 139.455315,   34.976126,        1.63,
 139.459820,   34.976126,        1.60,
 139.464324,   34.976126,        1.57,
 139.468829,   34.976126,        1.54,
 139.473333,   34.976126,        1.51,
 139.477838,   34.976126,        1.49,
 139.482342,   34.976126,        1.46,
 139.486847,   34.976126,        1.44,
 139.491351,   34.976126,        1.42,
 139.495856,   34.976126,        1.41,
 139.500360,   34.976126,        1.40,
 139.504865,   34.976126,        1.39,
 139.509369,   34.976126,        1.38,
 139.513874,   34.976126,        1.37,
 139.518378,   34.976126,        1.37,
 139.522883,   34.976126,        1.38,
 139.527387,   34.976126,        1.39,
 139.531892,   34.976126,        1.40,
 139.536396,   34.976126,        1.42,
 139.540901,   34.976126,        1.45,
 139.545405,   34.976126,        1.52,
 139.549910,   34.976126,        1.58,
 139.554414,   34.976126,        1.65,
 139.558919,   34.976126,        1.73,
 139.563423,   34.976126,        1.79,
 139.567928,   34.976126,        1.86,
 139.572432,   34.976126,        1.94,
 139.576937,   34.976126,        2.01,
 139.581441,   34.976126,        2.07,
 139.585946,   34.976126,        2.10,
 139.590450,   34.976126,        2.13,
 139.594955,   34.976126,        2.16,
 139.599459,   34.976126,        2.16,
 139.603964,   34.976126,        2.16,
 139.608468,   34.976126,        2.15,
 139.612973,   34.976126,        2.11,
 139.617477,   34.976126,        2.05,
 139.621982,   34.976126,        1.96,
 139.626486,   34.976126,        1.85,
 139.630991,   34.976126,        1.75,
 139.635495,   34.976126,        1.66,
 139.640000,   34.976126,        1.53,
 139.644505,   34.976126,        1.44,
 139.649009,   34.976126,        1.41,
 139.653514,   34.976126,        1.39,
 139.658018,   34.976126,        1.39,
 139.662523,   34.976126,        1.43,
 139.667027,   34.976126,        1.49,
 139.671532,   34.976126,        1.56,
 139.676036,   34.976126,        1.61,
 139.680541,   34.976126,        1.66,
 139.685045,   34.976126,        1.75,
 139.689550,   34.976126,        1.83,
 139.694054,   34.976126,        1.90,
 139.698559,   34.976126,        1.93,
 139.703063,   34.976126,        1.95,
 139.707568,   34.976126,        1.99,
 139.712072,   34.976126,        2.02,
 139.716577,   34.976126,        2.01,
 139.721081,   34.976126,        2.07,
 139.725586,   34.976126,        2.07,
 139.730090,   34.976126,        2.13,
 139.734595,   34.976126,        2.22,
 139.739099,   34.976126,        2.28,
 139.743604,   34.976126,        2.34,
 139.748108,   34.976126,        2.33,
 139.752613,   34.976126,        2.31,
 139.757117,   34.976126,        2.59,
 139.761622,   34.976126,        2.99,
 139.766126,   34.976126,        3.34,
 139.770631,   34.976126,        3.57,
 139.775135,   34.976126,        3.63,
 139.779640,   34.976126,        3.61,
 139.784144,   34.976126,        3.58,
 139.788649,   34.976126,        3.55,
 139.793153,   34.976126,        3.55,
 139.797658,   34.976126,        3.56,
 139.802162,   34.976126,        3.54,
 139.806667,   34.976126,        3.54,
 139.811171,   34.976126,        3.56,
 139.815676,   34.976126,        3.57,
 139.820180,   34.976126,        3.61,
 139.824685,   34.976126,        3.70,
 139.829189,   34.976126,        3.82,
 139.833694,   34.976126,        3.96,
 139.838198,   34.976126,        4.13,
 139.842703,   34.976126,        4.30,
 139.847207,   34.976126,        4.47,
 139.851712,   34.976126,        4.59,
 139.856216,   34.976126,        4.65,
 139.860721,   34.976126,        4.68,
 139.865225,   34.976126,        4.69,
 139.869730,   34.976126,        4.66,
 139.874234,   34.976126,        4.62,
 139.878739,   34.976126,        4.55,
 139.883243,   34.976126,        4.47,
 139.887748,   34.976126,        4.38,
 139.892252,   34.976126,        4.29,
 139.896757,   34.976126,        4.19,
 139.901261,   34.976126,        4.09,
 139.905766,   34.976126,        3.98,
 139.910270,   34.976126,        3.88,
 139.914775,   34.976126,        3.78,
 139.919279,   34.976126,        3.67,
 139.923784,   34.976126,        3.57,
 139.928288,   34.976126,        3.46,
 139.932793,   34.976126,        3.36,
 139.937297,   34.976126,        3.25,
 139.941802,   34.976126,        3.14,
 139.946306,   34.976126,        3.03,
 139.950811,   34.976126,        2.91,
 139.955315,   34.976126,        2.80,
 139.959820,   34.976126,        2.67,
 139.964324,   34.976126,        2.53,
 139.968829,   34.976126,        2.47,
 139.973333,   34.976126,        2.41,
 139.977838,   34.976126,        2.36,
 139.982342,   34.976126,        2.31,
 139.986847,   34.976126,        2.26,
 139.991351,   34.976126,        2.20,
 139.995856,   34.976126,        2.12,
 140.000360,   34.976126,        2.05,
 140.004865,   34.976126,        1.97,
 140.009369,   34.976126,        1.90,
 140.013874,   34.976126,        1.82,
 140.018378,   34.976126,        1.77,
 140.022883,   34.976126,        1.73,
 140.027387,   34.976126,        1.69,
 140.031892,   34.976126,        1.67,
 140.036396,   34.976126,        1.65,
 140.040901,   34.976126,        1.64,
 140.045405,   34.976126,        1.64,
 140.049910,   34.976126,        1.64,
 140.054414,   34.976126,        1.64,
 140.058919,   34.976126,        1.63,
 140.063423,   34.976126,        1.62,
 140.067928,   34.976126,        1.61,
 140.072432,   34.976126,        1.59,
 140.076937,   34.976126,        1.57,
 140.081441,   34.976126,        1.55,
 140.085946,   34.976126,        1.51,
 140.090450,   34.976126,        1.46,
 140.094955,   34.976126,        1.41,
 140.099459,   34.976126,        1.34,
 140.103964,   34.976126,        1.28,
 140.108468,   34.976126,        1.22,
 140.112973,   34.976126,        1.16,
 140.117477,   34.976126,        1.11,
 140.121982,   34.976126,        1.06,
 140.126486,   34.976126,        1.01,
 140.130991,   34.976126,        0.97,
 140.135495,   34.976126,        0.94,
 140.140000,   34.976126,        0.90,
 140.144505,   34.976126,        0.86,
 140.149009,   34.976126,        0.82,
 140.153514,   34.976126,        0.77,
 140.158018,   34.976126,        0.73,
 140.162523,   34.976126,        0.68,
 140.167027,   34.976126,        0.63,
 140.171532,   34.976126,        0.59,
 140.176036,   34.976126,        0.55,
 140.180541,   34.976126,        0.52,
 140.185045,   34.976126,        0.49,
 140.189550,   34.976126,        0.46,
 140.194054,   34.976126,        0.46,
 140.198559,   34.976126,        0.46,
 140.203063,   34.976126,        0.48,
 140.207568,   34.976126,        0.47,
 140.212072,   34.976126,        0.45,
 140.216577,   34.976126,        0.42,
 140.221081,   34.976126,        0.38,
 140.225586,   34.976126,        0.33,
 140.230090,   34.976126,        0.27,
 140.234595,   34.976126,        0.20,
 140.239099,   34.976126,        0.13,
 140.243604,   34.976126,        0.05,
 140.248108,   34.976126,        0.01,
 140.252613,   34.976126,        0.00,
 140.257117,   34.976126,        0.00,
 140.261622,   34.976126,        0.00,
 140.266126,   34.976126,        0.00,
 140.270631,   34.976126,        0.00,
 140.275135,   34.976126,        0.00,
 140.279640,   34.976126,        0.00,
 140.284144,   34.976126,        0.01,
 140.288649,   34.976126,        0.02,
 140.293153,   34.976126,        0.03,
 140.297658,   34.976126,       -0.00,
 140.302162,   34.976126,       -0.02,
 140.306667,   34.976126,       -0.03,
 140.311171,   34.976126,       -0.05,
 140.315676,   34.976126,       -0.07,
 140.320180,   34.976126,       -0.09,
 140.324685,   34.976126,       -0.11,
 140.329189,   34.976126,       -0.13,
 140.333694,   34.976126,       -0.15,
 140.338198,   34.976126,       -0.17,
 140.342703,   34.976126,       -0.19,
 140.347207,   34.976126,       -0.22,
 140.351712,   34.976126,       -0.24,
 140.356216,   34.976126,       -0.26,
 140.360721,   34.976126,       -0.29,
 140.365225,   34.976126,       -0.31,
 140.369730,   34.976126,       -0.34,
 140.374234,   34.976126,       -0.38,
 140.378739,   34.976126,       -0.43,
 140.383243,   34.976126,       -0.43,
 140.387748,   34.976126,       -0.42,
 139.140000,   34.980631,       -1.50,
 139.144505,   34.980631,       -1.24,
 139.149009,   34.980631,       -0.97,
 139.153514,   34.980631,       -0.70,
 139.158018,   34.980631,       -0.44,
 139.162523,   34.980631,       -0.20,
 139.167027,   34.980631,        0.04,
 139.171532,   34.980631,        0.26,
 139.176036,   34.980631,        0.47,
 139.180541,   34.980631,        0.67,
 139.185045,   34.980631,        0.87,
 139.189550,   34.980631,        1.05,
 139.194054,   34.980631,        1.22,
 139.198559,   34.980631,        1.38,
 139.203063,   34.980631,        1.46,
 139.207568,   34.980631,        1.40,
 139.212072,   34.980631,        1.31,
 139.216577,   34.980631,        1.23,
 139.221081,   34.980631,        1.16,
 139.225586,   34.980631,        1.09,
 139.230090,   34.980631,        1.03,
 139.234595,   34.980631,        0.99,
 139.239099,   34.980631,        1.02,
 139.243604,   34.980631,        1.05,
 139.248108,   34.980631,        1.09,
 139.252613,   34.980631,        1.12,
 139.257117,   34.980631,        1.14,
 139.261622,   34.980631,        1.14,
 139.266126,   34.980631,        1.11,
 139.270631,   34.980631,        1.07,
 139.275135,   34.980631,        1.04,
 139.279640,   34.980631,        1.02,
 139.284144,   34.980631,        1.01,
 139.288649,   34.980631,        1.00,
 139.293153,   34.980631,        1.00,
 139.297658,   34.980631,        1.03,
 139.302162,   34.980631,        1.11,
 139.306667,   34.980631,        1.22,
 139.311171,   34.980631,        1.34,
 139.315676,   34.980631,        1.45,
 139.320180,   34.980631,        1.55,
 139.324685,   34.980631,        1.65,
 139.329189,   34.980631,        1.74,
 139.333694,   34.980631,        1.84,
 139.338198,   34.980631,        1.94,
 139.342703,   34.980631,        2.03,
 139.347207,   34.980631,        2.12,
 139.351712,   34.980631,        2.18,
 139.356216,   34.980631,        2.22,
 139.360721,   34.980631,        2.22,
 139.365225,   34.980631,        2.21,
 139.369730,   34.980631,        2.18,
 139.374234,   34.980631,        2.16,
 139.378739,   34.980631,        2.14,
 139.383243,   34.980631,        2.11,
 139.387748,   34.980631,        2.09,
 139.392252,   34.980631,        2.08,
 139.396757,   34.980631,        2.07,
 139.401261,   34.980631,        2.06,
 139.405766,   34.980631,        2.04,
 139.410270,   34.980631,        2.01,
 139.414775,   34.980631,        1.99,
 139.419279,   34.980631,        1.96,
 139.423784,   34.980631,        1.93,
 139.428288,   34.980631,        1.90,
 139.432793,   34.980631,        1.87,
 139.437297,   34.980631,        1.83,
 139.441802,   34.980631,        1.80,
 139.446306,   34.980631,        1.77,
 139.450811,   34.980631,        1.74,
 139.455315,   34.980631,        1.71,
 139.459820,   34.980631,        1.69,
 139.464324,   34.980631,        1.66,
 139.468829,   34.980631,        1.63,
 139.473333,   34.980631,        1.60,
 139.477838,   34.980631,        1.58,
 139.482342,   34.980631,        1.55,
 139.486847,   34.980631,        1.53,
 139.491351,   34.980631,        1.51,
 139.495856,   34.980631,        1.50,
 139.500360,   34.980631,        1.49,
 139.504865,   34.980631,        1.47,
 139.509369,   34.980631,        1.46,
 139.513874,   34.980631,        1.45,
 139.518378,   34.980631,        1.46,
 139.522883,   34.980631,        1.48,
 139.527387,   34.980631,        1.51,
 139.531892,   34.980631,        1.52,
 139.536396,   34.980631,        1.51,
 139.540901,   34.980631,        1.58,
 139.545405,   34.980631,        1.66,
 139.549910,   34.980631,        1.74,
 139.554414,   34.980631,        1.81,
 139.558919,   34.980631,        1.88,
 139.563423,   34.980631,        1.96,
 139.567928,   34.980631,        2.04,
 139.572432,   34.980631,        2.12,
 139.576937,   34.980631,        2.19,
 139.581441,   34.980631,        2.23,
 139.585946,   34.980631,        2.27,
 139.590450,   34.980631,        2.30,
 139.594955,   34.980631,        2.31,
 139.599459,   34.980631,        2.32,
 139.603964,   34.980631,        2.31,
 139.608468,   34.980631,        2.29,
 139.612973,   34.980631,        2.25,
 139.617477,   34.980631,        2.19,
 139.621982,   34.980631,        2.10,
 139.626486,   34.980631,        1.99,
 139.630991,   34.980631,        1.86,
 139.635495,   34.980631,        1.73,
 139.640000,   34.980631,        1.60,
 139.644505,   34.980631,        1.51,
 139.649009,   34.980631,        1.46,
 139.653514,   34.980631,        1.44,
 139.658018,   34.980631,        1.41,
 139.662523,   34.980631,        1.42,
 139.667027,   34.980631,        1.51,
 139.671532,   34.980631,        1.58,
 139.676036,   34.980631,        1.66,
 139.680541,   34.980631,        1.78,
 139.685045,   34.980631,        1.86,
 139.689550,   34.980631,        1.91,
 139.694054,   34.980631,        1.95,
 139.698559,   34.980631,        2.03,
 139.703063,   34.980631,        2.11,
 139.707568,   34.980631,        2.21,
 139.712072,   34.980631,        2.28,
 139.716577,   34.980631,        2.37,
 139.721081,   34.980631,        2.44,
 139.725586,   34.980631,        2.48,
 139.730090,   34.980631,        2.55,
 139.734595,   34.980631,        2.64,
 139.739099,   34.980631,        2.68,
 139.743604,   34.980631,        2.70,
 139.748108,   34.980631,        2.70,
 139.752613,   34.980631,        2.98,
 139.757117,   34.980631,        3.29,
 139.761622,   34.980631,        3.60,
 139.766126,   34.980631,        3.89,
 139.770631,   34.980631,        4.16,
 139.775135,   34.980631,        4.13,
 139.779640,   34.980631,        4.04,
 139.784144,   34.980631,        3.90,
 139.788649,   34.980631,        3.78,
 139.793153,   34.980631,        3.76,
 139.797658,   34.980631,        3.73,
 139.802162,   34.980631,        3.73,
 139.806667,   34.980631,        3.75,
 139.811171,   34.980631,        3.77,
 139.815676,   34.980631,        3.78,
 139.820180,   34.980631,        3.78,
 139.824685,   34.980631,        3.84,
 139.829189,   34.980631,        3.96,
 139.833694,   34.980631,        4.10,
 139.838198,   34.980631,        4.27,
 139.842703,   34.980631,        4.45,
 139.847207,   34.980631,        4.64,
 139.851712,   34.980631,        4.77,
 139.856216,   34.980631,        4.84,
 139.860721,   34.980631,        4.86,
 139.865225,   34.980631,        4.85,
 139.869730,   34.980631,        4.82,
 139.874234,   34.980631,        4.75,
 139.878739,   34.980631,        4.66,
 139.883243,   34.980631,        4.56,
 139.887748,   34.980631,        4.46,
 139.892252,   34.980631,        4.36,
 139.896757,   34.980631,        4.25,
 139.901261,   34.980631,        4.14,
 139.905766,   34.980631,        4.04,
 139.910270,   34.980631,        3.93,
 139.914775,   34.980631,        3.83,
 139.919279,   34.980631,        3.72,
 139.923784,   34.980631,        3.61,
 139.928288,   34.980631,        3.50,
 139.932793,   34.980631,        3.40,
 139.937297,   34.980631,        3.29,
 139.941802,   34.980631,        3.17,
 139.946306,   34.980631,        3.06,
 139.950811,   34.980631,        2.95,
 139.955315,   34.980631,        2.83,
 139.959820,   34.980631,        2.70,
 139.964324,   34.980631,        2.56,
 139.968829,   34.980631,        2.48,
 139.973333,   34.980631,        2.42,
 139.977838,   34.980631,        2.37,
 139.982342,   34.980631,        2.32,
 139.986847,   34.980631,        2.27,
 139.991351,   34.980631,        2.22,
 139.995856,   34.980631,        2.15,
 140.000360,   34.980631,        2.08,
 140.004865,   34.980631,        2.00,
 140.009369,   34.980631,        1.93,
 140.013874,   34.980631,        1.86,
 140.018378,   34.980631,        1.79,
 140.022883,   34.980631,        1.75,
 140.027387,   34.980631,        1.71,
 140.031892,   34.980631,        1.67,
 140.036396,   34.980631,        1.66,
 140.040901,   34.980631,        1.64,
 140.045405,   34.980631,        1.63,
 140.049910,   34.980631,        1.63,
 140.054414,   34.980631,        1.62,
 140.058919,   34.980631,        1.62,
 140.063423,   34.980631,        1.61,
 140.067928,   34.980631,        1.61,
 140.072432,   34.980631,        1.59,
 140.076937,   34.980631,        1.57,
 140.081441,   34.980631,        1.56,
 140.085946,   34.980631,        1.52,
 140.090450,   34.980631,        1.48,
 140.094955,   34.980631,        1.43,
 140.099459,   34.980631,        1.37,
 140.103964,   34.980631,        1.31,
 140.108468,   34.980631,        1.25,
 140.112973,   34.980631,        1.20,
 140.117477,   34.980631,        1.15,
 140.121982,   34.980631,        1.10,
 140.126486,   34.980631,        1.05,
 140.130991,   34.980631,        1.01,
 140.135495,   34.980631,        0.98,
 140.140000,   34.980631,        0.94,
 140.144505,   34.980631,        0.90,
 140.149009,   34.980631,        0.86,
 140.153514,   34.980631,        0.81,
 140.158018,   34.980631,        0.77,
 140.162523,   34.980631,        0.72,
 140.167027,   34.980631,        0.68,
 140.171532,   34.980631,        0.65,
 140.176036,   34.980631,        0.62,
 140.180541,   34.980631,        0.59,
 140.185045,   34.980631,        0.56,
 140.189550,   34.980631,        0.54,
 140.194054,   34.980631,        0.52,
 140.198559,   34.980631,        0.50,
 140.203063,   34.980631,        0.49,
 140.207568,   34.980631,        0.49,
 140.212072,   34.980631,        0.47,
 140.216577,   34.980631,        0.43,
 140.221081,   34.980631,        0.39,
 140.225586,   34.980631,        0.34,
 140.230090,   34.980631,        0.28,
 140.234595,   34.980631,        0.22,
 140.239099,   34.980631,        0.14,
 140.243604,   34.980631,        0.06,
 140.248108,   34.980631,        0.02,
 140.252613,   34.980631,        0.01,
 140.257117,   34.980631,        0.01,
 140.261622,   34.980631,        0.00,
 140.266126,   34.980631,        0.00,
 140.270631,   34.980631,        0.00,
 140.275135,   34.980631,        0.01,
 140.279640,   34.980631,        0.02,
 140.284144,   34.980631,        0.03,
 140.288649,   34.980631,        0.05,
 140.293153,   34.980631,        0.07,
 140.297658,   34.980631,        0.05,
 140.302162,   34.980631,       -0.00,
 140.306667,   34.980631,       -0.02,
 140.311171,   34.980631,       -0.04,
 140.315676,   34.980631,       -0.06,
 140.320180,   34.980631,       -0.08,
 140.324685,   34.980631,       -0.10,
 140.329189,   34.980631,       -0.12,
 140.333694,   34.980631,       -0.14,
 140.338198,   34.980631,       -0.16,
 140.342703,   34.980631,       -0.18,
 140.347207,   34.980631,       -0.21,
 140.351712,   34.980631,       -0.23,
 140.356216,   34.980631,       -0.25,
 140.360721,   34.980631,       -0.28,
 140.365225,   34.980631,       -0.31,
 140.369730,   34.980631,       -0.36,
 140.374234,   34.980631,       -0.37,
 140.378739,   34.980631,       -0.37,
 140.383243,   34.980631,       -0.37,
 140.387748,   34.980631,       -0.36,
 139.140000,   34.985135,       -1.55,
 139.144505,   34.985135,       -1.41,
 139.149009,   34.985135,       -1.22,
 139.153514,   34.985135,       -0.95,
 139.158018,   34.985135,       -0.69,
 139.162523,   34.985135,       -0.44,
 139.167027,   34.985135,       -0.21,
 139.171532,   34.985135,        0.02,
 139.176036,   34.985135,        0.24,
 139.180541,   34.985135,        0.45,
 139.185045,   34.985135,        0.64,
 139.189550,   34.985135,        0.83,
 139.194054,   34.985135,        1.00,
 139.198559,   34.985135,        1.17,
 139.203063,   34.985135,        1.32,
 139.207568,   34.985135,        1.45,
 139.212072,   34.985135,        1.42,
 139.216577,   34.985135,        1.34,
 139.221081,   34.985135,        1.26,
 139.225586,   34.985135,        1.20,
 139.230090,   34.985135,        1.13,
 139.234595,   34.985135,        1.16,
 139.239099,   34.985135,        1.18,
 139.243604,   34.985135,        1.21,
 139.248108,   34.985135,        1.24,
 139.252613,   34.985135,        1.29,
 139.257117,   34.985135,        1.32,
 139.261622,   34.985135,        1.33,
 139.266126,   34.985135,        1.31,
 139.270631,   34.985135,        1.30,
 139.275135,   34.985135,        1.30,
 139.279640,   34.985135,        1.30,
 139.284144,   34.985135,        1.32,
 139.288649,   34.985135,        1.33,
 139.293153,   34.985135,        1.37,
 139.297658,   34.985135,        1.43,
 139.302162,   34.985135,        1.50,
 139.306667,   34.985135,        1.59,
 139.311171,   34.985135,        1.68,
 139.315676,   34.985135,        1.76,
 139.320180,   34.985135,        1.85,
 139.324685,   34.985135,        1.93,
 139.329189,   34.985135,        2.01,
 139.333694,   34.985135,        2.10,
 139.338198,   34.985135,        2.19,
 139.342703,   34.985135,        2.29,
 139.347207,   34.985135,        2.39,
 139.351712,   34.985135,        2.46,
 139.356216,   34.985135,        2.49,
 139.360721,   34.985135,        2.46,
 139.365225,   34.985135,        2.43,
 139.369730,   34.985135,        2.39,
 139.374234,   34.985135,        2.36,
 139.378739,   34.985135,        2.33,
 139.383243,   34.985135,        2.30,
 139.387748,   34.985135,        2.27,
 139.392252,   34.985135,        2.25,
 139.396757,   34.985135,        2.23,
 139.401261,   34.985135,        2.21,
 139.405766,   34.985135,        2.17,
 139.410270,   34.985135,        2.13,
 139.414775,   34.985135,        2.10,
 139.419279,   34.985135,        2.07,
 139.423784,   34.985135,        2.03,
 139.428288,   34.985135,        2.00,
 139.432793,   34.985135,        1.96,
 139.437297,   34.985135,        1.92,
 139.441802,   34.985135,        1.89,
 139.446306,   34.985135,        1.85,
 139.450811,   34.985135,        1.82,
 139.455315,   34.985135,        1.79,
 139.459820,   34.985135,        1.77,
 139.464324,   34.985135,        1.75,
 139.468829,   34.985135,        1.72,
 139.473333,   34.985135,        1.70,
 139.477838,   34.985135,        1.67,
 139.482342,   34.985135,        1.65,
 139.486847,   34.985135,        1.63,
 139.491351,   34.985135,        1.61,
 139.495856,   34.985135,        1.59,
 139.500360,   34.985135,        1.59,
 139.504865,   34.985135,        1.57,
 139.509369,   34.985135,        1.56,
 139.513874,   34.985135,        1.53,
 139.518378,   34.985135,        1.58,
 139.522883,   34.985135,        1.63,
 139.527387,   34.985135,        1.67,
 139.531892,   34.985135,        1.69,
 139.536396,   34.985135,        1.73,
 139.540901,   34.985135,        1.78,
 139.545405,   34.985135,        1.85,
 139.549910,   34.985135,        1.91,
 139.554414,   34.985135,        1.97,
 139.558919,   34.985135,        2.05,
 139.563423,   34.985135,        2.13,
 139.567928,   34.985135,        2.22,
 139.572432,   34.985135,        2.30,
 139.576937,   34.985135,        2.37,
 139.581441,   34.985135,        2.42,
 139.585946,   34.985135,        2.46,
 139.590450,   34.985135,        2.48,
 139.594955,   34.985135,        2.49,
 139.599459,   34.985135,        2.48,
 139.603964,   34.985135,        2.48,
 139.608468,   34.985135,        2.46,
 139.612973,   34.985135,        2.42,
 139.617477,   34.985135,        2.36,
 139.621982,   34.985135,        2.27,
 139.626486,   34.985135,        2.16,
 139.630991,   34.985135,        2.02,
 139.635495,   34.985135,        1.86,
 139.640000,   34.985135,        1.74,
 139.644505,   34.985135,        1.70,
 139.649009,   34.985135,        1.62,
 139.653514,   34.985135,        1.59,
 139.658018,   34.985135,        1.62,
 139.662523,   34.985135,        1.65,
 139.667027,   34.985135,        1.69,
 139.671532,   34.985135,        1.74,
 139.676036,   34.985135,        1.87,
 139.680541,   34.985135,        1.97,
 139.685045,   34.985135,        2.04,
 139.689550,   34.985135,        2.15,
 139.694054,   34.985135,        2.27,
 139.698559,   34.985135,        2.32,
 139.703063,   34.985135,        2.42,
 139.707568,   34.985135,        2.59,
 139.712072,   34.985135,        2.69,
 139.716577,   34.985135,        2.88,
 139.721081,   34.985135,        2.94,
 139.725586,   34.985135,        3.06,
 139.730090,   34.985135,        3.14,
 139.734595,   34.985135,        3.12,
 139.739099,   34.985135,        3.25,
 139.743604,   34.985135,        3.32,
 139.748108,   34.985135,        3.45,
 139.752613,   34.985135,        3.76,
 139.757117,   34.985135,        4.07,
 139.761622,   34.985135,        4.33,
 139.766126,   34.985135,        4.58,
 139.770631,   34.985135,        4.72,
 139.775135,   34.985135,        4.64,
 139.779640,   34.985135,        4.50,
 139.784144,   34.985135,        4.31,
 139.788649,   34.985135,        4.01,
 139.793153,   34.985135,        3.94,
 139.797658,   34.985135,        3.88,
 139.802162,   34.985135,        3.80,
 139.806667,   34.985135,        3.84,
 139.811171,   34.985135,        3.87,
 139.815676,   34.985135,        3.89,
 139.820180,   34.985135,        3.89,
 139.824685,   34.985135,        3.95,
 139.829189,   34.985135,        4.06,
 139.833694,   34.985135,        4.20,
 139.838198,   34.985135,        4.38,
 139.842703,   34.985135,        4.58,
 139.847207,   34.985135,        4.79,
 139.851712,   34.985135,        4.97,
 139.856216,   34.985135,        5.03,
 139.860721,   34.985135,        5.05,
 139.865225,   34.985135,        5.02,
 139.869730,   34.985135,        4.95,
 139.874234,   34.985135,        4.85,
 139.878739,   34.985135,        4.75,
 139.883243,   34.985135,        4.64,
 139.887748,   34.985135,        4.52,
 139.892252,   34.985135,        4.41,
 139.896757,   34.985135,        4.30,
 139.901261,   34.985135,        4.19,
 139.905766,   34.985135,        4.08,
 139.910270,   34.985135,        3.97,
 139.914775,   34.985135,        3.87,
 139.919279,   34.985135,        3.76,
 139.923784,   34.985135,        3.65,
 139.928288,   34.985135,        3.54,
 139.932793,   34.985135,        3.43,
 139.937297,   34.985135,        3.32,
 139.941802,   34.985135,        3.21,
 139.946306,   34.985135,        3.09,
 139.950811,   34.985135,        2.98,
 139.955315,   34.985135,        2.86,
 139.959820,   34.985135,        2.74,
 139.964324,   34.985135,        2.60,
 139.968829,   34.985135,        2.48,
 139.973333,   34.985135,        2.43,
 139.977838,   34.985135,        2.38,
 139.982342,   34.985135,        2.34,
 139.986847,   34.985135,        2.29,
 139.991351,   34.985135,        2.24,
 139.995856,   34.985135,        2.19,
 140.000360,   34.985135,        2.11,
 140.004865,   34.985135,        2.04,
 140.009369,   34.985135,        1.96,
 140.013874,   34.985135,        1.89,
 140.018378,   34.985135,        1.82,
 140.022883,   34.985135,        1.77,
 140.027387,   34.985135,        1.73,
 140.031892,   34.985135,        1.69,
 140.036396,   34.985135,        1.66,
 140.040901,   34.985135,        1.64,
 140.045405,   34.985135,        1.63,
 140.049910,   34.985135,        1.62,
 140.054414,   34.985135,        1.61,
 140.058919,   34.985135,        1.61,
 140.063423,   34.985135,        1.60,
 140.067928,   34.985135,        1.59,
 140.072432,   34.985135,        1.58,
 140.076937,   34.985135,        1.57,
 140.081441,   34.985135,        1.55,
 140.085946,   34.985135,        1.52,
 140.090450,   34.985135,        1.49,
 140.094955,   34.985135,        1.44,
 140.099459,   34.985135,        1.39,
 140.103964,   34.985135,        1.34,
 140.108468,   34.985135,        1.29,
 140.112973,   34.985135,        1.23,
 140.117477,   34.985135,        1.18,
 140.121982,   34.985135,        1.14,
 140.126486,   34.985135,        1.09,
 140.130991,   34.985135,        1.05,
 140.135495,   34.985135,        1.01,
 140.140000,   34.985135,        0.98,
 140.144505,   34.985135,        0.94,
 140.149009,   34.985135,        0.90,
 140.153514,   34.985135,        0.85,
 140.158018,   34.985135,        0.81,
 140.162523,   34.985135,        0.77,
 140.167027,   34.985135,        0.73,
 140.171532,   34.985135,        0.70,
 140.176036,   34.985135,        0.67,
 140.180541,   34.985135,        0.65,
 140.185045,   34.985135,        0.62,
 140.189550,   34.985135,        0.60,
 140.194054,   34.985135,        0.57,
 140.198559,   34.985135,        0.55,
 140.203063,   34.985135,        0.53,
 140.207568,   34.985135,        0.51,
 140.212072,   34.985135,        0.49,
 140.216577,   34.985135,        0.46,
 140.221081,   34.985135,        0.42,
 140.225586,   34.985135,        0.37,
 140.230090,   34.985135,        0.32,
 140.234595,   34.985135,        0.26,
 140.239099,   34.985135,        0.20,
 140.243604,   34.985135,        0.15,
 140.248108,   34.985135,        0.09,
 140.252613,   34.985135,        0.05,
 140.257117,   34.985135,        0.03,
 140.261622,   34.985135,        0.01,
 140.266126,   34.985135,        0.00,
 140.270631,   34.985135,        0.00,
 140.275135,   34.985135,        0.01,
 140.279640,   34.985135,        0.03,
 140.284144,   34.985135,        0.06,
 140.288649,   34.985135,        0.10,
 140.293153,   34.985135,        0.12,
 140.297658,   34.985135,        0.10,
 140.302162,   34.985135,        0.04,
 140.306667,   34.985135,       -0.01,
 140.311171,   34.985135,       -0.03,
 140.315676,   34.985135,       -0.05,
 140.320180,   34.985135,       -0.07,
 140.324685,   34.985135,       -0.09,
 140.329189,   34.985135,       -0.11,
 140.333694,   34.985135,       -0.13,
 140.338198,   34.985135,       -0.15,
 140.342703,   34.985135,       -0.17,
 140.347207,   34.985135,       -0.19,
 140.351712,   34.985135,       -0.22,
 140.356216,   34.985135,       -0.24,
 140.360721,   34.985135,       -0.28,
 140.365225,   34.985135,       -0.32,
 140.369730,   34.985135,       -0.32,
 140.374234,   34.985135,       -0.32,
 140.378739,   34.985135,       -0.32,
 140.383243,   34.985135,       -0.32,
 140.387748,   34.985135,       -0.31,
 139.140000,   34.989640,       -1.44,
 139.144505,   34.989640,       -1.46,
 139.149009,   34.989640,       -1.32,
 139.153514,   34.989640,       -1.18,
 139.158018,   34.989640,       -0.93,
 139.162523,   34.989640,       -0.68,
 139.167027,   34.989640,       -0.44,
 139.171532,   34.989640,       -0.20,
 139.176036,   34.989640,        0.02,
 139.180541,   34.989640,        0.23,
 139.185045,   34.989640,        0.43,
 139.189550,   34.989640,        0.62,
 139.194054,   34.989640,        0.80,
 139.198559,   34.989640,        0.97,
 139.203063,   34.989640,        1.12,
 139.207568,   34.989640,        1.27,
 139.212072,   34.989640,        1.41,
 139.216577,   34.989640,        1.44,
 139.221081,   34.989640,        1.36,
 139.225586,   34.989640,        1.29,
 139.230090,   34.989640,        1.29,
 139.234595,   34.989640,        1.30,
 139.239099,   34.989640,        1.32,
 139.243604,   34.989640,        1.35,
 139.248108,   34.989640,        1.39,
 139.252613,   34.989640,        1.43,
 139.257117,   34.989640,        1.49,
 139.261622,   34.989640,        1.52,
 139.266126,   34.989640,        1.52,
 139.270631,   34.989640,        1.54,
 139.275135,   34.989640,        1.57,
 139.279640,   34.989640,        1.61,
 139.284144,   34.989640,        1.65,
 139.288649,   34.989640,        1.69,
 139.293153,   34.989640,        1.75,
 139.297658,   34.989640,        1.82,
 139.302162,   34.989640,        1.89,
 139.306667,   34.989640,        1.95,
 139.311171,   34.989640,        2.01,
 139.315676,   34.989640,        2.07,
 139.320180,   34.989640,        2.14,
 139.324685,   34.989640,        2.20,
 139.329189,   34.989640,        2.27,
 139.333694,   34.989640,        2.35,
 139.338198,   34.989640,        2.43,
 139.342703,   34.989640,        2.53,
 139.347207,   34.989640,        2.62,
 139.351712,   34.989640,        2.73,
 139.356216,   34.989640,        2.73,
 139.360721,   34.989640,        2.67,
 139.365225,   34.989640,        2.62,
 139.369730,   34.989640,        2.57,
 139.374234,   34.989640,        2.53,
 139.378739,   34.989640,        2.49,
 139.383243,   34.989640,        2.46,
 139.387748,   34.989640,        2.43,
 139.392252,   34.989640,        2.41,
 139.396757,   34.989640,        2.38,
 139.401261,   34.989640,        2.35,
 139.405766,   34.989640,        2.30,
 139.410270,   34.989640,        2.26,
 139.414775,   34.989640,        2.22,
 139.419279,   34.989640,        2.18,
 139.423784,   34.989640,        2.15,
 139.428288,   34.989640,        2.11,
 139.432793,   34.989640,        2.07,
 139.437297,   34.989640,        2.03,
 139.441802,   34.989640,        1.98,
 139.446306,   34.989640,        1.94,
 139.450811,   34.989640,        1.90,
 139.455315,   34.989640,        1.88,
 139.459820,   34.989640,        1.87,
 139.464324,   34.989640,        1.85,
 139.468829,   34.989640,        1.83,
 139.473333,   34.989640,        1.81,
 139.477838,   34.989640,        1.78,
 139.482342,   34.989640,        1.75,
 139.486847,   34.989640,        1.72,
 139.491351,   34.989640,        1.71,
 139.495856,   34.989640,        1.71,
 139.500360,   34.989640,        1.71,
 139.504865,   34.989640,        1.72,
 139.509369,   34.989640,        1.71,
 139.513874,   34.989640,        1.74,
 139.518378,   34.989640,        1.78,
 139.522883,   34.989640,        1.82,
 139.527387,   34.989640,        1.86,
 139.531892,   34.989640,        1.90,
 139.536396,   34.989640,        1.95,
 139.540901,   34.989640,        2.00,
 139.545405,   34.989640,        2.06,
 139.549910,   34.989640,        2.12,
 139.554414,   34.989640,        2.17,
 139.558919,   34.989640,        2.23,
 139.563423,   34.989640,        2.33,
 139.567928,   34.989640,        2.41,
 139.572432,   34.989640,        2.50,
 139.576937,   34.989640,        2.58,
 139.581441,   34.989640,        2.64,
 139.585946,   34.989640,        2.70,
 139.590450,   34.989640,        2.72,
 139.594955,   34.989640,        2.74,
 139.599459,   34.989640,        2.76,
 139.603964,   34.989640,        2.75,
 139.608468,   34.989640,        2.72,
 139.612973,   34.989640,        2.65,
 139.617477,   34.989640,        2.56,
 139.621982,   34.989640,        2.47,
 139.626486,   34.989640,        2.40,
 139.630991,   34.989640,        2.29,
 139.635495,   34.989640,        2.14,
 139.640000,   34.989640,        2.05,
 139.644505,   34.989640,        2.01,
 139.649009,   34.989640,        1.97,
 139.653514,   34.989640,        1.95,
 139.658018,   34.989640,        1.95,
 139.662523,   34.989640,        1.94,
 139.667027,   34.989640,        2.07,
 139.671532,   34.989640,        2.19,
 139.676036,   34.989640,        2.27,
 139.680541,   34.989640,        2.36,
 139.685045,   34.989640,        2.49,
 139.689550,   34.989640,        2.61,
 139.694054,   34.989640,        2.68,
 139.698559,   34.989640,        2.84,
 139.703063,   34.989640,        3.03,
 139.707568,   34.989640,        3.22,
 139.712072,   34.989640,        3.50,
 139.716577,   34.989640,        3.71,
 139.721081,   34.989640,        3.82,
 139.725586,   34.989640,        3.85,
 139.730090,   34.989640,        3.91,
 139.734595,   34.989640,        4.00,
 139.739099,   34.989640,        4.08,
 139.743604,   34.989640,        4.13,
 139.748108,   34.989640,        4.26,
 139.752613,   34.989640,        4.63,
 139.757117,   34.989640,        4.95,
 139.761622,   34.989640,        5.13,
 139.766126,   34.989640,        5.28,
 139.770631,   34.989640,        5.34,
 139.775135,   34.989640,        5.19,
 139.779640,   34.989640,        5.00,
 139.784144,   34.989640,        4.79,
 139.788649,   34.989640,        4.50,
 139.793153,   34.989640,        4.24,
 139.797658,   34.989640,        4.13,
 139.802162,   34.989640,        4.01,
 139.806667,   34.989640,        3.93,
 139.811171,   34.989640,        3.94,
 139.815676,   34.989640,        3.94,
 139.820180,   34.989640,        3.94,
 139.824685,   34.989640,        3.94,
 139.829189,   34.989640,        4.08,
 139.833694,   34.989640,        4.25,
 139.838198,   34.989640,        4.44,
 139.842703,   34.989640,        4.66,
 139.847207,   34.989640,        4.90,
 139.851712,   34.989640,        5.16,
 139.856216,   34.989640,        5.24,
 139.860721,   34.989640,        5.23,
 139.865225,   34.989640,        5.18,
 139.869730,   34.989640,        5.06,
 139.874234,   34.989640,        4.94,
 139.878739,   34.989640,        4.81,
 139.883243,   34.989640,        4.69,
 139.887748,   34.989640,        4.58,
 139.892252,   34.989640,        4.46,
 139.896757,   34.989640,        4.35,
 139.901261,   34.989640,        4.24,
 139.905766,   34.989640,        4.12,
 139.910270,   34.989640,        4.01,
 139.914775,   34.989640,        3.90,
 139.919279,   34.989640,        3.79,
 139.923784,   34.989640,        3.68,
 139.928288,   34.989640,        3.57,
 139.932793,   34.989640,        3.46,
 139.937297,   34.989640,        3.35,
 139.941802,   34.989640,        3.23,
 139.946306,   34.989640,        3.12,
 139.950811,   34.989640,        3.01,
 139.955315,   34.989640,        2.89,
 139.959820,   34.989640,        2.76,
 139.964324,   34.989640,        2.64,
 139.968829,   34.989640,        2.51,
 139.973333,   34.989640,        2.44,
 139.977838,   34.989640,        2.39,
 139.982342,   34.989640,        2.34,
 139.986847,   34.989640,        2.31,
 139.991351,   34.989640,        2.26,
 139.995856,   34.989640,        2.21,
 140.000360,   34.989640,        2.15,
 140.004865,   34.989640,        2.07,
 140.009369,   34.989640,        2.00,
 140.013874,   34.989640,        1.93,
 140.018378,   34.989640,        1.86,
 140.022883,   34.989640,        1.80,
 140.027387,   34.989640,        1.75,
 140.031892,   34.989640,        1.71,
 140.036396,   34.989640,        1.67,
 140.040901,   34.989640,        1.65,
 140.045405,   34.989640,        1.63,
 140.049910,   34.989640,        1.61,
 140.054414,   34.989640,        1.61,
 140.058919,   34.989640,        1.60,
 140.063423,   34.989640,        1.59,
 140.067928,   34.989640,        1.58,
 140.072432,   34.989640,        1.57,
 140.076937,   34.989640,        1.56,
 140.081441,   34.989640,        1.54,
 140.085946,   34.989640,        1.51,
 140.090450,   34.989640,        1.49,
 140.094955,   34.989640,        1.45,
 140.099459,   34.989640,        1.40,
 140.103964,   34.989640,        1.36,
 140.108468,   34.989640,        1.31,
 140.112973,   34.989640,        1.26,
 140.117477,   34.989640,        1.21,
 140.121982,   34.989640,        1.17,
 140.126486,   34.989640,        1.13,
 140.130991,   34.989640,        1.09,
 140.135495,   34.989640,        1.05,
 140.140000,   34.989640,        1.01,
 140.144505,   34.989640,        0.97,
 140.149009,   34.989640,        0.93,
 140.153514,   34.989640,        0.89,
 140.158018,   34.989640,        0.85,
 140.162523,   34.989640,        0.81,
 140.167027,   34.989640,        0.78,
 140.171532,   34.989640,        0.74,
 140.176036,   34.989640,        0.72,
 140.180541,   34.989640,        0.69,
 140.185045,   34.989640,        0.67,
 140.189550,   34.989640,        0.64,
 140.194054,   34.989640,        0.62,
 140.198559,   34.989640,        0.60,
 140.203063,   34.989640,        0.58,
 140.207568,   34.989640,        0.56,
 140.212072,   34.989640,        0.53,
 140.216577,   34.989640,        0.50,
 140.221081,   34.989640,        0.46,
 140.225586,   34.989640,        0.42,
 140.230090,   34.989640,        0.37,
 140.234595,   34.989640,        0.33,
 140.239099,   34.989640,        0.29,
 140.243604,   34.989640,        0.25,
 140.248108,   34.989640,        0.19,
 140.252613,   34.989640,        0.12,
 140.257117,   34.989640,        0.07,
 140.261622,   34.989640,        0.04,
 140.266126,   34.989640,        0.01,
 140.270631,   34.989640,        0.00,
 140.275135,   34.989640,        0.03,
 140.279640,   34.989640,        0.06,
 140.284144,   34.989640,        0.10,
 140.288649,   34.989640,        0.16,
 140.293153,   34.989640,        0.18,
 140.297658,   34.989640,        0.15,
 140.302162,   34.989640,        0.10,
 140.306667,   34.989640,        0.02,
 140.311171,   34.989640,       -0.01,
 140.315676,   34.989640,       -0.03,
 140.320180,   34.989640,       -0.05,
 140.324685,   34.989640,       -0.07,
 140.329189,   34.989640,       -0.09,
 140.333694,   34.989640,       -0.12,
 140.338198,   34.989640,       -0.14,
 140.342703,   34.989640,       -0.16,
 140.347207,   34.989640,       -0.18,
 140.351712,   34.989640,       -0.21,
 140.356216,   34.989640,       -0.25,
 140.360721,   34.989640,       -0.27,
 140.365225,   34.989640,       -0.27,
 140.369730,   34.989640,       -0.28,
 140.374234,   34.989640,       -0.28,
 140.378739,   34.989640,       -0.27,
 140.383243,   34.989640,       -0.27,
 140.387748,   34.989640,       -0.26,
 139.140000,   34.994144,       -1.20,
 139.144505,   34.994144,       -1.23,
 139.149009,   34.994144,       -1.26,
 139.153514,   34.994144,       -1.23,
 139.158018,   34.994144,       -1.09,
 139.162523,   34.994144,       -0.90,
 139.167027,   34.994144,       -0.65,
 139.171532,   34.994144,       -0.42,
 139.176036,   34.994144,       -0.19,
 139.180541,   34.994144,        0.02,
 139.185045,   34.994144,        0.23,
 139.189550,   34.994144,        0.42,
 139.194054,   34.994144,        0.60,
 139.198559,   34.994144,        0.78,
 139.203063,   34.994144,        0.94,
 139.207568,   34.994144,        1.09,
 139.212072,   34.994144,        1.23,
 139.216577,   34.994144,        1.36,
 139.221081,   34.994144,        1.45,
 139.225586,   34.994144,        1.42,
 139.230090,   34.994144,        1.42,
 139.234595,   34.994144,        1.42,
 139.239099,   34.994144,        1.44,
 139.243604,   34.994144,        1.46,
 139.248108,   34.994144,        1.50,
 139.252613,   34.994144,        1.55,
 139.257117,   34.994144,        1.61,
 139.261622,   34.994144,        1.69,
 139.266126,   34.994144,        1.73,
 139.270631,   34.994144,        1.75,
 139.275135,   34.994144,        1.79,
 139.279640,   34.994144,        1.87,
 139.284144,   34.994144,        1.96,
 139.288649,   34.994144,        2.06,
 139.293153,   34.994144,        2.14,
 139.297658,   34.994144,        2.21,
 139.302162,   34.994144,        2.28,
 139.306667,   34.994144,        2.32,
 139.311171,   34.994144,        2.34,
 139.315676,   34.994144,        2.38,
 139.320180,   34.994144,        2.42,
 139.324685,   34.994144,        2.46,
 139.329189,   34.994144,        2.52,
 139.333694,   34.994144,        2.58,
 139.338198,   34.994144,        2.66,
 139.342703,   34.994144,        2.73,
 139.347207,   34.994144,        2.81,
 139.351712,   34.994144,        2.87,
 139.356216,   34.994144,        2.85,
 139.360721,   34.994144,        2.81,
 139.365225,   34.994144,        2.76,
 139.369730,   34.994144,        2.72,
 139.374234,   34.994144,        2.68,
 139.378739,   34.994144,        2.64,
 139.383243,   34.994144,        2.61,
 139.387748,   34.994144,        2.58,
 139.392252,   34.994144,        2.55,
 139.396757,   34.994144,        2.51,
 139.401261,   34.994144,        2.48,
 139.405766,   34.994144,        2.43,
 139.410270,   34.994144,        2.39,
 139.414775,   34.994144,        2.35,
 139.419279,   34.994144,        2.31,
 139.423784,   34.994144,        2.27,
 139.428288,   34.994144,        2.24,
 139.432793,   34.994144,        2.20,
 139.437297,   34.994144,        2.15,
 139.441802,   34.994144,        2.10,
 139.446306,   34.994144,        2.05,
 139.450811,   34.994144,        2.01,
 139.455315,   34.994144,        2.00,
 139.459820,   34.994144,        1.99,
 139.464324,   34.994144,        1.98,
 139.468829,   34.994144,        1.97,
 139.473333,   34.994144,        1.94,
 139.477838,   34.994144,        1.91,
 139.482342,   34.994144,        1.88,
 139.486847,   34.994144,        1.82,
 139.491351,   34.994144,        1.83,
 139.495856,   34.994144,        1.86,
 139.500360,   34.994144,        1.88,
 139.504865,   34.994144,        1.90,
 139.509369,   34.994144,        1.93,
 139.513874,   34.994144,        1.96,
 139.518378,   34.994144,        2.00,
 139.522883,   34.994144,        2.04,
 139.527387,   34.994144,        2.08,
 139.531892,   34.994144,        2.12,
 139.536396,   34.994144,        2.17,
 139.540901,   34.994144,        2.23,
 139.545405,   34.994144,        2.31,
 139.549910,   34.994144,        2.38,
 139.554414,   34.994144,        2.46,
 139.558919,   34.994144,        2.53,
 139.563423,   34.994144,        2.58,
 139.567928,   34.994144,        2.64,
 139.572432,   34.994144,        2.71,
 139.576937,   34.994144,        2.79,
 139.581441,   34.994144,        2.87,
 139.585946,   34.994144,        2.94,
 139.590450,   34.994144,        3.00,
 139.594955,   34.994144,        3.06,
 139.599459,   34.994144,        3.11,
 139.603964,   34.994144,        3.12,
 139.608468,   34.994144,        3.06,
 139.612973,   34.994144,        3.00,
 139.617477,   34.994144,        2.93,
 139.621982,   34.994144,        2.86,
 139.626486,   34.994144,        2.76,
 139.630991,   34.994144,        2.66,
 139.635495,   34.994144,        2.55,
 139.640000,   34.994144,        2.48,
 139.644505,   34.994144,        2.42,
 139.649009,   34.994144,        2.35,
 139.653514,   34.994144,        2.38,
 139.658018,   34.994144,        2.45,
 139.662523,   34.994144,        2.53,
 139.667027,   34.994144,        2.62,
 139.671532,   34.994144,        2.69,
 139.676036,   34.994144,        2.79,
 139.680541,   34.994144,        3.00,
 139.685045,   34.994144,        3.17,
 139.689550,   34.994144,        3.28,
 139.694054,   34.994144,        3.43,
 139.698559,   34.994144,        3.62,
 139.703063,   34.994144,        3.81,
 139.707568,   34.994144,        4.14,
 139.712072,   34.994144,        4.46,
 139.716577,   34.994144,        4.70,
 139.721081,   34.994144,        4.83,
 139.725586,   34.994144,        4.92,
 139.730090,   34.994144,        5.00,
 139.734595,   34.994144,        5.04,
 139.739099,   34.994144,        5.13,
 139.743604,   34.994144,        5.35,
 139.748108,   34.994144,        5.48,
 139.752613,   34.994144,        5.64,
 139.757117,   34.994144,        5.88,
 139.761622,   34.994144,        6.03,
 139.766126,   34.994144,        6.11,
 139.770631,   34.994144,        6.02,
 139.775135,   34.994144,        5.84,
 139.779640,   34.994144,        5.64,
 139.784144,   34.994144,        5.34,
 139.788649,   34.994144,        5.05,
 139.793153,   34.994144,        4.73,
 139.797658,   34.994144,        4.43,
 139.802162,   34.994144,        4.29,
 139.806667,   34.994144,        4.17,
 139.811171,   34.994144,        4.02,
 139.815676,   34.994144,        3.98,
 139.820180,   34.994144,        3.97,
 139.824685,   34.994144,        3.97,
 139.829189,   34.994144,        4.03,
 139.833694,   34.994144,        4.16,
 139.838198,   34.994144,        4.34,
 139.842703,   34.994144,        4.61,
 139.847207,   34.994144,        4.89,
 139.851712,   34.994144,        5.21,
 139.856216,   34.994144,        5.42,
 139.860721,   34.994144,        5.40,
 139.865225,   34.994144,        5.28,
 139.869730,   34.994144,        5.13,
 139.874234,   34.994144,        5.00,
 139.878739,   34.994144,        4.87,
 139.883243,   34.994144,        4.74,
 139.887748,   34.994144,        4.62,
 139.892252,   34.994144,        4.50,
 139.896757,   34.994144,        4.39,
 139.901261,   34.994144,        4.28,
 139.905766,   34.994144,        4.17,
 139.910270,   34.994144,        4.06,
 139.914775,   34.994144,        3.95,
 139.919279,   34.994144,        3.84,
 139.923784,   34.994144,        3.72,
 139.928288,   34.994144,        3.61,
 139.932793,   34.994144,        3.50,
 139.937297,   34.994144,        3.38,
 139.941802,   34.994144,        3.27,
 139.946306,   34.994144,        3.15,
 139.950811,   34.994144,        3.03,
 139.955315,   34.994144,        2.91,
 139.959820,   34.994144,        2.79,
 139.964324,   34.994144,        2.67,
 139.968829,   34.994144,        2.55,
 139.973333,   34.994144,        2.46,
 139.977838,   34.994144,        2.40,
 139.982342,   34.994144,        2.35,
 139.986847,   34.994144,        2.32,
 139.991351,   34.994144,        2.28,
 139.995856,   34.994144,        2.23,
 140.000360,   34.994144,        2.17,
 140.004865,   34.994144,        2.11,
 140.009369,   34.994144,        2.04,
 140.013874,   34.994144,        1.97,
 140.018378,   34.994144,        1.90,
 140.022883,   34.994144,        1.84,
 140.027387,   34.994144,        1.77,
 140.031892,   34.994144,        1.73,
 140.036396,   34.994144,        1.69,
 140.040901,   34.994144,        1.66,
 140.045405,   34.994144,        1.64,
 140.049910,   34.994144,        1.61,
 140.054414,   34.994144,        1.60,
 140.058919,   34.994144,        1.59,
 140.063423,   34.994144,        1.58,
 140.067928,   34.994144,        1.56,
 140.072432,   34.994144,        1.55,
 140.076937,   34.994144,        1.54,
 140.081441,   34.994144,        1.53,
 140.085946,   34.994144,        1.51,
 140.090450,   34.994144,        1.48,
 140.094955,   34.994144,        1.45,
 140.099459,   34.994144,        1.42,
 140.103964,   34.994144,        1.37,
 140.108468,   34.994144,        1.33,
 140.112973,   34.994144,        1.29,
 140.117477,   34.994144,        1.24,
 140.121982,   34.994144,        1.20,
 140.126486,   34.994144,        1.16,
 140.130991,   34.994144,        1.12,
 140.135495,   34.994144,        1.08,
 140.140000,   34.994144,        1.04,
 140.144505,   34.994144,        1.00,
 140.149009,   34.994144,        0.96,
 140.153514,   34.994144,        0.93,
 140.158018,   34.994144,        0.89,
 140.162523,   34.994144,        0.85,
 140.167027,   34.994144,        0.82,
 140.171532,   34.994144,        0.79,
 140.176036,   34.994144,        0.76,
 140.180541,   34.994144,        0.74,
 140.185045,   34.994144,        0.71,
 140.189550,   34.994144,        0.69,
 140.194054,   34.994144,        0.66,
 140.198559,   34.994144,        0.64,
 140.203063,   34.994144,        0.62,
 140.207568,   34.994144,        0.61,
 140.212072,   34.994144,        0.59,
 140.216577,   34.994144,        0.56,
 140.221081,   34.994144,        0.52,
 140.225586,   34.994144,        0.48,
 140.230090,   34.994144,        0.45,
 140.234595,   34.994144,        0.42,
 140.239099,   34.994144,        0.39,
 140.243604,   34.994144,        0.35,
 140.248108,   34.994144,        0.29,
 140.252613,   34.994144,        0.23,
 140.257117,   34.994144,        0.15,
 140.261622,   34.994144,        0.08,
 140.266126,   34.994144,        0.03,
 140.270631,   34.994144,        0.01,
 140.275135,   34.994144,        0.04,
 140.279640,   34.994144,        0.09,
 140.284144,   34.994144,        0.16,
 140.288649,   34.994144,        0.23,
 140.293153,   34.994144,        0.24,
 140.297658,   34.994144,        0.22,
 140.302162,   34.994144,        0.16,
 140.306667,   34.994144,        0.08,
 140.311171,   34.994144,       -0.00,
 140.315676,   34.994144,       -0.02,
 140.320180,   34.994144,       -0.04,
 140.324685,   34.994144,       -0.06,
 140.329189,   34.994144,       -0.08,
 140.333694,   34.994144,       -0.10,
 140.338198,   34.994144,       -0.12,
 140.342703,   34.994144,       -0.15,
 140.347207,   34.994144,       -0.18,
 140.351712,   34.994144,       -0.21,
 140.356216,   34.994144,       -0.22,
 140.360721,   34.994144,       -0.23,
 140.365225,   34.994144,       -0.23,
 140.369730,   34.994144,       -0.23,
 140.374234,   34.994144,       -0.23,
 140.378739,   34.994144,       -0.23,
 140.383243,   34.994144,       -0.22,
 140.387748,   34.994144,       -0.21,
 139.140000,   34.998649,       -0.97,
 139.144505,   34.998649,       -1.01,
 139.149009,   34.998649,       -1.04,
 139.153514,   34.998649,       -1.06,
 139.158018,   34.998649,       -1.07,
 139.162523,   34.998649,       -0.99,
 139.167027,   34.998649,       -0.85,
 139.171532,   34.998649,       -0.62,
 139.176036,   34.998649,       -0.39,
 139.180541,   34.998649,       -0.17,
 139.185045,   34.998649,        0.04,
 139.189550,   34.998649,        0.23,
 139.194054,   34.998649,        0.42,
 139.198559,   34.998649,        0.60,
 139.203063,   34.998649,        0.76,
 139.207568,   34.998649,        0.92,
 139.212072,   34.998649,        1.06,
 139.216577,   34.998649,        1.20,
 139.221081,   34.998649,        1.34,
 139.225586,   34.998649,        1.46,
 139.230090,   34.998649,        1.48,
 139.234595,   34.998649,        1.49,
 139.239099,   34.998649,        1.51,
 139.243604,   34.998649,        1.54,
 139.248108,   34.998649,        1.55,
 139.252613,   34.998649,        1.58,
 139.257117,   34.998649,        1.59,
 139.261622,   34.998649,        1.57,
 139.266126,   34.998649,        1.69,
 139.270631,   34.998649,        1.81,
 139.275135,   34.998649,        1.92,
 139.279640,   34.998649,        2.05,
 139.284144,   34.998649,        2.19,
 139.288649,   34.998649,        2.35,
 139.293153,   34.998649,        2.50,
 139.297658,   34.998649,        2.60,
 139.302162,   34.998649,        2.66,
 139.306667,   34.998649,        2.67,
 139.311171,   34.998649,        2.67,
 139.315676,   34.998649,        2.67,
 139.320180,   34.998649,        2.68,
 139.324685,   34.998649,        2.71,
 139.329189,   34.998649,        2.75,
 139.333694,   34.998649,        2.80,
 139.338198,   34.998649,        2.85,
 139.342703,   34.998649,        2.91,
 139.347207,   34.998649,        2.95,
 139.351712,   34.998649,        2.96,
 139.356216,   34.998649,        2.94,
 139.360721,   34.998649,        2.91,
 139.365225,   34.998649,        2.88,
 139.369730,   34.998649,        2.84,
 139.374234,   34.998649,        2.81,
 139.378739,   34.998649,        2.77,
 139.383243,   34.998649,        2.74,
 139.387748,   34.998649,        2.70,
 139.392252,   34.998649,        2.67,
 139.396757,   34.998649,        2.64,
 139.401261,   34.998649,        2.61,
 139.405766,   34.998649,        2.57,
 139.410270,   34.998649,        2.52,
 139.414775,   34.998649,        2.49,
 139.419279,   34.998649,        2.45,
 139.423784,   34.998649,        2.41,
 139.428288,   34.998649,        2.37,
 139.432793,   34.998649,        2.33,
 139.437297,   34.998649,        2.29,
 139.441802,   34.998649,        2.25,
 139.446306,   34.998649,        2.21,
 139.450811,   34.998649,        2.19,
 139.455315,   34.998649,        2.17,
 139.459820,   34.998649,        2.16,
 139.464324,   34.998649,        2.14,
 139.468829,   34.998649,        2.12,
 139.473333,   34.998649,        2.10,
 139.477838,   34.998649,        2.07,
 139.482342,   34.998649,        2.04,
 139.486847,   34.998649,        2.02,
 139.491351,   34.998649,        2.04,
 139.495856,   34.998649,        2.06,
 139.500360,   34.998649,        2.09,
 139.504865,   34.998649,        2.12,
 139.509369,   34.998649,        2.15,
 139.513874,   34.998649,        2.19,
 139.518378,   34.998649,        2.22,
 139.522883,   34.998649,        2.27,
 139.527387,   34.998649,        2.31,
 139.531892,   34.998649,        2.35,
 139.536396,   34.998649,        2.39,
 139.540901,   34.998649,        2.49,
 139.545405,   34.998649,        2.58,
 139.549910,   34.998649,        2.68,
 139.554414,   34.998649,        2.77,
 139.558919,   34.998649,        2.84,
 139.563423,   34.998649,        2.89,
 139.567928,   34.998649,        2.92,
 139.572432,   34.998649,        2.94,
 139.576937,   34.998649,        3.07,
 139.581441,   34.998649,        3.18,
 139.585946,   34.998649,        3.29,
 139.590450,   34.998649,        3.36,
 139.594955,   34.998649,        3.42,
 139.599459,   34.998649,        3.47,
 139.603964,   34.998649,        3.50,
 139.608468,   34.998649,        3.46,
 139.612973,   34.998649,        3.41,
 139.617477,   34.998649,        3.36,
 139.621982,   34.998649,        3.29,
 139.626486,   34.998649,        3.19,
 139.630991,   34.998649,        3.08,
 139.635495,   34.998649,        2.98,
 139.640000,   34.998649,        2.98,
 139.644505,   34.998649,        2.98,
 139.649009,   34.998649,        2.97,
 139.653514,   34.998649,        3.03,
 139.658018,   34.998649,        3.11,
 139.662523,   34.998649,        3.18,
 139.667027,   34.998649,        3.28,
 139.671532,   34.998649,        3.46,
 139.676036,   34.998649,        3.69,
 139.680541,   34.998649,        3.85,
 139.685045,   34.998649,        3.99,
 139.689550,   34.998649,        4.22,
 139.694054,   34.998649,        4.41,
 139.698559,   34.998649,        4.59,
 139.703063,   34.998649,        4.98,
 139.707568,   34.998649,        5.32,
 139.712072,   34.998649,        5.60,
 139.716577,   34.998649,        5.89,
 139.721081,   34.998649,        6.12,
 139.725586,   34.998649,        6.27,
 139.730090,   34.998649,        6.42,
 139.734595,   34.998649,        6.51,
 139.739099,   34.998649,        6.64,
 139.743604,   34.998649,        6.83,
 139.748108,   34.998649,        6.90,
 139.752613,   34.998649,        6.93,
 139.757117,   34.998649,        6.96,
 139.761622,   34.998649,        7.03,
 139.766126,   34.998649,        7.11,
 139.770631,   34.998649,        6.90,
 139.775135,   34.998649,        6.65,
 139.779640,   34.998649,        6.38,
 139.784144,   34.998649,        6.01,
 139.788649,   34.998649,        5.66,
 139.793153,   34.998649,        5.30,
 139.797658,   34.998649,        4.87,
 139.802162,   34.998649,        4.58,
 139.806667,   34.998649,        4.41,
 139.811171,   34.998649,        4.19,
 139.815676,   34.998649,        4.02,
 139.820180,   34.998649,        4.00,
 139.824685,   34.998649,        4.01,
 139.829189,   34.998649,        4.05,
 139.833694,   34.998649,        4.15,
 139.838198,   34.998649,        4.34,
 139.842703,   34.998649,        4.57,
 139.847207,   34.998649,        4.87,
 139.851712,   34.998649,        5.25,
 139.856216,   34.998649,        5.64,
 139.860721,   34.998649,        5.56,
 139.865225,   34.998649,        5.35,
 139.869730,   34.998649,        5.18,
 139.874234,   34.998649,        5.04,
 139.878739,   34.998649,        4.90,
 139.883243,   34.998649,        4.78,
 139.887748,   34.998649,        4.66,
 139.892252,   34.998649,        4.55,
 139.896757,   34.998649,        4.44,
 139.901261,   34.998649,        4.33,
 139.905766,   34.998649,        4.22,
 139.910270,   34.998649,        4.12,
 139.914775,   34.998649,        4.01,
 139.919279,   34.998649,        3.90,
 139.923784,   34.998649,        3.78,
 139.928288,   34.998649,        3.67,
 139.932793,   34.998649,        3.55,
 139.937297,   34.998649,        3.44,
 139.941802,   34.998649,        3.32,
 139.946306,   34.998649,        3.19,
 139.950811,   34.998649,        3.07,
 139.955315,   34.998649,        2.94,
 139.959820,   34.998649,        2.82,
 139.964324,   34.998649,        2.70,
 139.968829,   34.998649,        2.58,
 139.973333,   34.998649,        2.48,
 139.977838,   34.998649,        2.42,
 139.982342,   34.998649,        2.36,
 139.986847,   34.998649,        2.32,
 139.991351,   34.998649,        2.29,
 139.995856,   34.998649,        2.25,
 140.000360,   34.998649,        2.20,
 140.004865,   34.998649,        2.15,
 140.009369,   34.998649,        2.08,
 140.013874,   34.998649,        2.01,
 140.018378,   34.998649,        1.94,
 140.022883,   34.998649,        1.88,
 140.027387,   34.998649,        1.81,
 140.031892,   34.998649,        1.76,
 140.036396,   34.998649,        1.72,
 140.040901,   34.998649,        1.68,
 140.045405,   34.998649,        1.65,
 140.049910,   34.998649,        1.63,
 140.054414,   34.998649,        1.60,
 140.058919,   34.998649,        1.59,
 140.063423,   34.998649,        1.58,
 140.067928,   34.998649,        1.56,
 140.072432,   34.998649,        1.54,
 140.076937,   34.998649,        1.53,
 140.081441,   34.998649,        1.52,
 140.085946,   34.998649,        1.50,
 140.090450,   34.998649,        1.48,
 140.094955,   34.998649,        1.45,
 140.099459,   34.998649,        1.42,
 140.103964,   34.998649,        1.38,
 140.108468,   34.998649,        1.34,
 140.112973,   34.998649,        1.31,
 140.117477,   34.998649,        1.26,
 140.121982,   34.998649,        1.22,
 140.126486,   34.998649,        1.18,
 140.130991,   34.998649,        1.15,
 140.135495,   34.998649,        1.11,
 140.140000,   34.998649,        1.07,
 140.144505,   34.998649,        1.03,
 140.149009,   34.998649,        0.99,
 140.153514,   34.998649,        0.96,
 140.158018,   34.998649,        0.92,
 140.162523,   34.998649,        0.89,
 140.167027,   34.998649,        0.86,
 140.171532,   34.998649,        0.83,
 140.176036,   34.998649,        0.81,
 140.180541,   34.998649,        0.78,
 140.185045,   34.998649,        0.76,
 140.189550,   34.998649,        0.73,
 140.194054,   34.998649,        0.71,
 140.198559,   34.998649,        0.69,
 140.203063,   34.998649,        0.67,
 140.207568,   34.998649,        0.66,
 140.212072,   34.998649,        0.64,
 140.216577,   34.998649,        0.63,
 140.221081,   34.998649,        0.60,
 140.225586,   34.998649,        0.57,
 140.230090,   34.998649,        0.54,
 140.234595,   34.998649,        0.52,
 140.239099,   34.998649,        0.49,
 140.243604,   34.998649,        0.45,
 140.248108,   34.998649,        0.40,
 140.252613,   34.998649,        0.33,
 140.257117,   34.998649,        0.25,
 140.261622,   34.998649,        0.17,
 140.266126,   34.998649,        0.09,
 140.270631,   34.998649,        0.02,
 140.275135,   34.998649,        0.09,
 140.279640,   34.998649,        0.16,
 140.284144,   34.998649,        0.23,
 140.288649,   34.998649,        0.30,
 140.293153,   34.998649,        0.32,
 140.297658,   34.998649,        0.29,
 140.302162,   34.998649,        0.22,
 140.306667,   34.998649,        0.14,
 140.311171,   34.998649,        0.06,
 140.315676,   34.998649,       -0.01,
 140.320180,   34.998649,       -0.03,
 140.324685,   34.998649,       -0.05,
 140.329189,   34.998649,       -0.07,
 140.333694,   34.998649,       -0.09,
 140.338198,   34.998649,       -0.11,
 140.342703,   34.998649,       -0.15,
 140.347207,   34.998649,       -0.17,
 140.351712,   34.998649,       -0.18,
 140.356216,   34.998649,       -0.19,
 140.360721,   34.998649,       -0.19,
 140.365225,   34.998649,       -0.19,
 140.369730,   34.998649,       -0.19,
 140.374234,   34.998649,       -0.19,
 140.378739,   34.998649,       -0.18,
 140.383243,   34.998649,       -0.17,
 140.387748,   34.998649,       -0.16,
 139.140000,   35.003153,       -0.76,
 139.144505,   35.003153,       -0.81,
 139.149009,   35.003153,       -0.84,
 139.153514,   35.003153,       -0.87,
 139.158018,   35.003153,       -0.88,
 139.162523,   35.003153,       -0.89,
 139.167027,   35.003153,       -0.87,
 139.171532,   35.003153,       -0.76,
 139.176036,   35.003153,       -0.58,
 139.180541,   35.003153,       -0.36,
 139.185045,   35.003153,       -0.15,
 139.189550,   35.003153,        0.06,
 139.194054,   35.003153,        0.25,
 139.198559,   35.003153,        0.43,
 139.203063,   35.003153,        0.60,
 139.207568,   35.003153,        0.76,
 139.212072,   35.003153,        0.91,
 139.216577,   35.003153,        1.05,
 139.221081,   35.003153,        1.22,
 139.225586,   35.003153,        1.37,
 139.230090,   35.003153,        1.46,
 139.234595,   35.003153,        1.51,
 139.239099,   35.003153,        1.53,
 139.243604,   35.003153,        1.53,
 139.248108,   35.003153,        1.51,
 139.252613,   35.003153,        1.48,
 139.257117,   35.003153,        1.42,
 139.261622,   35.003153,        1.40,
 139.266126,   35.003153,        1.51,
 139.270631,   35.003153,        1.72,
 139.275135,   35.003153,        1.93,
 139.279640,   35.003153,        2.12,
 139.284144,   35.003153,        2.33,
 139.288649,   35.003153,        2.55,
 139.293153,   35.003153,        2.78,
 139.297658,   35.003153,        2.97,
 139.302162,   35.003153,        3.04,
 139.306667,   35.003153,        3.01,
 139.311171,   35.003153,        2.97,
 139.315676,   35.003153,        2.95,
 139.320180,   35.003153,        2.94,
 139.324685,   35.003153,        2.94,
 139.329189,   35.003153,        2.96,
 139.333694,   35.003153,        2.99,
 139.338198,   35.003153,        3.02,
 139.342703,   35.003153,        3.04,
 139.347207,   35.003153,        3.06,
 139.351712,   35.003153,        3.04,
 139.356216,   35.003153,        3.03,
 139.360721,   35.003153,        3.00,
 139.365225,   35.003153,        2.98,
 139.369730,   35.003153,        2.95,
 139.374234,   35.003153,        2.91,
 139.378739,   35.003153,        2.88,
 139.383243,   35.003153,        2.85,
 139.387748,   35.003153,        2.82,
 139.392252,   35.003153,        2.79,
 139.396757,   35.003153,        2.76,
 139.401261,   35.003153,        2.73,
 139.405766,   35.003153,        2.70,
 139.410270,   35.003153,        2.66,
 139.414775,   35.003153,        2.62,
 139.419279,   35.003153,        2.59,
 139.423784,   35.003153,        2.56,
 139.428288,   35.003153,        2.52,
 139.432793,   35.003153,        2.49,
 139.437297,   35.003153,        2.45,
 139.441802,   35.003153,        2.42,
 139.446306,   35.003153,        2.39,
 139.450811,   35.003153,        2.37,
 139.455315,   35.003153,        2.35,
 139.459820,   35.003153,        2.34,
 139.464324,   35.003153,        2.32,
 139.468829,   35.003153,        2.30,
 139.473333,   35.003153,        2.28,
 139.477838,   35.003153,        2.26,
 139.482342,   35.003153,        2.24,
 139.486847,   35.003153,        2.23,
 139.491351,   35.003153,        2.26,
 139.495856,   35.003153,        2.28,
 139.500360,   35.003153,        2.31,
 139.504865,   35.003153,        2.34,
 139.509369,   35.003153,        2.37,
 139.513874,   35.003153,        2.41,
 139.518378,   35.003153,        2.46,
 139.522883,   35.003153,        2.52,
 139.527387,   35.003153,        2.57,
 139.531892,   35.003153,        2.62,
 139.536396,   35.003153,        2.69,
 139.540901,   35.003153,        2.79,
 139.545405,   35.003153,        2.89,
 139.549910,   35.003153,        2.99,
 139.554414,   35.003153,        3.09,
 139.558919,   35.003153,        3.17,
 139.563423,   35.003153,        3.22,
 139.567928,   35.003153,        3.27,
 139.572432,   35.003153,        3.35,
 139.576937,   35.003153,        3.45,
 139.581441,   35.003153,        3.56,
 139.585946,   35.003153,        3.67,
 139.590450,   35.003153,        3.74,
 139.594955,   35.003153,        3.80,
 139.599459,   35.003153,        3.86,
 139.603964,   35.003153,        3.92,
 139.608468,   35.003153,        3.90,
 139.612973,   35.003153,        3.85,
 139.617477,   35.003153,        3.80,
 139.621982,   35.003153,        3.73,
 139.626486,   35.003153,        3.68,
 139.630991,   35.003153,        3.62,
 139.635495,   35.003153,        3.60,
 139.640000,   35.003153,        3.65,
 139.644505,   35.003153,        3.70,
 139.649009,   35.003153,        3.75,
 139.653514,   35.003153,        3.79,
 139.658018,   35.003153,        3.86,
 139.662523,   35.003153,        3.92,
 139.667027,   35.003153,        4.15,
 139.671532,   35.003153,        4.41,
 139.676036,   35.003153,        4.64,
 139.680541,   35.003153,        4.84,
 139.685045,   35.003153,        5.11,
 139.689550,   35.003153,        5.42,
 139.694054,   35.003153,        5.66,
 139.698559,   35.003153,        5.93,
 139.703063,   35.003153,        6.26,
 139.707568,   35.003153,        6.58,
 139.712072,   35.003153,        6.90,
 139.716577,   35.003153,        7.22,
 139.721081,   35.003153,        7.48,
 139.725586,   35.003153,        7.64,
 139.730090,   35.003153,        7.79,
 139.734595,   35.003153,        7.91,
 139.739099,   35.003153,        8.04,
 139.743604,   35.003153,        8.18,
 139.748108,   35.003153,        8.20,
 139.752613,   35.003153,        8.20,
 139.757117,   35.003153,        8.20,
 139.761622,   35.003153,        8.18,
 139.766126,   35.003153,        8.08,
 139.770631,   35.003153,        7.77,
 139.775135,   35.003153,        7.47,
 139.779640,   35.003153,        7.05,
 139.784144,   35.003153,        6.67,
 139.788649,   35.003153,        6.28,
 139.793153,   35.003153,        5.78,
 139.797658,   35.003153,        5.33,
 139.802162,   35.003153,        4.92,
 139.806667,   35.003153,        4.59,
 139.811171,   35.003153,        4.35,
 139.815676,   35.003153,        4.13,
 139.820180,   35.003153,        4.03,
 139.824685,   35.003153,        4.04,
 139.829189,   35.003153,        4.06,
 139.833694,   35.003153,        4.16,
 139.838198,   35.003153,        4.36,
 139.842703,   35.003153,        4.57,
 139.847207,   35.003153,        4.85,
 139.851712,   35.003153,        5.26,
 139.856216,   35.003153,        5.70,
 139.860721,   35.003153,        5.62,
 139.865225,   35.003153,        5.38,
 139.869730,   35.003153,        5.21,
 139.874234,   35.003153,        5.06,
 139.878739,   35.003153,        4.93,
 139.883243,   35.003153,        4.82,
 139.887748,   35.003153,        4.71,
 139.892252,   35.003153,        4.61,
 139.896757,   35.003153,        4.51,
 139.901261,   35.003153,        4.41,
 139.905766,   35.003153,        4.30,
 139.910270,   35.003153,        4.19,
 139.914775,   35.003153,        4.08,
 139.919279,   35.003153,        3.97,
 139.923784,   35.003153,        3.86,
 139.928288,   35.003153,        3.74,
 139.932793,   35.003153,        3.63,
 139.937297,   35.003153,        3.51,
 139.941802,   35.003153,        3.38,
 139.946306,   35.003153,        3.26,
 139.950811,   35.003153,        3.13,
 139.955315,   35.003153,        3.00,
 139.959820,   35.003153,        2.87,
 139.964324,   35.003153,        2.74,
 139.968829,   35.003153,        2.61,
 139.973333,   35.003153,        2.50,
 139.977838,   35.003153,        2.43,
 139.982342,   35.003153,        2.38,
 139.986847,   35.003153,        2.34,
 139.991351,   35.003153,        2.30,
 139.995856,   35.003153,        2.27,
 140.000360,   35.003153,        2.23,
 140.004865,   35.003153,        2.18,
 140.009369,   35.003153,        2.12,
 140.013874,   35.003153,        2.06,
 140.018378,   35.003153,        1.99,
 140.022883,   35.003153,        1.93,
 140.027387,   35.003153,        1.86,
 140.031892,   35.003153,        1.79,
 140.036396,   35.003153,        1.75,
 140.040901,   35.003153,        1.71,
 140.045405,   35.003153,        1.66,
 140.049910,   35.003153,        1.64,
 140.054414,   35.003153,        1.61,
 140.058919,   35.003153,        1.59,
 140.063423,   35.003153,        1.58,
 140.067928,   35.003153,        1.56,
 140.072432,   35.003153,        1.54,
 140.076937,   35.003153,        1.52,
 140.081441,   35.003153,        1.51,
 140.085946,   35.003153,        1.49,
 140.090450,   35.003153,        1.47,
 140.094955,   35.003153,        1.45,
 140.099459,   35.003153,        1.42,
 140.103964,   35.003153,        1.38,
 140.108468,   35.003153,        1.35,
 140.112973,   35.003153,        1.32,
 140.117477,   35.003153,        1.28,
 140.121982,   35.003153,        1.24,
 140.126486,   35.003153,        1.21,
 140.130991,   35.003153,        1.17,
 140.135495,   35.003153,        1.13,
 140.140000,   35.003153,        1.09,
 140.144505,   35.003153,        1.06,
 140.149009,   35.003153,        1.02,
 140.153514,   35.003153,        0.99,
 140.158018,   35.003153,        0.96,
 140.162523,   35.003153,        0.92,
 140.167027,   35.003153,        0.89,
 140.171532,   35.003153,        0.87,
 140.176036,   35.003153,        0.84,
 140.180541,   35.003153,        0.82,
 140.185045,   35.003153,        0.80,
 140.189550,   35.003153,        0.77,
 140.194054,   35.003153,        0.75,
 140.198559,   35.003153,        0.73,
 140.203063,   35.003153,        0.72,
 140.207568,   35.003153,        0.70,
 140.212072,   35.003153,        0.69,
 140.216577,   35.003153,        0.68,
 140.221081,   35.003153,        0.66,
 140.225586,   35.003153,        0.65,
 140.230090,   35.003153,        0.63,
 140.234595,   35.003153,        0.61,
 140.239099,   35.003153,        0.59,
 140.243604,   35.003153,        0.57,
 140.248108,   35.003153,        0.51,
 140.252613,   35.003153,        0.45,
 140.257117,   35.003153,        0.38,
 140.261622,   35.003153,        0.31,
 140.266126,   35.003153,        0.24,
 140.270631,   35.003153,        0.20,
 140.275135,   35.003153,        0.22,
 140.279640,   35.003153,        0.27,
 140.284144,   35.003153,        0.32,
 140.288649,   35.003153,        0.38,
 140.293153,   35.003153,        0.41,
 140.297658,   35.003153,        0.36,
 140.302162,   35.003153,        0.27,
 140.306667,   35.003153,        0.19,
 140.311171,   35.003153,        0.11,
 140.315676,   35.003153,        0.03,
 140.320180,   35.003153,       -0.01,
 140.324685,   35.003153,       -0.03,
 140.329189,   35.003153,       -0.05,
 140.333694,   35.003153,       -0.08,
 140.338198,   35.003153,       -0.11,
 140.342703,   35.003153,       -0.12,
 140.347207,   35.003153,       -0.14,
 140.351712,   35.003153,       -0.15,
 140.356216,   35.003153,       -0.15,
 140.360721,   35.003153,       -0.16,
 140.365225,   35.003153,       -0.16,
 140.369730,   35.003153,       -0.16,
 140.374234,   35.003153,       -0.15,
 140.378739,   35.003153,       -0.14,
 140.383243,   35.003153,       -0.14,
 140.387748,   35.003153,       -0.12,
 139.140000,   35.007658,       -0.55,
 139.144505,   35.007658,       -0.61,
 139.149009,   35.007658,       -0.66,
 139.153514,   35.007658,       -0.69,
 139.158018,   35.007658,       -0.71,
 139.162523,   35.007658,       -0.72,
 139.167027,   35.007658,       -0.72,
 139.171532,   35.007658,       -0.70,
 139.176036,   35.007658,       -0.67,
 139.180541,   35.007658,       -0.53,
 139.185045,   35.007658,       -0.32,
 139.189550,   35.007658,       -0.11,
 139.194054,   35.007658,        0.09,
 139.198559,   35.007658,        0.27,
 139.203063,   35.007658,        0.45,
 139.207568,   35.007658,        0.61,
 139.212072,   35.007658,        0.76,
 139.216577,   35.007658,        0.92,
 139.221081,   35.007658,        1.09,
 139.225586,   35.007658,        1.26,
 139.230090,   35.007658,        1.40,
 139.234595,   35.007658,        1.48,
 139.239099,   35.007658,        1.50,
 139.243604,   35.007658,        1.45,
 139.248108,   35.007658,        1.39,
 139.252613,   35.007658,        1.32,
 139.257117,   35.007658,        1.22,
 139.261622,   35.007658,        1.20,
 139.266126,   35.007658,        1.31,
 139.270631,   35.007658,        1.53,
 139.275135,   35.007658,        1.82,
 139.279640,   35.007658,        2.10,
 139.284144,   35.007658,        2.38,
 139.288649,   35.007658,        2.66,
 139.293153,   35.007658,        2.96,
 139.297658,   35.007658,        3.26,
 139.302162,   35.007658,        3.42,
 139.306667,   35.007658,        3.32,
 139.311171,   35.007658,        3.25,
 139.315676,   35.007658,        3.19,
 139.320180,   35.007658,        3.16,
 139.324685,   35.007658,        3.15,
 139.329189,   35.007658,        3.14,
 139.333694,   35.007658,        3.15,
 139.338198,   35.007658,        3.16,
 139.342703,   35.007658,        3.16,
 139.347207,   35.007658,        3.14,
 139.351712,   35.007658,        3.13,
 139.356216,   35.007658,        3.11,
 139.360721,   35.007658,        3.10,
 139.365225,   35.007658,        3.07,
 139.369730,   35.007658,        3.05,
 139.374234,   35.007658,        3.02,
 139.378739,   35.007658,        2.99,
 139.383243,   35.007658,        2.96,
 139.387748,   35.007658,        2.93,
 139.392252,   35.007658,        2.91,
 139.396757,   35.007658,        2.88,
 139.401261,   35.007658,        2.86,
 139.405766,   35.007658,        2.83,
 139.410270,   35.007658,        2.80,
 139.414775,   35.007658,        2.77,
 139.419279,   35.007658,        2.74,
 139.423784,   35.007658,        2.71,
 139.428288,   35.007658,        2.68,
 139.432793,   35.007658,        2.65,
 139.437297,   35.007658,        2.62,
 139.441802,   35.007658,        2.59,
 139.446306,   35.007658,        2.56,
 139.450811,   35.007658,        2.55,
 139.455315,   35.007658,        2.53,
 139.459820,   35.007658,        2.52,
 139.464324,   35.007658,        2.51,
 139.468829,   35.007658,        2.49,
 139.473333,   35.007658,        2.48,
 139.477838,   35.007658,        2.46,
 139.482342,   35.007658,        2.44,
 139.486847,   35.007658,        2.45,
 139.491351,   35.007658,        2.47,
 139.495856,   35.007658,        2.50,
 139.500360,   35.007658,        2.53,
 139.504865,   35.007658,        2.56,
 139.509369,   35.007658,        2.59,
 139.513874,   35.007658,        2.64,
 139.518378,   35.007658,        2.72,
 139.522883,   35.007658,        2.79,
 139.527387,   35.007658,        2.86,
 139.531892,   35.007658,        2.93,
 139.536396,   35.007658,        3.01,
 139.540901,   35.007658,        3.11,
 139.545405,   35.007658,        3.21,
 139.549910,   35.007658,        3.31,
 139.554414,   35.007658,        3.41,
 139.558919,   35.007658,        3.51,
 139.563423,   35.007658,        3.58,
 139.567928,   35.007658,        3.66,
 139.572432,   35.007658,        3.75,
 139.576937,   35.007658,        3.85,
 139.581441,   35.007658,        3.96,
 139.585946,   35.007658,        4.06,
 139.590450,   35.007658,        4.14,
 139.594955,   35.007658,        4.22,
 139.599459,   35.007658,        4.30,
 139.603964,   35.007658,        4.38,
 139.608468,   35.007658,        4.40,
 139.612973,   35.007658,        4.35,
 139.617477,   35.007658,        4.30,
 139.621982,   35.007658,        4.32,
 139.626486,   35.007658,        4.33,
 139.630991,   35.007658,        4.32,
 139.635495,   35.007658,        4.34,
 139.640000,   35.007658,        4.41,
 139.644505,   35.007658,        4.47,
 139.649009,   35.007658,        4.53,
 139.653514,   35.007658,        4.64,
 139.658018,   35.007658,        4.82,
 139.662523,   35.007658,        5.01,
 139.667027,   35.007658,        5.23,
 139.671532,   35.007658,        5.46,
 139.676036,   35.007658,        5.68,
 139.680541,   35.007658,        5.97,
 139.685045,   35.007658,        6.31,
 139.689550,   35.007658,        6.63,
 139.694054,   35.007658,        6.95,
 139.698559,   35.007658,        7.27,
 139.703063,   35.007658,        7.59,
 139.707568,   35.007658,        7.91,
 139.712072,   35.007658,        8.23,
 139.716577,   35.007658,        8.56,
 139.721081,   35.007658,        8.85,
 139.725586,   35.007658,        8.96,
 139.730090,   35.007658,        9.08,
 139.734595,   35.007658,        9.22,
 139.739099,   35.007658,        9.35,
 139.743604,   35.007658,        9.37,
 139.748108,   35.007658,        9.35,
 139.752613,   35.007658,        9.38,
 139.757117,   35.007658,        9.39,
 139.761622,   35.007658,        9.13,
 139.766126,   35.007658,        8.87,
 139.770631,   35.007658,        8.59,
 139.775135,   35.007658,        8.16,
 139.779640,   35.007658,        7.69,
 139.784144,   35.007658,        7.27,
 139.788649,   35.007658,        6.74,
 139.793153,   35.007658,        6.18,
 139.797658,   35.007658,        5.71,
 139.802162,   35.007658,        5.22,
 139.806667,   35.007658,        4.77,
 139.811171,   35.007658,        4.47,
 139.815676,   35.007658,        4.26,
 139.820180,   35.007658,        4.09,
 139.824685,   35.007658,        4.05,
 139.829189,   35.007658,        4.10,
 139.833694,   35.007658,        4.20,
 139.838198,   35.007658,        4.37,
 139.842703,   35.007658,        4.59,
 139.847207,   35.007658,        4.85,
 139.851712,   35.007658,        5.18,
 139.856216,   35.007658,        5.57,
 139.860721,   35.007658,        5.58,
 139.865225,   35.007658,        5.39,
 139.869730,   35.007658,        5.22,
 139.874234,   35.007658,        5.09,
 139.878739,   35.007658,        4.99,
 139.883243,   35.007658,        4.89,
 139.887748,   35.007658,        4.79,
 139.892252,   35.007658,        4.70,
 139.896757,   35.007658,        4.60,
 139.901261,   35.007658,        4.49,
 139.905766,   35.007658,        4.39,
 139.910270,   35.007658,        4.28,
 139.914775,   35.007658,        4.17,
 139.919279,   35.007658,        4.06,
 139.923784,   35.007658,        3.95,
 139.928288,   35.007658,        3.83,
 139.932793,   35.007658,        3.71,
 139.937297,   35.007658,        3.59,
 139.941802,   35.007658,        3.47,
 139.946306,   35.007658,        3.34,
 139.950811,   35.007658,        3.21,
 139.955315,   35.007658,        3.08,
 139.959820,   35.007658,        2.94,
 139.964324,   35.007658,        2.81,
 139.968829,   35.007658,        2.67,
 139.973333,   35.007658,        2.54,
 139.977838,   35.007658,        2.44,
 139.982342,   35.007658,        2.39,
 139.986847,   35.007658,        2.36,
 139.991351,   35.007658,        2.32,
 139.995856,   35.007658,        2.29,
 140.000360,   35.007658,        2.25,
 140.004865,   35.007658,        2.20,
 140.009369,   35.007658,        2.16,
 140.013874,   35.007658,        2.10,
 140.018378,   35.007658,        2.04,
 140.022883,   35.007658,        1.98,
 140.027387,   35.007658,        1.91,
 140.031892,   35.007658,        1.85,
 140.036396,   35.007658,        1.79,
 140.040901,   35.007658,        1.74,
 140.045405,   35.007658,        1.69,
 140.049910,   35.007658,        1.66,
 140.054414,   35.007658,        1.63,
 140.058919,   35.007658,        1.60,
 140.063423,   35.007658,        1.58,
 140.067928,   35.007658,        1.56,
 140.072432,   35.007658,        1.54,
 140.076937,   35.007658,        1.52,
 140.081441,   35.007658,        1.50,
 140.085946,   35.007658,        1.49,
 140.090450,   35.007658,        1.47,
 140.094955,   35.007658,        1.44,
 140.099459,   35.007658,        1.42,
 140.103964,   35.007658,        1.39,
 140.108468,   35.007658,        1.36,
 140.112973,   35.007658,        1.33,
 140.117477,   35.007658,        1.30,
 140.121982,   35.007658,        1.26,
 140.126486,   35.007658,        1.23,
 140.130991,   35.007658,        1.19,
 140.135495,   35.007658,        1.15,
 140.140000,   35.007658,        1.12,
 140.144505,   35.007658,        1.08,
 140.149009,   35.007658,        1.05,
 140.153514,   35.007658,        1.02,
 140.158018,   35.007658,        0.99,
 140.162523,   35.007658,        0.96,
 140.167027,   35.007658,        0.93,
 140.171532,   35.007658,        0.90,
 140.176036,   35.007658,        0.88,
 140.180541,   35.007658,        0.86,
 140.185045,   35.007658,        0.84,
 140.189550,   35.007658,        0.82,
 140.194054,   35.007658,        0.79,
 140.198559,   35.007658,        0.78,
 140.203063,   35.007658,        0.76,
 140.207568,   35.007658,        0.75,
 140.212072,   35.007658,        0.74,
 140.216577,   35.007658,        0.73,
 140.221081,   35.007658,        0.72,
 140.225586,   35.007658,        0.71,
 140.230090,   35.007658,        0.70,
 140.234595,   35.007658,        0.69,
 140.239099,   35.007658,        0.68,
 140.243604,   35.007658,        0.68,
 140.248108,   35.007658,        0.63,
 140.252613,   35.007658,        0.57,
 140.257117,   35.007658,        0.51,
 140.261622,   35.007658,        0.46,
 140.266126,   35.007658,        0.41,
 140.270631,   35.007658,        0.38,
 140.275135,   35.007658,        0.39,
 140.279640,   35.007658,        0.42,
 140.284144,   35.007658,        0.45,
 140.288649,   35.007658,        0.48,
 140.293153,   35.007658,        0.49,
 140.297658,   35.007658,        0.39,
 140.302162,   35.007658,        0.30,
 140.306667,   35.007658,        0.22,
 140.311171,   35.007658,        0.14,
 140.315676,   35.007658,        0.08,
 140.320180,   35.007658,        0.01,
 140.324685,   35.007658,       -0.02,
 140.329189,   35.007658,       -0.04,
 140.333694,   35.007658,       -0.06,
 140.338198,   35.007658,       -0.08,
 140.342703,   35.007658,       -0.10,
 140.347207,   35.007658,       -0.11,
 140.351712,   35.007658,       -0.12,
 140.356216,   35.007658,       -0.12,
 140.360721,   35.007658,       -0.12,
 140.365225,   35.007658,       -0.12,
 140.369730,   35.007658,       -0.12,
 140.374234,   35.007658,       -0.12,
 140.378739,   35.007658,       -0.11,
 140.383243,   35.007658,       -0.05,
 140.387748,   35.007658,        0.01,
 139.140000,   35.012162,       -0.36,
 139.144505,   35.012162,       -0.43,
 139.149009,   35.012162,       -0.48,
 139.153514,   35.012162,       -0.52,
 139.158018,   35.012162,       -0.55,
 139.162523,   35.012162,       -0.57,
 139.167027,   35.012162,       -0.57,
 139.171532,   35.012162,       -0.56,
 139.176036,   35.012162,       -0.54,
 139.180541,   35.012162,       -0.51,
 139.185045,   35.012162,       -0.44,
 139.189550,   35.012162,       -0.27,
 139.194054,   35.012162,       -0.07,
 139.198559,   35.012162,        0.12,
 139.203063,   35.012162,        0.30,
 139.207568,   35.012162,        0.47,
 139.212072,   35.012162,        0.63,
 139.216577,   35.012162,        0.79,
 139.221081,   35.012162,        0.94,
 139.225586,   35.012162,        1.11,
 139.230090,   35.012162,        1.29,
 139.234595,   35.012162,        1.44,
 139.239099,   35.012162,        1.45,
 139.243604,   35.012162,        1.35,
 139.248108,   35.012162,        1.24,
 139.252613,   35.012162,        1.13,
 139.257117,   35.012162,        0.99,
 139.261622,   35.012162,        0.97,
 139.266126,   35.012162,        1.08,
 139.270631,   35.012162,        1.31,
 139.275135,   35.012162,        1.65,
 139.279640,   35.012162,        2.01,
 139.284144,   35.012162,        2.36,
 139.288649,   35.012162,        2.70,
 139.293153,   35.012162,        3.04,
 139.297658,   35.012162,        3.36,
 139.302162,   35.012162,        3.58,
 139.306667,   35.012162,        3.54,
 139.311171,   35.012162,        3.46,
 139.315676,   35.012162,        3.40,
 139.320180,   35.012162,        3.35,
 139.324685,   35.012162,        3.31,
 139.329189,   35.012162,        3.29,
 139.333694,   35.012162,        3.28,
 139.338198,   35.012162,        3.26,
 139.342703,   35.012162,        3.24,
 139.347207,   35.012162,        3.23,
 139.351712,   35.012162,        3.21,
 139.356216,   35.012162,        3.20,
 139.360721,   35.012162,        3.19,
 139.365225,   35.012162,        3.17,
 139.369730,   35.012162,        3.15,
 139.374234,   35.012162,        3.12,
 139.378739,   35.012162,        3.09,
 139.383243,   35.012162,        3.07,
 139.387748,   35.012162,        3.04,
 139.392252,   35.012162,        3.02,
 139.396757,   35.012162,        3.00,
 139.401261,   35.012162,        2.98,
 139.405766,   35.012162,        2.96,
 139.410270,   35.012162,        2.93,
 139.414775,   35.012162,        2.91,
 139.419279,   35.012162,        2.88,
 139.423784,   35.012162,        2.86,
 139.428288,   35.012162,        2.84,
 139.432793,   35.012162,        2.81,
 139.437297,   35.012162,        2.78,
 139.441802,   35.012162,        2.76,
 139.446306,   35.012162,        2.74,
 139.450811,   35.012162,        2.72,
 139.455315,   35.012162,        2.71,
 139.459820,   35.012162,        2.70,
 139.464324,   35.012162,        2.69,
 139.468829,   35.012162,        2.68,
 139.473333,   35.012162,        2.67,
 139.477838,   35.012162,        2.66,
 139.482342,   35.012162,        2.65,
 139.486847,   35.012162,        2.66,
 139.491351,   35.012162,        2.69,
 139.495856,   35.012162,        2.72,
 139.500360,   35.012162,        2.76,
 139.504865,   35.012162,        2.79,
 139.509369,   35.012162,        2.82,
 139.513874,   35.012162,        2.89,
 139.518378,   35.012162,        2.98,
 139.522883,   35.012162,        3.07,
 139.527387,   35.012162,        3.16,
 139.531892,   35.012162,        3.24,
 139.536396,   35.012162,        3.33,
 139.540901,   35.012162,        3.43,
 139.545405,   35.012162,        3.53,
 139.549910,   35.012162,        3.63,
 139.554414,   35.012162,        3.74,
 139.558919,   35.012162,        3.86,
 139.563423,   35.012162,        3.96,
 139.567928,   35.012162,        4.05,
 139.572432,   35.012162,        4.14,
 139.576937,   35.012162,        4.24,
 139.581441,   35.012162,        4.35,
 139.585946,   35.012162,        4.46,
 139.590450,   35.012162,        4.57,
 139.594955,   35.012162,        4.67,
 139.599459,   35.012162,        4.76,
 139.603964,   35.012162,        4.85,
 139.608468,   35.012162,        4.91,
 139.612973,   35.012162,        4.89,
 139.617477,   35.012162,        4.90,
 139.621982,   35.012162,        4.97,
 139.626486,   35.012162,        5.02,
 139.630991,   35.012162,        5.05,
 139.635495,   35.012162,        5.09,
 139.640000,   35.012162,        5.20,
 139.644505,   35.012162,        5.30,
 139.649009,   35.012162,        5.40,
 139.653514,   35.012162,        5.62,
 139.658018,   35.012162,        5.86,
 139.662523,   35.012162,        6.11,
 139.667027,   35.012162,        6.35,
 139.671532,   35.012162,        6.60,
 139.676036,   35.012162,        6.89,
 139.680541,   35.012162,        7.22,
 139.685045,   35.012162,        7.55,
 139.689550,   35.012162,        7.88,
 139.694054,   35.012162,        8.23,
 139.698559,   35.012162,        8.57,
 139.703063,   35.012162,        8.91,
 139.707568,   35.012162,        9.24,
 139.712072,   35.012162,        9.49,
 139.716577,   35.012162,        9.75,
 139.721081,   35.012162,        9.97,
 139.725586,   35.012162,       10.11,
 139.730090,   35.012162,       10.26,
 139.734595,   35.012162,       10.45,
 139.739099,   35.012162,       10.61,
 139.743604,   35.012162,       10.46,
 139.748108,   35.012162,       10.37,
 139.752613,   35.012162,       10.34,
 139.757117,   35.012162,       10.15,
 139.761622,   35.012162,        9.85,
 139.766126,   35.012162,        9.59,
 139.770631,   35.012162,        9.24,
 139.775135,   35.012162,        8.72,
 139.779640,   35.012162,        8.25,
 139.784144,   35.012162,        7.73,
 139.788649,   35.012162,        7.10,
 139.793153,   35.012162,        6.54,
 139.797658,   35.012162,        5.98,
 139.802162,   35.012162,        5.43,
 139.806667,   35.012162,        4.95,
 139.811171,   35.012162,        4.57,
 139.815676,   35.012162,        4.35,
 139.820180,   35.012162,        4.17,
 139.824685,   35.012162,        4.06,
 139.829189,   35.012162,        4.15,
 139.833694,   35.012162,        4.25,
 139.838198,   35.012162,        4.37,
 139.842703,   35.012162,        4.63,
 139.847207,   35.012162,        4.89,
 139.851712,   35.012162,        5.14,
 139.856216,   35.012162,        5.43,
 139.860721,   35.012162,        5.46,
 139.865225,   35.012162,        5.36,
 139.869730,   35.012162,        5.25,
 139.874234,   35.012162,        5.16,
 139.878739,   35.012162,        5.07,
 139.883243,   35.012162,        4.98,
 139.887748,   35.012162,        4.89,
 139.892252,   35.012162,        4.80,
 139.896757,   35.012162,        4.70,
 139.901261,   35.012162,        4.60,
 139.905766,   35.012162,        4.49,
 139.910270,   35.012162,        4.39,
 139.914775,   35.012162,        4.28,
 139.919279,   35.012162,        4.16,
 139.923784,   35.012162,        4.05,
 139.928288,   35.012162,        3.93,
 139.932793,   35.012162,        3.81,
 139.937297,   35.012162,        3.69,
 139.941802,   35.012162,        3.56,
 139.946306,   35.012162,        3.43,
 139.950811,   35.012162,        3.30,
 139.955315,   35.012162,        3.17,
 139.959820,   35.012162,        3.03,
 139.964324,   35.012162,        2.90,
 139.968829,   35.012162,        2.76,
 139.973333,   35.012162,        2.62,
 139.977838,   35.012162,        2.48,
 139.982342,   35.012162,        2.42,
 139.986847,   35.012162,        2.38,
 139.991351,   35.012162,        2.34,
 139.995856,   35.012162,        2.31,
 140.000360,   35.012162,        2.27,
 140.004865,   35.012162,        2.23,
 140.009369,   35.012162,        2.19,
 140.013874,   35.012162,        2.14,
 140.018378,   35.012162,        2.08,
 140.022883,   35.012162,        2.02,
 140.027387,   35.012162,        1.97,
 140.031892,   35.012162,        1.90,
 140.036396,   35.012162,        1.84,
 140.040901,   35.012162,        1.79,
 140.045405,   35.012162,        1.73,
 140.049910,   35.012162,        1.69,
 140.054414,   35.012162,        1.66,
 140.058919,   35.012162,        1.63,
 140.063423,   35.012162,        1.60,
 140.067928,   35.012162,        1.57,
 140.072432,   35.012162,        1.55,
 140.076937,   35.012162,        1.53,
 140.081441,   35.012162,        1.51,
 140.085946,   35.012162,        1.49,
 140.090450,   35.012162,        1.47,
 140.094955,   35.012162,        1.45,
 140.099459,   35.012162,        1.43,
 140.103964,   35.012162,        1.40,
 140.108468,   35.012162,        1.37,
 140.112973,   35.012162,        1.34,
 140.117477,   35.012162,        1.32,
 140.121982,   35.012162,        1.28,
 140.126486,   35.012162,        1.25,
 140.130991,   35.012162,        1.21,
 140.135495,   35.012162,        1.18,
 140.140000,   35.012162,        1.14,
 140.144505,   35.012162,        1.11,
 140.149009,   35.012162,        1.08,
 140.153514,   35.012162,        1.05,
 140.158018,   35.012162,        1.02,
 140.162523,   35.012162,        0.99,
 140.167027,   35.012162,        0.96,
 140.171532,   35.012162,        0.94,
 140.176036,   35.012162,        0.92,
 140.180541,   35.012162,        0.90,
 140.185045,   35.012162,        0.88,
 140.189550,   35.012162,        0.85,
 140.194054,   35.012162,        0.84,
 140.198559,   35.012162,        0.82,
 140.203063,   35.012162,        0.81,
 140.207568,   35.012162,        0.80,
 140.212072,   35.012162,        0.79,
 140.216577,   35.012162,        0.78,
 140.221081,   35.012162,        0.77,
 140.225586,   35.012162,        0.76,
 140.230090,   35.012162,        0.76,
 140.234595,   35.012162,        0.75,
 140.239099,   35.012162,        0.75,
 140.243604,   35.012162,        0.74,
 140.248108,   35.012162,        0.73,
 140.252613,   35.012162,        0.69,
 140.257117,   35.012162,        0.65,
 140.261622,   35.012162,        0.61,
 140.266126,   35.012162,        0.58,
 140.270631,   35.012162,        0.55,
 140.275135,   35.012162,        0.55,
 140.279640,   35.012162,        0.57,
 140.284144,   35.012162,        0.56,
 140.288649,   35.012162,        0.52,
 140.293153,   35.012162,        0.45,
 140.297658,   35.012162,        0.35,
 140.302162,   35.012162,        0.28,
 140.306667,   35.012162,        0.21,
 140.311171,   35.012162,        0.14,
 140.315676,   35.012162,        0.08,
 140.320180,   35.012162,        0.03,
 140.324685,   35.012162,       -0.00,
 140.329189,   35.012162,       -0.02,
 140.333694,   35.012162,       -0.04,
 140.338198,   35.012162,       -0.06,
 140.342703,   35.012162,       -0.07,
 140.347207,   35.012162,       -0.08,
 140.351712,   35.012162,       -0.09,
 140.356216,   35.012162,       -0.10,
 140.360721,   35.012162,       -0.10,
 140.365225,   35.012162,       -0.09,
 140.369730,   35.012162,       -0.10,
 140.374234,   35.012162,       -0.05,
 140.378739,   35.012162,        0.01,
 140.383243,   35.012162,        0.07,
 140.387748,   35.012162,        0.14,
 139.140000,   35.016667,       -0.19,
 139.144505,   35.016667,       -0.26,
 139.149009,   35.016667,       -0.32,
 139.153514,   35.016667,       -0.37,
 139.158018,   35.016667,       -0.41,
 139.162523,   35.016667,       -0.43,
 139.167027,   35.016667,       -0.44,
 139.171532,   35.016667,       -0.44,
 139.176036,   35.016667,       -0.42,
 139.180541,   35.016667,       -0.40,
 139.185045,   35.016667,       -0.36,
 139.189550,   35.016667,       -0.31,
 139.194054,   35.016667,       -0.21,
 139.198559,   35.016667,       -0.01,
 139.203063,   35.016667,        0.17,
 139.207568,   35.016667,        0.34,
 139.212072,   35.016667,        0.49,
 139.216577,   35.016667,        0.63,
 139.221081,   35.016667,        0.78,
 139.225586,   35.016667,        0.94,
 139.230090,   35.016667,        1.11,
 139.234595,   35.016667,        1.31,
 139.239099,   35.016667,        1.30,
 139.243604,   35.016667,        1.16,
 139.248108,   35.016667,        1.02,
 139.252613,   35.016667,        0.89,
 139.257117,   35.016667,        0.75,
 139.261622,   35.016667,        0.71,
 139.266126,   35.016667,        0.82,
 139.270631,   35.016667,        1.12,
 139.275135,   35.016667,        1.51,
 139.279640,   35.016667,        1.92,
 139.284144,   35.016667,        2.31,
 139.288649,   35.016667,        2.70,
 139.293153,   35.016667,        3.07,
 139.297658,   35.016667,        3.39,
 139.302162,   35.016667,        3.61,
 139.306667,   35.016667,        3.63,
 139.311171,   35.016667,        3.58,
 139.315676,   35.016667,        3.53,
 139.320180,   35.016667,        3.48,
 139.324685,   35.016667,        3.43,
 139.329189,   35.016667,        3.40,
 139.333694,   35.016667,        3.37,
 139.338198,   35.016667,        3.34,
 139.342703,   35.016667,        3.32,
 139.347207,   35.016667,        3.31,
 139.351712,   35.016667,        3.30,
 139.356216,   35.016667,        3.29,
 139.360721,   35.016667,        3.28,
 139.365225,   35.016667,        3.26,
 139.369730,   35.016667,        3.24,
 139.374234,   35.016667,        3.22,
 139.378739,   35.016667,        3.20,
 139.383243,   35.016667,        3.17,
 139.387748,   35.016667,        3.15,
 139.392252,   35.016667,        3.13,
 139.396757,   35.016667,        3.11,
 139.401261,   35.016667,        3.09,
 139.405766,   35.016667,        3.07,
 139.410270,   35.016667,        3.06,
 139.414775,   35.016667,        3.04,
 139.419279,   35.016667,        3.02,
 139.423784,   35.016667,        3.00,
 139.428288,   35.016667,        2.99,
 139.432793,   35.016667,        2.97,
 139.437297,   35.016667,        2.95,
 139.441802,   35.016667,        2.93,
 139.446306,   35.016667,        2.91,
 139.450811,   35.016667,        2.90,
 139.455315,   35.016667,        2.89,
 139.459820,   35.016667,        2.88,
 139.464324,   35.016667,        2.88,
 139.468829,   35.016667,        2.87,
 139.473333,   35.016667,        2.86,
 139.477838,   35.016667,        2.85,
 139.482342,   35.016667,        2.85,
 139.486847,   35.016667,        2.88,
 139.491351,   35.016667,        2.91,
 139.495856,   35.016667,        2.95,
 139.500360,   35.016667,        2.98,
 139.504865,   35.016667,        3.01,
 139.509369,   35.016667,        3.05,
 139.513874,   35.016667,        3.14,
 139.518378,   35.016667,        3.24,
 139.522883,   35.016667,        3.34,
 139.527387,   35.016667,        3.45,
 139.531892,   35.016667,        3.55,
 139.536396,   35.016667,        3.65,
 139.540901,   35.016667,        3.74,
 139.545405,   35.016667,        3.86,
 139.549910,   35.016667,        3.97,
 139.554414,   35.016667,        4.09,
 139.558919,   35.016667,        4.21,
 139.563423,   35.016667,        4.33,
 139.567928,   35.016667,        4.43,
 139.572432,   35.016667,        4.53,
 139.576937,   35.016667,        4.64,
 139.581441,   35.016667,        4.77,
 139.585946,   35.016667,        4.92,
 139.590450,   35.016667,        5.05,
 139.594955,   35.016667,        5.15,
 139.599459,   35.016667,        5.24,
 139.603964,   35.016667,        5.33,
 139.608468,   35.016667,        5.41,
 139.612973,   35.016667,        5.46,
 139.617477,   35.016667,        5.54,
 139.621982,   35.016667,        5.61,
 139.626486,   35.016667,        5.69,
 139.630991,   35.016667,        5.75,
 139.635495,   35.016667,        5.91,
 139.640000,   35.016667,        6.07,
 139.644505,   35.016667,        6.22,
 139.649009,   35.016667,        6.38,
 139.653514,   35.016667,        6.61,
 139.658018,   35.016667,        6.88,
 139.662523,   35.016667,        7.16,
 139.667027,   35.016667,        7.46,
 139.671532,   35.016667,        7.74,
 139.676036,   35.016667,        8.06,
 139.680541,   35.016667,        8.42,
 139.685045,   35.016667,        8.81,
 139.689550,   35.016667,        9.14,
 139.694054,   35.016667,        9.43,
 139.698559,   35.016667,        9.76,
 139.703063,   35.016667,       10.13,
 139.707568,   35.016667,       10.42,
 139.712072,   35.016667,       10.60,
 139.716577,   35.016667,       10.80,
 139.721081,   35.016667,       10.99,
 139.725586,   35.016667,       11.17,
 139.730090,   35.016667,       11.30,
 139.734595,   35.016667,       11.42,
 139.739099,   35.016667,       11.47,
 139.743604,   35.016667,       11.37,
 139.748108,   35.016667,       11.26,
 139.752613,   35.016667,       11.14,
 139.757117,   35.016667,       10.82,
 139.761622,   35.016667,       10.51,
 139.766126,   35.016667,       10.16,
 139.770631,   35.016667,        9.65,
 139.775135,   35.016667,        9.14,
 139.779640,   35.016667,        8.60,
 139.784144,   35.016667,        7.96,
 139.788649,   35.016667,        7.33,
 139.793153,   35.016667,        6.72,
 139.797658,   35.016667,        6.08,
 139.802162,   35.016667,        5.51,
 139.806667,   35.016667,        5.04,
 139.811171,   35.016667,        4.64,
 139.815676,   35.016667,        4.37,
 139.820180,   35.016667,        4.21,
 139.824685,   35.016667,        4.15,
 139.829189,   35.016667,        4.21,
 139.833694,   35.016667,        4.32,
 139.838198,   35.016667,        4.49,
 139.842703,   35.016667,        4.73,
 139.847207,   35.016667,        4.97,
 139.851712,   35.016667,        5.19,
 139.856216,   35.016667,        5.37,
 139.860721,   35.016667,        5.37,
 139.865225,   35.016667,        5.35,
 139.869730,   35.016667,        5.32,
 139.874234,   35.016667,        5.25,
 139.878739,   35.016667,        5.18,
 139.883243,   35.016667,        5.09,
 139.887748,   35.016667,        5.01,
 139.892252,   35.016667,        4.91,
 139.896757,   35.016667,        4.81,
 139.901261,   35.016667,        4.71,
 139.905766,   35.016667,        4.61,
 139.910270,   35.016667,        4.50,
 139.914775,   35.016667,        4.39,
 139.919279,   35.016667,        4.27,
 139.923784,   35.016667,        4.16,
 139.928288,   35.016667,        4.04,
 139.932793,   35.016667,        3.92,
 139.937297,   35.016667,        3.79,
 139.941802,   35.016667,        3.67,
 139.946306,   35.016667,        3.54,
 139.950811,   35.016667,        3.41,
 139.955315,   35.016667,        3.28,
 139.959820,   35.016667,        3.14,
 139.964324,   35.016667,        3.01,
 139.968829,   35.016667,        2.87,
 139.973333,   35.016667,        2.73,
 139.977838,   35.016667,        2.59,
 139.982342,   35.016667,        2.46,
 139.986847,   35.016667,        2.40,
 139.991351,   35.016667,        2.36,
 139.995856,   35.016667,        2.33,
 140.000360,   35.016667,        2.30,
 140.004865,   35.016667,        2.26,
 140.009369,   35.016667,        2.22,
 140.013874,   35.016667,        2.17,
 140.018378,   35.016667,        2.13,
 140.022883,   35.016667,        2.07,
 140.027387,   35.016667,        2.02,
 140.031892,   35.016667,        1.96,
 140.036396,   35.016667,        1.90,
 140.040901,   35.016667,        1.84,
 140.045405,   35.016667,        1.79,
 140.049910,   35.016667,        1.74,
 140.054414,   35.016667,        1.69,
 140.058919,   35.016667,        1.66,
 140.063423,   35.016667,        1.62,
 140.067928,   35.016667,        1.59,
 140.072432,   35.016667,        1.57,
 140.076937,   35.016667,        1.54,
 140.081441,   35.016667,        1.52,
 140.085946,   35.016667,        1.50,
 140.090450,   35.016667,        1.48,
 140.094955,   35.016667,        1.46,
 140.099459,   35.016667,        1.44,
 140.103964,   35.016667,        1.41,
 140.108468,   35.016667,        1.38,
 140.112973,   35.016667,        1.36,
 140.117477,   35.016667,        1.33,
 140.121982,   35.016667,        1.30,
 140.126486,   35.016667,        1.27,
 140.130991,   35.016667,        1.23,
 140.135495,   35.016667,        1.20,
 140.140000,   35.016667,        1.17,
 140.144505,   35.016667,        1.13,
 140.149009,   35.016667,        1.10,
 140.153514,   35.016667,        1.08,
 140.158018,   35.016667,        1.05,
 140.162523,   35.016667,        1.02,
 140.167027,   35.016667,        1.00,
 140.171532,   35.016667,        0.98,
 140.176036,   35.016667,        0.96,
 140.180541,   35.016667,        0.93,
 140.185045,   35.016667,        0.91,
 140.189550,   35.016667,        0.89,
 140.194054,   35.016667,        0.88,
 140.198559,   35.016667,        0.87,
 140.203063,   35.016667,        0.86,
 140.207568,   35.016667,        0.85,
 140.212072,   35.016667,        0.84,
 140.216577,   35.016667,        0.83,
 140.221081,   35.016667,        0.82,
 140.225586,   35.016667,        0.81,
 140.230090,   35.016667,        0.81,
 140.234595,   35.016667,        0.80,
 140.239099,   35.016667,        0.80,
 140.243604,   35.016667,        0.79,
 140.248108,   35.016667,        0.79,
 140.252613,   35.016667,        0.78,
 140.257117,   35.016667,        0.76,
 140.261622,   35.016667,        0.74,
 140.266126,   35.016667,        0.72,
 140.270631,   35.016667,        0.71,
 140.275135,   35.016667,        0.71,
 140.279640,   35.016667,        0.67,
 140.284144,   35.016667,        0.61,
 140.288649,   35.016667,        0.53,
 140.293153,   35.016667,        0.41,
 140.297658,   35.016667,        0.30,
 140.302162,   35.016667,        0.21,
 140.306667,   35.016667,        0.15,
 140.311171,   35.016667,        0.09,
 140.315676,   35.016667,        0.04,
 140.320180,   35.016667,        0.01,
 140.324685,   35.016667,        0.00,
 140.329189,   35.016667,       -0.01,
 140.333694,   35.016667,       -0.03,
 140.338198,   35.016667,       -0.04,
 140.342703,   35.016667,       -0.05,
 140.347207,   35.016667,       -0.06,
 140.351712,   35.016667,       -0.07,
 140.356216,   35.016667,       -0.07,
 140.360721,   35.016667,       -0.07,
 140.365225,   35.016667,       -0.04,
 140.369730,   35.016667,        0.01,
 140.374234,   35.016667,        0.06,
 140.378739,   35.016667,        0.12,
 140.383243,   35.016667,        0.19,
 140.387748,   35.016667,        0.26,
 139.140000,   35.021171,       -0.14,
 139.144505,   35.021171,       -0.14,
 139.149009,   35.021171,       -0.17,
 139.153514,   35.021171,       -0.23,
 139.158018,   35.021171,       -0.27,
 139.162523,   35.021171,       -0.30,
 139.167027,   35.021171,       -0.32,
 139.171532,   35.021171,       -0.33,
 139.176036,   35.021171,       -0.32,
 139.180541,   35.021171,       -0.30,
 139.185045,   35.021171,       -0.27,
 139.189550,   35.021171,       -0.22,
 139.194054,   35.021171,       -0.17,
 139.198559,   35.021171,       -0.10,
 139.203063,   35.021171,        0.05,
 139.207568,   35.021171,        0.20,
 139.212072,   35.021171,        0.34,
 139.216577,   35.021171,        0.48,
 139.221081,   35.021171,        0.61,
 139.225586,   35.021171,        0.75,
 139.230090,   35.021171,        0.90,
 139.234595,   35.021171,        1.03,
 139.239099,   35.021171,        0.99,
 139.243604,   35.021171,        0.87,
 139.248108,   35.021171,        0.75,
 139.252613,   35.021171,        0.63,
 139.257117,   35.021171,        0.50,
 139.261622,   35.021171,        0.42,
 139.266126,   35.021171,        0.57,
 139.270631,   35.021171,        0.97,
 139.275135,   35.021171,        1.43,
 139.279640,   35.021171,        1.88,
 139.284144,   35.021171,        2.32,
 139.288649,   35.021171,        2.75,
 139.293153,   35.021171,        3.13,
 139.297658,   35.021171,        3.44,
 139.302162,   35.021171,        3.66,
 139.306667,   35.021171,        3.72,
 139.311171,   35.021171,        3.66,
 139.315676,   35.021171,        3.61,
 139.320180,   35.021171,        3.56,
 139.324685,   35.021171,        3.51,
 139.329189,   35.021171,        3.46,
 139.333694,   35.021171,        3.43,
 139.338198,   35.021171,        3.41,
 139.342703,   35.021171,        3.40,
 139.347207,   35.021171,        3.39,
 139.351712,   35.021171,        3.39,
 139.356216,   35.021171,        3.38,
 139.360721,   35.021171,        3.37,
 139.365225,   35.021171,        3.35,
 139.369730,   35.021171,        3.34,
 139.374234,   35.021171,        3.32,
 139.378739,   35.021171,        3.29,
 139.383243,   35.021171,        3.27,
 139.387748,   35.021171,        3.25,
 139.392252,   35.021171,        3.23,
 139.396757,   35.021171,        3.20,
 139.401261,   35.021171,        3.18,
 139.405766,   35.021171,        3.17,
 139.410270,   35.021171,        3.17,
 139.414775,   35.021171,        3.16,
 139.419279,   35.021171,        3.15,
 139.423784,   35.021171,        3.14,
 139.428288,   35.021171,        3.13,
 139.432793,   35.021171,        3.13,
 139.437297,   35.021171,        3.12,
 139.441802,   35.021171,        3.11,
 139.446306,   35.021171,        3.09,
 139.450811,   35.021171,        3.08,
 139.455315,   35.021171,        3.07,
 139.459820,   35.021171,        3.06,
 139.464324,   35.021171,        3.05,
 139.468829,   35.021171,        3.04,
 139.473333,   35.021171,        3.04,
 139.477838,   35.021171,        3.03,
 139.482342,   35.021171,        3.06,
 139.486847,   35.021171,        3.09,
 139.491351,   35.021171,        3.13,
 139.495856,   35.021171,        3.16,
 139.500360,   35.021171,        3.20,
 139.504865,   35.021171,        3.23,
 139.509369,   35.021171,        3.29,
 139.513874,   35.021171,        3.37,
 139.518378,   35.021171,        3.49,
 139.522883,   35.021171,        3.60,
 139.527387,   35.021171,        3.72,
 139.531892,   35.021171,        3.84,
 139.536396,   35.021171,        3.96,
 139.540901,   35.021171,        4.07,
 139.545405,   35.021171,        4.19,
 139.549910,   35.021171,        4.31,
 139.554414,   35.021171,        4.44,
 139.558919,   35.021171,        4.58,
 139.563423,   35.021171,        4.70,
 139.567928,   35.021171,        4.80,
 139.572432,   35.021171,        4.92,
 139.576937,   35.021171,        5.06,
 139.581441,   35.021171,        5.21,
 139.585946,   35.021171,        5.38,
 139.590450,   35.021171,        5.53,
 139.594955,   35.021171,        5.65,
 139.599459,   35.021171,        5.74,
 139.603964,   35.021171,        5.83,
 139.608468,   35.021171,        5.94,
 139.612973,   35.021171,        6.09,
 139.617477,   35.021171,        6.20,
 139.621982,   35.021171,        6.28,
 139.626486,   35.021171,        6.36,
 139.630991,   35.021171,        6.49,
 139.635495,   35.021171,        6.71,
 139.640000,   35.021171,        6.94,
 139.644505,   35.021171,        7.15,
 139.649009,   35.021171,        7.34,
 139.653514,   35.021171,        7.58,
 139.658018,   35.021171,        7.86,
 139.662523,   35.021171,        8.15,
 139.667027,   35.021171,        8.44,
 139.671532,   35.021171,        8.76,
 139.676036,   35.021171,        9.10,
 139.680541,   35.021171,        9.48,
 139.685045,   35.021171,        9.87,
 139.689550,   35.021171,       10.21,
 139.694054,   35.021171,       10.51,
 139.698559,   35.021171,       10.81,
 139.703063,   35.021171,       11.13,
 139.707568,   35.021171,       11.38,
 139.712072,   35.021171,       11.59,
 139.716577,   35.021171,       11.80,
 139.721081,   35.021171,       12.01,
 139.725586,   35.021171,       12.16,
 139.730090,   35.021171,       12.21,
 139.734595,   35.021171,       12.25,
 139.739099,   35.021171,       12.24,
 139.743604,   35.021171,       12.18,
 139.748108,   35.021171,       12.05,
 139.752613,   35.021171,       11.81,
 139.757117,   35.021171,       11.47,
 139.761622,   35.021171,       11.11,
 139.766126,   35.021171,       10.59,
 139.770631,   35.021171,       10.05,
 139.775135,   35.021171,        9.51,
 139.779640,   35.021171,        8.82,
 139.784144,   35.021171,        8.14,
 139.788649,   35.021171,        7.50,
 139.793153,   35.021171,        6.79,
 139.797658,   35.021171,        6.13,
 139.802162,   35.021171,        5.53,
 139.806667,   35.021171,        5.08,
 139.811171,   35.021171,        4.69,
 139.815676,   35.021171,        4.36,
 139.820180,   35.021171,        4.26,
 139.824685,   35.021171,        4.25,
 139.829189,   35.021171,        4.27,
 139.833694,   35.021171,        4.42,
 139.838198,   35.021171,        4.64,
 139.842703,   35.021171,        4.86,
 139.847207,   35.021171,        5.07,
 139.851712,   35.021171,        5.28,
 139.856216,   35.021171,        5.37,
 139.860721,   35.021171,        5.42,
 139.865225,   35.021171,        5.44,
 139.869730,   35.021171,        5.41,
 139.874234,   35.021171,        5.37,
 139.878739,   35.021171,        5.30,
 139.883243,   35.021171,        5.22,
 139.887748,   35.021171,        5.13,
 139.892252,   35.021171,        5.04,
 139.896757,   35.021171,        4.94,
 139.901261,   35.021171,        4.84,
 139.905766,   35.021171,        4.73,
 139.910270,   35.021171,        4.62,
 139.914775,   35.021171,        4.51,
 139.919279,   35.021171,        4.40,
 139.923784,   35.021171,        4.28,
 139.928288,   35.021171,        4.16,
 139.932793,   35.021171,        4.03,
 139.937297,   35.021171,        3.91,
 139.941802,   35.021171,        3.78,
 139.946306,   35.021171,        3.65,
 139.950811,   35.021171,        3.52,
 139.955315,   35.021171,        3.39,
 139.959820,   35.021171,        3.26,
 139.964324,   35.021171,        3.13,
 139.968829,   35.021171,        2.99,
 139.973333,   35.021171,        2.86,
 139.977838,   35.021171,        2.72,
 139.982342,   35.021171,        2.59,
 139.986847,   35.021171,        2.45,
 139.991351,   35.021171,        2.39,
 139.995856,   35.021171,        2.36,
 140.000360,   35.021171,        2.32,
 140.004865,   35.021171,        2.29,
 140.009369,   35.021171,        2.26,
 140.013874,   35.021171,        2.21,
 140.018378,   35.021171,        2.17,
 140.022883,   35.021171,        2.12,
 140.027387,   35.021171,        2.07,
 140.031892,   35.021171,        2.02,
 140.036396,   35.021171,        1.97,
 140.040901,   35.021171,        1.90,
 140.045405,   35.021171,        1.85,
 140.049910,   35.021171,        1.80,
 140.054414,   35.021171,        1.75,
 140.058919,   35.021171,        1.70,
 140.063423,   35.021171,        1.67,
 140.067928,   35.021171,        1.63,
 140.072432,   35.021171,        1.60,
 140.076937,   35.021171,        1.57,
 140.081441,   35.021171,        1.54,
 140.085946,   35.021171,        1.52,
 140.090450,   35.021171,        1.50,
 140.094955,   35.021171,        1.47,
 140.099459,   35.021171,        1.45,
 140.103964,   35.021171,        1.43,
 140.108468,   35.021171,        1.40,
 140.112973,   35.021171,        1.38,
 140.117477,   35.021171,        1.35,
 140.121982,   35.021171,        1.32,
 140.126486,   35.021171,        1.29,
 140.130991,   35.021171,        1.26,
 140.135495,   35.021171,        1.23,
 140.140000,   35.021171,        1.19,
 140.144505,   35.021171,        1.16,
 140.149009,   35.021171,        1.13,
 140.153514,   35.021171,        1.11,
 140.158018,   35.021171,        1.08,
 140.162523,   35.021171,        1.05,
 140.167027,   35.021171,        1.03,
 140.171532,   35.021171,        1.01,
 140.176036,   35.021171,        0.99,
 140.180541,   35.021171,        0.97,
 140.185045,   35.021171,        0.95,
 140.189550,   35.021171,        0.94,
 140.194054,   35.021171,        0.92,
 140.198559,   35.021171,        0.91,
 140.203063,   35.021171,        0.90,
 140.207568,   35.021171,        0.89,
 140.212072,   35.021171,        0.89,
 140.216577,   35.021171,        0.88,
 140.221081,   35.021171,        0.87,
 140.225586,   35.021171,        0.86,
 140.230090,   35.021171,        0.86,
 140.234595,   35.021171,        0.85,
 140.239099,   35.021171,        0.85,
 140.243604,   35.021171,        0.85,
 140.248108,   35.021171,        0.85,
 140.252613,   35.021171,        0.85,
 140.257117,   35.021171,        0.85,
 140.261622,   35.021171,        0.84,
 140.266126,   35.021171,        0.85,
 140.270631,   35.021171,        0.86,
 140.275135,   35.021171,        0.84,
 140.279640,   35.021171,        0.76,
 140.284144,   35.021171,        0.66,
 140.288649,   35.021171,        0.55,
 140.293153,   35.021171,        0.41,
 140.297658,   35.021171,        0.26,
 140.302162,   35.021171,        0.15,
 140.306667,   35.021171,        0.08,
 140.311171,   35.021171,        0.04,
 140.315676,   35.021171,        0.01,
 140.320180,   35.021171,        0.00,
 140.324685,   35.021171,        0.00,
 140.329189,   35.021171,        0.00,
 140.333694,   35.021171,       -0.01,
 140.338198,   35.021171,       -0.03,
 140.342703,   35.021171,       -0.04,
 140.347207,   35.021171,       -0.04,
 140.351712,   35.021171,       -0.05,
 140.356216,   35.021171,       -0.03,
 140.360721,   35.021171,        0.01,
 140.365225,   35.021171,        0.05,
 140.369730,   35.021171,        0.10,
 140.374234,   35.021171,        0.16,
 140.378739,   35.021171,        0.23,
 140.383243,   35.021171,        0.30,
 140.387748,   35.021171,        0.37,
 139.140000,   35.025676,       -0.10,
 139.144505,   35.025676,       -0.11,
 139.149009,   35.025676,       -0.11,
 139.153514,   35.025676,       -0.11,
 139.158018,   35.025676,       -0.15,
 139.162523,   35.025676,       -0.19,
 139.167027,   35.025676,       -0.21,
 139.171532,   35.025676,       -0.23,
 139.176036,   35.025676,       -0.23,
 139.180541,   35.025676,       -0.22,
 139.185045,   35.025676,       -0.19,
 139.189550,   35.025676,       -0.16,
 139.194054,   35.025676,       -0.11,
 139.198559,   35.025676,       -0.04,
 139.203063,   35.025676,        0.01,
 139.207568,   35.025676,        0.10,
 139.212072,   35.025676,        0.22,
 139.216577,   35.025676,        0.34,
 139.221081,   35.025676,        0.44,
 139.225586,   35.025676,        0.55,
 139.230090,   35.025676,        0.66,
 139.234595,   35.025676,        0.73,
 139.239099,   35.025676,        0.67,
 139.243604,   35.025676,        0.59,
 139.248108,   35.025676,        0.52,
 139.252613,   35.025676,        0.42,
 139.257117,   35.025676,        0.28,
 139.261622,   35.025676,        0.13,
 139.266126,   35.025676,        0.36,
 139.270631,   35.025676,        0.89,
 139.275135,   35.025676,        1.40,
 139.279640,   35.025676,        1.89,
 139.284144,   35.025676,        2.37,
 139.288649,   35.025676,        2.84,
 139.293153,   35.025676,        3.24,
 139.297658,   35.025676,        3.55,
 139.302162,   35.025676,        3.74,
 139.306667,   35.025676,        3.80,
 139.311171,   35.025676,        3.75,
 139.315676,   35.025676,        3.69,
 139.320180,   35.025676,        3.63,
 139.324685,   35.025676,        3.58,
 139.329189,   35.025676,        3.53,
 139.333694,   35.025676,        3.50,
 139.338198,   35.025676,        3.49,
 139.342703,   35.025676,        3.48,
 139.347207,   35.025676,        3.48,
 139.351712,   35.025676,        3.47,
 139.356216,   35.025676,        3.47,
 139.360721,   35.025676,        3.46,
 139.365225,   35.025676,        3.45,
 139.369730,   35.025676,        3.43,
 139.374234,   35.025676,        3.41,
 139.378739,   35.025676,        3.39,
 139.383243,   35.025676,        3.37,
 139.387748,   35.025676,        3.34,
 139.392252,   35.025676,        3.32,
 139.396757,   35.025676,        3.30,
 139.401261,   35.025676,        3.28,
 139.405766,   35.025676,        3.27,
 139.410270,   35.025676,        3.27,
 139.414775,   35.025676,        3.27,
 139.419279,   35.025676,        3.27,
 139.423784,   35.025676,        3.27,
 139.428288,   35.025676,        3.27,
 139.432793,   35.025676,        3.27,
 139.437297,   35.025676,        3.28,
 139.441802,   35.025676,        3.27,
 139.446306,   35.025676,        3.26,
 139.450811,   35.025676,        3.25,
 139.455315,   35.025676,        3.24,
 139.459820,   35.025676,        3.23,
 139.464324,   35.025676,        3.22,
 139.468829,   35.025676,        3.21,
 139.473333,   35.025676,        3.20,
 139.477838,   35.025676,        3.20,
 139.482342,   35.025676,        3.23,
 139.486847,   35.025676,        3.28,
 139.491351,   35.025676,        3.32,
 139.495856,   35.025676,        3.37,
 139.500360,   35.025676,        3.41,
 139.504865,   35.025676,        3.45,
 139.509369,   35.025676,        3.51,
 139.513874,   35.025676,        3.60,
 139.518378,   35.025676,        3.72,
 139.522883,   35.025676,        3.85,
 139.527387,   35.025676,        3.97,
 139.531892,   35.025676,        4.09,
 139.536396,   35.025676,        4.22,
 139.540901,   35.025676,        4.35,
 139.545405,   35.025676,        4.48,
 139.549910,   35.025676,        4.61,
 139.554414,   35.025676,        4.76,
 139.558919,   35.025676,        4.92,
 139.563423,   35.025676,        5.06,
 139.567928,   35.025676,        5.18,
 139.572432,   35.025676,        5.32,
 139.576937,   35.025676,        5.48,
 139.581441,   35.025676,        5.66,
 139.585946,   35.025676,        5.85,
 139.590450,   35.025676,        6.02,
 139.594955,   35.025676,        6.15,
 139.599459,   35.025676,        6.25,
 139.603964,   35.025676,        6.38,
 139.608468,   35.025676,        6.53,
 139.612973,   35.025676,        6.70,
 139.617477,   35.025676,        6.84,
 139.621982,   35.025676,        6.95,
 139.626486,   35.025676,        7.06,
 139.630991,   35.025676,        7.23,
 139.635495,   35.025676,        7.48,
 139.640000,   35.025676,        7.75,
 139.644505,   35.025676,        8.02,
 139.649009,   35.025676,        8.29,
 139.653514,   35.025676,        8.54,
 139.658018,   35.025676,        8.81,
 139.662523,   35.025676,        9.10,
 139.667027,   35.025676,        9.40,
 139.671532,   35.025676,        9.73,
 139.676036,   35.025676,       10.07,
 139.680541,   35.025676,       10.44,
 139.685045,   35.025676,       10.80,
 139.689550,   35.025676,       11.14,
 139.694054,   35.025676,       11.47,
 139.698559,   35.025676,       11.79,
 139.703063,   35.025676,       12.08,
 139.707568,   35.025676,       12.29,
 139.712072,   35.025676,       12.47,
 139.716577,   35.025676,       12.69,
 139.721081,   35.025676,       12.95,
 139.725586,   35.025676,       13.06,
 139.730090,   35.025676,       13.02,
 139.734595,   35.025676,       13.00,
 139.739099,   35.025676,       13.00,
 139.743604,   35.025676,       12.97,
 139.748108,   35.025676,       12.69,
 139.752613,   35.025676,       12.39,
 139.757117,   35.025676,       12.07,
 139.761622,   35.025676,       11.58,
 139.766126,   35.025676,       10.98,
 139.770631,   35.025676,       10.41,
 139.775135,   35.025676,        9.72,
 139.779640,   35.025676,        8.96,
 139.784144,   35.025676,        8.25,
 139.788649,   35.025676,        7.51,
 139.793153,   35.025676,        6.75,
 139.797658,   35.025676,        6.09,
 139.802162,   35.025676,        5.51,
 139.806667,   35.025676,        5.04,
 139.811171,   35.025676,        4.67,
 139.815676,   35.025676,        4.39,
 139.820180,   35.025676,        4.32,
 139.824685,   35.025676,        4.31,
 139.829189,   35.025676,        4.36,
 139.833694,   35.025676,        4.57,
 139.838198,   35.025676,        4.79,
 139.842703,   35.025676,        5.01,
 139.847207,   35.025676,        5.20,
 139.851712,   35.025676,        5.37,
 139.856216,   35.025676,        5.51,
 139.860721,   35.025676,        5.55,
 139.865225,   35.025676,        5.56,
 139.869730,   35.025676,        5.54,
 139.874234,   35.025676,        5.49,
 139.878739,   35.025676,        5.43,
 139.883243,   35.025676,        5.35,
 139.887748,   35.025676,        5.27,
 139.892252,   35.025676,        5.17,
 139.896757,   35.025676,        5.07,
 139.901261,   35.025676,        4.97,
 139.905766,   35.025676,        4.86,
 139.910270,   35.025676,        4.75,
 139.914775,   35.025676,        4.64,
 139.919279,   35.025676,        4.52,
 139.923784,   35.025676,        4.39,
 139.928288,   35.025676,        4.27,
 139.932793,   35.025676,        4.14,
 139.937297,   35.025676,        4.01,
 139.941802,   35.025676,        3.88,
 139.946306,   35.025676,        3.75,
 139.950811,   35.025676,        3.62,
 139.955315,   35.025676,        3.49,
 139.959820,   35.025676,        3.37,
 139.964324,   35.025676,        3.24,
 139.968829,   35.025676,        3.11,
 139.973333,   35.025676,        2.98,
 139.977838,   35.025676,        2.85,
 139.982342,   35.025676,        2.72,
 139.986847,   35.025676,        2.59,
 139.991351,   35.025676,        2.45,
 139.995856,   35.025676,        2.39,
 140.000360,   35.025676,        2.36,
 140.004865,   35.025676,        2.32,
 140.009369,   35.025676,        2.29,
 140.013874,   35.025676,        2.25,
 140.018378,   35.025676,        2.21,
 140.022883,   35.025676,        2.16,
 140.027387,   35.025676,        2.12,
 140.031892,   35.025676,        2.08,
 140.036396,   35.025676,        2.03,
 140.040901,   35.025676,        1.97,
 140.045405,   35.025676,        1.91,
 140.049910,   35.025676,        1.86,
 140.054414,   35.025676,        1.81,
 140.058919,   35.025676,        1.76,
 140.063423,   35.025676,        1.72,
 140.067928,   35.025676,        1.68,
 140.072432,   35.025676,        1.64,
 140.076937,   35.025676,        1.61,
 140.081441,   35.025676,        1.57,
 140.085946,   35.025676,        1.54,
 140.090450,   35.025676,        1.52,
 140.094955,   35.025676,        1.50,
 140.099459,   35.025676,        1.47,
 140.103964,   35.025676,        1.45,
 140.108468,   35.025676,        1.42,
 140.112973,   35.025676,        1.40,
 140.117477,   35.025676,        1.37,
 140.121982,   35.025676,        1.34,
 140.126486,   35.025676,        1.31,
 140.130991,   35.025676,        1.28,
 140.135495,   35.025676,        1.25,
 140.140000,   35.025676,        1.22,
 140.144505,   35.025676,        1.19,
 140.149009,   35.025676,        1.16,
 140.153514,   35.025676,        1.14,
 140.158018,   35.025676,        1.11,
 140.162523,   35.025676,        1.09,
 140.167027,   35.025676,        1.07,
 140.171532,   35.025676,        1.05,
 140.176036,   35.025676,        1.03,
 140.180541,   35.025676,        1.01,
 140.185045,   35.025676,        0.99,
 140.189550,   35.025676,        0.98,
 140.194054,   35.025676,        0.97,
 140.198559,   35.025676,        0.96,
 140.203063,   35.025676,        0.95,
 140.207568,   35.025676,        0.94,
 140.212072,   35.025676,        0.93,
 140.216577,   35.025676,        0.92,
 140.221081,   35.025676,        0.92,
 140.225586,   35.025676,        0.91,
 140.230090,   35.025676,        0.91,
 140.234595,   35.025676,        0.90,
 140.239099,   35.025676,        0.90,
 140.243604,   35.025676,        0.90,
 140.248108,   35.025676,        0.90,
 140.252613,   35.025676,        0.91,
 140.257117,   35.025676,        0.91,
 140.261622,   35.025676,        0.92,
 140.266126,   35.025676,        0.93,
 140.270631,   35.025676,        0.95,
 140.275135,   35.025676,        0.91,
 140.279640,   35.025676,        0.82,
 140.284144,   35.025676,        0.71,
 140.288649,   35.025676,        0.58,
 140.293153,   35.025676,        0.43,
 140.297658,   35.025676,        0.27,
 140.302162,   35.025676,        0.09,
 140.306667,   35.025676,        0.02,
 140.311171,   35.025676,        0.01,
 140.315676,   35.025676,        0.00,
 140.320180,   35.025676,        0.00,
 140.324685,   35.025676,        0.00,
 140.329189,   35.025676,        0.00,
 140.333694,   35.025676,       -0.00,
 140.338198,   35.025676,       -0.01,
 140.342703,   35.025676,       -0.02,
 140.347207,   35.025676,       -0.02,
 140.351712,   35.025676,        0.01,
 140.356216,   35.025676,        0.05,
 140.360721,   35.025676,        0.09,
 140.365225,   35.025676,        0.14,
 140.369730,   35.025676,        0.20,
 140.374234,   35.025676,        0.26,
 140.378739,   35.025676,        0.33,
 140.383243,   35.025676,        0.40,
 140.387748,   35.025676,        0.48,
 139.140000,   35.030180,       -0.06,
 139.144505,   35.030180,       -0.07,
 139.149009,   35.030180,       -0.08,
 139.153514,   35.030180,       -0.09,
 139.158018,   35.030180,       -0.09,
 139.162523,   35.030180,       -0.09,
 139.167027,   35.030180,       -0.12,
 139.171532,   35.030180,       -0.14,
 139.176036,   35.030180,       -0.15,
 139.180541,   35.030180,       -0.15,
 139.185045,   35.030180,       -0.13,
 139.189550,   35.030180,       -0.10,
 139.194054,   35.030180,       -0.06,
 139.198559,   35.030180,       -0.00,
 139.203063,   35.030180,        0.02,
 139.207568,   35.030180,        0.05,
 139.212072,   35.030180,        0.13,
 139.216577,   35.030180,        0.21,
 139.221081,   35.030180,        0.28,
 139.225586,   35.030180,        0.35,
 139.230090,   35.030180,        0.41,
 139.234595,   35.030180,        0.43,
 139.239099,   35.030180,        0.44,
 139.243604,   35.030180,        0.47,
 139.248108,   35.030180,        0.47,
 139.252613,   35.030180,        0.42,
 139.257117,   35.030180,        0.33,
 139.261622,   35.030180,        0.29,
 139.266126,   35.030180,        0.56,
 139.270631,   35.030180,        1.04,
 139.275135,   35.030180,        1.53,
 139.279640,   35.030180,        2.00,
 139.284144,   35.030180,        2.48,
 139.288649,   35.030180,        2.98,
 139.293153,   35.030180,        3.39,
 139.297658,   35.030180,        3.68,
 139.302162,   35.030180,        3.85,
 139.306667,   35.030180,        3.90,
 139.311171,   35.030180,        3.84,
 139.315676,   35.030180,        3.78,
 139.320180,   35.030180,        3.72,
 139.324685,   35.030180,        3.66,
 139.329189,   35.030180,        3.60,
 139.333694,   35.030180,        3.58,
 139.338198,   35.030180,        3.58,
 139.342703,   35.030180,        3.57,
 139.347207,   35.030180,        3.57,
 139.351712,   35.030180,        3.56,
 139.356216,   35.030180,        3.56,
 139.360721,   35.030180,        3.55,
 139.365225,   35.030180,        3.54,
 139.369730,   35.030180,        3.52,
 139.374234,   35.030180,        3.50,
 139.378739,   35.030180,        3.48,
 139.383243,   35.030180,        3.46,
 139.387748,   35.030180,        3.44,
 139.392252,   35.030180,        3.42,
 139.396757,   35.030180,        3.40,
 139.401261,   35.030180,        3.38,
 139.405766,   35.030180,        3.37,
 139.410270,   35.030180,        3.37,
 139.414775,   35.030180,        3.37,
 139.419279,   35.030180,        3.38,
 139.423784,   35.030180,        3.39,
 139.428288,   35.030180,        3.40,
 139.432793,   35.030180,        3.40,
 139.437297,   35.030180,        3.42,
 139.441802,   35.030180,        3.44,
 139.446306,   35.030180,        3.43,
 139.450811,   35.030180,        3.41,
 139.455315,   35.030180,        3.40,
 139.459820,   35.030180,        3.39,
 139.464324,   35.030180,        3.38,
 139.468829,   35.030180,        3.37,
 139.473333,   35.030180,        3.36,
 139.477838,   35.030180,        3.37,
 139.482342,   35.030180,        3.40,
 139.486847,   35.030180,        3.45,
 139.491351,   35.030180,        3.51,
 139.495856,   35.030180,        3.56,
 139.500360,   35.030180,        3.62,
 139.504865,   35.030180,        3.67,
 139.509369,   35.030180,        3.73,
 139.513874,   35.030180,        3.83,
 139.518378,   35.030180,        3.95,
 139.522883,   35.030180,        4.07,
 139.527387,   35.030180,        4.19,
 139.531892,   35.030180,        4.31,
 139.536396,   35.030180,        4.43,
 139.540901,   35.030180,        4.57,
 139.545405,   35.030180,        4.72,
 139.549910,   35.030180,        4.87,
 139.554414,   35.030180,        5.03,
 139.558919,   35.030180,        5.21,
 139.563423,   35.030180,        5.40,
 139.567928,   35.030180,        5.56,
 139.572432,   35.030180,        5.71,
 139.576937,   35.030180,        5.88,
 139.581441,   35.030180,        6.07,
 139.585946,   35.030180,        6.28,
 139.590450,   35.030180,        6.49,
 139.594955,   35.030180,        6.66,
 139.599459,   35.030180,        6.78,
 139.603964,   35.030180,        6.92,
 139.608468,   35.030180,        7.09,
 139.612973,   35.030180,        7.27,
 139.617477,   35.030180,        7.45,
 139.621982,   35.030180,        7.62,
 139.626486,   35.030180,        7.75,
 139.630991,   35.030180,        7.96,
 139.635495,   35.030180,        8.23,
 139.640000,   35.030180,        8.51,
 139.644505,   35.030180,        8.79,
 139.649009,   35.030180,        9.07,
 139.653514,   35.030180,        9.37,
 139.658018,   35.030180,        9.67,
 139.662523,   35.030180,        9.98,
 139.667027,   35.030180,       10.32,
 139.671532,   35.030180,       10.67,
 139.676036,   35.030180,       11.01,
 139.680541,   35.030180,       11.36,
 139.685045,   35.030180,       11.67,
 139.689550,   35.030180,       11.98,
 139.694054,   35.030180,       12.33,
 139.698559,   35.030180,       12.72,
 139.703063,   35.030180,       13.01,
 139.707568,   35.030180,       13.12,
 139.712072,   35.030180,       13.26,
 139.716577,   35.030180,       13.43,
 139.721081,   35.030180,       13.61,
 139.725586,   35.030180,       13.69,
 139.730090,   35.030180,       13.71,
 139.734595,   35.030180,       13.71,
 139.739099,   35.030180,       13.69,
 139.743604,   35.030180,       13.52,
 139.748108,   35.030180,       13.23,
 139.752613,   35.030180,       12.93,
 139.757117,   35.030180,       12.58,
 139.761622,   35.030180,       12.02,
 139.766126,   35.030180,       11.41,
 139.770631,   35.030180,       10.72,
 139.775135,   35.030180,        9.95,
 139.779640,   35.030180,        9.16,
 139.784144,   35.030180,        8.30,
 139.788649,   35.030180,        7.50,
 139.793153,   35.030180,        6.71,
 139.797658,   35.030180,        6.01,
 139.802162,   35.030180,        5.46,
 139.806667,   35.030180,        4.96,
 139.811171,   35.030180,        4.64,
 139.815676,   35.030180,        4.49,
 139.820180,   35.030180,        4.38,
 139.824685,   35.030180,        4.36,
 139.829189,   35.030180,        4.50,
 139.833694,   35.030180,        4.73,
 139.838198,   35.030180,        4.95,
 139.842703,   35.030180,        5.10,
 139.847207,   35.030180,        5.30,
 139.851712,   35.030180,        5.64,
 139.856216,   35.030180,        5.68,
 139.860721,   35.030180,        5.70,
 139.865225,   35.030180,        5.70,
 139.869730,   35.030180,        5.68,
 139.874234,   35.030180,        5.63,
 139.878739,   35.030180,        5.57,
 139.883243,   35.030180,        5.49,
 139.887748,   35.030180,        5.41,
 139.892252,   35.030180,        5.31,
 139.896757,   35.030180,        5.22,
 139.901261,   35.030180,        5.11,
 139.905766,   35.030180,        4.99,
 139.910270,   35.030180,        4.87,
 139.914775,   35.030180,        4.75,
 139.919279,   35.030180,        4.62,
 139.923784,   35.030180,        4.49,
 139.928288,   35.030180,        4.36,
 139.932793,   35.030180,        4.23,
 139.937297,   35.030180,        4.11,
 139.941802,   35.030180,        3.99,
 139.946306,   35.030180,        3.87,
 139.950811,   35.030180,        3.75,
 139.955315,   35.030180,        3.63,
 139.959820,   35.030180,        3.51,
 139.964324,   35.030180,        3.38,
 139.968829,   35.030180,        3.25,
 139.973333,   35.030180,        3.11,
 139.977838,   35.030180,        2.98,
 139.982342,   35.030180,        2.85,
 139.986847,   35.030180,        2.72,
 139.991351,   35.030180,        2.59,
 139.995856,   35.030180,        2.46,
 140.000360,   35.030180,        2.38,
 140.004865,   35.030180,        2.35,
 140.009369,   35.030180,        2.32,
 140.013874,   35.030180,        2.29,
 140.018378,   35.030180,        2.25,
 140.022883,   35.030180,        2.21,
 140.027387,   35.030180,        2.16,
 140.031892,   35.030180,        2.13,
 140.036396,   35.030180,        2.09,
 140.040901,   35.030180,        2.04,
 140.045405,   35.030180,        1.99,
 140.049910,   35.030180,        1.93,
 140.054414,   35.030180,        1.88,
 140.058919,   35.030180,        1.82,
 140.063423,   35.030180,        1.78,
 140.067928,   35.030180,        1.73,
 140.072432,   35.030180,        1.69,
 140.076937,   35.030180,        1.65,
 140.081441,   35.030180,        1.62,
 140.085946,   35.030180,        1.58,
 140.090450,   35.030180,        1.55,
 140.094955,   35.030180,        1.53,
 140.099459,   35.030180,        1.50,
 140.103964,   35.030180,        1.47,
 140.108468,   35.030180,        1.45,
 140.112973,   35.030180,        1.42,
 140.117477,   35.030180,        1.39,
 140.121982,   35.030180,        1.37,
 140.126486,   35.030180,        1.34,
 140.130991,   35.030180,        1.31,
 140.135495,   35.030180,        1.28,
 140.140000,   35.030180,        1.25,
 140.144505,   35.030180,        1.22,
 140.149009,   35.030180,        1.19,
 140.153514,   35.030180,        1.17,
 140.158018,   35.030180,        1.14,
 140.162523,   35.030180,        1.12,
 140.167027,   35.030180,        1.10,
 140.171532,   35.030180,        1.08,
 140.176036,   35.030180,        1.06,
 140.180541,   35.030180,        1.04,
 140.185045,   35.030180,        1.03,
 140.189550,   35.030180,        1.02,
 140.194054,   35.030180,        1.01,
 140.198559,   35.030180,        1.00,
 140.203063,   35.030180,        0.99,
 140.207568,   35.030180,        0.98,
 140.212072,   35.030180,        0.97,
 140.216577,   35.030180,        0.96,
 140.221081,   35.030180,        0.96,
 140.225586,   35.030180,        0.95,
 140.230090,   35.030180,        0.95,
 140.234595,   35.030180,        0.95,
 140.239099,   35.030180,        0.95,
 140.243604,   35.030180,        0.95,
 140.248108,   35.030180,        0.95,
 140.252613,   35.030180,        0.95,
 140.257117,   35.030180,        0.95,
 140.261622,   35.030180,        0.96,
 140.266126,   35.030180,        0.97,
 140.270631,   35.030180,        0.98,
 140.275135,   35.030180,        0.95,
 140.279640,   35.030180,        0.87,
 140.284144,   35.030180,        0.77,
 140.288649,   35.030180,        0.64,
 140.293153,   35.030180,        0.49,
 140.297658,   35.030180,        0.32,
 140.302162,   35.030180,        0.13,
 140.306667,   35.030180,        0.01,
 140.311171,   35.030180,        0.00,
 140.315676,   35.030180,        0.00,
 140.320180,   35.030180,        0.00,
 140.324685,   35.030180,        0.00,
 140.329189,   35.030180,        0.00,
 140.333694,   35.030180,        0.00,
 140.338198,   35.030180,        0.00,
 140.342703,   35.030180,        0.02,
 140.347207,   35.030180,        0.05,
 140.351712,   35.030180,        0.08,
 140.356216,   35.030180,        0.12,
 140.360721,   35.030180,        0.17,
 140.365225,   35.030180,        0.22,
 140.369730,   35.030180,        0.28,
 140.374234,   35.030180,        0.35,
 140.378739,   35.030180,        0.42,
 140.383243,   35.030180,        0.50,
 140.387748,   35.030180,        0.58,
 139.140000,   35.034685,       -0.03,
 139.144505,   35.034685,       -0.04,
 139.149009,   35.034685,       -0.05,
 139.153514,   35.034685,       -0.06,
 139.158018,   35.034685,       -0.06,
 139.162523,   35.034685,       -0.07,
 139.167027,   35.034685,       -0.07,
 139.171532,   35.034685,       -0.07,
 139.176036,   35.034685,       -0.08,
 139.180541,   35.034685,       -0.09,
 139.185045,   35.034685,       -0.08,
 139.189550,   35.034685,       -0.06,
 139.194054,   35.034685,       -0.02,
 139.198559,   35.034685,        0.01,
 139.203063,   35.034685,        0.04,
 139.207568,   35.034685,        0.05,
 139.212072,   35.034685,        0.07,
 139.216577,   35.034685,        0.11,
 139.221081,   35.034685,        0.14,
 139.225586,   35.034685,        0.16,
 139.230090,   35.034685,        0.16,
 139.234595,   35.034685,        0.22,
 139.239099,   35.034685,        0.39,
 139.243604,   35.034685,        0.51,
 139.248108,   35.034685,        0.57,
 139.252613,   35.034685,        0.59,
 139.257117,   35.034685,        0.62,
 139.261622,   35.034685,        0.76,
 139.266126,   35.034685,        1.03,
 139.270631,   35.034685,        1.41,
 139.275135,   35.034685,        1.83,
 139.279640,   35.034685,        2.26,
 139.284144,   35.034685,        2.70,
 139.288649,   35.034685,        3.16,
 139.293153,   35.034685,        3.58,
 139.297658,   35.034685,        3.86,
 139.302162,   35.034685,        3.99,
 139.306667,   35.034685,        3.99,
 139.311171,   35.034685,        3.93,
 139.315676,   35.034685,        3.88,
 139.320180,   35.034685,        3.82,
 139.324685,   35.034685,        3.76,
 139.329189,   35.034685,        3.71,
 139.333694,   35.034685,        3.68,
 139.338198,   35.034685,        3.67,
 139.342703,   35.034685,        3.67,
 139.347207,   35.034685,        3.66,
 139.351712,   35.034685,        3.65,
 139.356216,   35.034685,        3.65,
 139.360721,   35.034685,        3.64,
 139.365225,   35.034685,        3.63,
 139.369730,   35.034685,        3.62,
 139.374234,   35.034685,        3.60,
 139.378739,   35.034685,        3.57,
 139.383243,   35.034685,        3.55,
 139.387748,   35.034685,        3.53,
 139.392252,   35.034685,        3.51,
 139.396757,   35.034685,        3.49,
 139.401261,   35.034685,        3.47,
 139.405766,   35.034685,        3.46,
 139.410270,   35.034685,        3.46,
 139.414775,   35.034685,        3.47,
 139.419279,   35.034685,        3.48,
 139.423784,   35.034685,        3.49,
 139.428288,   35.034685,        3.50,
 139.432793,   35.034685,        3.51,
 139.437297,   35.034685,        3.52,
 139.441802,   35.034685,        3.53,
 139.446306,   35.034685,        3.54,
 139.450811,   35.034685,        3.54,
 139.455315,   35.034685,        3.53,
 139.459820,   35.034685,        3.53,
 139.464324,   35.034685,        3.53,
 139.468829,   35.034685,        3.52,
 139.473333,   35.034685,        3.52,
 139.477838,   35.034685,        3.53,
 139.482342,   35.034685,        3.56,
 139.486847,   35.034685,        3.63,
 139.491351,   35.034685,        3.69,
 139.495856,   35.034685,        3.75,
 139.500360,   35.034685,        3.81,
 139.504865,   35.034685,        3.88,
 139.509369,   35.034685,        3.94,
 139.513874,   35.034685,        4.05,
 139.518378,   35.034685,        4.16,
 139.522883,   35.034685,        4.28,
 139.527387,   35.034685,        4.40,
 139.531892,   35.034685,        4.51,
 139.536396,   35.034685,        4.64,
 139.540901,   35.034685,        4.78,
 139.545405,   35.034685,        4.93,
 139.549910,   35.034685,        5.10,
 139.554414,   35.034685,        5.28,
 139.558919,   35.034685,        5.46,
 139.563423,   35.034685,        5.65,
 139.567928,   35.034685,        5.85,
 139.572432,   35.034685,        6.04,
 139.576937,   35.034685,        6.22,
 139.581441,   35.034685,        6.42,
 139.585946,   35.034685,        6.64,
 139.590450,   35.034685,        6.89,
 139.594955,   35.034685,        7.16,
 139.599459,   35.034685,        7.30,
 139.603964,   35.034685,        7.44,
 139.608468,   35.034685,        7.61,
 139.612973,   35.034685,        7.80,
 139.617477,   35.034685,        8.02,
 139.621982,   35.034685,        8.24,
 139.626486,   35.034685,        8.43,
 139.630991,   35.034685,        8.68,
 139.635495,   35.034685,        8.95,
 139.640000,   35.034685,        9.23,
 139.644505,   35.034685,        9.52,
 139.649009,   35.034685,        9.81,
 139.653514,   35.034685,       10.13,
 139.658018,   35.034685,       10.47,
 139.662523,   35.034685,       10.81,
 139.667027,   35.034685,       11.17,
 139.671532,   35.034685,       11.56,
 139.676036,   35.034685,       11.95,
 139.680541,   35.034685,       12.19,
 139.685045,   35.034685,       12.42,
 139.689550,   35.034685,       12.69,
 139.694054,   35.034685,       13.01,
 139.698559,   35.034685,       13.37,
 139.703063,   35.034685,       13.66,
 139.707568,   35.034685,       13.80,
 139.712072,   35.034685,       13.95,
 139.716577,   35.034685,       14.09,
 139.721081,   35.034685,       14.21,
 139.725586,   35.034685,       14.29,
 139.730090,   35.034685,       14.34,
 139.734595,   35.034685,       14.38,
 139.739099,   35.034685,       14.24,
 139.743604,   35.034685,       13.99,
 139.748108,   35.034685,       13.73,
 139.752613,   35.034685,       13.41,
 139.757117,   35.034685,       12.98,
 139.761622,   35.034685,       12.46,
 139.766126,   35.034685,       11.82,
 139.770631,   35.034685,       11.04,
 139.775135,   35.034685,       10.25,
 139.779640,   35.034685,        9.40,
 139.784144,   35.034685,        8.42,
 139.788649,   35.034685,        7.48,
 139.793153,   35.034685,        6.69,
 139.797658,   35.034685,        5.93,
 139.802162,   35.034685,        5.35,
 139.806667,   35.034685,        4.95,
 139.811171,   35.034685,        4.72,
 139.815676,   35.034685,        4.57,
 139.820180,   35.034685,        4.44,
 139.824685,   35.034685,        4.40,
 139.829189,   35.034685,        4.59,
 139.833694,   35.034685,        4.83,
 139.838198,   35.034685,        4.96,
 139.842703,   35.034685,        5.18,
 139.847207,   35.034685,        5.64,
 139.851712,   35.034685,        5.84,
 139.856216,   35.034685,        5.86,
 139.860721,   35.034685,        5.87,
 139.865225,   35.034685,        5.86,
 139.869730,   35.034685,        5.83,
 139.874234,   35.034685,        5.78,
 139.878739,   35.034685,        5.72,
 139.883243,   35.034685,        5.65,
 139.887748,   35.034685,        5.56,
 139.892252,   35.034685,        5.46,
 139.896757,   35.034685,        5.35,
 139.901261,   35.034685,        5.23,
 139.905766,   35.034685,        5.10,
 139.910270,   35.034685,        4.97,
 139.914775,   35.034685,        4.84,
 139.919279,   35.034685,        4.72,
 139.923784,   35.034685,        4.61,
 139.928288,   35.034685,        4.51,
 139.932793,   35.034685,        4.41,
 139.937297,   35.034685,        4.31,
 139.941802,   35.034685,        4.21,
 139.946306,   35.034685,        4.10,
 139.950811,   35.034685,        4.00,
 139.955315,   35.034685,        3.89,
 139.959820,   35.034685,        3.77,
 139.964324,   35.034685,        3.65,
 139.968829,   35.034685,        3.52,
 139.973333,   35.034685,        3.38,
 139.977838,   35.034685,        3.24,
 139.982342,   35.034685,        3.09,
 139.986847,   35.034685,        2.94,
 139.991351,   35.034685,        2.78,
 139.995856,   35.034685,        2.61,
 140.000360,   35.034685,        2.46,
 140.004865,   35.034685,        2.36,
 140.009369,   35.034685,        2.33,
 140.013874,   35.034685,        2.32,
 140.018378,   35.034685,        2.30,
 140.022883,   35.034685,        2.25,
 140.027387,   35.034685,        2.21,
 140.031892,   35.034685,        2.17,
 140.036396,   35.034685,        2.14,
 140.040901,   35.034685,        2.11,
 140.045405,   35.034685,        2.06,
 140.049910,   35.034685,        2.01,
 140.054414,   35.034685,        1.95,
 140.058919,   35.034685,        1.90,
 140.063423,   35.034685,        1.84,
 140.067928,   35.034685,        1.80,
 140.072432,   35.034685,        1.75,
 140.076937,   35.034685,        1.71,
 140.081441,   35.034685,        1.67,
 140.085946,   35.034685,        1.63,
 140.090450,   35.034685,        1.59,
 140.094955,   35.034685,        1.56,
 140.099459,   35.034685,        1.53,
 140.103964,   35.034685,        1.50,
 140.108468,   35.034685,        1.48,
 140.112973,   35.034685,        1.45,
 140.117477,   35.034685,        1.42,
 140.121982,   35.034685,        1.39,
 140.126486,   35.034685,        1.37,
 140.130991,   35.034685,        1.34,
 140.135495,   35.034685,        1.31,
 140.140000,   35.034685,        1.28,
 140.144505,   35.034685,        1.25,
 140.149009,   35.034685,        1.22,
 140.153514,   35.034685,        1.20,
 140.158018,   35.034685,        1.18,
 140.162523,   35.034685,        1.15,
 140.167027,   35.034685,        1.13,
 140.171532,   35.034685,        1.11,
 140.176036,   35.034685,        1.10,
 140.180541,   35.034685,        1.08,
 140.185045,   35.034685,        1.07,
 140.189550,   35.034685,        1.06,
 140.194054,   35.034685,        1.05,
 140.198559,   35.034685,        1.04,
 140.203063,   35.034685,        1.03,
 140.207568,   35.034685,        1.02,
 140.212072,   35.034685,        1.01,
 140.216577,   35.034685,        1.01,
 140.221081,   35.034685,        1.00,
 140.225586,   35.034685,        1.00,
 140.230090,   35.034685,        0.99,
 140.234595,   35.034685,        0.99,
 140.239099,   35.034685,        0.99,
 140.243604,   35.034685,        0.99,
 140.248108,   35.034685,        0.99,
 140.252613,   35.034685,        0.98,
 140.257117,   35.034685,        0.98,
 140.261622,   35.034685,        0.99,
 140.266126,   35.034685,        0.99,
 140.270631,   35.034685,        1.01,
 140.275135,   35.034685,        1.00,
 140.279640,   35.034685,        0.94,
 140.284144,   35.034685,        0.85,
 140.288649,   35.034685,        0.73,
 140.293153,   35.034685,        0.58,
 140.297658,   35.034685,        0.41,
 140.302162,   35.034685,        0.23,
 140.306667,   35.034685,        0.07,
 140.311171,   35.034685,        0.01,
 140.315676,   35.034685,        0.00,
 140.320180,   35.034685,        0.01,
 140.324685,   35.034685,        0.01,
 140.329189,   35.034685,        0.01,
 140.333694,   35.034685,        0.02,
 140.338198,   35.034685,        0.05,
 140.342703,   35.034685,        0.08,
 140.347207,   35.034685,        0.11,
 140.351712,   35.034685,        0.15,
 140.356216,   35.034685,        0.19,
 140.360721,   35.034685,        0.24,
 140.365225,   35.034685,        0.30,
 140.369730,   35.034685,        0.36,
 140.374234,   35.034685,        0.43,
 140.378739,   35.034685,        0.51,
 140.383243,   35.034685,        0.59,
 140.387748,   35.034685,        0.60,
 139.140000,   35.039189,       -0.00,
 139.144505,   35.039189,       -0.01,
 139.149009,   35.039189,       -0.03,
 139.153514,   35.039189,       -0.03,
 139.158018,   35.039189,       -0.04,
 139.162523,   35.039189,       -0.04,
 139.167027,   35.039189,       -0.05,
 139.171532,   35.039189,       -0.04,
 139.176036,   35.039189,       -0.04,
 139.180541,   35.039189,       -0.04,
 139.185045,   35.039189,       -0.04,
 139.189550,   35.039189,       -0.02,
 139.194054,   35.039189,        0.00,
 139.198559,   35.039189,        0.03,
 139.203063,   35.039189,        0.05,
 139.207568,   35.039189,        0.07,
 139.212072,   35.039189,        0.07,
 139.216577,   35.039189,        0.07,
 139.221081,   35.039189,        0.08,
 139.225586,   35.039189,        0.07,
 139.230090,   35.039189,        0.06,
 139.234595,   35.039189,        0.27,
 139.239099,   35.039189,        0.50,
 139.243604,   35.039189,        0.68,
 139.248108,   35.039189,        0.80,
 139.252613,   35.039189,        0.88,
 139.257117,   35.039189,        1.02,
 139.261622,   35.039189,        1.24,
 139.266126,   35.039189,        1.52,
 139.270631,   35.039189,        1.84,
 139.275135,   35.039189,        2.21,
 139.279640,   35.039189,        2.59,
 139.284144,   35.039189,        2.99,
 139.288649,   35.039189,        3.39,
 139.293153,   35.039189,        3.79,
 139.297658,   35.039189,        4.06,
 139.302162,   35.039189,        4.13,
 139.306667,   35.039189,        4.08,
 139.311171,   35.039189,        4.03,
 139.315676,   35.039189,        3.97,
 139.320180,   35.039189,        3.91,
 139.324685,   35.039189,        3.86,
 139.329189,   35.039189,        3.81,
 139.333694,   35.039189,        3.78,
 139.338198,   35.039189,        3.77,
 139.342703,   35.039189,        3.76,
 139.347207,   35.039189,        3.75,
 139.351712,   35.039189,        3.74,
 139.356216,   35.039189,        3.73,
 139.360721,   35.039189,        3.72,
 139.365225,   35.039189,        3.71,
 139.369730,   35.039189,        3.70,
 139.374234,   35.039189,        3.67,
 139.378739,   35.039189,        3.65,
 139.383243,   35.039189,        3.63,
 139.387748,   35.039189,        3.61,
 139.392252,   35.039189,        3.60,
 139.396757,   35.039189,        3.58,
 139.401261,   35.039189,        3.57,
 139.405766,   35.039189,        3.56,
 139.410270,   35.039189,        3.55,
 139.414775,   35.039189,        3.56,
 139.419279,   35.039189,        3.56,
 139.423784,   35.039189,        3.57,
 139.428288,   35.039189,        3.57,
 139.432793,   35.039189,        3.58,
 139.437297,   35.039189,        3.58,
 139.441802,   35.039189,        3.59,
 139.446306,   35.039189,        3.60,
 139.450811,   35.039189,        3.62,
 139.455315,   35.039189,        3.63,
 139.459820,   35.039189,        3.64,
 139.464324,   35.039189,        3.65,
 139.468829,   35.039189,        3.66,
 139.473333,   35.039189,        3.67,
 139.477838,   35.039189,        3.68,
 139.482342,   35.039189,        3.72,
 139.486847,   35.039189,        3.79,
 139.491351,   35.039189,        3.85,
 139.495856,   35.039189,        3.92,
 139.500360,   35.039189,        3.98,
 139.504865,   35.039189,        4.05,
 139.509369,   35.039189,        4.13,
 139.513874,   35.039189,        4.24,
 139.518378,   35.039189,        4.35,
 139.522883,   35.039189,        4.47,
 139.527387,   35.039189,        4.59,
 139.531892,   35.039189,        4.71,
 139.536396,   35.039189,        4.84,
 139.540901,   35.039189,        4.98,
 139.545405,   35.039189,        5.13,
 139.549910,   35.039189,        5.31,
 139.554414,   35.039189,        5.49,
 139.558919,   35.039189,        5.68,
 139.563423,   35.039189,        5.87,
 139.567928,   35.039189,        6.08,
 139.572432,   35.039189,        6.30,
 139.576937,   35.039189,        6.50,
 139.581441,   35.039189,        6.72,
 139.585946,   35.039189,        6.95,
 139.590450,   35.039189,        7.20,
 139.594955,   35.039189,        7.47,
 139.599459,   35.039189,        7.73,
 139.603964,   35.039189,        7.92,
 139.608468,   35.039189,        8.09,
 139.612973,   35.039189,        8.29,
 139.617477,   35.039189,        8.51,
 139.621982,   35.039189,        8.76,
 139.626486,   35.039189,        9.04,
 139.630991,   35.039189,        9.32,
 139.635495,   35.039189,        9.60,
 139.640000,   35.039189,        9.90,
 139.644505,   35.039189,       10.22,
 139.649009,   35.039189,       10.53,
 139.653514,   35.039189,       10.86,
 139.658018,   35.039189,       11.21,
 139.662523,   35.039189,       11.54,
 139.667027,   35.039189,       11.88,
 139.671532,   35.039189,       12.26,
 139.676036,   35.039189,       12.57,
 139.680541,   35.039189,       12.80,
 139.685045,   35.039189,       13.03,
 139.689550,   35.039189,       13.29,
 139.694054,   35.039189,       13.57,
 139.698559,   35.039189,       13.86,
 139.703063,   35.039189,       14.11,
 139.707568,   35.039189,       14.32,
 139.712072,   35.039189,       14.51,
 139.716577,   35.039189,       14.69,
 139.721081,   35.039189,       14.81,
 139.725586,   35.039189,       14.83,
 139.730090,   35.039189,       14.85,
 139.734595,   35.039189,       14.84,
 139.739099,   35.039189,       14.62,
 139.743604,   35.039189,       14.38,
 139.748108,   35.039189,       14.18,
 139.752613,   35.039189,       13.88,
 139.757117,   35.039189,       13.36,
 139.761622,   35.039189,       12.84,
 139.766126,   35.039189,       12.20,
 139.770631,   35.039189,       11.39,
 139.775135,   35.039189,       10.57,
 139.779640,   35.039189,        9.60,
 139.784144,   35.039189,        8.59,
 139.788649,   35.039189,        7.57,
 139.793153,   35.039189,        6.71,
 139.797658,   35.039189,        5.94,
 139.802162,   35.039189,        5.39,
 139.806667,   35.039189,        5.07,
 139.811171,   35.039189,        4.80,
 139.815676,   35.039189,        4.65,
 139.820180,   35.039189,        4.53,
 139.824685,   35.039189,        4.45,
 139.829189,   35.039189,        4.53,
 139.833694,   35.039189,        4.73,
 139.838198,   35.039189,        4.97,
 139.842703,   35.039189,        5.49,
 139.847207,   35.039189,        5.95,
 139.851712,   35.039189,        6.05,
 139.856216,   35.039189,        6.06,
 139.860721,   35.039189,        6.05,
 139.865225,   35.039189,        6.03,
 139.869730,   35.039189,        6.00,
 139.874234,   35.039189,        5.95,
 139.878739,   35.039189,        5.88,
 139.883243,   35.039189,        5.81,
 139.887748,   35.039189,        5.70,
 139.892252,   35.039189,        5.59,
 139.896757,   35.039189,        5.46,
 139.901261,   35.039189,        5.33,
 139.905766,   35.039189,        5.20,
 139.910270,   35.039189,        5.08,
 139.914775,   35.039189,        4.99,
 139.919279,   35.039189,        4.90,
 139.923784,   35.039189,        4.83,
 139.928288,   35.039189,        4.75,
 139.932793,   35.039189,        4.67,
 139.937297,   35.039189,        4.60,
 139.941802,   35.039189,        4.52,
 139.946306,   35.039189,        4.43,
 139.950811,   35.039189,        4.34,
 139.955315,   35.039189,        4.24,
 139.959820,   35.039189,        4.13,
 139.964324,   35.039189,        4.01,
 139.968829,   35.039189,        3.89,
 139.973333,   35.039189,        3.76,
 139.977838,   35.039189,        3.62,
 139.982342,   35.039189,        3.47,
 139.986847,   35.039189,        3.32,
 139.991351,   35.039189,        3.14,
 139.995856,   35.039189,        2.96,
 140.000360,   35.039189,        2.77,
 140.004865,   35.039189,        2.57,
 140.009369,   35.039189,        2.38,
 140.013874,   35.039189,        2.33,
 140.018378,   35.039189,        2.32,
 140.022883,   35.039189,        2.29,
 140.027387,   35.039189,        2.25,
 140.031892,   35.039189,        2.22,
 140.036396,   35.039189,        2.21,
 140.040901,   35.039189,        2.18,
 140.045405,   35.039189,        2.14,
 140.049910,   35.039189,        2.09,
 140.054414,   35.039189,        2.03,
 140.058919,   35.039189,        1.97,
 140.063423,   35.039189,        1.92,
 140.067928,   35.039189,        1.87,
 140.072432,   35.039189,        1.82,
 140.076937,   35.039189,        1.77,
 140.081441,   35.039189,        1.73,
 140.085946,   35.039189,        1.69,
 140.090450,   35.039189,        1.65,
 140.094955,   35.039189,        1.60,
 140.099459,   35.039189,        1.57,
 140.103964,   35.039189,        1.54,
 140.108468,   35.039189,        1.51,
 140.112973,   35.039189,        1.48,
 140.117477,   35.039189,        1.45,
 140.121982,   35.039189,        1.42,
 140.126486,   35.039189,        1.39,
 140.130991,   35.039189,        1.36,
 140.135495,   35.039189,        1.34,
 140.140000,   35.039189,        1.31,
 140.144505,   35.039189,        1.28,
 140.149009,   35.039189,        1.25,
 140.153514,   35.039189,        1.23,
 140.158018,   35.039189,        1.21,
 140.162523,   35.039189,        1.19,
 140.167027,   35.039189,        1.17,
 140.171532,   35.039189,        1.15,
 140.176036,   35.039189,        1.13,
 140.180541,   35.039189,        1.12,
 140.185045,   35.039189,        1.10,
 140.189550,   35.039189,        1.09,
 140.194054,   35.039189,        1.08,
 140.198559,   35.039189,        1.08,
 140.203063,   35.039189,        1.07,
 140.207568,   35.039189,        1.06,
 140.212072,   35.039189,        1.05,
 140.216577,   35.039189,        1.05,
 140.221081,   35.039189,        1.04,
 140.225586,   35.039189,        1.04,
 140.230090,   35.039189,        1.03,
 140.234595,   35.039189,        1.03,
 140.239099,   35.039189,        1.03,
 140.243604,   35.039189,        1.02,
 140.248108,   35.039189,        1.02,
 140.252613,   35.039189,        1.01,
 140.257117,   35.039189,        1.01,
 140.261622,   35.039189,        1.01,
 140.266126,   35.039189,        1.02,
 140.270631,   35.039189,        1.04,
 140.275135,   35.039189,        1.05,
 140.279640,   35.039189,        1.02,
 140.284144,   35.039189,        0.96,
 140.288649,   35.039189,        0.85,
 140.293153,   35.039189,        0.69,
 140.297658,   35.039189,        0.52,
 140.302162,   35.039189,        0.34,
 140.306667,   35.039189,        0.15,
 140.311171,   35.039189,        0.03,
 140.315676,   35.039189,        0.00,
 140.320180,   35.039189,        0.01,
 140.324685,   35.039189,        0.02,
 140.329189,   35.039189,        0.03,
 140.333694,   35.039189,        0.05,
 140.338198,   35.039189,        0.09,
 140.342703,   35.039189,        0.13,
 140.347207,   35.039189,        0.16,
 140.351712,   35.039189,        0.21,
 140.356216,   35.039189,        0.25,
 140.360721,   35.039189,        0.31,
 140.365225,   35.039189,        0.37,
 140.369730,   35.039189,        0.44,
 140.374234,   35.039189,        0.51,
 140.378739,   35.039189,        0.53,
 140.383243,   35.039189,        0.46,
 140.387748,   35.039189,        0.37,
 139.140000,   35.043694,        0.00,
 139.144505,   35.043694,        0.00,
 139.149009,   35.043694,       -0.00,
 139.153514,   35.043694,       -0.01,
 139.158018,   35.043694,       -0.02,
 139.162523,   35.043694,       -0.03,
 139.167027,   35.043694,       -0.03,
 139.171532,   35.043694,       -0.03,
 139.176036,   35.043694,       -0.03,
 139.180541,   35.043694,       -0.02,
 139.185045,   35.043694,       -0.01,
 139.189550,   35.043694,       -0.01,
 139.194054,   35.043694,        0.01,
 139.198559,   35.043694,        0.03,
 139.203063,   35.043694,        0.06,
 139.207568,   35.043694,        0.08,
 139.212072,   35.043694,        0.11,
 139.216577,   35.043694,        0.14,
 139.221081,   35.043694,        0.15,
 139.225586,   35.043694,        0.17,
 139.230090,   35.043694,        0.31,
 139.234595,   35.043694,        0.55,
 139.239099,   35.043694,        0.75,
 139.243604,   35.043694,        0.95,
 139.248108,   35.043694,        1.11,
 139.252613,   35.043694,        1.26,
 139.257117,   35.043694,        1.47,
 139.261622,   35.043694,        1.72,
 139.266126,   35.043694,        2.00,
 139.270631,   35.043694,        2.30,
 139.275135,   35.043694,        2.61,
 139.279640,   35.043694,        2.95,
 139.284144,   35.043694,        3.30,
 139.288649,   35.043694,        3.67,
 139.293153,   35.043694,        4.04,
 139.297658,   35.043694,        4.27,
 139.302162,   35.043694,        4.23,
 139.306667,   35.043694,        4.18,
 139.311171,   35.043694,        4.12,
 139.315676,   35.043694,        4.07,
 139.320180,   35.043694,        4.01,
 139.324685,   35.043694,        3.96,
 139.329189,   35.043694,        3.91,
 139.333694,   35.043694,        3.88,
 139.338198,   35.043694,        3.86,
 139.342703,   35.043694,        3.85,
 139.347207,   35.043694,        3.84,
 139.351712,   35.043694,        3.83,
 139.356216,   35.043694,        3.81,
 139.360721,   35.043694,        3.79,
 139.365225,   35.043694,        3.78,
 139.369730,   35.043694,        3.76,
 139.374234,   35.043694,        3.74,
 139.378739,   35.043694,        3.72,
 139.383243,   35.043694,        3.70,
 139.387748,   35.043694,        3.69,
 139.392252,   35.043694,        3.68,
 139.396757,   35.043694,        3.67,
 139.401261,   35.043694,        3.65,
 139.405766,   35.043694,        3.65,
 139.410270,   35.043694,        3.64,
 139.414775,   35.043694,        3.64,
 139.419279,   35.043694,        3.64,
 139.423784,   35.043694,        3.64,
 139.428288,   35.043694,        3.65,
 139.432793,   35.043694,        3.65,
 139.437297,   35.043694,        3.64,
 139.441802,   35.043694,        3.65,
 139.446306,   35.043694,        3.66,
 139.450811,   35.043694,        3.69,
 139.455315,   35.043694,        3.72,
 139.459820,   35.043694,        3.74,
 139.464324,   35.043694,        3.76,
 139.468829,   35.043694,        3.79,
 139.473333,   35.043694,        3.81,
 139.477838,   35.043694,        3.83,
 139.482342,   35.043694,        3.88,
 139.486847,   35.043694,        3.94,
 139.491351,   35.043694,        4.00,
 139.495856,   35.043694,        4.07,
 139.500360,   35.043694,        4.13,
 139.504865,   35.043694,        4.19,
 139.509369,   35.043694,        4.28,
 139.513874,   35.043694,        4.39,
 139.518378,   35.043694,        4.52,
 139.522883,   35.043694,        4.64,
 139.527387,   35.043694,        4.77,
 139.531892,   35.043694,        4.90,
 139.536396,   35.043694,        5.03,
 139.540901,   35.043694,        5.17,
 139.545405,   35.043694,        5.32,
 139.549910,   35.043694,        5.50,
 139.554414,   35.043694,        5.69,
 139.558919,   35.043694,        5.88,
 139.563423,   35.043694,        6.09,
 139.567928,   35.043694,        6.30,
 139.572432,   35.043694,        6.52,
 139.576937,   35.043694,        6.74,
 139.581441,   35.043694,        6.97,
 139.585946,   35.043694,        7.22,
 139.590450,   35.043694,        7.48,
 139.594955,   35.043694,        7.78,
 139.599459,   35.043694,        8.08,
 139.603964,   35.043694,        8.33,
 139.608468,   35.043694,        8.54,
 139.612973,   35.043694,        8.75,
 139.617477,   35.043694,        8.99,
 139.621982,   35.043694,        9.25,
 139.626486,   35.043694,        9.55,
 139.630991,   35.043694,        9.88,
 139.635495,   35.043694,       10.20,
 139.640000,   35.043694,       10.53,
 139.644505,   35.043694,       10.87,
 139.649009,   35.043694,       11.23,
 139.653514,   35.043694,       11.57,
 139.658018,   35.043694,       11.87,
 139.662523,   35.043694,       12.18,
 139.667027,   35.043694,       12.49,
 139.671532,   35.043694,       12.80,
 139.676036,   35.043694,       13.06,
 139.680541,   35.043694,       13.31,
 139.685045,   35.043694,       13.56,
 139.689550,   35.043694,       13.81,
 139.694054,   35.043694,       14.07,
 139.698559,   35.043694,       14.32,
 139.703063,   35.043694,       14.55,
 139.707568,   35.043694,       14.74,
 139.712072,   35.043694,       14.93,
 139.716577,   35.043694,       15.15,
 139.721081,   35.043694,       15.25,
 139.725586,   35.043694,       15.17,
 139.730090,   35.043694,       15.12,
 139.734595,   35.043694,       15.05,
 139.739099,   35.043694,       14.89,
 139.743604,   35.043694,       14.66,
 139.748108,   35.043694,       14.42,
 139.752613,   35.043694,       14.12,
 139.757117,   35.043694,       13.68,
 139.761622,   35.043694,       13.19,
 139.766126,   35.043694,       12.61,
 139.770631,   35.043694,       11.78,
 139.775135,   35.043694,       10.92,
 139.779640,   35.043694,        9.89,
 139.784144,   35.043694,        8.81,
 139.788649,   35.043694,        7.81,
 139.793153,   35.043694,        6.86,
 139.797658,   35.043694,        6.00,
 139.802162,   35.043694,        5.56,
 139.806667,   35.043694,        5.20,
 139.811171,   35.043694,        4.88,
 139.815676,   35.043694,        4.74,
 139.820180,   35.043694,        4.62,
 139.824685,   35.043694,        4.52,
 139.829189,   35.043694,        4.48,
 139.833694,   35.043694,        4.61,
 139.838198,   35.043694,        5.25,
 139.842703,   35.043694,        5.88,
 139.847207,   35.043694,        6.21,
 139.851712,   35.043694,        6.28,
 139.856216,   35.043694,        6.28,
 139.860721,   35.043694,        6.26,
 139.865225,   35.043694,        6.23,
 139.869730,   35.043694,        6.18,
 139.874234,   35.043694,        6.13,
 139.878739,   35.043694,        6.05,
 139.883243,   35.043694,        5.95,
 139.887748,   35.043694,        5.82,
 139.892252,   35.043694,        5.69,
 139.896757,   35.043694,        5.56,
 139.901261,   35.043694,        5.45,
 139.905766,   35.043694,        5.36,
 139.910270,   35.043694,        5.29,
 139.914775,   35.043694,        5.23,
 139.919279,   35.043694,        5.18,
 139.923784,   35.043694,        5.13,
 139.928288,   35.043694,        5.08,
 139.932793,   35.043694,        5.03,
 139.937297,   35.043694,        4.97,
 139.941802,   35.043694,        4.90,
 139.946306,   35.043694,        4.83,
 139.950811,   35.043694,        4.75,
 139.955315,   35.043694,        4.66,
 139.959820,   35.043694,        4.57,
 139.964324,   35.043694,        4.46,
 139.968829,   35.043694,        4.34,
 139.973333,   35.043694,        4.22,
 139.977838,   35.043694,        4.09,
 139.982342,   35.043694,        3.94,
 139.986847,   35.043694,        3.79,
 139.991351,   35.043694,        3.62,
 139.995856,   35.043694,        3.43,
 140.000360,   35.043694,        3.24,
 140.004865,   35.043694,        3.03,
 140.009369,   35.043694,        2.82,
 140.013874,   35.043694,        2.58,
 140.018378,   35.043694,        2.35,
 140.022883,   35.043694,        2.30,
 140.027387,   35.043694,        2.27,
 140.031892,   35.043694,        2.26,
 140.036396,   35.043694,        2.27,
 140.040901,   35.043694,        2.24,
 140.045405,   35.043694,        2.22,
 140.049910,   35.043694,        2.18,
 140.054414,   35.043694,        2.12,
 140.058919,   35.043694,        2.05,
 140.063423,   35.043694,        1.99,
 140.067928,   35.043694,        1.94,
 140.072432,   35.043694,        1.89,
 140.076937,   35.043694,        1.84,
 140.081441,   35.043694,        1.79,
 140.085946,   35.043694,        1.75,
 140.090450,   35.043694,        1.70,
 140.094955,   35.043694,        1.66,
 140.099459,   35.043694,        1.62,
 140.103964,   35.043694,        1.58,
 140.108468,   35.043694,        1.55,
 140.112973,   35.043694,        1.52,
 140.117477,   35.043694,        1.48,
 140.121982,   35.043694,        1.45,
 140.126486,   35.043694,        1.42,
 140.130991,   35.043694,        1.39,
 140.135495,   35.043694,        1.37,
 140.140000,   35.043694,        1.34,
 140.144505,   35.043694,        1.31,
 140.149009,   35.043694,        1.28,
 140.153514,   35.043694,        1.26,
 140.158018,   35.043694,        1.24,
 140.162523,   35.043694,        1.22,
 140.167027,   35.043694,        1.20,
 140.171532,   35.043694,        1.18,
 140.176036,   35.043694,        1.17,
 140.180541,   35.043694,        1.15,
 140.185045,   35.043694,        1.14,
 140.189550,   35.043694,        1.13,
 140.194054,   35.043694,        1.12,
 140.198559,   35.043694,        1.11,
 140.203063,   35.043694,        1.11,
 140.207568,   35.043694,        1.10,
 140.212072,   35.043694,        1.09,
 140.216577,   35.043694,        1.09,
 140.221081,   35.043694,        1.08,
 140.225586,   35.043694,        1.07,
 140.230090,   35.043694,        1.07,
 140.234595,   35.043694,        1.06,
 140.239099,   35.043694,        1.06,
 140.243604,   35.043694,        1.05,
 140.248108,   35.043694,        1.05,
 140.252613,   35.043694,        1.04,
 140.257117,   35.043694,        1.03,
 140.261622,   35.043694,        1.03,
 140.266126,   35.043694,        1.04,
 140.270631,   35.043694,        1.06,
 140.275135,   35.043694,        1.08,
 140.279640,   35.043694,        1.10,
 140.284144,   35.043694,        1.08,
 140.288649,   35.043694,        0.98,
 140.293153,   35.043694,        0.81,
 140.297658,   35.043694,        0.64,
 140.302162,   35.043694,        0.45,
 140.306667,   35.043694,        0.25,
 140.311171,   35.043694,        0.06,
 140.315676,   35.043694,        0.01,
 140.320180,   35.043694,        0.02,
 140.324685,   35.043694,        0.04,
 140.329189,   35.043694,        0.06,
 140.333694,   35.043694,        0.09,
 140.338198,   35.043694,        0.13,
 140.342703,   35.043694,        0.17,
 140.347207,   35.043694,        0.21,
 140.351712,   35.043694,        0.26,
 140.356216,   35.043694,        0.31,
 140.360721,   35.043694,        0.37,
 140.365225,   35.043694,        0.43,
 140.369730,   35.043694,        0.46,
 140.374234,   35.043694,        0.41,
 140.378739,   35.043694,        0.33,
 140.383243,   35.043694,        0.25,
 140.387748,   35.043694,        0.14,
 139.140000,   35.048198,        0.00,
 139.144505,   35.048198,        0.00,
 139.149009,   35.048198,        0.00,
 139.153514,   35.048198,        0.00,
 139.158018,   35.048198,       -0.00,
 139.162523,   35.048198,       -0.01,
 139.167027,   35.048198,       -0.01,
 139.171532,   35.048198,       -0.02,
 139.176036,   35.048198,       -0.02,
 139.180541,   35.048198,       -0.01,
 139.185045,   35.048198,       -0.01,
 139.189550,   35.048198,        0.00,
 139.194054,   35.048198,        0.01,
 139.198559,   35.048198,        0.03,
 139.203063,   35.048198,        0.05,
 139.207568,   35.048198,        0.09,
 139.212072,   35.048198,        0.18,
 139.216577,   35.048198,        0.25,
 139.221081,   35.048198,        0.29,
 139.225586,   35.048198,        0.36,
 139.230090,   35.048198,        0.57,
 139.234595,   35.048198,        0.86,
 139.239099,   35.048198,        1.10,
 139.243604,   35.048198,        1.31,
 139.248108,   35.048198,        1.51,
 139.252613,   35.048198,        1.69,
 139.257117,   35.048198,        1.92,
 139.261622,   35.048198,        2.18,
 139.266126,   35.048198,        2.43,
 139.270631,   35.048198,        2.69,
 139.275135,   35.048198,        2.97,
 139.279640,   35.048198,        3.27,
 139.284144,   35.048198,        3.58,
 139.288649,   35.048198,        3.92,
 139.293153,   35.048198,        4.26,
 139.297658,   35.048198,        4.37,
 139.302162,   35.048198,        4.31,
 139.306667,   35.048198,        4.26,
 139.311171,   35.048198,        4.21,
 139.315676,   35.048198,        4.16,
 139.320180,   35.048198,        4.11,
 139.324685,   35.048198,        4.06,
 139.329189,   35.048198,        4.01,
 139.333694,   35.048198,        3.98,
 139.338198,   35.048198,        3.96,
 139.342703,   35.048198,        3.94,
 139.347207,   35.048198,        3.92,
 139.351712,   35.048198,        3.90,
 139.356216,   35.048198,        3.88,
 139.360721,   35.048198,        3.86,
 139.365225,   35.048198,        3.84,
 139.369730,   35.048198,        3.82,
 139.374234,   35.048198,        3.80,
 139.378739,   35.048198,        3.78,
 139.383243,   35.048198,        3.77,
 139.387748,   35.048198,        3.76,
 139.392252,   35.048198,        3.75,
 139.396757,   35.048198,        3.74,
 139.401261,   35.048198,        3.74,
 139.405766,   35.048198,        3.73,
 139.410270,   35.048198,        3.73,
 139.414775,   35.048198,        3.72,
 139.419279,   35.048198,        3.71,
 139.423784,   35.048198,        3.71,
 139.428288,   35.048198,        3.71,
 139.432793,   35.048198,        3.70,
 139.437297,   35.048198,        3.70,
 139.441802,   35.048198,        3.70,
 139.446306,   35.048198,        3.72,
 139.450811,   35.048198,        3.75,
 139.455315,   35.048198,        3.79,
 139.459820,   35.048198,        3.82,
 139.464324,   35.048198,        3.86,
 139.468829,   35.048198,        3.90,
 139.473333,   35.048198,        3.94,
 139.477838,   35.048198,        3.98,
 139.482342,   35.048198,        4.03,
 139.486847,   35.048198,        4.08,
 139.491351,   35.048198,        4.14,
 139.495856,   35.048198,        4.20,
 139.500360,   35.048198,        4.27,
 139.504865,   35.048198,        4.33,
 139.509369,   35.048198,        4.42,
 139.513874,   35.048198,        4.53,
 139.518378,   35.048198,        4.67,
 139.522883,   35.048198,        4.80,
 139.527387,   35.048198,        4.94,
 139.531892,   35.048198,        5.08,
 139.536396,   35.048198,        5.22,
 139.540901,   35.048198,        5.36,
 139.545405,   35.048198,        5.52,
 139.549910,   35.048198,        5.70,
 139.554414,   35.048198,        5.89,
 139.558919,   35.048198,        6.09,
 139.563423,   35.048198,        6.29,
 139.567928,   35.048198,        6.51,
 139.572432,   35.048198,        6.74,
 139.576937,   35.048198,        6.97,
 139.581441,   35.048198,        7.20,
 139.585946,   35.048198,        7.47,
 139.590450,   35.048198,        7.76,
 139.594955,   35.048198,        8.08,
 139.599459,   35.048198,        8.41,
 139.603964,   35.048198,        8.70,
 139.608468,   35.048198,        8.94,
 139.612973,   35.048198,        9.18,
 139.617477,   35.048198,        9.44,
 139.621982,   35.048198,        9.73,
 139.626486,   35.048198,       10.05,
 139.630991,   35.048198,       10.39,
 139.635495,   35.048198,       10.74,
 139.640000,   35.048198,       11.10,
 139.644505,   35.048198,       11.47,
 139.649009,   35.048198,       11.86,
 139.653514,   35.048198,       12.20,
 139.658018,   35.048198,       12.46,
 139.662523,   35.048198,       12.74,
 139.667027,   35.048198,       13.03,
 139.671532,   35.048198,       13.30,
 139.676036,   35.048198,       13.56,
 139.680541,   35.048198,       13.80,
 139.685045,   35.048198,       14.03,
 139.689550,   35.048198,       14.28,
 139.694054,   35.048198,       14.53,
 139.698559,   35.048198,       14.77,
 139.703063,   35.048198,       14.94,
 139.707568,   35.048198,       15.05,
 139.712072,   35.048198,       15.19,
 139.716577,   35.048198,       15.33,
 139.721081,   35.048198,       15.36,
 139.725586,   35.048198,       15.32,
 139.730090,   35.048198,       15.29,
 139.734595,   35.048198,       15.26,
 139.739099,   35.048198,       15.12,
 139.743604,   35.048198,       14.85,
 139.748108,   35.048198,       14.59,
 139.752613,   35.048198,       14.30,
 139.757117,   35.048198,       13.94,
 139.761622,   35.048198,       13.44,
 139.766126,   35.048198,       12.84,
 139.770631,   35.048198,       12.13,
 139.775135,   35.048198,       11.31,
 139.779640,   35.048198,       10.26,
 139.784144,   35.048198,        9.14,
 139.788649,   35.048198,        8.08,
 139.793153,   35.048198,        7.13,
 139.797658,   35.048198,        6.24,
 139.802162,   35.048198,        5.66,
 139.806667,   35.048198,        5.28,
 139.811171,   35.048198,        5.00,
 139.815676,   35.048198,        4.83,
 139.820180,   35.048198,        4.72,
 139.824685,   35.048198,        4.60,
 139.829189,   35.048198,        4.50,
 139.833694,   35.048198,        4.87,
 139.838198,   35.048198,        5.61,
 139.842703,   35.048198,        6.24,
 139.847207,   35.048198,        6.47,
 139.851712,   35.048198,        6.52,
 139.856216,   35.048198,        6.51,
 139.860721,   35.048198,        6.48,
 139.865225,   35.048198,        6.43,
 139.869730,   35.048198,        6.38,
 139.874234,   35.048198,        6.30,
 139.878739,   35.048198,        6.19,
 139.883243,   35.048198,        6.06,
 139.887748,   35.048198,        5.92,
 139.892252,   35.048198,        5.80,
 139.896757,   35.048198,        5.71,
 139.901261,   35.048198,        5.65,
 139.905766,   35.048198,        5.61,
 139.910270,   35.048198,        5.58,
 139.914775,   35.048198,        5.56,
 139.919279,   35.048198,        5.53,
 139.923784,   35.048198,        5.51,
 139.928288,   35.048198,        5.48,
 139.932793,   35.048198,        5.45,
 139.937297,   35.048198,        5.41,
 139.941802,   35.048198,        5.36,
 139.946306,   35.048198,        5.30,
 139.950811,   35.048198,        5.23,
 139.955315,   35.048198,        5.16,
 139.959820,   35.048198,        5.07,
 139.964324,   35.048198,        4.97,
 139.968829,   35.048198,        4.87,
 139.973333,   35.048198,        4.75,
 139.977838,   35.048198,        4.62,
 139.982342,   35.048198,        4.49,
 139.986847,   35.048198,        4.33,
 139.991351,   35.048198,        4.17,
 139.995856,   35.048198,        3.99,
 140.000360,   35.048198,        3.80,
 140.004865,   35.048198,        3.59,
 140.009369,   35.048198,        3.37,
 140.013874,   35.048198,        3.14,
 140.018378,   35.048198,        2.89,
 140.022883,   35.048198,        2.61,
 140.027387,   35.048198,        2.30,
 140.031892,   35.048198,        2.30,
 140.036396,   35.048198,        2.30,
 140.040901,   35.048198,        2.29,
 140.045405,   35.048198,        2.27,
 140.049910,   35.048198,        2.27,
 140.054414,   35.048198,        2.23,
 140.058919,   35.048198,        2.16,
 140.063423,   35.048198,        2.07,
 140.067928,   35.048198,        2.00,
 140.072432,   35.048198,        1.95,
 140.076937,   35.048198,        1.91,
 140.081441,   35.048198,        1.86,
 140.085946,   35.048198,        1.81,
 140.090450,   35.048198,        1.76,
 140.094955,   35.048198,        1.71,
 140.099459,   35.048198,        1.67,
 140.103964,   35.048198,        1.62,
 140.108468,   35.048198,        1.59,
 140.112973,   35.048198,        1.55,
 140.117477,   35.048198,        1.52,
 140.121982,   35.048198,        1.49,
 140.126486,   35.048198,        1.45,
 140.130991,   35.048198,        1.42,
 140.135495,   35.048198,        1.39,
 140.140000,   35.048198,        1.37,
 140.144505,   35.048198,        1.34,
 140.149009,   35.048198,        1.31,
 140.153514,   35.048198,        1.29,
 140.158018,   35.048198,        1.27,
 140.162523,   35.048198,        1.25,
 140.167027,   35.048198,        1.23,
 140.171532,   35.048198,        1.22,
 140.176036,   35.048198,        1.20,
 140.180541,   35.048198,        1.19,
 140.185045,   35.048198,        1.18,
 140.189550,   35.048198,        1.17,
 140.194054,   35.048198,        1.16,
 140.198559,   35.048198,        1.15,
 140.203063,   35.048198,        1.14,
 140.207568,   35.048198,        1.13,
 140.212072,   35.048198,        1.13,
 140.216577,   35.048198,        1.12,
 140.221081,   35.048198,        1.11,
 140.225586,   35.048198,        1.10,
 140.230090,   35.048198,        1.10,
 140.234595,   35.048198,        1.09,
 140.239099,   35.048198,        1.09,
 140.243604,   35.048198,        1.08,
 140.248108,   35.048198,        1.08,
 140.252613,   35.048198,        1.07,
 140.257117,   35.048198,        1.06,
 140.261622,   35.048198,        1.05,
 140.266126,   35.048198,        1.06,
 140.270631,   35.048198,        1.09,
 140.275135,   35.048198,        1.11,
 140.279640,   35.048198,        1.13,
 140.284144,   35.048198,        1.15,
 140.288649,   35.048198,        1.10,
 140.293153,   35.048198,        0.94,
 140.297658,   35.048198,        0.77,
 140.302162,   35.048198,        0.58,
 140.306667,   35.048198,        0.38,
 140.311171,   35.048198,        0.18,
 140.315676,   35.048198,        0.05,
 140.320180,   35.048198,        0.07,
 140.324685,   35.048198,        0.09,
 140.329189,   35.048198,        0.09,
 140.333694,   35.048198,        0.12,
 140.338198,   35.048198,        0.16,
 140.342703,   35.048198,        0.21,
 140.347207,   35.048198,        0.25,
 140.351712,   35.048198,        0.30,
 140.356216,   35.048198,        0.36,
 140.360721,   35.048198,        0.39,
 140.365225,   35.048198,        0.35,
 140.369730,   35.048198,        0.30,
 140.374234,   35.048198,        0.23,
 140.378739,   35.048198,        0.15,
 140.383243,   35.048198,        0.05,
 140.387748,   35.048198,       -0.06,
 139.140000,   35.052703,        0.00,
 139.144505,   35.052703,        0.00,
 139.149009,   35.052703,        0.00,
 139.153514,   35.052703,        0.00,
 139.158018,   35.052703,        0.00,
 139.162523,   35.052703,        0.00,
 139.167027,   35.052703,       -0.00,
 139.171532,   35.052703,       -0.01,
 139.176036,   35.052703,       -0.01,
 139.180541,   35.052703,       -0.01,
 139.185045,   35.052703,       -0.00,
 139.189550,   35.052703,        0.00,
 139.194054,   35.052703,        0.00,
 139.198559,   35.052703,        0.01,
 139.203063,   35.052703,        0.03,
 139.207568,   35.052703,        0.10,
 139.212072,   35.052703,        0.22,
 139.216577,   35.052703,        0.34,
 139.221081,   35.052703,        0.43,
 139.225586,   35.052703,        0.55,
 139.230090,   35.052703,        0.84,
 139.234595,   35.052703,        1.15,
 139.239099,   35.052703,        1.44,
 139.243604,   35.052703,        1.69,
 139.248108,   35.052703,        1.91,
 139.252613,   35.052703,        2.12,
 139.257117,   35.052703,        2.36,
 139.261622,   35.052703,        2.57,
 139.266126,   35.052703,        2.79,
 139.270631,   35.052703,        3.02,
 139.275135,   35.052703,        3.26,
 139.279640,   35.052703,        3.53,
 139.284144,   35.052703,        3.81,
 139.288649,   35.052703,        4.10,
 139.293153,   35.052703,        4.32,
 139.297658,   35.052703,        4.40,
 139.302162,   35.052703,        4.38,
 139.306667,   35.052703,        4.33,
 139.311171,   35.052703,        4.29,
 139.315676,   35.052703,        4.24,
 139.320180,   35.052703,        4.20,
 139.324685,   35.052703,        4.15,
 139.329189,   35.052703,        4.11,
 139.333694,   35.052703,        4.07,
 139.338198,   35.052703,        4.05,
 139.342703,   35.052703,        4.03,
 139.347207,   35.052703,        4.00,
 139.351712,   35.052703,        3.98,
 139.356216,   35.052703,        3.95,
 139.360721,   35.052703,        3.93,
 139.365225,   35.052703,        3.90,
 139.369730,   35.052703,        3.87,
 139.374234,   35.052703,        3.85,
 139.378739,   35.052703,        3.84,
 139.383243,   35.052703,        3.83,
 139.387748,   35.052703,        3.82,
 139.392252,   35.052703,        3.81,
 139.396757,   35.052703,        3.80,
 139.401261,   35.052703,        3.79,
 139.405766,   35.052703,        3.78,
 139.410270,   35.052703,        3.77,
 139.414775,   35.052703,        3.76,
 139.419279,   35.052703,        3.75,
 139.423784,   35.052703,        3.75,
 139.428288,   35.052703,        3.75,
 139.432793,   35.052703,        3.75,
 139.437297,   35.052703,        3.75,
 139.441802,   35.052703,        3.75,
 139.446306,   35.052703,        3.77,
 139.450811,   35.052703,        3.80,
 139.455315,   35.052703,        3.84,
 139.459820,   35.052703,        3.89,
 139.464324,   35.052703,        3.94,
 139.468829,   35.052703,        3.98,
 139.473333,   35.052703,        4.03,
 139.477838,   35.052703,        4.09,
 139.482342,   35.052703,        4.15,
 139.486847,   35.052703,        4.21,
 139.491351,   35.052703,        4.27,
 139.495856,   35.052703,        4.33,
 139.500360,   35.052703,        4.39,
 139.504865,   35.052703,        4.46,
 139.509369,   35.052703,        4.55,
 139.513874,   35.052703,        4.67,
 139.518378,   35.052703,        4.81,
 139.522883,   35.052703,        4.95,
 139.527387,   35.052703,        5.09,
 139.531892,   35.052703,        5.24,
 139.536396,   35.052703,        5.39,
 139.540901,   35.052703,        5.54,
 139.545405,   35.052703,        5.70,
 139.549910,   35.052703,        5.89,
 139.554414,   35.052703,        6.08,
 139.558919,   35.052703,        6.28,
 139.563423,   35.052703,        6.49,
 139.567928,   35.052703,        6.71,
 139.572432,   35.052703,        6.95,
 139.576937,   35.052703,        7.18,
 139.581441,   35.052703,        7.44,
 139.585946,   35.052703,        7.73,
 139.590450,   35.052703,        8.04,
 139.594955,   35.052703,        8.37,
 139.599459,   35.052703,        8.70,
 139.603964,   35.052703,        9.04,
 139.608468,   35.052703,        9.34,
 139.612973,   35.052703,        9.59,
 139.617477,   35.052703,        9.88,
 139.621982,   35.052703,       10.19,
 139.626486,   35.052703,       10.53,
 139.630991,   35.052703,       10.88,
 139.635495,   35.052703,       11.24,
 139.640000,   35.052703,       11.60,
 139.644505,   35.052703,       11.95,
 139.649009,   35.052703,       12.30,
 139.653514,   35.052703,       12.62,
 139.658018,   35.052703,       12.92,
 139.662523,   35.052703,       13.22,
 139.667027,   35.052703,       13.51,
 139.671532,   35.052703,       13.80,
 139.676036,   35.052703,       14.05,
 139.680541,   35.052703,       14.23,
 139.685045,   35.052703,       14.42,
 139.689550,   35.052703,       14.64,
 139.694054,   35.052703,       14.91,
 139.698559,   35.052703,       15.20,
 139.703063,   35.052703,       15.21,
 139.707568,   35.052703,       15.26,
 139.712072,   35.052703,       15.34,
 139.716577,   35.052703,       15.43,
 139.721081,   35.052703,       15.46,
 139.725586,   35.052703,       15.43,
 139.730090,   35.052703,       15.39,
 139.734595,   35.052703,       15.39,
 139.739099,   35.052703,       15.27,
 139.743604,   35.052703,       14.98,
 139.748108,   35.052703,       14.71,
 139.752613,   35.052703,       14.45,
 139.757117,   35.052703,       14.18,
 139.761622,   35.052703,       13.66,
 139.766126,   35.052703,       13.05,
 139.770631,   35.052703,       12.40,
 139.775135,   35.052703,       11.68,
 139.779640,   35.052703,       10.62,
 139.784144,   35.052703,        9.51,
 139.788649,   35.052703,        8.41,
 139.793153,   35.052703,        7.44,
 139.797658,   35.052703,        6.58,
 139.802162,   35.052703,        5.79,
 139.806667,   35.052703,        5.34,
 139.811171,   35.052703,        5.12,
 139.815676,   35.052703,        4.93,
 139.820180,   35.052703,        4.79,
 139.824685,   35.052703,        4.66,
 139.829189,   35.052703,        4.57,
 139.833694,   35.052703,        5.25,
 139.838198,   35.052703,        6.02,
 139.842703,   35.052703,        6.58,
 139.847207,   35.052703,        6.74,
 139.851712,   35.052703,        6.77,
 139.856216,   35.052703,        6.75,
 139.860721,   35.052703,        6.71,
 139.865225,   35.052703,        6.65,
 139.869730,   35.052703,        6.57,
 139.874234,   35.052703,        6.44,
 139.878739,   35.052703,        6.30,
 139.883243,   35.052703,        6.16,
 139.887748,   35.052703,        6.05,
 139.892252,   35.052703,        5.99,
 139.896757,   35.052703,        5.96,
 139.901261,   35.052703,        5.95,
 139.905766,   35.052703,        5.94,
 139.910270,   35.052703,        5.95,
 139.914775,   35.052703,        5.95,
 139.919279,   35.052703,        5.96,
 139.923784,   35.052703,        5.95,
 139.928288,   35.052703,        5.95,
 139.932793,   35.052703,        5.93,
 139.937297,   35.052703,        5.91,
 139.941802,   35.052703,        5.87,
 139.946306,   35.052703,        5.83,
 139.950811,   35.052703,        5.78,
 139.955315,   35.052703,        5.71,
 139.959820,   35.052703,        5.64,
 139.964324,   35.052703,        5.55,
 139.968829,   35.052703,        5.45,
 139.973333,   35.052703,        5.34,
 139.977838,   35.052703,        5.22,
 139.982342,   35.052703,        5.08,
 139.986847,   35.052703,        4.93,
 139.991351,   35.052703,        4.76,
 139.995856,   35.052703,        4.58,
 140.000360,   35.052703,        4.39,
 140.004865,   35.052703,        4.19,
 140.009369,   35.052703,        3.97,
 140.013874,   35.052703,        3.75,
 140.018378,   35.052703,        3.50,
 140.022883,   35.052703,        3.24,
 140.027387,   35.052703,        2.95,
 140.031892,   35.052703,        2.58,
 140.036396,   35.052703,        2.34,
 140.040901,   35.052703,        2.33,
 140.045405,   35.052703,        2.33,
 140.049910,   35.052703,        2.33,
 140.054414,   35.052703,        2.34,
 140.058919,   35.052703,        2.25,
 140.063423,   35.052703,        2.15,
 140.067928,   35.052703,        2.06,
 140.072432,   35.052703,        2.01,
 140.076937,   35.052703,        1.97,
 140.081441,   35.052703,        1.92,
 140.085946,   35.052703,        1.87,
 140.090450,   35.052703,        1.82,
 140.094955,   35.052703,        1.77,
 140.099459,   35.052703,        1.72,
 140.103964,   35.052703,        1.67,
 140.108468,   35.052703,        1.63,
 140.112973,   35.052703,        1.59,
 140.117477,   35.052703,        1.55,
 140.121982,   35.052703,        1.52,
 140.126486,   35.052703,        1.48,
 140.130991,   35.052703,        1.45,
 140.135495,   35.052703,        1.42,
 140.140000,   35.052703,        1.39,
 140.144505,   35.052703,        1.37,
 140.149009,   35.052703,        1.34,
 140.153514,   35.052703,        1.32,
 140.158018,   35.052703,        1.30,
 140.162523,   35.052703,        1.28,
 140.167027,   35.052703,        1.27,
 140.171532,   35.052703,        1.25,
 140.176036,   35.052703,        1.24,
 140.180541,   35.052703,        1.23,
 140.185045,   35.052703,        1.22,
 140.189550,   35.052703,        1.20,
 140.194054,   35.052703,        1.20,
 140.198559,   35.052703,        1.18,
 140.203063,   35.052703,        1.17,
 140.207568,   35.052703,        1.16,
 140.212072,   35.052703,        1.15,
 140.216577,   35.052703,        1.14,
 140.221081,   35.052703,        1.13,
 140.225586,   35.052703,        1.12,
 140.230090,   35.052703,        1.12,
 140.234595,   35.052703,        1.11,
 140.239099,   35.052703,        1.11,
 140.243604,   35.052703,        1.11,
 140.248108,   35.052703,        1.11,
 140.252613,   35.052703,        1.10,
 140.257117,   35.052703,        1.09,
 140.261622,   35.052703,        1.08,
 140.266126,   35.052703,        1.08,
 140.270631,   35.052703,        1.10,
 140.275135,   35.052703,        1.12,
 140.279640,   35.052703,        1.13,
 140.284144,   35.052703,        1.15,
 140.288649,   35.052703,        1.14,
 140.293153,   35.052703,        1.03,
 140.297658,   35.052703,        0.89,
 140.302162,   35.052703,        0.73,
 140.306667,   35.052703,        0.54,
 140.311171,   35.052703,        0.38,
 140.315676,   35.052703,        0.27,
 140.320180,   35.052703,        0.22,
 140.324685,   35.052703,        0.20,
 140.329189,   35.052703,        0.18,
 140.333694,   35.052703,        0.16,
 140.338198,   35.052703,        0.20,
 140.342703,   35.052703,        0.25,
 140.347207,   35.052703,        0.29,
 140.351712,   35.052703,        0.33,
 140.356216,   35.052703,        0.30,
 140.360721,   35.052703,        0.27,
 140.365225,   35.052703,        0.22,
 140.369730,   35.052703,        0.15,
 140.374234,   35.052703,        0.07,
 140.378739,   35.052703,       -0.02,
 140.383243,   35.052703,       -0.13,
 140.387748,   35.052703,       -0.25,
 139.140000,   35.057207,        0.00,
 139.144505,   35.057207,        0.00,
 139.149009,   35.057207,        0.00,
 139.153514,   35.057207,        0.00,
 139.158018,   35.057207,        0.00,
 139.162523,   35.057207,        0.00,
 139.167027,   35.057207,        0.00,
 139.171532,   35.057207,        0.00,
 139.176036,   35.057207,       -0.00,
 139.180541,   35.057207,       -0.00,
 139.185045,   35.057207,        0.00,
 139.189550,   35.057207,        0.00,
 139.194054,   35.057207,        0.00,
 139.198559,   35.057207,        0.00,
 139.203063,   35.057207,        0.02,
 139.207568,   35.057207,        0.15,
 139.212072,   35.057207,        0.33,
 139.216577,   35.057207,        0.47,
 139.221081,   35.057207,        0.59,
 139.225586,   35.057207,        0.83,
 139.230090,   35.057207,        1.14,
 139.234595,   35.057207,        1.44,
 139.239099,   35.057207,        1.74,
 139.243604,   35.057207,        2.03,
 139.248108,   35.057207,        2.31,
 139.252613,   35.057207,        2.55,
 139.257117,   35.057207,        2.74,
 139.261622,   35.057207,        2.90,
 139.266126,   35.057207,        3.08,
 139.270631,   35.057207,        3.28,
 139.275135,   35.057207,        3.50,
 139.279640,   35.057207,        3.74,
 139.284144,   35.057207,        3.99,
 139.288649,   35.057207,        4.21,
 139.293153,   35.057207,        4.37,
 139.297658,   35.057207,        4.43,
 139.302162,   35.057207,        4.43,
 139.306667,   35.057207,        4.39,
 139.311171,   35.057207,        4.35,
 139.315676,   35.057207,        4.31,
 139.320180,   35.057207,        4.28,
 139.324685,   35.057207,        4.24,
 139.329189,   35.057207,        4.20,
 139.333694,   35.057207,        4.16,
 139.338198,   35.057207,        4.14,
 139.342703,   35.057207,        4.11,
 139.347207,   35.057207,        4.08,
 139.351712,   35.057207,        4.05,
 139.356216,   35.057207,        4.02,
 139.360721,   35.057207,        3.99,
 139.365225,   35.057207,        3.96,
 139.369730,   35.057207,        3.93,
 139.374234,   35.057207,        3.91,
 139.378739,   35.057207,        3.89,
 139.383243,   35.057207,        3.88,
 139.387748,   35.057207,        3.87,
 139.392252,   35.057207,        3.85,
 139.396757,   35.057207,        3.84,
 139.401261,   35.057207,        3.82,
 139.405766,   35.057207,        3.79,
 139.410270,   35.057207,        3.77,
 139.414775,   35.057207,        3.76,
 139.419279,   35.057207,        3.76,
 139.423784,   35.057207,        3.76,
 139.428288,   35.057207,        3.77,
 139.432793,   35.057207,        3.78,
 139.437297,   35.057207,        3.79,
 139.441802,   35.057207,        3.80,
 139.446306,   35.057207,        3.81,
 139.450811,   35.057207,        3.85,
 139.455315,   35.057207,        3.90,
 139.459820,   35.057207,        3.95,
 139.464324,   35.057207,        4.00,
 139.468829,   35.057207,        4.04,
 139.473333,   35.057207,        4.09,
 139.477838,   35.057207,        4.16,
 139.482342,   35.057207,        4.24,
 139.486847,   35.057207,        4.31,
 139.491351,   35.057207,        4.38,
 139.495856,   35.057207,        4.44,
 139.500360,   35.057207,        4.51,
 139.504865,   35.057207,        4.59,
 139.509369,   35.057207,        4.68,
 139.513874,   35.057207,        4.80,
 139.518378,   35.057207,        4.95,
 139.522883,   35.057207,        5.09,
 139.527387,   35.057207,        5.24,
 139.531892,   35.057207,        5.39,
 139.536396,   35.057207,        5.54,
 139.540901,   35.057207,        5.69,
 139.545405,   35.057207,        5.87,
 139.549910,   35.057207,        6.06,
 139.554414,   35.057207,        6.26,
 139.558919,   35.057207,        6.46,
 139.563423,   35.057207,        6.67,
 139.567928,   35.057207,        6.90,
 139.572432,   35.057207,        7.14,
 139.576937,   35.057207,        7.39,
 139.581441,   35.057207,        7.69,
 139.585946,   35.057207,        8.00,
 139.590450,   35.057207,        8.32,
 139.594955,   35.057207,        8.64,
 139.599459,   35.057207,        8.98,
 139.603964,   35.057207,        9.32,
 139.608468,   35.057207,        9.66,
 139.612973,   35.057207,        9.96,
 139.617477,   35.057207,       10.26,
 139.621982,   35.057207,       10.59,
 139.626486,   35.057207,       10.97,
 139.630991,   35.057207,       11.36,
 139.635495,   35.057207,       11.70,
 139.640000,   35.057207,       12.03,
 139.644505,   35.057207,       12.36,
 139.649009,   35.057207,       12.69,
 139.653514,   35.057207,       13.02,
 139.658018,   35.057207,       13.34,
 139.662523,   35.057207,       13.64,
 139.667027,   35.057207,       13.96,
 139.671532,   35.057207,       14.29,
 139.676036,   35.057207,       14.48,
 139.680541,   35.057207,       14.56,
 139.685045,   35.057207,       14.69,
 139.689550,   35.057207,       14.87,
 139.694054,   35.057207,       15.05,
 139.698559,   35.057207,       15.17,
 139.703063,   35.057207,       15.25,
 139.707568,   35.057207,       15.32,
 139.712072,   35.057207,       15.39,
 139.716577,   35.057207,       15.49,
 139.721081,   35.057207,       15.56,
 139.725586,   35.057207,       15.48,
 139.730090,   35.057207,       15.43,
 139.734595,   35.057207,       15.37,
 139.739099,   35.057207,       15.26,
 139.743604,   35.057207,       15.05,
 139.748108,   35.057207,       14.80,
 139.752613,   35.057207,       14.54,
 139.757117,   35.057207,       14.29,
 139.761622,   35.057207,       13.84,
 139.766126,   35.057207,       13.28,
 139.770631,   35.057207,       12.67,
 139.775135,   35.057207,       11.88,
 139.779640,   35.057207,       10.92,
 139.784144,   35.057207,        9.86,
 139.788649,   35.057207,        8.75,
 139.793153,   35.057207,        7.70,
 139.797658,   35.057207,        6.81,
 139.802162,   35.057207,        6.04,
 139.806667,   35.057207,        5.47,
 139.811171,   35.057207,        5.17,
 139.815676,   35.057207,        4.98,
 139.820180,   35.057207,        4.83,
 139.824685,   35.057207,        4.68,
 139.829189,   35.057207,        4.86,
 139.833694,   35.057207,        5.68,
 139.838198,   35.057207,        6.47,
 139.842703,   35.057207,        6.91,
 139.847207,   35.057207,        7.02,
 139.851712,   35.057207,        7.03,
 139.856216,   35.057207,        7.00,
 139.860721,   35.057207,        6.94,
 139.865225,   35.057207,        6.86,
 139.869730,   35.057207,        6.72,
 139.874234,   35.057207,        6.56,
 139.878739,   35.057207,        6.40,
 139.883243,   35.057207,        6.31,
 139.887748,   35.057207,        6.27,
 139.892252,   35.057207,        6.27,
 139.896757,   35.057207,        6.28,
 139.901261,   35.057207,        6.31,
 139.905766,   35.057207,        6.34,
 139.910270,   35.057207,        6.38,
 139.914775,   35.057207,        6.41,
 139.919279,   35.057207,        6.44,
 139.923784,   35.057207,        6.46,
 139.928288,   35.057207,        6.47,
 139.932793,   35.057207,        6.47,
 139.937297,   35.057207,        6.46,
 139.941802,   35.057207,        6.44,
 139.946306,   35.057207,        6.42,
 139.950811,   35.057207,        6.37,
 139.955315,   35.057207,        6.32,
 139.959820,   35.057207,        6.25,
 139.964324,   35.057207,        6.16,
 139.968829,   35.057207,        6.06,
 139.973333,   35.057207,        5.95,
 139.977838,   35.057207,        5.82,
 139.982342,   35.057207,        5.68,
 139.986847,   35.057207,        5.52,
 139.991351,   35.057207,        5.35,
 139.995856,   35.057207,        5.17,
 140.000360,   35.057207,        4.98,
 140.004865,   35.057207,        4.78,
 140.009369,   35.057207,        4.56,
 140.013874,   35.057207,        4.34,
 140.018378,   35.057207,        4.10,
 140.022883,   35.057207,        3.85,
 140.027387,   35.057207,        3.58,
 140.031892,   35.057207,        3.28,
 140.036396,   35.057207,        2.92,
 140.040901,   35.057207,        2.51,
 140.045405,   35.057207,        2.37,
 140.049910,   35.057207,        2.36,
 140.054414,   35.057207,        2.36,
 140.058919,   35.057207,        2.31,
 140.063423,   35.057207,        2.21,
 140.067928,   35.057207,        2.11,
 140.072432,   35.057207,        2.05,
 140.076937,   35.057207,        2.00,
 140.081441,   35.057207,        1.97,
 140.085946,   35.057207,        1.94,
 140.090450,   35.057207,        1.88,
 140.094955,   35.057207,        1.83,
 140.099459,   35.057207,        1.77,
 140.103964,   35.057207,        1.72,
 140.108468,   35.057207,        1.67,
 140.112973,   35.057207,        1.62,
 140.117477,   35.057207,        1.59,
 140.121982,   35.057207,        1.55,
 140.126486,   35.057207,        1.51,
 140.130991,   35.057207,        1.48,
 140.135495,   35.057207,        1.45,
 140.140000,   35.057207,        1.42,
 140.144505,   35.057207,        1.40,
 140.149009,   35.057207,        1.37,
 140.153514,   35.057207,        1.35,
 140.158018,   35.057207,        1.33,
 140.162523,   35.057207,        1.32,
 140.167027,   35.057207,        1.30,
 140.171532,   35.057207,        1.29,
 140.176036,   35.057207,        1.27,
 140.180541,   35.057207,        1.26,
 140.185045,   35.057207,        1.25,
 140.189550,   35.057207,        1.24,
 140.194054,   35.057207,        1.22,
 140.198559,   35.057207,        1.21,
 140.203063,   35.057207,        1.20,
 140.207568,   35.057207,        1.19,
 140.212072,   35.057207,        1.18,
 140.216577,   35.057207,        1.16,
 140.221081,   35.057207,        1.15,
 140.225586,   35.057207,        1.14,
 140.230090,   35.057207,        1.13,
 140.234595,   35.057207,        1.13,
 140.239099,   35.057207,        1.13,
 140.243604,   35.057207,        1.13,
 140.248108,   35.057207,        1.12,
 140.252613,   35.057207,        1.11,
 140.257117,   35.057207,        1.11,
 140.261622,   35.057207,        1.10,
 140.266126,   35.057207,        1.10,
 140.270631,   35.057207,        1.11,
 140.275135,   35.057207,        1.12,
 140.279640,   35.057207,        1.13,
 140.284144,   35.057207,        1.14,
 140.288649,   35.057207,        1.13,
 140.293153,   35.057207,        1.09,
 140.297658,   35.057207,        1.01,
 140.302162,   35.057207,        0.90,
 140.306667,   35.057207,        0.74,
 140.311171,   35.057207,        0.60,
 140.315676,   35.057207,        0.49,
 140.320180,   35.057207,        0.42,
 140.324685,   35.057207,        0.38,
 140.329189,   35.057207,        0.32,
 140.333694,   35.057207,        0.24,
 140.338198,   35.057207,        0.24,
 140.342703,   35.057207,        0.28,
 140.347207,   35.057207,        0.28,
 140.351712,   35.057207,        0.24,
 140.356216,   35.057207,        0.20,
 140.360721,   35.057207,        0.16,
 140.365225,   35.057207,        0.09,
 140.369730,   35.057207,        0.02,
 140.374234,   35.057207,       -0.07,
 140.378739,   35.057207,       -0.18,
 140.383243,   35.057207,       -0.26,
 140.387748,   35.057207,       -0.40,
 139.140000,   35.061712,        0.00,
 139.144505,   35.061712,        0.00,
 139.149009,   35.061712,        0.00,
 139.153514,   35.061712,        0.00,
 139.158018,   35.061712,        0.00,
 139.162523,   35.061712,        0.00,
 139.167027,   35.061712,        0.00,
 139.171532,   35.061712,        0.00,
 139.176036,   35.061712,        0.00,
 139.180541,   35.061712,        0.00,
 139.185045,   35.061712,        0.00,
 139.189550,   35.061712,        0.00,
 139.194054,   35.061712,        0.00,
 139.198559,   35.061712,        0.00,
 139.203063,   35.061712,        0.09,
 139.207568,   35.061712,        0.32,
 139.212072,   35.061712,        0.52,
 139.216577,   35.061712,        0.69,
 139.221081,   35.061712,        0.87,
 139.225586,   35.061712,        1.13,
 139.230090,   35.061712,        1.42,
 139.234595,   35.061712,        1.71,
 139.239099,   35.061712,        2.01,
 139.243604,   35.061712,        2.30,
 139.248108,   35.061712,        2.60,
 139.252613,   35.061712,        2.88,
 139.257117,   35.061712,        3.02,
 139.261622,   35.061712,        3.16,
 139.266126,   35.061712,        3.32,
 139.270631,   35.061712,        3.50,
 139.275135,   35.061712,        3.69,
 139.279640,   35.061712,        3.90,
 139.284144,   35.061712,        4.12,
 139.288649,   35.061712,        4.30,
 139.293153,   35.061712,        4.41,
 139.297658,   35.061712,        4.47,
 139.302162,   35.061712,        4.48,
 139.306667,   35.061712,        4.45,
 139.311171,   35.061712,        4.41,
 139.315676,   35.061712,        4.38,
 139.320180,   35.061712,        4.35,
 139.324685,   35.061712,        4.31,
 139.329189,   35.061712,        4.28,
 139.333694,   35.061712,        4.25,
 139.338198,   35.061712,        4.22,
 139.342703,   35.061712,        4.19,
 139.347207,   35.061712,        4.16,
 139.351712,   35.061712,        4.13,
 139.356216,   35.061712,        4.09,
 139.360721,   35.061712,        4.06,
 139.365225,   35.061712,        4.02,
 139.369730,   35.061712,        3.99,
 139.374234,   35.061712,        3.96,
 139.378739,   35.061712,        3.95,
 139.383243,   35.061712,        3.93,
 139.387748,   35.061712,        3.91,
 139.392252,   35.061712,        3.88,
 139.396757,   35.061712,        3.86,
 139.401261,   35.061712,        3.83,
 139.405766,   35.061712,        3.79,
 139.410270,   35.061712,        3.76,
 139.414775,   35.061712,        3.75,
 139.419279,   35.061712,        3.76,
 139.423784,   35.061712,        3.77,
 139.428288,   35.061712,        3.78,
 139.432793,   35.061712,        3.80,
 139.437297,   35.061712,        3.82,
 139.441802,   35.061712,        3.84,
 139.446306,   35.061712,        3.86,
 139.450811,   35.061712,        3.91,
 139.455315,   35.061712,        3.96,
 139.459820,   35.061712,        4.01,
 139.464324,   35.061712,        4.06,
 139.468829,   35.061712,        4.11,
 139.473333,   35.061712,        4.16,
 139.477838,   35.061712,        4.24,
 139.482342,   35.061712,        4.32,
 139.486847,   35.061712,        4.40,
 139.491351,   35.061712,        4.48,
 139.495856,   35.061712,        4.55,
 139.500360,   35.061712,        4.63,
 139.504865,   35.061712,        4.71,
 139.509369,   35.061712,        4.81,
 139.513874,   35.061712,        4.93,
 139.518378,   35.061712,        5.08,
 139.522883,   35.061712,        5.23,
 139.527387,   35.061712,        5.38,
 139.531892,   35.061712,        5.53,
 139.536396,   35.061712,        5.68,
 139.540901,   35.061712,        5.84,
 139.545405,   35.061712,        6.01,
 139.549910,   35.061712,        6.21,
 139.554414,   35.061712,        6.42,
 139.558919,   35.061712,        6.62,
 139.563423,   35.061712,        6.84,
 139.567928,   35.061712,        7.08,
 139.572432,   35.061712,        7.33,
 139.576937,   35.061712,        7.60,
 139.581441,   35.061712,        7.92,
 139.585946,   35.061712,        8.24,
 139.590450,   35.061712,        8.57,
 139.594955,   35.061712,        8.90,
 139.599459,   35.061712,        9.23,
 139.603964,   35.061712,        9.56,
 139.608468,   35.061712,        9.88,
 139.612973,   35.061712,       10.21,
 139.617477,   35.061712,       10.56,
 139.621982,   35.061712,       10.91,
 139.626486,   35.061712,       11.28,
 139.630991,   35.061712,       11.65,
 139.635495,   35.061712,       12.00,
 139.640000,   35.061712,       12.34,
 139.644505,   35.061712,       12.70,
 139.649009,   35.061712,       13.07,
 139.653514,   35.061712,       13.41,
 139.658018,   35.061712,       13.69,
 139.662523,   35.061712,       13.95,
 139.667027,   35.061712,       14.23,
 139.671532,   35.061712,       14.50,
 139.676036,   35.061712,       14.63,
 139.680541,   35.061712,       14.72,
 139.685045,   35.061712,       14.82,
 139.689550,   35.061712,       14.94,
 139.694054,   35.061712,       15.05,
 139.698559,   35.061712,       15.14,
 139.703063,   35.061712,       15.22,
 139.707568,   35.061712,       15.30,
 139.712072,   35.061712,       15.39,
 139.716577,   35.061712,       15.45,
 139.721081,   35.061712,       15.44,
 139.725586,   35.061712,       15.42,
 139.730090,   35.061712,       15.39,
 139.734595,   35.061712,       15.32,
 139.739099,   35.061712,       15.20,
 139.743604,   35.061712,       15.07,
 139.748108,   35.061712,       14.84,
 139.752613,   35.061712,       14.58,
 139.757117,   35.061712,       14.31,
 139.761622,   35.061712,       13.94,
 139.766126,   35.061712,       13.48,
 139.770631,   35.061712,       12.97,
 139.775135,   35.061712,       12.06,
 139.779640,   35.061712,       11.17,
 139.784144,   35.061712,       10.19,
 139.788649,   35.061712,        9.07,
 139.793153,   35.061712,        7.98,
 139.797658,   35.061712,        6.96,
 139.802162,   35.061712,        6.29,
 139.806667,   35.061712,        5.70,
 139.811171,   35.061712,        5.21,
 139.815676,   35.061712,        4.99,
 139.820180,   35.061712,        4.83,
 139.824685,   35.061712,        4.69,
 139.829189,   35.061712,        5.22,
 139.833694,   35.061712,        6.13,
 139.838198,   35.061712,        6.92,
 139.842703,   35.061712,        7.24,
 139.847207,   35.061712,        7.31,
 139.851712,   35.061712,        7.30,
 139.856216,   35.061712,        7.25,
 139.860721,   35.061712,        7.17,
 139.865225,   35.061712,        7.01,
 139.869730,   35.061712,        6.83,
 139.874234,   35.061712,        6.66,
 139.878739,   35.061712,        6.58,
 139.883243,   35.061712,        6.55,
 139.887748,   35.061712,        6.57,
 139.892252,   35.061712,        6.62,
 139.896757,   35.061712,        6.68,
 139.901261,   35.061712,        6.74,
 139.905766,   35.061712,        6.81,
 139.910270,   35.061712,        6.87,
 139.914775,   35.061712,        6.93,
 139.919279,   35.061712,        6.97,
 139.923784,   35.061712,        7.01,
 139.928288,   35.061712,        7.05,
 139.932793,   35.061712,        7.07,
 139.937297,   35.061712,        7.07,
 139.941802,   35.061712,        7.07,
 139.946306,   35.061712,        7.05,
 139.950811,   35.061712,        7.00,
 139.955315,   35.061712,        6.95,
 139.959820,   35.061712,        6.87,
 139.964324,   35.061712,        6.78,
 139.968829,   35.061712,        6.68,
 139.973333,   35.061712,        6.56,
 139.977838,   35.061712,        6.43,
 139.982342,   35.061712,        6.29,
 139.986847,   35.061712,        6.13,
 139.991351,   35.061712,        5.96,
 139.995856,   35.061712,        5.78,
 140.000360,   35.061712,        5.58,
 140.004865,   35.061712,        5.38,
 140.009369,   35.061712,        5.16,
 140.013874,   35.061712,        4.94,
 140.018378,   35.061712,        4.70,
 140.022883,   35.061712,        4.44,
 140.027387,   35.061712,        4.18,
 140.031892,   35.061712,        3.90,
 140.036396,   35.061712,        3.58,
 140.040901,   35.061712,        3.23,
 140.045405,   35.061712,        2.84,
 140.049910,   35.061712,        2.51,
 140.054414,   35.061712,        2.36,
 140.058919,   35.061712,        2.37,
 140.063423,   35.061712,        2.26,
 140.067928,   35.061712,        2.16,
 140.072432,   35.061712,        2.07,
 140.076937,   35.061712,        2.02,
 140.081441,   35.061712,        2.01,
 140.085946,   35.061712,        1.99,
 140.090450,   35.061712,        1.94,
 140.094955,   35.061712,        1.88,
 140.099459,   35.061712,        1.82,
 140.103964,   35.061712,        1.77,
 140.108468,   35.061712,        1.71,
 140.112973,   35.061712,        1.66,
 140.117477,   35.061712,        1.62,
 140.121982,   35.061712,        1.58,
 140.126486,   35.061712,        1.54,
 140.130991,   35.061712,        1.51,
 140.135495,   35.061712,        1.48,
 140.140000,   35.061712,        1.45,
 140.144505,   35.061712,        1.43,
 140.149009,   35.061712,        1.40,
 140.153514,   35.061712,        1.38,
 140.158018,   35.061712,        1.37,
 140.162523,   35.061712,        1.35,
 140.167027,   35.061712,        1.34,
 140.171532,   35.061712,        1.32,
 140.176036,   35.061712,        1.31,
 140.180541,   35.061712,        1.29,
 140.185045,   35.061712,        1.28,
 140.189550,   35.061712,        1.26,
 140.194054,   35.061712,        1.25,
 140.198559,   35.061712,        1.24,
 140.203063,   35.061712,        1.22,
 140.207568,   35.061712,        1.21,
 140.212072,   35.061712,        1.20,
 140.216577,   35.061712,        1.18,
 140.221081,   35.061712,        1.17,
 140.225586,   35.061712,        1.16,
 140.230090,   35.061712,        1.15,
 140.234595,   35.061712,        1.14,
 140.239099,   35.061712,        1.14,
 140.243604,   35.061712,        1.14,
 140.248108,   35.061712,        1.13,
 140.252613,   35.061712,        1.13,
 140.257117,   35.061712,        1.12,
 140.261622,   35.061712,        1.12,
 140.266126,   35.061712,        1.12,
 140.270631,   35.061712,        1.12,
 140.275135,   35.061712,        1.13,
 140.279640,   35.061712,        1.13,
 140.284144,   35.061712,        1.12,
 140.288649,   35.061712,        1.12,
 140.293153,   35.061712,        1.11,
 140.297658,   35.061712,        1.09,
 140.302162,   35.061712,        1.06,
 140.306667,   35.061712,        0.92,
 140.311171,   35.061712,        0.79,
 140.315676,   35.061712,        0.68,
 140.320180,   35.061712,        0.61,
 140.324685,   35.061712,        0.52,
 140.329189,   35.061712,        0.42,
 140.333694,   35.061712,        0.33,
 140.338198,   35.061712,        0.29,
 140.342703,   35.061712,        0.27,
 140.347207,   35.061712,        0.22,
 140.351712,   35.061712,        0.16,
 140.356216,   35.061712,        0.12,
 140.360721,   35.061712,        0.06,
 140.365225,   35.061712,       -0.01,
 140.369730,   35.061712,       -0.10,
 140.374234,   35.061712,       -0.17,
 140.378739,   35.061712,       -0.34,
 140.383243,   35.061712,       -0.56,
 140.387748,   35.061712,       -0.83,
 139.140000,   35.066216,        0.00,
 139.144505,   35.066216,        0.00,
 139.149009,   35.066216,        0.00,
 139.153514,   35.066216,        0.00,
 139.158018,   35.066216,        0.00,
 139.162523,   35.066216,        0.00,
 139.167027,   35.066216,        0.00,
 139.171532,   35.066216,        0.00,
 139.176036,   35.066216,        0.00,
 139.180541,   35.066216,        0.00,
 139.185045,   35.066216,        0.00,
 139.189550,   35.066216,        0.00,
 139.194054,   35.066216,        0.00,
 139.198559,   35.066216,        0.08,
 139.203063,   35.066216,        0.27,
 139.207568,   35.066216,        0.52,
 139.212072,   35.066216,        0.75,
 139.216577,   35.066216,        0.96,
 139.221081,   35.066216,        1.17,
 139.225586,   35.066216,        1.43,
 139.230090,   35.066216,        1.70,
 139.234595,   35.066216,        1.97,
 139.239099,   35.066216,        2.25,
 139.243604,   35.066216,        2.54,
 139.248108,   35.066216,        2.82,
 139.252613,   35.066216,        3.02,
 139.257117,   35.066216,        3.19,
 139.261622,   35.066216,        3.35,
 139.266126,   35.066216,        3.50,
 139.270631,   35.066216,        3.67,
 139.275135,   35.066216,        3.84,
 139.279640,   35.066216,        4.03,
 139.284144,   35.066216,        4.22,
 139.288649,   35.066216,        4.36,
 139.293153,   35.066216,        4.46,
 139.297658,   35.066216,        4.52,
 139.302162,   35.066216,        4.53,
 139.306667,   35.066216,        4.50,
 139.311171,   35.066216,        4.48,
 139.315676,   35.066216,        4.45,
 139.320180,   35.066216,        4.42,
 139.324685,   35.066216,        4.39,
 139.329189,   35.066216,        4.36,
 139.333694,   35.066216,        4.34,
 139.338198,   35.066216,        4.31,
 139.342703,   35.066216,        4.28,
 139.347207,   35.066216,        4.24,
 139.351712,   35.066216,        4.21,
 139.356216,   35.066216,        4.17,
 139.360721,   35.066216,        4.13,
 139.365225,   35.066216,        4.09,
 139.369730,   35.066216,        4.05,
 139.374234,   35.066216,        4.02,
 139.378739,   35.066216,        4.00,
 139.383243,   35.066216,        3.97,
 139.387748,   35.066216,        3.94,
 139.392252,   35.066216,        3.91,
 139.396757,   35.066216,        3.87,
 139.401261,   35.066216,        3.83,
 139.405766,   35.066216,        3.78,
 139.410270,   35.066216,        3.75,
 139.414775,   35.066216,        3.74,
 139.419279,   35.066216,        3.74,
 139.423784,   35.066216,        3.76,
 139.428288,   35.066216,        3.78,
 139.432793,   35.066216,        3.80,
 139.437297,   35.066216,        3.82,
 139.441802,   35.066216,        3.84,
 139.446306,   35.066216,        3.88,
 139.450811,   35.066216,        3.93,
 139.455315,   35.066216,        3.99,
 139.459820,   35.066216,        4.05,
 139.464324,   35.066216,        4.11,
 139.468829,   35.066216,        4.17,
 139.473333,   35.066216,        4.23,
 139.477838,   35.066216,        4.31,
 139.482342,   35.066216,        4.40,
 139.486847,   35.066216,        4.48,
 139.491351,   35.066216,        4.57,
 139.495856,   35.066216,        4.65,
 139.500360,   35.066216,        4.74,
 139.504865,   35.066216,        4.82,
 139.509369,   35.066216,        4.92,
 139.513874,   35.066216,        5.07,
 139.518378,   35.066216,        5.22,
 139.522883,   35.066216,        5.37,
 139.527387,   35.066216,        5.52,
 139.531892,   35.066216,        5.67,
 139.536396,   35.066216,        5.82,
 139.540901,   35.066216,        5.98,
 139.545405,   35.066216,        6.16,
 139.549910,   35.066216,        6.36,
 139.554414,   35.066216,        6.56,
 139.558919,   35.066216,        6.77,
 139.563423,   35.066216,        7.00,
 139.567928,   35.066216,        7.25,
 139.572432,   35.066216,        7.52,
 139.576937,   35.066216,        7.82,
 139.581441,   35.066216,        8.14,
 139.585946,   35.066216,        8.47,
 139.590450,   35.066216,        8.80,
 139.594955,   35.066216,        9.13,
 139.599459,   35.066216,        9.46,
 139.603964,   35.066216,        9.78,
 139.608468,   35.066216,       10.08,
 139.612973,   35.066216,       10.41,
 139.617477,   35.066216,       10.76,
 139.621982,   35.066216,       11.11,
 139.626486,   35.066216,       11.46,
 139.630991,   35.066216,       11.80,
 139.635495,   35.066216,       12.16,
 139.640000,   35.066216,       12.56,
 139.644505,   35.066216,       12.96,
 139.649009,   35.066216,       13.38,
 139.653514,   35.066216,       13.78,
 139.658018,   35.066216,       13.93,
 139.662523,   35.066216,       14.13,
 139.667027,   35.066216,       14.35,
 139.671532,   35.066216,       14.51,
 139.676036,   35.066216,       14.63,
 139.680541,   35.066216,       14.72,
 139.685045,   35.066216,       14.82,
 139.689550,   35.066216,       14.92,
 139.694054,   35.066216,       15.02,
 139.698559,   35.066216,       15.10,
 139.703063,   35.066216,       15.17,
 139.707568,   35.066216,       15.26,
 139.712072,   35.066216,       15.28,
 139.716577,   35.066216,       15.26,
 139.721081,   35.066216,       15.24,
 139.725586,   35.066216,       15.23,
 139.730090,   35.066216,       15.22,
 139.734595,   35.066216,       15.18,
 139.739099,   35.066216,       15.08,
 139.743604,   35.066216,       14.98,
 139.748108,   35.066216,       14.81,
 139.752613,   35.066216,       14.57,
 139.757117,   35.066216,       14.34,
 139.761622,   35.066216,       14.00,
 139.766126,   35.066216,       13.51,
 139.770631,   35.066216,       12.99,
 139.775135,   35.066216,       12.22,
 139.779640,   35.066216,       11.32,
 139.784144,   35.066216,       10.38,
 139.788649,   35.066216,        9.33,
 139.793153,   35.066216,        8.24,
 139.797658,   35.066216,        7.23,
 139.802162,   35.066216,        6.47,
 139.806667,   35.066216,        5.88,
 139.811171,   35.066216,        5.35,
 139.815676,   35.066216,        4.99,
 139.820180,   35.066216,        4.77,
 139.824685,   35.066216,        4.74,
 139.829189,   35.066216,        5.63,
 139.833694,   35.066216,        6.59,
 139.838198,   35.066216,        7.38,
 139.842703,   35.066216,        7.59,
 139.847207,   35.066216,        7.60,
 139.851712,   35.066216,        7.57,
 139.856216,   35.066216,        7.50,
 139.860721,   35.066216,        7.33,
 139.865225,   35.066216,        7.12,
 139.869730,   35.066216,        6.93,
 139.874234,   35.066216,        6.84,
 139.878739,   35.066216,        6.83,
 139.883243,   35.066216,        6.88,
 139.887748,   35.066216,        6.95,
 139.892252,   35.066216,        7.04,
 139.896757,   35.066216,        7.14,
 139.901261,   35.066216,        7.23,
 139.905766,   35.066216,        7.33,
 139.910270,   35.066216,        7.42,
 139.914775,   35.066216,        7.50,
 139.919279,   35.066216,        7.57,
 139.923784,   35.066216,        7.63,
 139.928288,   35.066216,        7.68,
 139.932793,   35.066216,        7.71,
 139.937297,   35.066216,        7.73,
 139.941802,   35.066216,        7.72,
 139.946306,   35.066216,        7.70,
 139.950811,   35.066216,        7.65,
 139.955315,   35.066216,        7.59,
 139.959820,   35.066216,        7.52,
 139.964324,   35.066216,        7.43,
 139.968829,   35.066216,        7.32,
 139.973333,   35.066216,        7.20,
 139.977838,   35.066216,        7.07,
 139.982342,   35.066216,        6.92,
 139.986847,   35.066216,        6.76,
 139.991351,   35.066216,        6.58,
 139.995856,   35.066216,        6.39,
 140.000360,   35.066216,        6.20,
 140.004865,   35.066216,        5.99,
 140.009369,   35.066216,        5.77,
 140.013874,   35.066216,        5.54,
 140.018378,   35.066216,        5.30,
 140.022883,   35.066216,        5.04,
 140.027387,   35.066216,        4.77,
 140.031892,   35.066216,        4.49,
 140.036396,   35.066216,        4.19,
 140.040901,   35.066216,        3.86,
 140.045405,   35.066216,        3.49,
 140.049910,   35.066216,        3.10,
 140.054414,   35.066216,        2.73,
 140.058919,   35.066216,        2.44,
 140.063423,   35.066216,        2.32,
 140.067928,   35.066216,        2.27,
 140.072432,   35.066216,        2.15,
 140.076937,   35.066216,        2.06,
 140.081441,   35.066216,        2.07,
 140.085946,   35.066216,        2.04,
 140.090450,   35.066216,        1.99,
 140.094955,   35.066216,        1.93,
 140.099459,   35.066216,        1.87,
 140.103964,   35.066216,        1.81,
 140.108468,   35.066216,        1.76,
 140.112973,   35.066216,        1.70,
 140.117477,   35.066216,        1.65,
 140.121982,   35.066216,        1.61,
 140.126486,   35.066216,        1.58,
 140.130991,   35.066216,        1.54,
 140.135495,   35.066216,        1.51,
 140.140000,   35.066216,        1.48,
 140.144505,   35.066216,        1.46,
 140.149009,   35.066216,        1.43,
 140.153514,   35.066216,        1.42,
 140.158018,   35.066216,        1.40,
 140.162523,   35.066216,        1.38,
 140.167027,   35.066216,        1.37,
 140.171532,   35.066216,        1.35,
 140.176036,   35.066216,        1.34,
 140.180541,   35.066216,        1.32,
 140.185045,   35.066216,        1.31,
 140.189550,   35.066216,        1.29,
 140.194054,   35.066216,        1.28,
 140.198559,   35.066216,        1.26,
 140.203063,   35.066216,        1.24,
 140.207568,   35.066216,        1.23,
 140.212072,   35.066216,        1.21,
 140.216577,   35.066216,        1.20,
 140.221081,   35.066216,        1.18,
 140.225586,   35.066216,        1.17,
 140.230090,   35.066216,        1.16,
 140.234595,   35.066216,        1.15,
 140.239099,   35.066216,        1.15,
 140.243604,   35.066216,        1.15,
 140.248108,   35.066216,        1.15,
 140.252613,   35.066216,        1.15,
 140.257117,   35.066216,        1.14,
 140.261622,   35.066216,        1.14,
 140.266126,   35.066216,        1.14,
 140.270631,   35.066216,        1.14,
 140.275135,   35.066216,        1.14,
 140.279640,   35.066216,        1.13,
 140.284144,   35.066216,        1.11,
 140.288649,   35.066216,        1.11,
 140.293153,   35.066216,        1.10,
 140.297658,   35.066216,        1.09,
 140.302162,   35.066216,        1.07,
 140.306667,   35.066216,        1.01,
 140.311171,   35.066216,        0.90,
 140.315676,   35.066216,        0.79,
 140.320180,   35.066216,        0.69,
 140.324685,   35.066216,        0.60,
 140.329189,   35.066216,        0.51,
 140.333694,   35.066216,        0.41,
 140.338198,   35.066216,        0.29,
 140.342703,   35.066216,        0.22,
 140.347207,   35.066216,        0.16,
 140.351712,   35.066216,        0.10,
 140.356216,   35.066216,        0.04,
 140.360721,   35.066216,       -0.02,
 140.365225,   35.066216,       -0.10,
 140.369730,   35.066216,       -0.22,
 140.374234,   35.066216,       -0.40,
 140.378739,   35.066216,       -0.62,
 140.383243,   35.066216,       -0.89,
 140.387748,   35.066216,       -0.95,
 139.140000,   35.070721,        0.00,
 139.144505,   35.070721,        0.00,
 139.149009,   35.070721,        0.00,
 139.153514,   35.070721,        0.00,
 139.158018,   35.070721,        0.00,
 139.162523,   35.070721,        0.00,
 139.167027,   35.070721,        0.00,
 139.171532,   35.070721,        0.00,
 139.176036,   35.070721,        0.00,
 139.180541,   35.070721,        0.00,
 139.185045,   35.070721,        0.00,
 139.189550,   35.070721,        0.00,
 139.194054,   35.070721,        0.03,
 139.198559,   35.070721,        0.19,
 139.203063,   35.070721,        0.41,
 139.207568,   35.070721,        0.68,
 139.212072,   35.070721,        0.95,
 139.216577,   35.070721,        1.23,
 139.221081,   35.070721,        1.45,
 139.225586,   35.070721,        1.70,
 139.230090,   35.070721,        1.95,
 139.234595,   35.070721,        2.21,
 139.239099,   35.070721,        2.48,
 139.243604,   35.070721,        2.76,
 139.248108,   35.070721,        2.99,
 139.252613,   35.070721,        3.18,
 139.257117,   35.070721,        3.33,
 139.261622,   35.070721,        3.49,
 139.266126,   35.070721,        3.64,
 139.270631,   35.070721,        3.80,
 139.275135,   35.070721,        3.97,
 139.279640,   35.070721,        4.13,
 139.284144,   35.070721,        4.30,
 139.288649,   35.070721,        4.43,
 139.293153,   35.070721,        4.53,
 139.297658,   35.070721,        4.58,
 139.302162,   35.070721,        4.58,
 139.306667,   35.070721,        4.56,
 139.311171,   35.070721,        4.54,
 139.315676,   35.070721,        4.52,
 139.320180,   35.070721,        4.49,
 139.324685,   35.070721,        4.47,
 139.329189,   35.070721,        4.45,
 139.333694,   35.070721,        4.42,
 139.338198,   35.070721,        4.40,
 139.342703,   35.070721,        4.36,
 139.347207,   35.070721,        4.33,
 139.351712,   35.070721,        4.29,
 139.356216,   35.070721,        4.25,
 139.360721,   35.070721,        4.20,
 139.365225,   35.070721,        4.16,
 139.369730,   35.070721,        4.11,
 139.374234,   35.070721,        4.07,
 139.378739,   35.070721,        4.04,
 139.383243,   35.070721,        4.00,
 139.387748,   35.070721,        3.96,
 139.392252,   35.070721,        3.92,
 139.396757,   35.070721,        3.88,
 139.401261,   35.070721,        3.83,
 139.405766,   35.070721,        3.78,
 139.410270,   35.070721,        3.74,
 139.414775,   35.070721,        3.72,
 139.419279,   35.070721,        3.72,
 139.423784,   35.070721,        3.74,
 139.428288,   35.070721,        3.76,
 139.432793,   35.070721,        3.78,
 139.437297,   35.070721,        3.80,
 139.441802,   35.070721,        3.82,
 139.446306,   35.070721,        3.86,
 139.450811,   35.070721,        3.92,
 139.455315,   35.070721,        3.99,
 139.459820,   35.070721,        4.07,
 139.464324,   35.070721,        4.15,
 139.468829,   35.070721,        4.23,
 139.473333,   35.070721,        4.30,
 139.477838,   35.070721,        4.38,
 139.482342,   35.070721,        4.46,
 139.486847,   35.070721,        4.55,
 139.491351,   35.070721,        4.64,
 139.495856,   35.070721,        4.73,
 139.500360,   35.070721,        4.83,
 139.504865,   35.070721,        4.93,
 139.509369,   35.070721,        5.05,
 139.513874,   35.070721,        5.20,
 139.518378,   35.070721,        5.35,
 139.522883,   35.070721,        5.50,
 139.527387,   35.070721,        5.65,
 139.531892,   35.070721,        5.81,
 139.536396,   35.070721,        5.96,
 139.540901,   35.070721,        6.13,
 139.545405,   35.070721,        6.31,
 139.549910,   35.070721,        6.51,
 139.554414,   35.070721,        6.71,
 139.558919,   35.070721,        6.91,
 139.563423,   35.070721,        7.15,
 139.567928,   35.070721,        7.44,
 139.572432,   35.070721,        7.74,
 139.576937,   35.070721,        8.04,
 139.581441,   35.070721,        8.36,
 139.585946,   35.070721,        8.68,
 139.590450,   35.070721,        9.01,
 139.594955,   35.070721,        9.35,
 139.599459,   35.070721,        9.68,
 139.603964,   35.070721,        9.91,
 139.608468,   35.070721,       10.19,
 139.612973,   35.070721,       10.54,
 139.617477,   35.070721,       10.95,
 139.621982,   35.070721,       11.25,
 139.626486,   35.070721,       11.56,
 139.630991,   35.070721,       11.91,
 139.635495,   35.070721,       12.29,
 139.640000,   35.070721,       12.68,
 139.644505,   35.070721,       13.06,
 139.649009,   35.070721,       13.43,
 139.653514,   35.070721,       13.73,
 139.658018,   35.070721,       13.96,
 139.662523,   35.070721,       14.17,
 139.667027,   35.070721,       14.37,
 139.671532,   35.070721,       14.53,
 139.676036,   35.070721,       14.61,
 139.680541,   35.070721,       14.68,
 139.685045,   35.070721,       14.78,
 139.689550,   35.070721,       14.91,
 139.694054,   35.070721,       14.98,
 139.698559,   35.070721,       15.00,
 139.703063,   35.070721,       15.03,
 139.707568,   35.070721,       15.05,
 139.712072,   35.070721,       15.05,
 139.716577,   35.070721,       15.04,
 139.721081,   35.070721,       15.03,
 139.725586,   35.070721,       15.02,
 139.730090,   35.070721,       14.99,
 139.734595,   35.070721,       14.97,
 139.739099,   35.070721,       14.90,
 139.743604,   35.070721,       14.80,
 139.748108,   35.070721,       14.67,
 139.752613,   35.070721,       14.47,
 139.757117,   35.070721,       14.26,
 139.761622,   35.070721,       13.97,
 139.766126,   35.070721,       13.47,
 139.770631,   35.070721,       12.97,
 139.775135,   35.070721,       12.36,
 139.779640,   35.070721,       11.44,
 139.784144,   35.070721,       10.50,
 139.788649,   35.070721,        9.54,
 139.793153,   35.070721,        8.51,
 139.797658,   35.070721,        7.55,
 139.802162,   35.070721,        6.67,
 139.806667,   35.070721,        5.97,
 139.811171,   35.070721,        5.50,
 139.815676,   35.070721,        5.07,
 139.820180,   35.070721,        4.72,
 139.824685,   35.070721,        4.96,
 139.829189,   35.070721,        6.00,
 139.833694,   35.070721,        7.04,
 139.838198,   35.070721,        7.84,
 139.842703,   35.070721,        7.94,
 139.847207,   35.070721,        7.91,
 139.851712,   35.070721,        7.84,
 139.856216,   35.070721,        7.68,
 139.860721,   35.070721,        7.44,
 139.865225,   35.070721,        7.21,
 139.869730,   35.070721,        7.11,
 139.874234,   35.070721,        7.11,
 139.878739,   35.070721,        7.17,
 139.883243,   35.070721,        7.27,
 139.887748,   35.070721,        7.39,
 139.892252,   35.070721,        7.52,
 139.896757,   35.070721,        7.65,
 139.901261,   35.070721,        7.78,
 139.905766,   35.070721,        7.91,
 139.910270,   35.070721,        8.02,
 139.914775,   35.070721,        8.12,
 139.919279,   35.070721,        8.22,
 139.923784,   35.070721,        8.29,
 139.928288,   35.070721,        8.35,
 139.932793,   35.070721,        8.39,
 139.937297,   35.070721,        8.40,
 139.941802,   35.070721,        8.39,
 139.946306,   35.070721,        8.37,
 139.950811,   35.070721,        8.32,
 139.955315,   35.070721,        8.26,
 139.959820,   35.070721,        8.18,
 139.964324,   35.070721,        8.09,
 139.968829,   35.070721,        7.98,
 139.973333,   35.070721,        7.86,
 139.977838,   35.070721,        7.72,
 139.982342,   35.070721,        7.57,
 139.986847,   35.070721,        7.40,
 139.991351,   35.070721,        7.22,
 139.995856,   35.070721,        7.03,
 140.000360,   35.070721,        6.83,
 140.004865,   35.070721,        6.62,
 140.009369,   35.070721,        6.39,
 140.013874,   35.070721,        6.16,
 140.018378,   35.070721,        5.91,
 140.022883,   35.070721,        5.65,
 140.027387,   35.070721,        5.38,
 140.031892,   35.070721,        5.09,
 140.036396,   35.070721,        4.79,
 140.040901,   35.070721,        4.47,
 140.045405,   35.070721,        4.11,
 140.049910,   35.070721,        3.72,
 140.054414,   35.070721,        3.31,
 140.058919,   35.070721,        2.92,
 140.063423,   35.070721,        2.57,
 140.067928,   35.070721,        2.33,
 140.072432,   35.070721,        2.26,
 140.076937,   35.070721,        2.19,
 140.081441,   35.070721,        2.13,
 140.085946,   35.070721,        2.07,
 140.090450,   35.070721,        2.01,
 140.094955,   35.070721,        1.97,
 140.099459,   35.070721,        1.92,
 140.103964,   35.070721,        1.86,
 140.108468,   35.070721,        1.80,
 140.112973,   35.070721,        1.74,
 140.117477,   35.070721,        1.69,
 140.121982,   35.070721,        1.65,
 140.126486,   35.070721,        1.61,
 140.130991,   35.070721,        1.57,
 140.135495,   35.070721,        1.54,
 140.140000,   35.070721,        1.51,
 140.144505,   35.070721,        1.49,
 140.149009,   35.070721,        1.47,
 140.153514,   35.070721,        1.45,
 140.158018,   35.070721,        1.43,
 140.162523,   35.070721,        1.42,
 140.167027,   35.070721,        1.40,
 140.171532,   35.070721,        1.39,
 140.176036,   35.070721,        1.37,
 140.180541,   35.070721,        1.35,
 140.185045,   35.070721,        1.33,
 140.189550,   35.070721,        1.32,
 140.194054,   35.070721,        1.30,
 140.198559,   35.070721,        1.28,
 140.203063,   35.070721,        1.26,
 140.207568,   35.070721,        1.24,
 140.212072,   35.070721,        1.22,
 140.216577,   35.070721,        1.20,
 140.221081,   35.070721,        1.19,
 140.225586,   35.070721,        1.18,
 140.230090,   35.070721,        1.16,
 140.234595,   35.070721,        1.16,
 140.239099,   35.070721,        1.16,
 140.243604,   35.070721,        1.16,
 140.248108,   35.070721,        1.16,
 140.252613,   35.070721,        1.16,
 140.257117,   35.070721,        1.16,
 140.261622,   35.070721,        1.16,
 140.266126,   35.070721,        1.17,
 140.270631,   35.070721,        1.18,
 140.275135,   35.070721,        1.17,
 140.279640,   35.070721,        1.15,
 140.284144,   35.070721,        1.14,
 140.288649,   35.070721,        1.12,
 140.293153,   35.070721,        1.11,
 140.297658,   35.070721,        1.09,
 140.302162,   35.070721,        1.06,
 140.306667,   35.070721,        1.01,
 140.311171,   35.070721,        0.93,
 140.315676,   35.070721,        0.83,
 140.320180,   35.070721,        0.74,
 140.324685,   35.070721,        0.65,
 140.329189,   35.070721,        0.57,
 140.333694,   35.070721,        0.42,
 140.338198,   35.070721,        0.24,
 140.342703,   35.070721,        0.14,
 140.347207,   35.070721,        0.08,
 140.351712,   35.070721,        0.04,
 140.356216,   35.070721,        0.00,
 140.360721,   35.070721,       -0.06,
 140.365225,   35.070721,       -0.19,
 140.369730,   35.070721,       -0.36,
 140.374234,   35.070721,       -0.58,
 140.378739,   35.070721,       -0.46,
 140.383243,   35.070721,       -0.18,
 140.387748,   35.070721,        0.18,
 139.140000,   35.075225,        0.00,
 139.144505,   35.075225,        0.00,
 139.149009,   35.075225,        0.00,
 139.153514,   35.075225,        0.00,
 139.158018,   35.075225,        0.00,
 139.162523,   35.075225,        0.00,
 139.167027,   35.075225,        0.00,
 139.171532,   35.075225,        0.00,
 139.176036,   35.075225,        0.00,
 139.180541,   35.075225,        0.00,
 139.185045,   35.075225,        0.00,
 139.189550,   35.075225,        0.00,
 139.194054,   35.075225,        0.06,
 139.198559,   35.075225,        0.24,
 139.203063,   35.075225,        0.46,
 139.207568,   35.075225,        0.73,
 139.212072,   35.075225,        1.02,
 139.216577,   35.075225,        1.35,
 139.221081,   35.075225,        1.69,
 139.225586,   35.075225,        1.94,
 139.230090,   35.075225,        2.19,
 139.234595,   35.075225,        2.44,
 139.239099,   35.075225,        2.70,
 139.243604,   35.075225,        2.96,
 139.248108,   35.075225,        3.17,
 139.252613,   35.075225,        3.33,
 139.257117,   35.075225,        3.48,
 139.261622,   35.075225,        3.62,
 139.266126,   35.075225,        3.77,
 139.270631,   35.075225,        3.92,
 139.275135,   35.075225,        4.07,
 139.279640,   35.075225,        4.22,
 139.284144,   35.075225,        4.38,
 139.288649,   35.075225,        4.51,
 139.293153,   35.075225,        4.60,
 139.297658,   35.075225,        4.64,
 139.302162,   35.075225,        4.64,
 139.306667,   35.075225,        4.62,
 139.311171,   35.075225,        4.60,
 139.315676,   35.075225,        4.59,
 139.320180,   35.075225,        4.57,
 139.324685,   35.075225,        4.55,
 139.329189,   35.075225,        4.53,
 139.333694,   35.075225,        4.51,
 139.338198,   35.075225,        4.49,
 139.342703,   35.075225,        4.46,
 139.347207,   35.075225,        4.42,
 139.351712,   35.075225,        4.38,
 139.356216,   35.075225,        4.33,
 139.360721,   35.075225,        4.29,
 139.365225,   35.075225,        4.24,
 139.369730,   35.075225,        4.19,
 139.374234,   35.075225,        4.13,
 139.378739,   35.075225,        4.07,
 139.383243,   35.075225,        4.03,
 139.387748,   35.075225,        3.98,
 139.392252,   35.075225,        3.93,
 139.396757,   35.075225,        3.88,
 139.401261,   35.075225,        3.83,
 139.405766,   35.075225,        3.78,
 139.410270,   35.075225,        3.73,
 139.414775,   35.075225,        3.70,
 139.419279,   35.075225,        3.70,
 139.423784,   35.075225,        3.72,
 139.428288,   35.075225,        3.74,
 139.432793,   35.075225,        3.76,
 139.437297,   35.075225,        3.77,
 139.441802,   35.075225,        3.79,
 139.446306,   35.075225,        3.83,
 139.450811,   35.075225,        3.89,
 139.455315,   35.075225,        3.98,
 139.459820,   35.075225,        4.06,
 139.464324,   35.075225,        4.15,
 139.468829,   35.075225,        4.25,
 139.473333,   35.075225,        4.36,
 139.477838,   35.075225,        4.44,
 139.482342,   35.075225,        4.52,
 139.486847,   35.075225,        4.60,
 139.491351,   35.075225,        4.69,
 139.495856,   35.075225,        4.79,
 139.500360,   35.075225,        4.89,
 139.504865,   35.075225,        5.01,
 139.509369,   35.075225,        5.15,
 139.513874,   35.075225,        5.32,
 139.518378,   35.075225,        5.48,
 139.522883,   35.075225,        5.63,
 139.527387,   35.075225,        5.79,
 139.531892,   35.075225,        5.94,
 139.536396,   35.075225,        6.10,
 139.540901,   35.075225,        6.26,
 139.545405,   35.075225,        6.45,
 139.549910,   35.075225,        6.66,
 139.554414,   35.075225,        6.86,
 139.558919,   35.075225,        7.07,
 139.563423,   35.075225,        7.33,
 139.567928,   35.075225,        7.63,
 139.572432,   35.075225,        7.94,
 139.576937,   35.075225,        8.25,
 139.581441,   35.075225,        8.55,
 139.585946,   35.075225,        8.82,
 139.590450,   35.075225,        9.11,
 139.594955,   35.075225,        9.41,
 139.599459,   35.075225,        9.64,
 139.603964,   35.075225,        9.89,
 139.608468,   35.075225,       10.17,
 139.612973,   35.075225,       10.51,
 139.617477,   35.075225,       10.83,
 139.621982,   35.075225,       11.17,
 139.626486,   35.075225,       11.52,
 139.630991,   35.075225,       11.93,
 139.635495,   35.075225,       12.39,
 139.640000,   35.075225,       12.72,
 139.644505,   35.075225,       13.03,
 139.649009,   35.075225,       13.34,
 139.653514,   35.075225,       13.63,
 139.658018,   35.075225,       13.88,
 139.662523,   35.075225,       14.12,
 139.667027,   35.075225,       14.37,
 139.671532,   35.075225,       14.51,
 139.676036,   35.075225,       14.52,
 139.680541,   35.075225,       14.57,
 139.685045,   35.075225,       14.66,
 139.689550,   35.075225,       14.74,
 139.694054,   35.075225,       14.75,
 139.698559,   35.075225,       14.75,
 139.703063,   35.075225,       14.77,
 139.707568,   35.075225,       14.79,
 139.712072,   35.075225,       14.78,
 139.716577,   35.075225,       14.76,
 139.721081,   35.075225,       14.75,
 139.725586,   35.075225,       14.73,
 139.730090,   35.075225,       14.71,
 139.734595,   35.075225,       14.70,
 139.739099,   35.075225,       14.65,
 139.743604,   35.075225,       14.59,
 139.748108,   35.075225,       14.52,
 139.752613,   35.075225,       14.31,
 139.757117,   35.075225,       14.11,
 139.761622,   35.075225,       13.86,
 139.766126,   35.075225,       13.41,
 139.770631,   35.075225,       12.91,
 139.775135,   35.075225,       12.37,
 139.779640,   35.075225,       11.55,
 139.784144,   35.075225,       10.61,
 139.788649,   35.075225,        9.69,
 139.793153,   35.075225,        8.76,
 139.797658,   35.075225,        7.82,
 139.802162,   35.075225,        6.91,
 139.806667,   35.075225,        6.12,
 139.811171,   35.075225,        5.63,
 139.815676,   35.075225,        5.20,
 139.820180,   35.075225,        4.85,
 139.824685,   35.075225,        5.16,
 139.829189,   35.075225,        6.28,
 139.833694,   35.075225,        7.45,
 139.838198,   35.075225,        8.32,
 139.842703,   35.075225,        8.29,
 139.847207,   35.075225,        8.20,
 139.851712,   35.075225,        8.07,
 139.856216,   35.075225,        7.79,
 139.860721,   35.075225,        7.51,
 139.865225,   35.075225,        7.37,
 139.869730,   35.075225,        7.36,
 139.874234,   35.075225,        7.44,
 139.878739,   35.075225,        7.57,
 139.883243,   35.075225,        7.73,
 139.887748,   35.075225,        7.89,
 139.892252,   35.075225,        8.06,
 139.896757,   35.075225,        8.23,
 139.901261,   35.075225,        8.39,
 139.905766,   35.075225,        8.54,
 139.910270,   35.075225,        8.68,
 139.914775,   35.075225,        8.80,
 139.919279,   35.075225,        8.91,
 139.923784,   35.075225,        8.99,
 139.928288,   35.075225,        9.05,
 139.932793,   35.075225,        9.09,
 139.937297,   35.075225,        9.10,
 139.941802,   35.075225,        9.09,
 139.946306,   35.075225,        9.06,
 139.950811,   35.075225,        9.01,
 139.955315,   35.075225,        8.95,
 139.959820,   35.075225,        8.87,
 139.964324,   35.075225,        8.77,
 139.968829,   35.075225,        8.66,
 139.973333,   35.075225,        8.53,
 139.977838,   35.075225,        8.39,
 139.982342,   35.075225,        8.23,
 139.986847,   35.075225,        8.06,
 139.991351,   35.075225,        7.88,
 139.995856,   35.075225,        7.68,
 140.000360,   35.075225,        7.48,
 140.004865,   35.075225,        7.26,
 140.009369,   35.075225,        7.03,
 140.013874,   35.075225,        6.79,
 140.018378,   35.075225,        6.53,
 140.022883,   35.075225,        6.27,
 140.027387,   35.075225,        5.99,
 140.031892,   35.075225,        5.69,
 140.036396,   35.075225,        5.39,
 140.040901,   35.075225,        5.07,
 140.045405,   35.075225,        4.72,
 140.049910,   35.075225,        4.34,
 140.054414,   35.075225,        3.92,
 140.058919,   35.075225,        3.49,
 140.063423,   35.075225,        3.08,
 140.067928,   35.075225,        2.70,
 140.072432,   35.075225,        2.39,
 140.076937,   35.075225,        2.24,
 140.081441,   35.075225,        2.17,
 140.085946,   35.075225,        2.09,
 140.090450,   35.075225,        2.02,
 140.094955,   35.075225,        1.99,
 140.099459,   35.075225,        1.96,
 140.103964,   35.075225,        1.91,
 140.108468,   35.075225,        1.85,
 140.112973,   35.075225,        1.78,
 140.117477,   35.075225,        1.73,
 140.121982,   35.075225,        1.68,
 140.126486,   35.075225,        1.64,
 140.130991,   35.075225,        1.61,
 140.135495,   35.075225,        1.58,
 140.140000,   35.075225,        1.55,
 140.144505,   35.075225,        1.53,
 140.149009,   35.075225,        1.50,
 140.153514,   35.075225,        1.49,
 140.158018,   35.075225,        1.47,
 140.162523,   35.075225,        1.45,
 140.167027,   35.075225,        1.44,
 140.171532,   35.075225,        1.42,
 140.176036,   35.075225,        1.40,
 140.180541,   35.075225,        1.38,
 140.185045,   35.075225,        1.36,
 140.189550,   35.075225,        1.34,
 140.194054,   35.075225,        1.31,
 140.198559,   35.075225,        1.29,
 140.203063,   35.075225,        1.27,
 140.207568,   35.075225,        1.25,
 140.212072,   35.075225,        1.23,
 140.216577,   35.075225,        1.21,
 140.221081,   35.075225,        1.20,
 140.225586,   35.075225,        1.18,
 140.230090,   35.075225,        1.17,
 140.234595,   35.075225,        1.16,
 140.239099,   35.075225,        1.16,
 140.243604,   35.075225,        1.16,
 140.248108,   35.075225,        1.17,
 140.252613,   35.075225,        1.18,
 140.257117,   35.075225,        1.18,
 140.261622,   35.075225,        1.19,
 140.266126,   35.075225,        1.20,
 140.270631,   35.075225,        1.21,
 140.275135,   35.075225,        1.20,
 140.279640,   35.075225,        1.19,
 140.284144,   35.075225,        1.17,
 140.288649,   35.075225,        1.14,
 140.293153,   35.075225,        1.12,
 140.297658,   35.075225,        1.10,
 140.302162,   35.075225,        1.06,
 140.306667,   35.075225,        1.00,
 140.311171,   35.075225,        0.94,
 140.315676,   35.075225,        0.87,
 140.320180,   35.075225,        0.78,
 140.324685,   35.075225,        0.69,
 140.329189,   35.075225,        0.57,
 140.333694,   35.075225,        0.39,
 140.338198,   35.075225,        0.20,
 140.342703,   35.075225,        0.05,
 140.347207,   35.075225,        0.04,
 140.351712,   35.075225,        0.04,
 140.356216,   35.075225,        0.02,
 140.360721,   35.075225,       -0.06,
 140.365225,   35.075225,       -0.17,
 140.369730,   35.075225,       -0.07,
 140.374234,   35.075225,        0.13,
 140.378739,   35.075225,        0.41,
 140.383243,   35.075225,        0.77,
 140.387748,   35.075225,        1.23,
 139.140000,   35.079730,        0.00,
 139.144505,   35.079730,        0.00,
 139.149009,   35.079730,        0.00,
 139.153514,   35.079730,        0.00,
 139.158018,   35.079730,        0.00,
 139.162523,   35.079730,        0.00,
 139.167027,   35.079730,        0.00,
 139.171532,   35.079730,        0.00,
 139.176036,   35.079730,        0.00,
 139.180541,   35.079730,        0.00,
 139.185045,   35.079730,        0.00,
 139.189550,   35.079730,        0.00,
 139.194054,   35.079730,        0.05,
 139.198559,   35.079730,        0.22,
 139.203063,   35.079730,        0.44,
 139.207568,   35.079730,        0.69,
 139.212072,   35.079730,        0.97,
 139.216577,   35.079730,        1.31,
 139.221081,   35.079730,        1.69,
 139.225586,   35.079730,        2.05,
 139.230090,   35.079730,        2.36,
 139.234595,   35.079730,        2.65,
 139.239099,   35.079730,        2.91,
 139.243604,   35.079730,        3.15,
 139.248108,   35.079730,        3.34,
 139.252613,   35.079730,        3.50,
 139.257117,   35.079730,        3.63,
 139.261622,   35.079730,        3.76,
 139.266126,   35.079730,        3.89,
 139.270631,   35.079730,        4.03,
 139.275135,   35.079730,        4.17,
 139.279640,   35.079730,        4.32,
 139.284144,   35.079730,        4.47,
 139.288649,   35.079730,        4.60,
 139.293153,   35.079730,        4.69,
 139.297658,   35.079730,        4.71,
 139.302162,   35.079730,        4.70,
 139.306667,   35.079730,        4.69,
 139.311171,   35.079730,        4.68,
 139.315676,   35.079730,        4.66,
 139.320180,   35.079730,        4.65,
 139.324685,   35.079730,        4.63,
 139.329189,   35.079730,        4.62,
 139.333694,   35.079730,        4.60,
 139.338198,   35.079730,        4.58,
 139.342703,   35.079730,        4.55,
 139.347207,   35.079730,        4.51,
 139.351712,   35.079730,        4.47,
 139.356216,   35.079730,        4.42,
 139.360721,   35.079730,        4.37,
 139.365225,   35.079730,        4.31,
 139.369730,   35.079730,        4.25,
 139.374234,   35.079730,        4.19,
 139.378739,   35.079730,        4.11,
 139.383243,   35.079730,        4.04,
 139.387748,   35.079730,        3.99,
 139.392252,   35.079730,        3.94,
 139.396757,   35.079730,        3.89,
 139.401261,   35.079730,        3.84,
 139.405766,   35.079730,        3.78,
 139.410270,   35.079730,        3.72,
 139.414775,   35.079730,        3.67,
 139.419279,   35.079730,        3.68,
 139.423784,   35.079730,        3.69,
 139.428288,   35.079730,        3.71,
 139.432793,   35.079730,        3.73,
 139.437297,   35.079730,        3.75,
 139.441802,   35.079730,        3.77,
 139.446306,   35.079730,        3.80,
 139.450811,   35.079730,        3.85,
 139.455315,   35.079730,        3.94,
 139.459820,   35.079730,        4.03,
 139.464324,   35.079730,        4.14,
 139.468829,   35.079730,        4.24,
 139.473333,   35.079730,        4.36,
 139.477838,   35.079730,        4.47,
 139.482342,   35.079730,        4.56,
 139.486847,   35.079730,        4.64,
 139.491351,   35.079730,        4.74,
 139.495856,   35.079730,        4.84,
 139.500360,   35.079730,        4.96,
 139.504865,   35.079730,        5.10,
 139.509369,   35.079730,        5.25,
 139.513874,   35.079730,        5.43,
 139.518378,   35.079730,        5.60,
 139.522883,   35.079730,        5.76,
 139.527387,   35.079730,        5.91,
 139.531892,   35.079730,        6.07,
 139.536396,   35.079730,        6.23,
 139.540901,   35.079730,        6.40,
 139.545405,   35.079730,        6.60,
 139.549910,   35.079730,        6.81,
 139.554414,   35.079730,        7.02,
 139.558919,   35.079730,        7.24,
 139.563423,   35.079730,        7.49,
 139.567928,   35.079730,        7.79,
 139.572432,   35.079730,        8.09,
 139.576937,   35.079730,        8.39,
 139.581441,   35.079730,        8.62,
 139.585946,   35.079730,        8.86,
 139.590450,   35.079730,        9.09,
 139.594955,   35.079730,        9.32,
 139.599459,   35.079730,        9.52,
 139.603964,   35.079730,        9.73,
 139.608468,   35.079730,        9.99,
 139.612973,   35.079730,       10.29,
 139.617477,   35.079730,       10.59,
 139.621982,   35.079730,       10.93,
 139.626486,   35.079730,       11.32,
 139.630991,   35.079730,       11.71,
 139.635495,   35.079730,       12.09,
 139.640000,   35.079730,       12.46,
 139.644505,   35.079730,       12.82,
 139.649009,   35.079730,       13.20,
 139.653514,   35.079730,       13.53,
 139.658018,   35.079730,       13.72,
 139.662523,   35.079730,       13.92,
 139.667027,   35.079730,       14.14,
 139.671532,   35.079730,       14.27,
 139.676036,   35.079730,       14.33,
 139.680541,   35.079730,       14.37,
 139.685045,   35.079730,       14.41,
 139.689550,   35.079730,       14.41,
 139.694054,   35.079730,       14.41,
 139.698559,   35.079730,       14.42,
 139.703063,   35.079730,       14.45,
 139.707568,   35.079730,       14.49,
 139.712072,   35.079730,       14.47,
 139.716577,   35.079730,       14.43,
 139.721081,   35.079730,       14.40,
 139.725586,   35.079730,       14.40,
 139.730090,   35.079730,       14.40,
 139.734595,   35.079730,       14.40,
 139.739099,   35.079730,       14.37,
 139.743604,   35.079730,       14.33,
 139.748108,   35.079730,       14.29,
 139.752613,   35.079730,       14.13,
 139.757117,   35.079730,       13.94,
 139.761622,   35.079730,       13.75,
 139.766126,   35.079730,       13.34,
 139.770631,   35.079730,       12.83,
 139.775135,   35.079730,       12.31,
 139.779640,   35.079730,       11.63,
 139.784144,   35.079730,       10.73,
 139.788649,   35.079730,        9.83,
 139.793153,   35.079730,        8.94,
 139.797658,   35.079730,        8.03,
 139.802162,   35.079730,        7.16,
 139.806667,   35.079730,        6.41,
 139.811171,   35.079730,        5.77,
 139.815676,   35.079730,        5.37,
 139.820180,   35.079730,        5.19,
 139.824685,   35.079730,        5.21,
 139.829189,   35.079730,        6.40,
 139.833694,   35.079730,        7.72,
 139.838198,   35.079730,        8.87,
 139.842703,   35.079730,        8.63,
 139.847207,   35.079730,        8.49,
 139.851712,   35.079730,        8.19,
 139.856216,   35.079730,        7.85,
 139.860721,   35.079730,        7.63,
 139.865225,   35.079730,        7.61,
 139.869730,   35.079730,        7.69,
 139.874234,   35.079730,        7.85,
 139.878739,   35.079730,        8.04,
 139.883243,   35.079730,        8.25,
 139.887748,   35.079730,        8.46,
 139.892252,   35.079730,        8.66,
 139.896757,   35.079730,        8.86,
 139.901261,   35.079730,        9.05,
 139.905766,   35.079730,        9.22,
 139.910270,   35.079730,        9.39,
 139.914775,   35.079730,        9.52,
 139.919279,   35.079730,        9.63,
 139.923784,   35.079730,        9.72,
 139.928288,   35.079730,        9.77,
 139.932793,   35.079730,        9.81,
 139.937297,   35.079730,        9.82,
 139.941802,   35.079730,        9.81,
 139.946306,   35.079730,        9.78,
 139.950811,   35.079730,        9.73,
 139.955315,   35.079730,        9.66,
 139.959820,   35.079730,        9.58,
 139.964324,   35.079730,        9.48,
 139.968829,   35.079730,        9.36,
 139.973333,   35.079730,        9.23,
 139.977838,   35.079730,        9.08,
 139.982342,   35.079730,        8.92,
 139.986847,   35.079730,        8.74,
 139.991351,   35.079730,        8.56,
 139.995856,   35.079730,        8.35,
 140.000360,   35.079730,        8.14,
 140.004865,   35.079730,        7.92,
 140.009369,   35.079730,        7.68,
 140.013874,   35.079730,        7.44,
 140.018378,   35.079730,        7.18,
 140.022883,   35.079730,        6.90,
 140.027387,   35.079730,        6.62,
 140.031892,   35.079730,        6.31,
 140.036396,   35.079730,        6.00,
 140.040901,   35.079730,        5.67,
 140.045405,   35.079730,        5.32,
 140.049910,   35.079730,        4.95,
 140.054414,   35.079730,        4.54,
 140.058919,   35.079730,        4.09,
 140.063423,   35.079730,        3.65,
 140.067928,   35.079730,        3.21,
 140.072432,   35.079730,        2.81,
 140.076937,   35.079730,        2.45,
 140.081441,   35.079730,        2.22,
 140.085946,   35.079730,        2.15,
 140.090450,   35.079730,        2.07,
 140.094955,   35.079730,        2.06,
 140.099459,   35.079730,        2.04,
 140.103964,   35.079730,        1.97,
 140.108468,   35.079730,        1.88,
 140.112973,   35.079730,        1.82,
 140.117477,   35.079730,        1.77,
 140.121982,   35.079730,        1.72,
 140.126486,   35.079730,        1.68,
 140.130991,   35.079730,        1.64,
 140.135495,   35.079730,        1.61,
 140.140000,   35.079730,        1.59,
 140.144505,   35.079730,        1.56,
 140.149009,   35.079730,        1.54,
 140.153514,   35.079730,        1.52,
 140.158018,   35.079730,        1.50,
 140.162523,   35.079730,        1.49,
 140.167027,   35.079730,        1.47,
 140.171532,   35.079730,        1.45,
 140.176036,   35.079730,        1.43,
 140.180541,   35.079730,        1.40,
 140.185045,   35.079730,        1.38,
 140.189550,   35.079730,        1.36,
 140.194054,   35.079730,        1.33,
 140.198559,   35.079730,        1.31,
 140.203063,   35.079730,        1.29,
 140.207568,   35.079730,        1.27,
 140.212072,   35.079730,        1.24,
 140.216577,   35.079730,        1.22,
 140.221081,   35.079730,        1.20,
 140.225586,   35.079730,        1.19,
 140.230090,   35.079730,        1.17,
 140.234595,   35.079730,        1.17,
 140.239099,   35.079730,        1.17,
 140.243604,   35.079730,        1.17,
 140.248108,   35.079730,        1.17,
 140.252613,   35.079730,        1.18,
 140.257117,   35.079730,        1.19,
 140.261622,   35.079730,        1.20,
 140.266126,   35.079730,        1.21,
 140.270631,   35.079730,        1.22,
 140.275135,   35.079730,        1.22,
 140.279640,   35.079730,        1.21,
 140.284144,   35.079730,        1.20,
 140.288649,   35.079730,        1.17,
 140.293153,   35.079730,        1.14,
 140.297658,   35.079730,        1.10,
 140.302162,   35.079730,        1.05,
 140.306667,   35.079730,        0.99,
 140.311171,   35.079730,        0.93,
 140.315676,   35.079730,        0.86,
 140.320180,   35.079730,        0.79,
 140.324685,   35.079730,        0.70,
 140.329189,   35.079730,        0.58,
 140.333694,   35.079730,        0.41,
 140.338198,   35.079730,        0.22,
 140.342703,   35.079730,        0.08,
 140.347207,   35.079730,        0.12,
 140.351712,   35.079730,        0.15,
 140.356216,   35.079730,        0.16,
 140.360721,   35.079730,        0.24,
 140.365225,   35.079730,        0.34,
 140.369730,   35.079730,        0.54,
 140.374234,   35.079730,        0.82,
 140.378739,   35.079730,        1.19,
 140.383243,   35.079730,        1.64,
 140.387748,   35.079730,        2.19,
 139.140000,   35.084234,       -0.00,
 139.144505,   35.084234,        0.00,
 139.149009,   35.084234,        0.00,
 139.153514,   35.084234,        0.00,
 139.158018,   35.084234,        0.00,
 139.162523,   35.084234,        0.00,
 139.167027,   35.084234,        0.00,
 139.171532,   35.084234,        0.00,
 139.176036,   35.084234,        0.00,
 139.180541,   35.084234,        0.00,
 139.185045,   35.084234,        0.00,
 139.189550,   35.084234,        0.00,
 139.194054,   35.084234,        0.03,
 139.198559,   35.084234,        0.15,
 139.203063,   35.084234,        0.35,
 139.207568,   35.084234,        0.60,
 139.212072,   35.084234,        0.90,
 139.216577,   35.084234,        1.27,
 139.221081,   35.084234,        1.68,
 139.225586,   35.084234,        2.10,
 139.230090,   35.084234,        2.47,
 139.234595,   35.084234,        2.81,
 139.239099,   35.084234,        3.11,
 139.243604,   35.084234,        3.34,
 139.248108,   35.084234,        3.52,
 139.252613,   35.084234,        3.65,
 139.257117,   35.084234,        3.77,
 139.261622,   35.084234,        3.89,
 139.266126,   35.084234,        4.01,
 139.270631,   35.084234,        4.15,
 139.275135,   35.084234,        4.28,
 139.279640,   35.084234,        4.42,
 139.284144,   35.084234,        4.56,
 139.288649,   35.084234,        4.70,
 139.293153,   35.084234,        4.78,
 139.297658,   35.084234,        4.78,
 139.302162,   35.084234,        4.77,
 139.306667,   35.084234,        4.76,
 139.311171,   35.084234,        4.75,
 139.315676,   35.084234,        4.74,
 139.320180,   35.084234,        4.73,
 139.324685,   35.084234,        4.72,
 139.329189,   35.084234,        4.71,
 139.333694,   35.084234,        4.70,
 139.338198,   35.084234,        4.68,
 139.342703,   35.084234,        4.65,
 139.347207,   35.084234,        4.61,
 139.351712,   35.084234,        4.56,
 139.356216,   35.084234,        4.50,
 139.360721,   35.084234,        4.44,
 139.365225,   35.084234,        4.38,
 139.369730,   35.084234,        4.31,
 139.374234,   35.084234,        4.23,
 139.378739,   35.084234,        4.15,
 139.383243,   35.084234,        4.07,
 139.387748,   35.084234,        4.01,
 139.392252,   35.084234,        3.96,
 139.396757,   35.084234,        3.90,
 139.401261,   35.084234,        3.85,
 139.405766,   35.084234,        3.79,
 139.410270,   35.084234,        3.73,
 139.414775,   35.084234,        3.66,
 139.419279,   35.084234,        3.65,
 139.423784,   35.084234,        3.66,
 139.428288,   35.084234,        3.68,
 139.432793,   35.084234,        3.69,
 139.437297,   35.084234,        3.71,
 139.441802,   35.084234,        3.73,
 139.446306,   35.084234,        3.76,
 139.450811,   35.084234,        3.81,
 139.455315,   35.084234,        3.89,
 139.459820,   35.084234,        4.00,
 139.464324,   35.084234,        4.11,
 139.468829,   35.084234,        4.23,
 139.473333,   35.084234,        4.36,
 139.477838,   35.084234,        4.48,
 139.482342,   35.084234,        4.58,
 139.486847,   35.084234,        4.68,
 139.491351,   35.084234,        4.78,
 139.495856,   35.084234,        4.90,
 139.500360,   35.084234,        5.03,
 139.504865,   35.084234,        5.18,
 139.509369,   35.084234,        5.35,
 139.513874,   35.084234,        5.53,
 139.518378,   35.084234,        5.71,
 139.522883,   35.084234,        5.88,
 139.527387,   35.084234,        6.04,
 139.531892,   35.084234,        6.20,
 139.536396,   35.084234,        6.36,
 139.540901,   35.084234,        6.53,
 139.545405,   35.084234,        6.74,
 139.549910,   35.084234,        6.95,
 139.554414,   35.084234,        7.17,
 139.558919,   35.084234,        7.40,
 139.563423,   35.084234,        7.65,
 139.567928,   35.084234,        7.91,
 139.572432,   35.084234,        8.17,
 139.576937,   35.084234,        8.42,
 139.581441,   35.084234,        8.62,
 139.585946,   35.084234,        8.81,
 139.590450,   35.084234,        9.01,
 139.594955,   35.084234,        9.22,
 139.599459,   35.084234,        9.38,
 139.603964,   35.084234,        9.55,
 139.608468,   35.084234,        9.77,
 139.612973,   35.084234,        9.99,
 139.617477,   35.084234,       10.27,
 139.621982,   35.084234,       10.63,
 139.626486,   35.084234,       11.01,
 139.630991,   35.084234,       11.35,
 139.635495,   35.084234,       11.70,
 139.640000,   35.084234,       12.08,
 139.644505,   35.084234,       12.49,
 139.649009,   35.084234,       12.89,
 139.653514,   35.084234,       13.24,
 139.658018,   35.084234,       13.43,
 139.662523,   35.084234,       13.61,
 139.667027,   35.084234,       13.76,
 139.671532,   35.084234,       13.89,
 139.676036,   35.084234,       14.00,
 139.680541,   35.084234,       14.07,
 139.685045,   35.084234,       14.09,
 139.689550,   35.084234,       14.07,
 139.694054,   35.084234,       14.06,
 139.698559,   35.084234,       14.06,
 139.703063,   35.084234,       14.06,
 139.707568,   35.084234,       14.03,
 139.712072,   35.084234,       13.98,
 139.716577,   35.084234,       13.99,
 139.721081,   35.084234,       14.00,
 139.725586,   35.084234,       13.99,
 139.730090,   35.084234,       14.01,
 139.734595,   35.084234,       14.06,
 139.739099,   35.084234,       14.06,
 139.743604,   35.084234,       14.05,
 139.748108,   35.084234,       14.04,
 139.752613,   35.084234,       13.92,
 139.757117,   35.084234,       13.75,
 139.761622,   35.084234,       13.58,
 139.766126,   35.084234,       13.25,
 139.770631,   35.084234,       12.74,
 139.775135,   35.084234,       12.23,
 139.779640,   35.084234,       11.70,
 139.784144,   35.084234,       10.87,
 139.788649,   35.084234,       10.00,
 139.793153,   35.084234,        9.11,
 139.797658,   35.084234,        8.21,
 139.802162,   35.084234,        7.38,
 139.806667,   35.084234,        6.63,
 139.811171,   35.084234,        5.94,
 139.815676,   35.084234,        5.53,
 139.820180,   35.084234,        5.40,
 139.824685,   35.084234,        5.43,
 139.829189,   35.084234,        6.27,
 139.833694,   35.084234,        7.66,
 139.838198,   35.084234,        9.04,
 139.842703,   35.084234,        8.93,
 139.847207,   35.084234,        8.66,
 139.851712,   35.084234,        8.24,
 139.856216,   35.084234,        7.91,
 139.860721,   35.084234,        7.83,
 139.865225,   35.084234,        7.92,
 139.869730,   35.084234,        8.09,
 139.874234,   35.084234,        8.32,
 139.878739,   35.084234,        8.57,
 139.883243,   35.084234,        8.82,
 139.887748,   35.084234,        9.08,
 139.892252,   35.084234,        9.32,
 139.896757,   35.084234,        9.55,
 139.901261,   35.084234,        9.76,
 139.905766,   35.084234,        9.96,
 139.910270,   35.084234,       10.13,
 139.914775,   35.084234,       10.27,
 139.919279,   35.084234,       10.38,
 139.923784,   35.084234,       10.46,
 139.928288,   35.084234,       10.52,
 139.932793,   35.084234,       10.55,
 139.937297,   35.084234,       10.56,
 139.941802,   35.084234,       10.55,
 139.946306,   35.084234,       10.52,
 139.950811,   35.084234,       10.47,
 139.955315,   35.084234,       10.40,
 139.959820,   35.084234,       10.31,
 139.964324,   35.084234,       10.20,
 139.968829,   35.084234,       10.08,
 139.973333,   35.084234,        9.95,
 139.977838,   35.084234,        9.79,
 139.982342,   35.084234,        9.63,
 139.986847,   35.084234,        9.45,
 139.991351,   35.084234,        9.25,
 139.995856,   35.084234,        9.04,
 140.000360,   35.084234,        8.83,
 140.004865,   35.084234,        8.60,
 140.009369,   35.084234,        8.36,
 140.013874,   35.084234,        8.10,
 140.018378,   35.084234,        7.83,
 140.022883,   35.084234,        7.55,
 140.027387,   35.084234,        7.26,
 140.031892,   35.084234,        6.95,
 140.036396,   35.084234,        6.62,
 140.040901,   35.084234,        6.29,
 140.045405,   35.084234,        5.93,
 140.049910,   35.084234,        5.55,
 140.054414,   35.084234,        5.15,
 140.058919,   35.084234,        4.71,
 140.063423,   35.084234,        4.24,
 140.067928,   35.084234,        3.78,
 140.072432,   35.084234,        3.32,
 140.076937,   35.084234,        2.89,
 140.081441,   35.084234,        2.50,
 140.085946,   35.084234,        2.22,
 140.090450,   35.084234,        2.14,
 140.094955,   35.084234,        2.07,
 140.099459,   35.084234,        2.16,
 140.103964,   35.084234,        2.03,
 140.108468,   35.084234,        1.91,
 140.112973,   35.084234,        1.85,
 140.117477,   35.084234,        1.80,
 140.121982,   35.084234,        1.76,
 140.126486,   35.084234,        1.72,
 140.130991,   35.084234,        1.68,
 140.135495,   35.084234,        1.65,
 140.140000,   35.084234,        1.63,
 140.144505,   35.084234,        1.60,
 140.149009,   35.084234,        1.58,
 140.153514,   35.084234,        1.56,
 140.158018,   35.084234,        1.54,
 140.162523,   35.084234,        1.52,
 140.167027,   35.084234,        1.50,
 140.171532,   35.084234,        1.48,
 140.176036,   35.084234,        1.46,
 140.180541,   35.084234,        1.43,
 140.185045,   35.084234,        1.40,
 140.189550,   35.084234,        1.38,
 140.194054,   35.084234,        1.35,
 140.198559,   35.084234,        1.33,
 140.203063,   35.084234,        1.30,
 140.207568,   35.084234,        1.28,
 140.212072,   35.084234,        1.25,
 140.216577,   35.084234,        1.23,
 140.221081,   35.084234,        1.21,
 140.225586,   35.084234,        1.19,
 140.230090,   35.084234,        1.17,
 140.234595,   35.084234,        1.16,
 140.239099,   35.084234,        1.17,
 140.243604,   35.084234,        1.17,
 140.248108,   35.084234,        1.17,
 140.252613,   35.084234,        1.18,
 140.257117,   35.084234,        1.19,
 140.261622,   35.084234,        1.20,
 140.266126,   35.084234,        1.21,
 140.270631,   35.084234,        1.22,
 140.275135,   35.084234,        1.22,
 140.279640,   35.084234,        1.21,
 140.284144,   35.084234,        1.20,
 140.288649,   35.084234,        1.17,
 140.293153,   35.084234,        1.14,
 140.297658,   35.084234,        1.10,
 140.302162,   35.084234,        1.05,
 140.306667,   35.084234,        0.99,
 140.311171,   35.084234,        0.93,
 140.315676,   35.084234,        0.86,
 140.320180,   35.084234,        0.79,
 140.324685,   35.084234,        0.72,
 140.329189,   35.084234,        0.61,
 140.333694,   35.084234,        0.48,
 140.338198,   35.084234,        0.33,
 140.342703,   35.084234,        0.29,
 140.347207,   35.084234,        0.32,
 140.351712,   35.084234,        0.35,
 140.356216,   35.084234,        0.44,
 140.360721,   35.084234,        0.58,
 140.365225,   35.084234,        0.77,
 140.369730,   35.084234,        1.05,
 140.374234,   35.084234,        1.42,
 140.378739,   35.084234,        1.76,
 140.383243,   35.084234,        1.90,
 140.387748,   35.084234,        2.03,
 139.140000,   35.088739,       -0.01,
 139.144505,   35.088739,       -0.00,
 139.149009,   35.088739,       -0.00,
 139.153514,   35.088739,       -0.00,
 139.158018,   35.088739,        0.00,
 139.162523,   35.088739,        0.00,
 139.167027,   35.088739,        0.00,
 139.171532,   35.088739,        0.00,
 139.176036,   35.088739,        0.00,
 139.180541,   35.088739,        0.00,
 139.185045,   35.088739,        0.00,
 139.189550,   35.088739,        0.00,
 139.194054,   35.088739,        0.01,
 139.198559,   35.088739,        0.08,
 139.203063,   35.088739,        0.22,
 139.207568,   35.088739,        0.47,
 139.212072,   35.088739,        0.83,
 139.216577,   35.088739,        1.24,
 139.221081,   35.088739,        1.68,
 139.225586,   35.088739,        2.13,
 139.230090,   35.088739,        2.55,
 139.234595,   35.088739,        2.93,
 139.239099,   35.088739,        3.28,
 139.243604,   35.088739,        3.54,
 139.248108,   35.088739,        3.68,
 139.252613,   35.088739,        3.80,
 139.257117,   35.088739,        3.90,
 139.261622,   35.088739,        4.02,
 139.266126,   35.088739,        4.13,
 139.270631,   35.088739,        4.26,
 139.275135,   35.088739,        4.39,
 139.279640,   35.088739,        4.52,
 139.284144,   35.088739,        4.66,
 139.288649,   35.088739,        4.79,
 139.293153,   35.088739,        4.86,
 139.297658,   35.088739,        4.85,
 139.302162,   35.088739,        4.84,
 139.306667,   35.088739,        4.84,
 139.311171,   35.088739,        4.83,
 139.315676,   35.088739,        4.82,
 139.320180,   35.088739,        4.81,
 139.324685,   35.088739,        4.80,
 139.329189,   35.088739,        4.80,
 139.333694,   35.088739,        4.79,
 139.338198,   35.088739,        4.77,
 139.342703,   35.088739,        4.75,
 139.347207,   35.088739,        4.71,
 139.351712,   35.088739,        4.65,
 139.356216,   35.088739,        4.59,
 139.360721,   35.088739,        4.52,
 139.365225,   35.088739,        4.44,
 139.369730,   35.088739,        4.36,
 139.374234,   35.088739,        4.28,
 139.378739,   35.088739,        4.19,
 139.383243,   35.088739,        4.10,
 139.387748,   35.088739,        4.03,
 139.392252,   35.088739,        3.98,
 139.396757,   35.088739,        3.92,
 139.401261,   35.088739,        3.86,
 139.405766,   35.088739,        3.79,
 139.410270,   35.088739,        3.72,
 139.414775,   35.088739,        3.65,
 139.419279,   35.088739,        3.61,
 139.423784,   35.088739,        3.62,
 139.428288,   35.088739,        3.64,
 139.432793,   35.088739,        3.65,
 139.437297,   35.088739,        3.68,
 139.441802,   35.088739,        3.70,
 139.446306,   35.088739,        3.73,
 139.450811,   35.088739,        3.77,
 139.455315,   35.088739,        3.86,
 139.459820,   35.088739,        3.97,
 139.464324,   35.088739,        4.09,
 139.468829,   35.088739,        4.22,
 139.473333,   35.088739,        4.35,
 139.477838,   35.088739,        4.49,
 139.482342,   35.088739,        4.60,
 139.486847,   35.088739,        4.70,
 139.491351,   35.088739,        4.82,
 139.495856,   35.088739,        4.95,
 139.500360,   35.088739,        5.10,
 139.504865,   35.088739,        5.26,
 139.509369,   35.088739,        5.44,
 139.513874,   35.088739,        5.63,
 139.518378,   35.088739,        5.82,
 139.522883,   35.088739,        5.99,
 139.527387,   35.088739,        6.16,
 139.531892,   35.088739,        6.32,
 139.536396,   35.088739,        6.49,
 139.540901,   35.088739,        6.66,
 139.545405,   35.088739,        6.86,
 139.549910,   35.088739,        7.09,
 139.554414,   35.088739,        7.31,
 139.558919,   35.088739,        7.55,
 139.563423,   35.088739,        7.79,
 139.567928,   35.088739,        8.01,
 139.572432,   35.088739,        8.23,
 139.576937,   35.088739,        8.44,
 139.581441,   35.088739,        8.64,
 139.585946,   35.088739,        8.77,
 139.590450,   35.088739,        8.92,
 139.594955,   35.088739,        9.02,
 139.599459,   35.088739,        9.12,
 139.603964,   35.088739,        9.26,
 139.608468,   35.088739,        9.40,
 139.612973,   35.088739,        9.55,
 139.617477,   35.088739,        9.82,
 139.621982,   35.088739,       10.17,
 139.626486,   35.088739,       10.55,
 139.630991,   35.088739,       10.92,
 139.635495,   35.088739,       11.29,
 139.640000,   35.088739,       11.67,
 139.644505,   35.088739,       12.02,
 139.649009,   35.088739,       12.38,
 139.653514,   35.088739,       12.70,
 139.658018,   35.088739,       12.96,
 139.662523,   35.088739,       13.20,
 139.667027,   35.088739,       13.37,
 139.671532,   35.088739,       13.46,
 139.676036,   35.088739,       13.57,
 139.680541,   35.088739,       13.71,
 139.685045,   35.088739,       13.69,
 139.689550,   35.088739,       13.65,
 139.694054,   35.088739,       13.64,
 139.698559,   35.088739,       13.65,
 139.703063,   35.088739,       13.56,
 139.707568,   35.088739,       13.50,
 139.712072,   35.088739,       13.47,
 139.716577,   35.088739,       13.46,
 139.721081,   35.088739,       13.46,
 139.725586,   35.088739,       13.47,
 139.730090,   35.088739,       13.53,
 139.734595,   35.088739,       13.64,
 139.739099,   35.088739,       13.71,
 139.743604,   35.088739,       13.75,
 139.748108,   35.088739,       13.80,
 139.752613,   35.088739,       13.72,
 139.757117,   35.088739,       13.57,
 139.761622,   35.088739,       13.41,
 139.766126,   35.088739,       13.15,
 139.770631,   35.088739,       12.67,
 139.775135,   35.088739,       12.18,
 139.779640,   35.088739,       11.69,
 139.784144,   35.088739,       11.00,
 139.788649,   35.088739,       10.16,
 139.793153,   35.088739,        9.30,
 139.797658,   35.088739,        8.41,
 139.802162,   35.088739,        7.54,
 139.806667,   35.088739,        6.75,
 139.811171,   35.088739,        6.11,
 139.815676,   35.088739,        5.66,
 139.820180,   35.088739,        5.40,
 139.824685,   35.088739,        5.64,
 139.829189,   35.088739,        6.26,
 139.833694,   35.088739,        7.41,
 139.838198,   35.088739,        8.70,
 139.842703,   35.088739,        9.11,
 139.847207,   35.088739,        8.67,
 139.851712,   35.088739,        8.23,
 139.856216,   35.088739,        8.04,
 139.860721,   35.088739,        8.10,
 139.865225,   35.088739,        8.30,
 139.869730,   35.088739,        8.56,
 139.874234,   35.088739,        8.86,
 139.878739,   35.088739,        9.16,
 139.883243,   35.088739,        9.46,
 139.887748,   35.088739,        9.75,
 139.892252,   35.088739,       10.02,
 139.896757,   35.088739,       10.28,
 139.901261,   35.088739,       10.52,
 139.905766,   35.088739,       10.73,
 139.910270,   35.088739,       10.90,
 139.914775,   35.088739,       11.04,
 139.919279,   35.088739,       11.15,
 139.923784,   35.088739,       11.24,
 139.928288,   35.088739,       11.29,
 139.932793,   35.088739,       11.32,
 139.937297,   35.088739,       11.33,
 139.941802,   35.088739,       11.32,
 139.946306,   35.088739,       11.28,
 139.950811,   35.088739,       11.23,
 139.955315,   35.088739,       11.15,
 139.959820,   35.088739,       11.06,
 139.964324,   35.088739,       10.95,
 139.968829,   35.088739,       10.83,
 139.973333,   35.088739,       10.68,
 139.977838,   35.088739,       10.53,
 139.982342,   35.088739,       10.35,
 139.986847,   35.088739,       10.17,
 139.991351,   35.088739,        9.97,
 139.995856,   35.088739,        9.75,
 140.000360,   35.088739,        9.53,
 140.004865,   35.088739,        9.29,
 140.009369,   35.088739,        9.04,
 140.013874,   35.088739,        8.78,
 140.018378,   35.088739,        8.50,
 140.022883,   35.088739,        8.21,
 140.027387,   35.088739,        7.91,
 140.031892,   35.088739,        7.59,
 140.036396,   35.088739,        7.26,
 140.040901,   35.088739,        6.91,
 140.045405,   35.088739,        6.55,
 140.049910,   35.088739,        6.17,
 140.054414,   35.088739,        5.76,
 140.058919,   35.088739,        5.32,
 140.063423,   35.088739,        4.85,
 140.067928,   35.088739,        4.36,
 140.072432,   35.088739,        3.88,
 140.076937,   35.088739,        3.40,
 140.081441,   35.088739,        2.95,
 140.085946,   35.088739,        2.53,
 140.090450,   35.088739,        2.22,
 140.094955,   35.088739,        2.12,
 140.099459,   35.088739,        2.10,
 140.103964,   35.088739,        2.02,
 140.108468,   35.088739,        1.93,
 140.112973,   35.088739,        1.88,
 140.117477,   35.088739,        1.83,
 140.121982,   35.088739,        1.79,
 140.126486,   35.088739,        1.75,
 140.130991,   35.088739,        1.72,
 140.135495,   35.088739,        1.69,
 140.140000,   35.088739,        1.67,
 140.144505,   35.088739,        1.64,
 140.149009,   35.088739,        1.63,
 140.153514,   35.088739,        1.61,
 140.158018,   35.088739,        1.59,
 140.162523,   35.088739,        1.57,
 140.167027,   35.088739,        1.55,
 140.171532,   35.088739,        1.52,
 140.176036,   35.088739,        1.50,
 140.180541,   35.088739,        1.47,
 140.185045,   35.088739,        1.43,
 140.189550,   35.088739,        1.40,
 140.194054,   35.088739,        1.38,
 140.198559,   35.088739,        1.35,
 140.203063,   35.088739,        1.32,
 140.207568,   35.088739,        1.29,
 140.212072,   35.088739,        1.27,
 140.216577,   35.088739,        1.24,
 140.221081,   35.088739,        1.21,
 140.225586,   35.088739,        1.19,
 140.230090,   35.088739,        1.17,
 140.234595,   35.088739,        1.16,
 140.239099,   35.088739,        1.16,
 140.243604,   35.088739,        1.16,
 140.248108,   35.088739,        1.17,
 140.252613,   35.088739,        1.18,
 140.257117,   35.088739,        1.19,
 140.261622,   35.088739,        1.20,
 140.266126,   35.088739,        1.21,
 140.270631,   35.088739,        1.22,
 140.275135,   35.088739,        1.21,
 140.279640,   35.088739,        1.20,
 140.284144,   35.088739,        1.18,
 140.288649,   35.088739,        1.16,
 140.293153,   35.088739,        1.13,
 140.297658,   35.088739,        1.09,
 140.302162,   35.088739,        1.04,
 140.306667,   35.088739,        0.98,
 140.311171,   35.088739,        0.92,
 140.315676,   35.088739,        0.86,
 140.320180,   35.088739,        0.78,
 140.324685,   35.088739,        0.71,
 140.329189,   35.088739,        0.63,
 140.333694,   35.088739,        0.54,
 140.338198,   35.088739,        0.46,
 140.342703,   35.088739,        0.47,
 140.347207,   35.088739,        0.51,
 140.351712,   35.088739,        0.58,
 140.356216,   35.088739,        0.69,
 140.360721,   35.088739,        0.87,
 140.365225,   35.088739,        1.11,
 140.369730,   35.088739,        1.32,
 140.374234,   35.088739,        1.48,
 140.378739,   35.088739,        1.62,
 140.383243,   35.088739,        1.75,
 140.387748,   35.088739,        1.85,
 139.140000,   35.093243,       -0.01,
 139.144505,   35.093243,       -0.01,
 139.149009,   35.093243,       -0.01,
 139.153514,   35.093243,       -0.00,
 139.158018,   35.093243,       -0.00,
 139.162523,   35.093243,       -0.00,
 139.167027,   35.093243,       -0.00,
 139.171532,   35.093243,        0.00,
 139.176036,   35.093243,        0.00,
 139.180541,   35.093243,        0.00,
 139.185045,   35.093243,        0.00,
 139.189550,   35.093243,        0.00,
 139.194054,   35.093243,        0.00,
 139.198559,   35.093243,        0.02,
 139.203063,   35.093243,        0.10,
 139.207568,   35.093243,        0.35,
 139.212072,   35.093243,        0.78,
 139.216577,   35.093243,        1.24,
 139.221081,   35.093243,        1.71,
 139.225586,   35.093243,        2.17,
 139.230090,   35.093243,        2.61,
 139.234595,   35.093243,        3.02,
 139.239099,   35.093243,        3.41,
 139.243604,   35.093243,        3.73,
 139.248108,   35.093243,        3.82,
 139.252613,   35.093243,        3.92,
 139.257117,   35.093243,        4.02,
 139.261622,   35.093243,        4.13,
 139.266126,   35.093243,        4.25,
 139.270631,   35.093243,        4.37,
 139.275135,   35.093243,        4.49,
 139.279640,   35.093243,        4.62,
 139.284144,   35.093243,        4.74,
 139.288649,   35.093243,        4.85,
 139.293153,   35.093243,        4.92,
 139.297658,   35.093243,        4.93,
 139.302162,   35.093243,        4.93,
 139.306667,   35.093243,        4.92,
 139.311171,   35.093243,        4.91,
 139.315676,   35.093243,        4.90,
 139.320180,   35.093243,        4.90,
 139.324685,   35.093243,        4.89,
 139.329189,   35.093243,        4.89,
 139.333694,   35.093243,        4.88,
 139.338198,   35.093243,        4.87,
 139.342703,   35.093243,        4.85,
 139.347207,   35.093243,        4.81,
 139.351712,   35.093243,        4.74,
 139.356216,   35.093243,        4.66,
 139.360721,   35.093243,        4.58,
 139.365225,   35.093243,        4.50,
 139.369730,   35.093243,        4.41,
 139.374234,   35.093243,        4.32,
 139.378739,   35.093243,        4.22,
 139.383243,   35.093243,        4.14,
 139.387748,   35.093243,        4.06,
 139.392252,   35.093243,        4.00,
 139.396757,   35.093243,        3.94,
 139.401261,   35.093243,        3.87,
 139.405766,   35.093243,        3.79,
 139.410270,   35.093243,        3.72,
 139.414775,   35.093243,        3.64,
 139.419279,   35.093243,        3.59,
 139.423784,   35.093243,        3.57,
 139.428288,   35.093243,        3.59,
 139.432793,   35.093243,        3.61,
 139.437297,   35.093243,        3.63,
 139.441802,   35.093243,        3.66,
 139.446306,   35.093243,        3.69,
 139.450811,   35.093243,        3.72,
 139.455315,   35.093243,        3.82,
 139.459820,   35.093243,        3.94,
 139.464324,   35.093243,        4.06,
 139.468829,   35.093243,        4.20,
 139.473333,   35.093243,        4.33,
 139.477838,   35.093243,        4.48,
 139.482342,   35.093243,        4.61,
 139.486847,   35.093243,        4.73,
 139.491351,   35.093243,        4.85,
 139.495856,   35.093243,        5.00,
 139.500360,   35.093243,        5.17,
 139.504865,   35.093243,        5.34,
 139.509369,   35.093243,        5.53,
 139.513874,   35.093243,        5.73,
 139.518378,   35.093243,        5.92,
 139.522883,   35.093243,        6.11,
 139.527387,   35.093243,        6.28,
 139.531892,   35.093243,        6.44,
 139.536396,   35.093243,        6.61,
 139.540901,   35.093243,        6.79,
 139.545405,   35.093243,        6.98,
 139.549910,   35.093243,        7.21,
 139.554414,   35.093243,        7.44,
 139.558919,   35.093243,        7.66,
 139.563423,   35.093243,        7.88,
 139.567928,   35.093243,        8.08,
 139.572432,   35.093243,        8.28,
 139.576937,   35.093243,        8.48,
 139.581441,   35.093243,        8.56,
 139.585946,   35.093243,        8.61,
 139.590450,   35.093243,        8.70,
 139.594955,   35.093243,        8.76,
 139.599459,   35.093243,        8.81,
 139.603964,   35.093243,        8.88,
 139.608468,   35.093243,        9.01,
 139.612973,   35.093243,        9.13,
 139.617477,   35.093243,        9.27,
 139.621982,   35.093243,        9.68,
 139.626486,   35.093243,       10.05,
 139.630991,   35.093243,       10.42,
 139.635495,   35.093243,       10.78,
 139.640000,   35.093243,       11.12,
 139.644505,   35.093243,       11.48,
 139.649009,   35.093243,       11.84,
 139.653514,   35.093243,       12.16,
 139.658018,   35.093243,       12.43,
 139.662523,   35.093243,       12.69,
 139.667027,   35.093243,       12.87,
 139.671532,   35.093243,       12.96,
 139.676036,   35.093243,       13.05,
 139.680541,   35.093243,       13.11,
 139.685045,   35.093243,       13.13,
 139.689550,   35.093243,       13.12,
 139.694054,   35.093243,       13.09,
 139.698559,   35.093243,       13.03,
 139.703063,   35.093243,       12.96,
 139.707568,   35.093243,       12.92,
 139.712072,   35.093243,       12.87,
 139.716577,   35.093243,       12.84,
 139.721081,   35.093243,       12.85,
 139.725586,   35.093243,       12.91,
 139.730090,   35.093243,       13.05,
 139.734595,   35.093243,       13.19,
 139.739099,   35.093243,       13.33,
 139.743604,   35.093243,       13.41,
 139.748108,   35.093243,       13.50,
 139.752613,   35.093243,       13.54,
 139.757117,   35.093243,       13.41,
 139.761622,   35.093243,       13.25,
 139.766126,   35.093243,       13.08,
 139.770631,   35.093243,       12.63,
 139.775135,   35.093243,       12.18,
 139.779640,   35.093243,       11.70,
 139.784144,   35.093243,       11.05,
 139.788649,   35.093243,       10.30,
 139.793153,   35.093243,        9.51,
 139.797658,   35.093243,        8.61,
 139.802162,   35.093243,        7.70,
 139.806667,   35.093243,        6.81,
 139.811171,   35.093243,        6.26,
 139.815676,   35.093243,        5.80,
 139.820180,   35.093243,        5.40,
 139.824685,   35.093243,        5.75,
 139.829189,   35.093243,        6.27,
 139.833694,   35.093243,        7.14,
 139.838198,   35.093243,        8.39,
 139.842703,   35.093243,        9.15,
 139.847207,   35.093243,        8.59,
 139.851712,   35.093243,        8.24,
 139.856216,   35.093243,        8.25,
 139.860721,   35.093243,        8.45,
 139.865225,   35.093243,        8.75,
 139.869730,   35.093243,        9.10,
 139.874234,   35.093243,        9.45,
 139.878739,   35.093243,        9.81,
 139.883243,   35.093243,       10.15,
 139.887748,   35.093243,       10.47,
 139.892252,   35.093243,       10.78,
 139.896757,   35.093243,       11.06,
 139.901261,   35.093243,       11.31,
 139.905766,   35.093243,       11.52,
 139.910270,   35.093243,       11.70,
 139.914775,   35.093243,       11.84,
 139.919279,   35.093243,       11.95,
 139.923784,   35.093243,       12.04,
 139.928288,   35.093243,       12.09,
 139.932793,   35.093243,       12.12,
 139.937297,   35.093243,       12.13,
 139.941802,   35.093243,       12.11,
 139.946306,   35.093243,       12.07,
 139.950811,   35.093243,       12.01,
 139.955315,   35.093243,       11.93,
 139.959820,   35.093243,       11.84,
 139.964324,   35.093243,       11.72,
 139.968829,   35.093243,       11.59,
 139.973333,   35.093243,       11.44,
 139.977838,   35.093243,       11.28,
 139.982342,   35.093243,       11.10,
 139.986847,   35.093243,       10.91,
 139.991351,   35.093243,       10.70,
 139.995856,   35.093243,       10.48,
 140.000360,   35.093243,       10.25,
 140.004865,   35.093243,       10.00,
 140.009369,   35.093243,        9.74,
 140.013874,   35.093243,        9.47,
 140.018378,   35.093243,        9.18,
 140.022883,   35.093243,        8.89,
 140.027387,   35.093243,        8.57,
 140.031892,   35.093243,        8.25,
 140.036396,   35.093243,        7.90,
 140.040901,   35.093243,        7.55,
 140.045405,   35.093243,        7.18,
 140.049910,   35.093243,        6.79,
 140.054414,   35.093243,        6.38,
 140.058919,   35.093243,        5.94,
 140.063423,   35.093243,        5.47,
 140.067928,   35.093243,        4.96,
 140.072432,   35.093243,        4.46,
 140.076937,   35.093243,        3.96,
 140.081441,   35.093243,        3.46,
 140.085946,   35.093243,        2.98,
 140.090450,   35.093243,        2.54,
 140.094955,   35.093243,        2.20,
 140.099459,   35.093243,        2.08,
 140.103964,   35.093243,        2.00,
 140.108468,   35.093243,        1.96,
 140.112973,   35.093243,        1.91,
 140.117477,   35.093243,        1.87,
 140.121982,   35.093243,        1.82,
 140.126486,   35.093243,        1.79,
 140.130991,   35.093243,        1.76,
 140.135495,   35.093243,        1.73,
 140.140000,   35.093243,        1.71,
 140.144505,   35.093243,        1.69,
 140.149009,   35.093243,        1.67,
 140.153514,   35.093243,        1.65,
 140.158018,   35.093243,        1.63,
 140.162523,   35.093243,        1.61,
 140.167027,   35.093243,        1.59,
 140.171532,   35.093243,        1.57,
 140.176036,   35.093243,        1.53,
 140.180541,   35.093243,        1.50,
 140.185045,   35.093243,        1.47,
 140.189550,   35.093243,        1.43,
 140.194054,   35.093243,        1.40,
 140.198559,   35.093243,        1.37,
 140.203063,   35.093243,        1.34,
 140.207568,   35.093243,        1.31,
 140.212072,   35.093243,        1.28,
 140.216577,   35.093243,        1.25,
 140.221081,   35.093243,        1.22,
 140.225586,   35.093243,        1.20,
 140.230090,   35.093243,        1.17,
 140.234595,   35.093243,        1.16,
 140.239099,   35.093243,        1.15,
 140.243604,   35.093243,        1.15,
 140.248108,   35.093243,        1.16,
 140.252613,   35.093243,        1.17,
 140.257117,   35.093243,        1.18,
 140.261622,   35.093243,        1.19,
 140.266126,   35.093243,        1.20,
 140.270631,   35.093243,        1.20,
 140.275135,   35.093243,        1.20,
 140.279640,   35.093243,        1.19,
 140.284144,   35.093243,        1.16,
 140.288649,   35.093243,        1.13,
 140.293153,   35.093243,        1.11,
 140.297658,   35.093243,        1.07,
 140.302162,   35.093243,        1.02,
 140.306667,   35.093243,        0.97,
 140.311171,   35.093243,        0.91,
 140.315676,   35.093243,        0.85,
 140.320180,   35.093243,        0.78,
 140.324685,   35.093243,        0.71,
 140.329189,   35.093243,        0.63,
 140.333694,   35.093243,        0.58,
 140.338198,   35.093243,        0.55,
 140.342703,   35.093243,        0.56,
 140.347207,   35.093243,        0.60,
 140.351712,   35.093243,        0.66,
 140.356216,   35.093243,        0.80,
 140.360721,   35.093243,        0.96,
 140.365225,   35.093243,        1.10,
 140.369730,   35.093243,        1.25,
 140.374234,   35.093243,        1.39,
 140.378739,   35.093243,        1.51,
 140.383243,   35.093243,        1.61,
 140.387748,   35.093243,        1.69,
 139.140000,   35.097748,       -0.02,
 139.144505,   35.097748,       -0.02,
 139.149009,   35.097748,       -0.01,
 139.153514,   35.097748,       -0.01,
 139.158018,   35.097748,       -0.00,
 139.162523,   35.097748,       -0.00,
 139.167027,   35.097748,        0.00,
 139.171532,   35.097748,        0.00,
 139.176036,   35.097748,        0.00,
 139.180541,   35.097748,        0.00,
 139.185045,   35.097748,        0.00,
 139.189550,   35.097748,        0.00,
 139.194054,   35.097748,        0.00,
 139.198559,   35.097748,        0.00,
 139.203063,   35.097748,        0.00,
 139.207568,   35.097748,        0.25,
 139.212072,   35.097748,        0.77,
 139.216577,   35.097748,        1.28,
 139.221081,   35.097748,        1.77,
 139.225586,   35.097748,        2.24,
 139.230090,   35.097748,        2.68,
 139.234595,   35.097748,        3.11,
 139.239099,   35.097748,        3.49,
 139.243604,   35.097748,        3.77,
 139.248108,   35.097748,        3.91,
 139.252613,   35.097748,        4.02,
 139.257117,   35.097748,        4.13,
 139.261622,   35.097748,        4.24,
 139.266126,   35.097748,        4.35,
 139.270631,   35.097748,        4.47,
 139.275135,   35.097748,        4.58,
 139.279640,   35.097748,        4.70,
 139.284144,   35.097748,        4.81,
 139.288649,   35.097748,        4.90,
 139.293153,   35.097748,        4.97,
 139.297658,   35.097748,        5.00,
 139.302162,   35.097748,        5.01,
 139.306667,   35.097748,        5.00,
 139.311171,   35.097748,        5.00,
 139.315676,   35.097748,        4.99,
 139.320180,   35.097748,        4.99,
 139.324685,   35.097748,        4.98,
 139.329189,   35.097748,        4.97,
 139.333694,   35.097748,        4.97,
 139.338198,   35.097748,        4.96,
 139.342703,   35.097748,        4.95,
 139.347207,   35.097748,        4.90,
 139.351712,   35.097748,        4.82,
 139.356216,   35.097748,        4.73,
 139.360721,   35.097748,        4.65,
 139.365225,   35.097748,        4.56,
 139.369730,   35.097748,        4.46,
 139.374234,   35.097748,        4.36,
 139.378739,   35.097748,        4.26,
 139.383243,   35.097748,        4.17,
 139.387748,   35.097748,        4.09,
 139.392252,   35.097748,        4.02,
 139.396757,   35.097748,        3.95,
 139.401261,   35.097748,        3.87,
 139.405766,   35.097748,        3.79,
 139.410270,   35.097748,        3.70,
 139.414775,   35.097748,        3.62,
 139.419279,   35.097748,        3.56,
 139.423784,   35.097748,        3.53,
 139.428288,   35.097748,        3.54,
 139.432793,   35.097748,        3.56,
 139.437297,   35.097748,        3.59,
 139.441802,   35.097748,        3.62,
 139.446306,   35.097748,        3.64,
 139.450811,   35.097748,        3.68,
 139.455315,   35.097748,        3.77,
 139.459820,   35.097748,        3.89,
 139.464324,   35.097748,        4.02,
 139.468829,   35.097748,        4.16,
 139.473333,   35.097748,        4.30,
 139.477838,   35.097748,        4.45,
 139.482342,   35.097748,        4.61,
 139.486847,   35.097748,        4.75,
 139.491351,   35.097748,        4.89,
 139.495856,   35.097748,        5.05,
 139.500360,   35.097748,        5.23,
 139.504865,   35.097748,        5.42,
 139.509369,   35.097748,        5.61,
 139.513874,   35.097748,        5.80,
 139.518378,   35.097748,        6.00,
 139.522883,   35.097748,        6.21,
 139.527387,   35.097748,        6.38,
 139.531892,   35.097748,        6.54,
 139.536396,   35.097748,        6.71,
 139.540901,   35.097748,        6.89,
 139.545405,   35.097748,        7.09,
 139.549910,   35.097748,        7.31,
 139.554414,   35.097748,        7.54,
 139.558919,   35.097748,        7.76,
 139.563423,   35.097748,        7.97,
 139.567928,   35.097748,        8.16,
 139.572432,   35.097748,        8.35,
 139.576937,   35.097748,        8.52,
 139.581441,   35.097748,        8.50,
 139.585946,   35.097748,        8.47,
 139.590450,   35.097748,        8.48,
 139.594955,   35.097748,        8.54,
 139.599459,   35.097748,        8.57,
 139.603964,   35.097748,        8.58,
 139.608468,   35.097748,        8.72,
 139.612973,   35.097748,        8.86,
 139.617477,   35.097748,        9.01,
 139.621982,   35.097748,        9.33,
 139.626486,   35.097748,        9.62,
 139.630991,   35.097748,        9.96,
 139.635495,   35.097748,       10.30,
 139.640000,   35.097748,       10.55,
 139.644505,   35.097748,       10.95,
 139.649009,   35.097748,       11.37,
 139.653514,   35.097748,       11.67,
 139.658018,   35.097748,       11.89,
 139.662523,   35.097748,       12.12,
 139.667027,   35.097748,       12.28,
 139.671532,   35.097748,       12.39,
 139.676036,   35.097748,       12.48,
 139.680541,   35.097748,       12.52,
 139.685045,   35.097748,       12.54,
 139.689550,   35.097748,       12.54,
 139.694054,   35.097748,       12.49,
 139.698559,   35.097748,       12.41,
 139.703063,   35.097748,       12.33,
 139.707568,   35.097748,       12.27,
 139.712072,   35.097748,       12.22,
 139.716577,   35.097748,       12.18,
 139.721081,   35.097748,       12.21,
 139.725586,   35.097748,       12.34,
 139.730090,   35.097748,       12.49,
 139.734595,   35.097748,       12.67,
 139.739099,   35.097748,       12.93,
 139.743604,   35.097748,       13.10,
 139.748108,   35.097748,       13.21,
 139.752613,   35.097748,       13.32,
 139.757117,   35.097748,       13.27,
 139.761622,   35.097748,       13.12,
 139.766126,   35.097748,       12.93,
 139.770631,   35.097748,       12.58,
 139.775135,   35.097748,       12.17,
 139.779640,   35.097748,       11.76,
 139.784144,   35.097748,       11.10,
 139.788649,   35.097748,       10.39,
 139.793153,   35.097748,        9.66,
 139.797658,   35.097748,        8.77,
 139.802162,   35.097748,        7.87,
 139.806667,   35.097748,        7.03,
 139.811171,   35.097748,        6.37,
 139.815676,   35.097748,        5.84,
 139.820180,   35.097748,        5.63,
 139.824685,   35.097748,        5.79,
 139.829189,   35.097748,        6.11,
 139.833694,   35.097748,        6.95,
 139.838198,   35.097748,        8.21,
 139.842703,   35.097748,        8.89,
 139.847207,   35.097748,        8.45,
 139.851712,   35.097748,        8.33,
 139.856216,   35.097748,        8.53,
 139.860721,   35.097748,        8.87,
 139.865225,   35.097748,        9.27,
 139.869730,   35.097748,        9.69,
 139.874234,   35.097748,       10.11,
 139.878739,   35.097748,       10.51,
 139.883243,   35.097748,       10.89,
 139.887748,   35.097748,       11.25,
 139.892252,   35.097748,       11.58,
 139.896757,   35.097748,       11.88,
 139.901261,   35.097748,       12.13,
 139.905766,   35.097748,       12.35,
 139.910270,   35.097748,       12.53,
 139.914775,   35.097748,       12.67,
 139.919279,   35.097748,       12.78,
 139.923784,   35.097748,       12.86,
 139.928288,   35.097748,       12.91,
 139.932793,   35.097748,       12.94,
 139.937297,   35.097748,       12.94,
 139.941802,   35.097748,       12.92,
 139.946306,   35.097748,       12.88,
 139.950811,   35.097748,       12.82,
 139.955315,   35.097748,       12.74,
 139.959820,   35.097748,       12.63,
 139.964324,   35.097748,       12.51,
 139.968829,   35.097748,       12.38,
 139.973333,   35.097748,       12.22,
 139.977838,   35.097748,       12.05,
 139.982342,   35.097748,       11.86,
 139.986847,   35.097748,       11.66,
 139.991351,   35.097748,       11.44,
 139.995856,   35.097748,       11.21,
 140.000360,   35.097748,       10.97,
 140.004865,   35.097748,       10.72,
 140.009369,   35.097748,       10.45,
 140.013874,   35.097748,       10.17,
 140.018378,   35.097748,        9.87,
 140.022883,   35.097748,        9.56,
 140.027387,   35.097748,        9.24,
 140.031892,   35.097748,        8.91,
 140.036396,   35.097748,        8.56,
 140.040901,   35.097748,        8.19,
 140.045405,   35.097748,        7.81,
 140.049910,   35.097748,        7.42,
 140.054414,   35.097748,        7.00,
 140.058919,   35.097748,        6.56,
 140.063423,   35.097748,        6.09,
 140.067928,   35.097748,        5.58,
 140.072432,   35.097748,        5.06,
 140.076937,   35.097748,        4.54,
 140.081441,   35.097748,        4.02,
 140.085946,   35.097748,        3.50,
 140.090450,   35.097748,        3.00,
 140.094955,   35.097748,        2.52,
 140.099459,   35.097748,        2.17,
 140.103964,   35.097748,        2.08,
 140.108468,   35.097748,        2.04,
 140.112973,   35.097748,        1.96,
 140.117477,   35.097748,        1.89,
 140.121982,   35.097748,        1.85,
 140.126486,   35.097748,        1.82,
 140.130991,   35.097748,        1.79,
 140.135495,   35.097748,        1.76,
 140.140000,   35.097748,        1.74,
 140.144505,   35.097748,        1.73,
 140.149009,   35.097748,        1.71,
 140.153514,   35.097748,        1.70,
 140.158018,   35.097748,        1.68,
 140.162523,   35.097748,        1.66,
 140.167027,   35.097748,        1.64,
 140.171532,   35.097748,        1.61,
 140.176036,   35.097748,        1.58,
 140.180541,   35.097748,        1.54,
 140.185045,   35.097748,        1.51,
 140.189550,   35.097748,        1.47,
 140.194054,   35.097748,        1.43,
 140.198559,   35.097748,        1.40,
 140.203063,   35.097748,        1.37,
 140.207568,   35.097748,        1.33,
 140.212072,   35.097748,        1.30,
 140.216577,   35.097748,        1.27,
 140.221081,   35.097748,        1.24,
 140.225586,   35.097748,        1.21,
 140.230090,   35.097748,        1.18,
 140.234595,   35.097748,        1.16,
 140.239099,   35.097748,        1.15,
 140.243604,   35.097748,        1.14,
 140.248108,   35.097748,        1.15,
 140.252613,   35.097748,        1.15,
 140.257117,   35.097748,        1.16,
 140.261622,   35.097748,        1.17,
 140.266126,   35.097748,        1.18,
 140.270631,   35.097748,        1.18,
 140.275135,   35.097748,        1.17,
 140.279640,   35.097748,        1.15,
 140.284144,   35.097748,        1.13,
 140.288649,   35.097748,        1.10,
 140.293153,   35.097748,        1.07,
 140.297658,   35.097748,        1.03,
 140.302162,   35.097748,        0.99,
 140.306667,   35.097748,        0.94,
 140.311171,   35.097748,        0.88,
 140.315676,   35.097748,        0.83,
 140.320180,   35.097748,        0.77,
 140.324685,   35.097748,        0.70,
 140.329189,   35.097748,        0.65,
 140.333694,   35.097748,        0.62,
 140.338198,   35.097748,        0.61,
 140.342703,   35.097748,        0.62,
 140.347207,   35.097748,        0.66,
 140.351712,   35.097748,        0.71,
 140.356216,   35.097748,        0.81,
 140.360721,   35.097748,        0.95,
 140.365225,   35.097748,        1.07,
 140.369730,   35.097748,        1.20,
 140.374234,   35.097748,        1.32,
 140.378739,   35.097748,        1.42,
 140.383243,   35.097748,        1.54,
 140.387748,   35.097748,        1.67,
 139.140000,   35.102252,       -0.03,
 139.144505,   35.102252,       -0.02,
 139.149009,   35.102252,       -0.01,
 139.153514,   35.102252,       -0.01,
 139.158018,   35.102252,       -0.00,
 139.162523,   35.102252,       -0.00,
 139.167027,   35.102252,        0.00,
 139.171532,   35.102252,        0.00,
 139.176036,   35.102252,        0.00,
 139.180541,   35.102252,        0.00,
 139.185045,   35.102252,        0.00,
 139.189550,   35.102252,        0.01,
 139.194054,   35.102252,        0.03,
 139.198559,   35.102252,        0.05,
 139.203063,   35.102252,        0.09,
 139.207568,   35.102252,        0.37,
 139.212072,   35.102252,        0.87,
 139.216577,   35.102252,        1.37,
 139.221081,   35.102252,        1.86,
 139.225586,   35.102252,        2.33,
 139.230090,   35.102252,        2.79,
 139.234595,   35.102252,        3.19,
 139.239099,   35.102252,        3.53,
 139.243604,   35.102252,        3.78,
 139.248108,   35.102252,        3.95,
 139.252613,   35.102252,        4.09,
 139.257117,   35.102252,        4.22,
 139.261622,   35.102252,        4.33,
 139.266126,   35.102252,        4.44,
 139.270631,   35.102252,        4.55,
 139.275135,   35.102252,        4.66,
 139.279640,   35.102252,        4.76,
 139.284144,   35.102252,        4.86,
 139.288649,   35.102252,        4.95,
 139.293153,   35.102252,        5.02,
 139.297658,   35.102252,        5.06,
 139.302162,   35.102252,        5.08,
 139.306667,   35.102252,        5.09,
 139.311171,   35.102252,        5.08,
 139.315676,   35.102252,        5.08,
 139.320180,   35.102252,        5.07,
 139.324685,   35.102252,        5.06,
 139.329189,   35.102252,        5.06,
 139.333694,   35.102252,        5.05,
 139.338198,   35.102252,        5.05,
 139.342703,   35.102252,        5.05,
 139.347207,   35.102252,        4.98,
 139.351712,   35.102252,        4.89,
 139.356216,   35.102252,        4.80,
 139.360721,   35.102252,        4.70,
 139.365225,   35.102252,        4.60,
 139.369730,   35.102252,        4.51,
 139.374234,   35.102252,        4.41,
 139.378739,   35.102252,        4.31,
 139.383243,   35.102252,        4.21,
 139.387748,   35.102252,        4.12,
 139.392252,   35.102252,        4.04,
 139.396757,   35.102252,        3.95,
 139.401261,   35.102252,        3.87,
 139.405766,   35.102252,        3.78,
 139.410270,   35.102252,        3.69,
 139.414775,   35.102252,        3.59,
 139.419279,   35.102252,        3.52,
 139.423784,   35.102252,        3.48,
 139.428288,   35.102252,        3.48,
 139.432793,   35.102252,        3.51,
 139.437297,   35.102252,        3.54,
 139.441802,   35.102252,        3.57,
 139.446306,   35.102252,        3.60,
 139.450811,   35.102252,        3.64,
 139.455315,   35.102252,        3.72,
 139.459820,   35.102252,        3.84,
 139.464324,   35.102252,        3.97,
 139.468829,   35.102252,        4.12,
 139.473333,   35.102252,        4.27,
 139.477838,   35.102252,        4.42,
 139.482342,   35.102252,        4.58,
 139.486847,   35.102252,        4.75,
 139.491351,   35.102252,        4.93,
 139.495856,   35.102252,        5.11,
 139.500360,   35.102252,        5.29,
 139.504865,   35.102252,        5.48,
 139.509369,   35.102252,        5.67,
 139.513874,   35.102252,        5.87,
 139.518378,   35.102252,        6.06,
 139.522883,   35.102252,        6.25,
 139.527387,   35.102252,        6.43,
 139.531892,   35.102252,        6.60,
 139.536396,   35.102252,        6.78,
 139.540901,   35.102252,        6.95,
 139.545405,   35.102252,        7.15,
 139.549910,   35.102252,        7.38,
 139.554414,   35.102252,        7.62,
 139.558919,   35.102252,        7.86,
 139.563423,   35.102252,        8.06,
 139.567928,   35.102252,        8.23,
 139.572432,   35.102252,        8.41,
 139.576937,   35.102252,        8.48,
 139.581441,   35.102252,        8.43,
 139.585946,   35.102252,        8.38,
 139.590450,   35.102252,        8.37,
 139.594955,   35.102252,        8.39,
 139.599459,   35.102252,        8.43,
 139.603964,   35.102252,        8.53,
 139.608468,   35.102252,        8.67,
 139.612973,   35.102252,        8.77,
 139.617477,   35.102252,        8.90,
 139.621982,   35.102252,        9.26,
 139.626486,   35.102252,        9.60,
 139.630991,   35.102252,        9.85,
 139.635495,   35.102252,       10.09,
 139.640000,   35.102252,       10.33,
 139.644505,   35.102252,       10.63,
 139.649009,   35.102252,       11.03,
 139.653514,   35.102252,       11.29,
 139.658018,   35.102252,       11.44,
 139.662523,   35.102252,       11.57,
 139.667027,   35.102252,       11.75,
 139.671532,   35.102252,       11.88,
 139.676036,   35.102252,       11.95,
 139.680541,   35.102252,       11.95,
 139.685045,   35.102252,       11.97,
 139.689550,   35.102252,       11.95,
 139.694054,   35.102252,       11.87,
 139.698559,   35.102252,       11.79,
 139.703063,   35.102252,       11.70,
 139.707568,   35.102252,       11.61,
 139.712072,   35.102252,       11.55,
 139.716577,   35.102252,       11.52,
 139.721081,   35.102252,       11.60,
 139.725586,   35.102252,       11.75,
 139.730090,   35.102252,       11.93,
 139.734595,   35.102252,       12.23,
 139.739099,   35.102252,       12.50,
 139.743604,   35.102252,       12.76,
 139.748108,   35.102252,       12.95,
 139.752613,   35.102252,       13.08,
 139.757117,   35.102252,       13.10,
 139.761622,   35.102252,       12.98,
 139.766126,   35.102252,       12.82,
 139.770631,   35.102252,       12.50,
 139.775135,   35.102252,       12.12,
 139.779640,   35.102252,       11.74,
 139.784144,   35.102252,       11.19,
 139.788649,   35.102252,       10.53,
 139.793153,   35.102252,        9.78,
 139.797658,   35.102252,        8.90,
 139.802162,   35.102252,        8.01,
 139.806667,   35.102252,        7.23,
 139.811171,   35.102252,        6.50,
 139.815676,   35.102252,        5.86,
 139.820180,   35.102252,        5.77,
 139.824685,   35.102252,        5.82,
 139.829189,   35.102252,        5.97,
 139.833694,   35.102252,        6.80,
 139.838198,   35.102252,        8.17,
 139.842703,   35.102252,        8.55,
 139.847207,   35.102252,        8.37,
 139.851712,   35.102252,        8.52,
 139.856216,   35.102252,        8.89,
 139.860721,   35.102252,        9.36,
 139.865225,   35.102252,        9.86,
 139.869730,   35.102252,       10.35,
 139.874234,   35.102252,       10.82,
 139.878739,   35.102252,       11.26,
 139.883243,   35.102252,       11.68,
 139.887748,   35.102252,       12.07,
 139.892252,   35.102252,       12.42,
 139.896757,   35.102252,       12.73,
 139.901261,   35.102252,       12.98,
 139.905766,   35.102252,       13.20,
 139.910270,   35.102252,       13.38,
 139.914775,   35.102252,       13.52,
 139.919279,   35.102252,       13.63,
 139.923784,   35.102252,       13.71,
 139.928288,   35.102252,       13.76,
 139.932793,   35.102252,       13.79,
 139.937297,   35.102252,       13.79,
 139.941802,   35.102252,       13.76,
 139.946306,   35.102252,       13.72,
 139.950811,   35.102252,       13.65,
 139.955315,   35.102252,       13.56,
 139.959820,   35.102252,       13.45,
 139.964324,   35.102252,       13.32,
 139.968829,   35.102252,       13.18,
 139.973333,   35.102252,       13.01,
 139.977838,   35.102252,       12.83,
 139.982342,   35.102252,       12.63,
 139.986847,   35.102252,       12.42,
 139.991351,   35.102252,       12.20,
 139.995856,   35.102252,       11.96,
 140.000360,   35.102252,       11.71,
 140.004865,   35.102252,       11.44,
 140.009369,   35.102252,       11.16,
 140.013874,   35.102252,       10.87,
 140.018378,   35.102252,       10.57,
 140.022883,   35.102252,       10.25,
 140.027387,   35.102252,        9.92,
 140.031892,   35.102252,        9.58,
 140.036396,   35.102252,        9.22,
 140.040901,   35.102252,        8.85,
 140.045405,   35.102252,        8.46,
 140.049910,   35.102252,        8.06,
 140.054414,   35.102252,        7.63,
 140.058919,   35.102252,        7.18,
 140.063423,   35.102252,        6.71,
 140.067928,   35.102252,        6.21,
 140.072432,   35.102252,        5.68,
 140.076937,   35.102252,        5.15,
 140.081441,   35.102252,        4.61,
 140.085946,   35.102252,        4.07,
 140.090450,   35.102252,        3.53,
 140.094955,   35.102252,        2.98,
 140.099459,   35.102252,        2.48,
 140.103964,   35.102252,        2.16,
 140.108468,   35.102252,        2.10,
 140.112973,   35.102252,        2.00,
 140.117477,   35.102252,        1.92,
 140.121982,   35.102252,        1.88,
 140.126486,   35.102252,        1.84,
 140.130991,   35.102252,        1.81,
 140.135495,   35.102252,        1.79,
 140.140000,   35.102252,        1.77,
 140.144505,   35.102252,        1.76,
 140.149009,   35.102252,        1.75,
 140.153514,   35.102252,        1.73,
 140.158018,   35.102252,        1.72,
 140.162523,   35.102252,        1.71,
 140.167027,   35.102252,        1.69,
 140.171532,   35.102252,        1.66,
 140.176036,   35.102252,        1.63,
 140.180541,   35.102252,        1.59,
 140.185045,   35.102252,        1.55,
 140.189550,   35.102252,        1.51,
 140.194054,   35.102252,        1.47,
 140.198559,   35.102252,        1.44,
 140.203063,   35.102252,        1.41,
 140.207568,   35.102252,        1.37,
 140.212072,   35.102252,        1.34,
 140.216577,   35.102252,        1.30,
 140.221081,   35.102252,        1.27,
 140.225586,   35.102252,        1.24,
 140.230090,   35.102252,        1.20,
 140.234595,   35.102252,        1.17,
 140.239099,   35.102252,        1.15,
 140.243604,   35.102252,        1.14,
 140.248108,   35.102252,        1.14,
 140.252613,   35.102252,        1.14,
 140.257117,   35.102252,        1.14,
 140.261622,   35.102252,        1.15,
 140.266126,   35.102252,        1.15,
 140.270631,   35.102252,        1.14,
 140.275135,   35.102252,        1.14,
 140.279640,   35.102252,        1.11,
 140.284144,   35.102252,        1.09,
 140.288649,   35.102252,        1.06,
 140.293153,   35.102252,        1.03,
 140.297658,   35.102252,        0.99,
 140.302162,   35.102252,        0.95,
 140.306667,   35.102252,        0.90,
 140.311171,   35.102252,        0.85,
 140.315676,   35.102252,        0.80,
 140.320180,   35.102252,        0.75,
 140.324685,   35.102252,        0.70,
 140.329189,   35.102252,        0.67,
 140.333694,   35.102252,        0.65,
 140.338198,   35.102252,        0.65,
 140.342703,   35.102252,        0.67,
 140.347207,   35.102252,        0.71,
 140.351712,   35.102252,        0.76,
 140.356216,   35.102252,        0.82,
 140.360721,   35.102252,        0.93,
 140.365225,   35.102252,        1.05,
 140.369730,   35.102252,        1.17,
 140.374234,   35.102252,        1.29,
 140.378739,   35.102252,        1.42,
 140.383243,   35.102252,        1.55,
 140.387748,   35.102252,        1.67,
 139.140000,   35.106757,       -0.03,
 139.144505,   35.106757,       -0.02,
 139.149009,   35.106757,       -0.02,
 139.153514,   35.106757,       -0.01,
 139.158018,   35.106757,       -0.00,
 139.162523,   35.106757,       -0.00,
 139.167027,   35.106757,        0.00,
 139.171532,   35.106757,        0.00,
 139.176036,   35.106757,        0.00,
 139.180541,   35.106757,        0.00,
 139.185045,   35.106757,        0.00,
 139.189550,   35.106757,        0.04,
 139.194054,   35.106757,        0.09,
 139.198559,   35.106757,        0.15,
 139.203063,   35.106757,        0.29,
 139.207568,   35.106757,        0.59,
 139.212072,   35.106757,        1.02,
 139.216577,   35.106757,        1.51,
 139.221081,   35.106757,        1.98,
 139.225586,   35.106757,        2.46,
 139.230090,   35.106757,        2.91,
 139.234595,   35.106757,        3.28,
 139.239099,   35.106757,        3.57,
 139.243604,   35.106757,        3.80,
 139.248108,   35.106757,        3.99,
 139.252613,   35.106757,        4.15,
 139.257117,   35.106757,        4.29,
 139.261622,   35.106757,        4.41,
 139.266126,   35.106757,        4.52,
 139.270631,   35.106757,        4.62,
 139.275135,   35.106757,        4.72,
 139.279640,   35.106757,        4.82,
 139.284144,   35.106757,        4.91,
 139.288649,   35.106757,        5.00,
 139.293153,   35.106757,        5.08,
 139.297658,   35.106757,        5.13,
 139.302162,   35.106757,        5.16,
 139.306667,   35.106757,        5.17,
 139.311171,   35.106757,        5.17,
 139.315676,   35.106757,        5.16,
 139.320180,   35.106757,        5.15,
 139.324685,   35.106757,        5.14,
 139.329189,   35.106757,        5.14,
 139.333694,   35.106757,        5.13,
 139.338198,   35.106757,        5.13,
 139.342703,   35.106757,        5.11,
 139.347207,   35.106757,        5.04,
 139.351712,   35.106757,        4.94,
 139.356216,   35.106757,        4.84,
 139.360721,   35.106757,        4.75,
 139.365225,   35.106757,        4.65,
 139.369730,   35.106757,        4.55,
 139.374234,   35.106757,        4.45,
 139.378739,   35.106757,        4.35,
 139.383243,   35.106757,        4.25,
 139.387748,   35.106757,        4.15,
 139.392252,   35.106757,        4.04,
 139.396757,   35.106757,        3.94,
 139.401261,   35.106757,        3.85,
 139.405766,   35.106757,        3.76,
 139.410270,   35.106757,        3.67,
 139.414775,   35.106757,        3.57,
 139.419279,   35.106757,        3.48,
 139.423784,   35.106757,        3.43,
 139.428288,   35.106757,        3.43,
 139.432793,   35.106757,        3.46,
 139.437297,   35.106757,        3.49,
 139.441802,   35.106757,        3.52,
 139.446306,   35.106757,        3.55,
 139.450811,   35.106757,        3.59,
 139.455315,   35.106757,        3.66,
 139.459820,   35.106757,        3.77,
 139.464324,   35.106757,        3.92,
 139.468829,   35.106757,        4.07,
 139.473333,   35.106757,        4.23,
 139.477838,   35.106757,        4.40,
 139.482342,   35.106757,        4.57,
 139.486847,   35.106757,        4.74,
 139.491351,   35.106757,        4.94,
 139.495856,   35.106757,        5.14,
 139.500360,   35.106757,        5.34,
 139.504865,   35.106757,        5.53,
 139.509369,   35.106757,        5.73,
 139.513874,   35.106757,        5.92,
 139.518378,   35.106757,        6.10,
 139.522883,   35.106757,        6.29,
 139.527387,   35.106757,        6.46,
 139.531892,   35.106757,        6.64,
 139.536396,   35.106757,        6.82,
 139.540901,   35.106757,        6.99,
 139.545405,   35.106757,        7.20,
 139.549910,   35.106757,        7.44,
 139.554414,   35.106757,        7.69,
 139.558919,   35.106757,        7.93,
 139.563423,   35.106757,        8.11,
 139.567928,   35.106757,        8.27,
 139.572432,   35.106757,        8.42,
 139.576937,   35.106757,        8.44,
 139.581441,   35.106757,        8.35,
 139.585946,   35.106757,        8.28,
 139.590450,   35.106757,        8.30,
 139.594955,   35.106757,        8.30,
 139.599459,   35.106757,        8.34,
 139.603964,   35.106757,        8.54,
 139.608468,   35.106757,        8.70,
 139.612973,   35.106757,        8.85,
 139.617477,   35.106757,        9.13,
 139.621982,   35.106757,        9.36,
 139.626486,   35.106757,        9.66,
 139.630991,   35.106757,        9.90,
 139.635495,   35.106757,       10.07,
 139.640000,   35.106757,       10.37,
 139.644505,   35.106757,       10.59,
 139.649009,   35.106757,       10.75,
 139.653514,   35.106757,       10.99,
 139.658018,   35.106757,       11.17,
 139.662523,   35.106757,       11.31,
 139.667027,   35.106757,       11.37,
 139.671532,   35.106757,       11.47,
 139.676036,   35.106757,       11.48,
 139.680541,   35.106757,       11.43,
 139.685045,   35.106757,       11.42,
 139.689550,   35.106757,       11.36,
 139.694054,   35.106757,       11.26,
 139.698559,   35.106757,       11.16,
 139.703063,   35.106757,       11.07,
 139.707568,   35.106757,       10.94,
 139.712072,   35.106757,       10.87,
 139.716577,   35.106757,       10.91,
 139.721081,   35.106757,       11.00,
 139.725586,   35.106757,       11.13,
 139.730090,   35.106757,       11.45,
 139.734595,   35.106757,       11.80,
 139.739099,   35.106757,       12.11,
 139.743604,   35.106757,       12.42,
 139.748108,   35.106757,       12.70,
 139.752613,   35.106757,       12.87,
 139.757117,   35.106757,       12.88,
 139.761622,   35.106757,       12.83,
 139.766126,   35.106757,       12.73,
 139.770631,   35.106757,       12.42,
 139.775135,   35.106757,       12.07,
 139.779640,   35.106757,       11.72,
 139.784144,   35.106757,       11.24,
 139.788649,   35.106757,       10.60,
 139.793153,   35.106757,        9.89,
 139.797658,   35.106757,        9.04,
 139.802162,   35.106757,        8.17,
 139.806667,   35.106757,        7.35,
 139.811171,   35.106757,        6.61,
 139.815676,   35.106757,        6.04,
 139.820180,   35.106757,        5.77,
 139.824685,   35.106757,        5.83,
 139.829189,   35.106757,        5.94,
 139.833694,   35.106757,        6.89,
 139.838198,   35.106757,        8.12,
 139.842703,   35.106757,        8.26,
 139.847207,   35.106757,        8.38,
 139.851712,   35.106757,        8.80,
 139.856216,   35.106757,        9.35,
 139.860721,   35.106757,        9.94,
 139.865225,   35.106757,       10.51,
 139.869730,   35.106757,       11.06,
 139.874234,   35.106757,       11.58,
 139.878739,   35.106757,       12.07,
 139.883243,   35.106757,       12.52,
 139.887748,   35.106757,       12.94,
 139.892252,   35.106757,       13.30,
 139.896757,   35.106757,       13.60,
 139.901261,   35.106757,       13.87,
 139.905766,   35.106757,       14.08,
 139.910270,   35.106757,       14.26,
 139.914775,   35.106757,       14.40,
 139.919279,   35.106757,       14.51,
 139.923784,   35.106757,       14.59,
 139.928288,   35.106757,       14.64,
 139.932793,   35.106757,       14.66,
 139.937297,   35.106757,       14.65,
 139.941802,   35.106757,       14.62,
 139.946306,   35.106757,       14.57,
 139.950811,   35.106757,       14.50,
 139.955315,   35.106757,       14.40,
 139.959820,   35.106757,       14.28,
 139.964324,   35.106757,       14.14,
 139.968829,   35.106757,       13.99,
 139.973333,   35.106757,       13.81,
 139.977838,   35.106757,       13.62,
 139.982342,   35.106757,       13.41,
 139.986847,   35.106757,       13.19,
 139.991351,   35.106757,       12.96,
 139.995856,   35.106757,       12.71,
 140.000360,   35.106757,       12.45,
 140.004865,   35.106757,       12.18,
 140.009369,   35.106757,       11.89,
 140.013874,   35.106757,       11.60,
 140.018378,   35.106757,       11.29,
 140.022883,   35.106757,       10.96,
 140.027387,   35.106757,       10.62,
 140.031892,   35.106757,       10.27,
 140.036396,   35.106757,        9.91,
 140.040901,   35.106757,        9.53,
 140.045405,   35.106757,        9.13,
 140.049910,   35.106757,        8.72,
 140.054414,   35.106757,        8.29,
 140.058919,   35.106757,        7.84,
 140.063423,   35.106757,        7.36,
 140.067928,   35.106757,        6.86,
 140.072432,   35.106757,        6.33,
 140.076937,   35.106757,        5.78,
 140.081441,   35.106757,        5.24,
 140.085946,   35.106757,        4.68,
 140.090450,   35.106757,        4.12,
 140.094955,   35.106757,        3.56,
 140.099459,   35.106757,        2.98,
 140.103964,   35.106757,        2.41,
 140.108468,   35.106757,        2.10,
 140.112973,   35.106757,        2.01,
 140.117477,   35.106757,        1.95,
 140.121982,   35.106757,        1.91,
 140.126486,   35.106757,        1.87,
 140.130991,   35.106757,        1.84,
 140.135495,   35.106757,        1.82,
 140.140000,   35.106757,        1.81,
 140.144505,   35.106757,        1.79,
 140.149009,   35.106757,        1.78,
 140.153514,   35.106757,        1.76,
 140.158018,   35.106757,        1.75,
 140.162523,   35.106757,        1.75,
 140.167027,   35.106757,        1.73,
 140.171532,   35.106757,        1.71,
 140.176036,   35.106757,        1.68,
 140.180541,   35.106757,        1.64,
 140.185045,   35.106757,        1.60,
 140.189550,   35.106757,        1.56,
 140.194054,   35.106757,        1.52,
 140.198559,   35.106757,        1.49,
 140.203063,   35.106757,        1.45,
 140.207568,   35.106757,        1.42,
 140.212072,   35.106757,        1.39,
 140.216577,   35.106757,        1.36,
 140.221081,   35.106757,        1.33,
 140.225586,   35.106757,        1.30,
 140.230090,   35.106757,        1.25,
 140.234595,   35.106757,        1.21,
 140.239099,   35.106757,        1.17,
 140.243604,   35.106757,        1.15,
 140.248108,   35.106757,        1.14,
 140.252613,   35.106757,        1.13,
 140.257117,   35.106757,        1.12,
 140.261622,   35.106757,        1.12,
 140.266126,   35.106757,        1.11,
 140.270631,   35.106757,        1.10,
 140.275135,   35.106757,        1.09,
 140.279640,   35.106757,        1.07,
 140.284144,   35.106757,        1.04,
 140.288649,   35.106757,        1.01,
 140.293153,   35.106757,        0.98,
 140.297658,   35.106757,        0.94,
 140.302162,   35.106757,        0.90,
 140.306667,   35.106757,        0.86,
 140.311171,   35.106757,        0.82,
 140.315676,   35.106757,        0.78,
 140.320180,   35.106757,        0.74,
 140.324685,   35.106757,        0.71,
 140.329189,   35.106757,        0.68,
 140.333694,   35.106757,        0.67,
 140.338198,   35.106757,        0.68,
 140.342703,   35.106757,        0.70,
 140.347207,   35.106757,        0.74,
 140.351712,   35.106757,        0.79,
 140.356216,   35.106757,        0.84,
 140.360721,   35.106757,        0.92,
 140.365225,   35.106757,        1.04,
 140.369730,   35.106757,        1.16,
 140.374234,   35.106757,        1.29,
 140.378739,   35.106757,        1.42,
 140.383243,   35.106757,        1.55,
 140.387748,   35.106757,        1.68,
 139.140000,   35.111261,       -0.03,
 139.144505,   35.111261,       -0.02,
 139.149009,   35.111261,       -0.02,
 139.153514,   35.111261,       -0.01,
 139.158018,   35.111261,       -0.00,
 139.162523,   35.111261,        0.00,
 139.167027,   35.111261,        0.00,
 139.171532,   35.111261,        0.00,
 139.176036,   35.111261,        0.00,
 139.180541,   35.111261,        0.00,
 139.185045,   35.111261,        0.02,
 139.189550,   35.111261,        0.09,
 139.194054,   35.111261,        0.18,
 139.198559,   35.111261,        0.30,
 139.203063,   35.111261,        0.49,
 139.207568,   35.111261,        0.80,
 139.212072,   35.111261,        1.21,
 139.216577,   35.111261,        1.68,
 139.221081,   35.111261,        2.14,
 139.225586,   35.111261,        2.61,
 139.230090,   35.111261,        3.05,
 139.234595,   35.111261,        3.34,
 139.239099,   35.111261,        3.58,
 139.243604,   35.111261,        3.81,
 139.248108,   35.111261,        4.02,
 139.252613,   35.111261,        4.20,
 139.257117,   35.111261,        4.35,
 139.261622,   35.111261,        4.48,
 139.266126,   35.111261,        4.59,
 139.270631,   35.111261,        4.69,
 139.275135,   35.111261,        4.78,
 139.279640,   35.111261,        4.87,
 139.284144,   35.111261,        4.96,
 139.288649,   35.111261,        5.05,
 139.293153,   35.111261,        5.13,
 139.297658,   35.111261,        5.19,
 139.302162,   35.111261,        5.23,
 139.306667,   35.111261,        5.25,
 139.311171,   35.111261,        5.25,
 139.315676,   35.111261,        5.24,
 139.320180,   35.111261,        5.23,
 139.324685,   35.111261,        5.22,
 139.329189,   35.111261,        5.21,
 139.333694,   35.111261,        5.20,
 139.338198,   35.111261,        5.19,
 139.342703,   35.111261,        5.15,
 139.347207,   35.111261,        5.08,
 139.351712,   35.111261,        4.99,
 139.356216,   35.111261,        4.89,
 139.360721,   35.111261,        4.79,
 139.365225,   35.111261,        4.70,
 139.369730,   35.111261,        4.60,
 139.374234,   35.111261,        4.50,
 139.378739,   35.111261,        4.39,
 139.383243,   35.111261,        4.28,
 139.387748,   35.111261,        4.16,
 139.392252,   35.111261,        4.03,
 139.396757,   35.111261,        3.92,
 139.401261,   35.111261,        3.83,
 139.405766,   35.111261,        3.74,
 139.410270,   35.111261,        3.64,
 139.414775,   35.111261,        3.55,
 139.419279,   35.111261,        3.46,
 139.423784,   35.111261,        3.37,
 139.428288,   35.111261,        3.38,
 139.432793,   35.111261,        3.41,
 139.437297,   35.111261,        3.44,
 139.441802,   35.111261,        3.47,
 139.446306,   35.111261,        3.50,
 139.450811,   35.111261,        3.54,
 139.455315,   35.111261,        3.60,
 139.459820,   35.111261,        3.70,
 139.464324,   35.111261,        3.86,
 139.468829,   35.111261,        4.03,
 139.473333,   35.111261,        4.20,
 139.477838,   35.111261,        4.37,
 139.482342,   35.111261,        4.55,
 139.486847,   35.111261,        4.74,
 139.491351,   35.111261,        4.95,
 139.495856,   35.111261,        5.16,
 139.500360,   35.111261,        5.36,
 139.504865,   35.111261,        5.56,
 139.509369,   35.111261,        5.76,
 139.513874,   35.111261,        5.96,
 139.518378,   35.111261,        6.15,
 139.522883,   35.111261,        6.32,
 139.527387,   35.111261,        6.50,
 139.531892,   35.111261,        6.68,
 139.536396,   35.111261,        6.85,
 139.540901,   35.111261,        7.03,
 139.545405,   35.111261,        7.25,
 139.549910,   35.111261,        7.49,
 139.554414,   35.111261,        7.73,
 139.558919,   35.111261,        7.97,
 139.563423,   35.111261,        8.16,
 139.567928,   35.111261,        8.29,
 139.572432,   35.111261,        8.43,
 139.576937,   35.111261,        8.40,
 139.581441,   35.111261,        8.30,
 139.585946,   35.111261,        8.24,
 139.590450,   35.111261,        8.28,
 139.594955,   35.111261,        8.31,
 139.599459,   35.111261,        8.49,
 139.603964,   35.111261,        8.71,
 139.608468,   35.111261,        8.90,
 139.612973,   35.111261,        9.19,
 139.617477,   35.111261,        9.48,
 139.621982,   35.111261,        9.72,
 139.626486,   35.111261,        9.95,
 139.630991,   35.111261,       10.18,
 139.635495,   35.111261,       10.39,
 139.640000,   35.111261,       10.60,
 139.644505,   35.111261,       10.82,
 139.649009,   35.111261,       11.00,
 139.653514,   35.111261,       11.08,
 139.658018,   35.111261,       11.09,
 139.662523,   35.111261,       11.16,
 139.667027,   35.111261,       11.22,
 139.671532,   35.111261,       11.18,
 139.676036,   35.111261,       11.23,
 139.680541,   35.111261,       11.16,
 139.685045,   35.111261,       10.99,
 139.689550,   35.111261,       10.92,
 139.694054,   35.111261,       10.80,
 139.698559,   35.111261,       10.63,
 139.703063,   35.111261,       10.52,
 139.707568,   35.111261,       10.39,
 139.712072,   35.111261,       10.31,
 139.716577,   35.111261,       10.38,
 139.721081,   35.111261,       10.46,
 139.725586,   35.111261,       10.66,
 139.730090,   35.111261,       11.04,
 139.734595,   35.111261,       11.41,
 139.739099,   35.111261,       11.81,
 139.743604,   35.111261,       12.17,
 139.748108,   35.111261,       12.48,
 139.752613,   35.111261,       12.71,
 139.757117,   35.111261,       12.76,
 139.761622,   35.111261,       12.73,
 139.766126,   35.111261,       12.64,
 139.770631,   35.111261,       12.41,
 139.775135,   35.111261,       12.07,
 139.779640,   35.111261,       11.71,
 139.784144,   35.111261,       11.28,
 139.788649,   35.111261,       10.62,
 139.793153,   35.111261,        9.94,
 139.797658,   35.111261,        9.18,
 139.802162,   35.111261,        8.31,
 139.806667,   35.111261,        7.45,
 139.811171,   35.111261,        6.72,
 139.815676,   35.111261,        6.21,
 139.820180,   35.111261,        5.76,
 139.824685,   35.111261,        5.79,
 139.829189,   35.111261,        5.96,
 139.833694,   35.111261,        6.92,
 139.838198,   35.111261,        7.96,
 139.842703,   35.111261,        8.03,
 139.847207,   35.111261,        8.52,
 139.851712,   35.111261,        9.20,
 139.856216,   35.111261,        9.90,
 139.860721,   35.111261,       10.59,
 139.865225,   35.111261,       11.24,
 139.869730,   35.111261,       11.84,
 139.874234,   35.111261,       12.41,
 139.878739,   35.111261,       12.93,
 139.883243,   35.111261,       13.41,
 139.887748,   35.111261,       13.84,
 139.892252,   35.111261,       14.20,
 139.896757,   35.111261,       14.52,
 139.901261,   35.111261,       14.78,
 139.905766,   35.111261,       15.00,
 139.910270,   35.111261,       15.17,
 139.914775,   35.111261,       15.31,
 139.919279,   35.111261,       15.42,
 139.923784,   35.111261,       15.49,
 139.928288,   35.111261,       15.54,
 139.932793,   35.111261,       15.55,
 139.937297,   35.111261,       15.54,
 139.941802,   35.111261,       15.51,
 139.946306,   35.111261,       15.45,
 139.950811,   35.111261,       15.36,
 139.955315,   35.111261,       15.26,
 139.959820,   35.111261,       15.13,
 139.964324,   35.111261,       14.98,
 139.968829,   35.111261,       14.81,
 139.973333,   35.111261,       14.62,
 139.977838,   35.111261,       14.42,
 139.982342,   35.111261,       14.21,
 139.986847,   35.111261,       13.98,
 139.991351,   35.111261,       13.74,
 139.995856,   35.111261,       13.48,
 140.000360,   35.111261,       13.21,
 140.004865,   35.111261,       12.93,
 140.009369,   35.111261,       12.64,
 140.013874,   35.111261,       12.34,
 140.018378,   35.111261,       12.02,
 140.022883,   35.111261,       11.69,
 140.027387,   35.111261,       11.34,
 140.031892,   35.111261,       10.99,
 140.036396,   35.111261,       10.61,
 140.040901,   35.111261,       10.23,
 140.045405,   35.111261,        9.83,
 140.049910,   35.111261,        9.41,
 140.054414,   35.111261,        8.98,
 140.058919,   35.111261,        8.52,
 140.063423,   35.111261,        8.05,
 140.067928,   35.111261,        7.55,
 140.072432,   35.111261,        7.02,
 140.076937,   35.111261,        6.47,
 140.081441,   35.111261,        5.91,
 140.085946,   35.111261,        5.35,
 140.090450,   35.111261,        4.78,
 140.094955,   35.111261,        4.19,
 140.099459,   35.111261,        3.60,
 140.103964,   35.111261,        3.01,
 140.108468,   35.111261,        2.36,
 140.112973,   35.111261,        2.02,
 140.117477,   35.111261,        1.98,
 140.121982,   35.111261,        1.94,
 140.126486,   35.111261,        1.91,
 140.130991,   35.111261,        1.89,
 140.135495,   35.111261,        1.87,
 140.140000,   35.111261,        1.84,
 140.144505,   35.111261,        1.82,
 140.149009,   35.111261,        1.81,
 140.153514,   35.111261,        1.79,
 140.158018,   35.111261,        1.79,
 140.162523,   35.111261,        1.78,
 140.167027,   35.111261,        1.79,
 140.171532,   35.111261,        1.77,
 140.176036,   35.111261,        1.74,
 140.180541,   35.111261,        1.70,
 140.185045,   35.111261,        1.66,
 140.189550,   35.111261,        1.61,
 140.194054,   35.111261,        1.57,
 140.198559,   35.111261,        1.53,
 140.203063,   35.111261,        1.50,
 140.207568,   35.111261,        1.47,
 140.212072,   35.111261,        1.43,
 140.216577,   35.111261,        1.40,
 140.221081,   35.111261,        1.38,
 140.225586,   35.111261,        1.35,
 140.230090,   35.111261,        1.30,
 140.234595,   35.111261,        1.24,
 140.239099,   35.111261,        1.20,
 140.243604,   35.111261,        1.17,
 140.248108,   35.111261,        1.14,
 140.252613,   35.111261,        1.13,
 140.257117,   35.111261,        1.11,
 140.261622,   35.111261,        1.10,
 140.266126,   35.111261,        1.09,
 140.270631,   35.111261,        1.07,
 140.275135,   35.111261,        1.05,
 140.279640,   35.111261,        1.02,
 140.284144,   35.111261,        1.00,
 140.288649,   35.111261,        0.97,
 140.293153,   35.111261,        0.94,
 140.297658,   35.111261,        0.90,
 140.302162,   35.111261,        0.86,
 140.306667,   35.111261,        0.83,
 140.311171,   35.111261,        0.79,
 140.315676,   35.111261,        0.76,
 140.320180,   35.111261,        0.73,
 140.324685,   35.111261,        0.70,
 140.329189,   35.111261,        0.69,
 140.333694,   35.111261,        0.69,
 140.338198,   35.111261,        0.70,
 140.342703,   35.111261,        0.74,
 140.347207,   35.111261,        0.77,
 140.351712,   35.111261,        0.81,
 140.356216,   35.111261,        0.86,
 140.360721,   35.111261,        0.91,
 140.365225,   35.111261,        1.03,
 140.369730,   35.111261,        1.16,
 140.374234,   35.111261,        1.28,
 140.378739,   35.111261,        1.41,
 140.383243,   35.111261,        1.54,
 140.387748,   35.111261,        1.68,
 139.140000,   35.115766,       -0.03,
 139.144505,   35.115766,       -0.02,
 139.149009,   35.115766,       -0.01,
 139.153514,   35.115766,       -0.01,
 139.158018,   35.115766,       -0.00,
 139.162523,   35.115766,        0.00,
 139.167027,   35.115766,        0.00,
 139.171532,   35.115766,        0.01,
 139.176036,   35.115766,        0.00,
 139.180541,   35.115766,        0.00,
 139.185045,   35.115766,        0.04,
 139.189550,   35.115766,        0.16,
 139.194054,   35.115766,        0.30,
 139.198559,   35.115766,        0.47,
 139.203063,   35.115766,        0.67,
 139.207568,   35.115766,        0.98,
 139.212072,   35.115766,        1.40,
 139.216577,   35.115766,        1.86,
 139.221081,   35.115766,        2.32,
 139.225586,   35.115766,        2.79,
 139.230090,   35.115766,        3.14,
 139.234595,   35.115766,        3.37,
 139.239099,   35.115766,        3.60,
 139.243604,   35.115766,        3.83,
 139.248108,   35.115766,        4.05,
 139.252613,   35.115766,        4.25,
 139.257117,   35.115766,        4.42,
 139.261622,   35.115766,        4.55,
 139.266126,   35.115766,        4.66,
 139.270631,   35.115766,        4.75,
 139.275135,   35.115766,        4.84,
 139.279640,   35.115766,        4.92,
 139.284144,   35.115766,        5.01,
 139.288649,   35.115766,        5.09,
 139.293153,   35.115766,        5.18,
 139.297658,   35.115766,        5.25,
 139.302162,   35.115766,        5.30,
 139.306667,   35.115766,        5.33,
 139.311171,   35.115766,        5.33,
 139.315676,   35.115766,        5.32,
 139.320180,   35.115766,        5.31,
 139.324685,   35.115766,        5.30,
 139.329189,   35.115766,        5.28,
 139.333694,   35.115766,        5.27,
 139.338198,   35.115766,        5.24,
 139.342703,   35.115766,        5.20,
 139.347207,   35.115766,        5.12,
 139.351712,   35.115766,        5.03,
 139.356216,   35.115766,        4.94,
 139.360721,   35.115766,        4.84,
 139.365225,   35.115766,        4.75,
 139.369730,   35.115766,        4.65,
 139.374234,   35.115766,        4.54,
 139.378739,   35.115766,        4.43,
 139.383243,   35.115766,        4.31,
 139.387748,   35.115766,        4.16,
 139.392252,   35.115766,        4.03,
 139.396757,   35.115766,        3.91,
 139.401261,   35.115766,        3.81,
 139.405766,   35.115766,        3.72,
 139.410270,   35.115766,        3.62,
 139.414775,   35.115766,        3.53,
 139.419279,   35.115766,        3.44,
 139.423784,   35.115766,        3.34,
 139.428288,   35.115766,        3.32,
 139.432793,   35.115766,        3.35,
 139.437297,   35.115766,        3.38,
 139.441802,   35.115766,        3.41,
 139.446306,   35.115766,        3.45,
 139.450811,   35.115766,        3.49,
 139.455315,   35.115766,        3.53,
 139.459820,   35.115766,        3.63,
 139.464324,   35.115766,        3.80,
 139.468829,   35.115766,        3.98,
 139.473333,   35.115766,        4.17,
 139.477838,   35.115766,        4.35,
 139.482342,   35.115766,        4.54,
 139.486847,   35.115766,        4.75,
 139.491351,   35.115766,        4.95,
 139.495856,   35.115766,        5.16,
 139.500360,   35.115766,        5.37,
 139.504865,   35.115766,        5.58,
 139.509369,   35.115766,        5.79,
 139.513874,   35.115766,        6.00,
 139.518378,   35.115766,        6.18,
 139.522883,   35.115766,        6.36,
 139.527387,   35.115766,        6.53,
 139.531892,   35.115766,        6.71,
 139.536396,   35.115766,        6.88,
 139.540901,   35.115766,        7.07,
 139.545405,   35.115766,        7.30,
 139.549910,   35.115766,        7.53,
 139.554414,   35.115766,        7.78,
 139.558919,   35.115766,        8.02,
 139.563423,   35.115766,        8.21,
 139.567928,   35.115766,        8.33,
 139.572432,   35.115766,        8.44,
 139.576937,   35.115766,        8.40,
 139.581441,   35.115766,        8.26,
 139.585946,   35.115766,        8.25,
 139.590450,   35.115766,        8.31,
 139.594955,   35.115766,        8.43,
 139.599459,   35.115766,        8.72,
 139.603964,   35.115766,        8.97,
 139.608468,   35.115766,        9.27,
 139.612973,   35.115766,        9.62,
 139.617477,   35.115766,        9.91,
 139.621982,   35.115766,       10.19,
 139.626486,   35.115766,       10.43,
 139.630991,   35.115766,       10.61,
 139.635495,   35.115766,       10.85,
 139.640000,   35.115766,       11.00,
 139.644505,   35.115766,       11.18,
 139.649009,   35.115766,       11.37,
 139.653514,   35.115766,       11.45,
 139.658018,   35.115766,       11.48,
 139.662523,   35.115766,       11.51,
 139.667027,   35.115766,       11.55,
 139.671532,   35.115766,       11.43,
 139.676036,   35.115766,       11.32,
 139.680541,   35.115766,       11.19,
 139.685045,   35.115766,       10.89,
 139.689550,   35.115766,       10.66,
 139.694054,   35.115766,       10.51,
 139.698559,   35.115766,       10.29,
 139.703063,   35.115766,       10.08,
 139.707568,   35.115766,        9.99,
 139.712072,   35.115766,        9.93,
 139.716577,   35.115766,        9.92,
 139.721081,   35.115766,       10.08,
 139.725586,   35.115766,       10.38,
 139.730090,   35.115766,       10.71,
 139.734595,   35.115766,       11.12,
 139.739099,   35.115766,       11.61,
 139.743604,   35.115766,       12.03,
 139.748108,   35.115766,       12.33,
 139.752613,   35.115766,       12.58,
 139.757117,   35.115766,       12.72,
 139.761622,   35.115766,       12.69,
 139.766126,   35.115766,       12.57,
 139.770631,   35.115766,       12.38,
 139.775135,   35.115766,       12.09,
 139.779640,   35.115766,       11.70,
 139.784144,   35.115766,       11.24,
 139.788649,   35.115766,       10.66,
 139.793153,   35.115766,        9.97,
 139.797658,   35.115766,        9.23,
 139.802162,   35.115766,        8.42,
 139.806667,   35.115766,        7.58,
 139.811171,   35.115766,        6.91,
 139.815676,   35.115766,        6.33,
 139.820180,   35.115766,        5.94,
 139.824685,   35.115766,        5.93,
 139.829189,   35.115766,        6.03,
 139.833694,   35.115766,        6.89,
 139.838198,   35.115766,        7.76,
 139.842703,   35.115766,        7.99,
 139.847207,   35.115766,        8.82,
 139.851712,   35.115766,        9.71,
 139.856216,   35.115766,       10.54,
 139.860721,   35.115766,       11.31,
 139.865225,   35.115766,       12.03,
 139.869730,   35.115766,       12.69,
 139.874234,   35.115766,       13.29,
 139.878739,   35.115766,       13.85,
 139.883243,   35.115766,       14.35,
 139.887748,   35.115766,       14.78,
 139.892252,   35.115766,       15.15,
 139.896757,   35.115766,       15.46,
 139.901261,   35.115766,       15.72,
 139.905766,   35.115766,       15.94,
 139.910270,   35.115766,       16.11,
 139.914775,   35.115766,       16.25,
 139.919279,   35.115766,       16.35,
 139.923784,   35.115766,       16.42,
 139.928288,   35.115766,       16.46,
 139.932793,   35.115766,       16.47,
 139.937297,   35.115766,       16.46,
 139.941802,   35.115766,       16.41,
 139.946306,   35.115766,       16.34,
 139.950811,   35.115766,       16.24,
 139.955315,   35.115766,       16.12,
 139.959820,   35.115766,       15.98,
 139.964324,   35.115766,       15.82,
 139.968829,   35.115766,       15.64,
 139.973333,   35.115766,       15.44,
 139.977838,   35.115766,       15.23,
 139.982342,   35.115766,       15.01,
 139.986847,   35.115766,       14.77,
 139.991351,   35.115766,       14.53,
 139.995856,   35.115766,       14.26,
 140.000360,   35.115766,       13.99,
 140.004865,   35.115766,       13.70,
 140.009369,   35.115766,       13.40,
 140.013874,   35.115766,       13.09,
 140.018378,   35.115766,       12.77,
 140.022883,   35.115766,       12.43,
 140.027387,   35.115766,       12.08,
 140.031892,   35.115766,       11.72,
 140.036396,   35.115766,       11.34,
 140.040901,   35.115766,       10.95,
 140.045405,   35.115766,       10.55,
 140.049910,   35.115766,       10.13,
 140.054414,   35.115766,        9.69,
 140.058919,   35.115766,        9.24,
 140.063423,   35.115766,        8.76,
 140.067928,   35.115766,        8.26,
 140.072432,   35.115766,        7.74,
 140.076937,   35.115766,        7.19,
 140.081441,   35.115766,        6.64,
 140.085946,   35.115766,        6.08,
 140.090450,   35.115766,        5.51,
 140.094955,   35.115766,        4.94,
 140.099459,   35.115766,        4.35,
 140.103964,   35.115766,        3.74,
 140.108468,   35.115766,        3.11,
 140.112973,   35.115766,        2.44,
 140.117477,   35.115766,        2.01,
 140.121982,   35.115766,        1.97,
 140.126486,   35.115766,        1.95,
 140.130991,   35.115766,        1.93,
 140.135495,   35.115766,        1.91,
 140.140000,   35.115766,        1.88,
 140.144505,   35.115766,        1.86,
 140.149009,   35.115766,        1.85,
 140.153514,   35.115766,        1.83,
 140.158018,   35.115766,        1.82,
 140.162523,   35.115766,        1.83,
 140.167027,   35.115766,        1.86,
 140.171532,   35.115766,        1.85,
 140.176036,   35.115766,        1.82,
 140.180541,   35.115766,        1.77,
 140.185045,   35.115766,        1.73,
 140.189550,   35.115766,        1.66,
 140.194054,   35.115766,        1.60,
 140.198559,   35.115766,        1.57,
 140.203063,   35.115766,        1.54,
 140.207568,   35.115766,        1.50,
 140.212072,   35.115766,        1.46,
 140.216577,   35.115766,        1.42,
 140.221081,   35.115766,        1.40,
 140.225586,   35.115766,        1.36,
 140.230090,   35.115766,        1.32,
 140.234595,   35.115766,        1.27,
 140.239099,   35.115766,        1.23,
 140.243604,   35.115766,        1.20,
 140.248108,   35.115766,        1.16,
 140.252613,   35.115766,        1.14,
 140.257117,   35.115766,        1.11,
 140.261622,   35.115766,        1.09,
 140.266126,   35.115766,        1.07,
 140.270631,   35.115766,        1.04,
 140.275135,   35.115766,        1.01,
 140.279640,   35.115766,        0.99,
 140.284144,   35.115766,        0.96,
 140.288649,   35.115766,        0.93,
 140.293153,   35.115766,        0.90,
 140.297658,   35.115766,        0.87,
 140.302162,   35.115766,        0.84,
 140.306667,   35.115766,        0.81,
 140.311171,   35.115766,        0.78,
 140.315676,   35.115766,        0.75,
 140.320180,   35.115766,        0.73,
 140.324685,   35.115766,        0.71,
 140.329189,   35.115766,        0.71,
 140.333694,   35.115766,        0.71,
 140.338198,   35.115766,        0.73,
 140.342703,   35.115766,        0.76,
 140.347207,   35.115766,        0.78,
 140.351712,   35.115766,        0.81,
 140.356216,   35.115766,        0.86,
 140.360721,   35.115766,        0.92,
 140.365225,   35.115766,        1.01,
 140.369730,   35.115766,        1.14,
 140.374234,   35.115766,        1.27,
 140.378739,   35.115766,        1.41,
 140.383243,   35.115766,        1.54,
 140.387748,   35.115766,        1.66,
 139.140000,   35.120270,       -0.03,
 139.144505,   35.120270,       -0.01,
 139.149009,   35.120270,       -0.00,
 139.153514,   35.120270,        0.00,
 139.158018,   35.120270,        0.01,
 139.162523,   35.120270,        0.01,
 139.167027,   35.120270,        0.01,
 139.171532,   35.120270,        0.01,
 139.176036,   35.120270,        0.01,
 139.180541,   35.120270,        0.01,
 139.185045,   35.120270,        0.04,
 139.189550,   35.120270,        0.21,
 139.194054,   35.120270,        0.39,
 139.198559,   35.120270,        0.59,
 139.203063,   35.120270,        0.81,
 139.207568,   35.120270,        1.14,
 139.212072,   35.120270,        1.57,
 139.216577,   35.120270,        2.01,
 139.221081,   35.120270,        2.45,
 139.225586,   35.120270,        2.88,
 139.230090,   35.120270,        3.18,
 139.234595,   35.120270,        3.40,
 139.239099,   35.120270,        3.63,
 139.243604,   35.120270,        3.85,
 139.248108,   35.120270,        4.07,
 139.252613,   35.120270,        4.29,
 139.257117,   35.120270,        4.48,
 139.261622,   35.120270,        4.63,
 139.266126,   35.120270,        4.72,
 139.270631,   35.120270,        4.80,
 139.275135,   35.120270,        4.88,
 139.279640,   35.120270,        4.96,
 139.284144,   35.120270,        5.04,
 139.288649,   35.120270,        5.13,
 139.293153,   35.120270,        5.22,
 139.297658,   35.120270,        5.30,
 139.302162,   35.120270,        5.37,
 139.306667,   35.120270,        5.41,
 139.311171,   35.120270,        5.41,
 139.315676,   35.120270,        5.40,
 139.320180,   35.120270,        5.38,
 139.324685,   35.120270,        5.36,
 139.329189,   35.120270,        5.34,
 139.333694,   35.120270,        5.32,
 139.338198,   35.120270,        5.29,
 139.342703,   35.120270,        5.24,
 139.347207,   35.120270,        5.17,
 139.351712,   35.120270,        5.08,
 139.356216,   35.120270,        4.99,
 139.360721,   35.120270,        4.89,
 139.365225,   35.120270,        4.79,
 139.369730,   35.120270,        4.70,
 139.374234,   35.120270,        4.59,
 139.378739,   35.120270,        4.46,
 139.383243,   35.120270,        4.32,
 139.387748,   35.120270,        4.17,
 139.392252,   35.120270,        4.03,
 139.396757,   35.120270,        3.90,
 139.401261,   35.120270,        3.79,
 139.405766,   35.120270,        3.69,
 139.410270,   35.120270,        3.60,
 139.414775,   35.120270,        3.50,
 139.419279,   35.120270,        3.41,
 139.423784,   35.120270,        3.32,
 139.428288,   35.120270,        3.28,
 139.432793,   35.120270,        3.28,
 139.437297,   35.120270,        3.32,
 139.441802,   35.120270,        3.35,
 139.446306,   35.120270,        3.39,
 139.450811,   35.120270,        3.43,
 139.455315,   35.120270,        3.47,
 139.459820,   35.120270,        3.56,
 139.464324,   35.120270,        3.75,
 139.468829,   35.120270,        3.95,
 139.473333,   35.120270,        4.14,
 139.477838,   35.120270,        4.34,
 139.482342,   35.120270,        4.54,
 139.486847,   35.120270,        4.75,
 139.491351,   35.120270,        4.95,
 139.495856,   35.120270,        5.17,
 139.500360,   35.120270,        5.38,
 139.504865,   35.120270,        5.60,
 139.509369,   35.120270,        5.81,
 139.513874,   35.120270,        6.03,
 139.518378,   35.120270,        6.21,
 139.522883,   35.120270,        6.38,
 139.527387,   35.120270,        6.56,
 139.531892,   35.120270,        6.73,
 139.536396,   35.120270,        6.91,
 139.540901,   35.120270,        7.10,
 139.545405,   35.120270,        7.33,
 139.549910,   35.120270,        7.57,
 139.554414,   35.120270,        7.81,
 139.558919,   35.120270,        8.06,
 139.563423,   35.120270,        8.26,
 139.567928,   35.120270,        8.37,
 139.572432,   35.120270,        8.47,
 139.576937,   35.120270,        8.47,
 139.581441,   35.120270,        8.37,
 139.585946,   35.120270,        8.35,
 139.590450,   35.120270,        8.46,
 139.594955,   35.120270,        8.76,
 139.599459,   35.120270,        9.06,
 139.603964,   35.120270,        9.40,
 139.608468,   35.120270,        9.86,
 139.612973,   35.120270,       10.23,
 139.617477,   35.120270,       10.60,
 139.621982,   35.120270,       10.98,
 139.626486,   35.120270,       11.26,
 139.630991,   35.120270,       11.43,
 139.635495,   35.120270,       11.55,
 139.640000,   35.120270,       11.74,
 139.644505,   35.120270,       11.95,
 139.649009,   35.120270,       12.06,
 139.653514,   35.120270,       12.19,
 139.658018,   35.120270,       12.26,
 139.662523,   35.120270,       12.19,
 139.667027,   35.120270,       12.13,
 139.671532,   35.120270,       12.03,
 139.676036,   35.120270,       11.70,
 139.680541,   35.120270,       11.53,
 139.685045,   35.120270,       11.25,
 139.689550,   35.120270,       10.69,
 139.694054,   35.120270,       10.44,
 139.698559,   35.120270,       10.23,
 139.703063,   35.120270,        9.87,
 139.707568,   35.120270,        9.75,
 139.712072,   35.120270,        9.71,
 139.716577,   35.120270,        9.62,
 139.721081,   35.120270,        9.88,
 139.725586,   35.120270,       10.21,
 139.730090,   35.120270,       10.50,
 139.734595,   35.120270,       11.02,
 139.739099,   35.120270,       11.53,
 139.743604,   35.120270,       11.95,
 139.748108,   35.120270,       12.31,
 139.752613,   35.120270,       12.56,
 139.757117,   35.120270,       12.73,
 139.761622,   35.120270,       12.70,
 139.766126,   35.120270,       12.56,
 139.770631,   35.120270,       12.37,
 139.775135,   35.120270,       12.11,
 139.779640,   35.120270,       11.66,
 139.784144,   35.120270,       11.19,
 139.788649,   35.120270,       10.69,
 139.793153,   35.120270,       10.00,
 139.797658,   35.120270,        9.24,
 139.802162,   35.120270,        8.48,
 139.806667,   35.120270,        7.73,
 139.811171,   35.120270,        7.06,
 139.815676,   35.120270,        6.45,
 139.820180,   35.120270,        6.09,
 139.824685,   35.120270,        6.08,
 139.829189,   35.120270,        6.09,
 139.833694,   35.120270,        6.83,
 139.838198,   35.120270,        7.58,
 139.842703,   35.120270,        8.12,
 139.847207,   35.120270,        9.26,
 139.851712,   35.120270,       10.33,
 139.856216,   35.120270,       11.28,
 139.860721,   35.120270,       12.12,
 139.865225,   35.120270,       12.89,
 139.869730,   35.120270,       13.59,
 139.874234,   35.120270,       14.23,
 139.878739,   35.120270,       14.81,
 139.883243,   35.120270,       15.32,
 139.887748,   35.120270,       15.75,
 139.892252,   35.120270,       16.12,
 139.896757,   35.120270,       16.44,
 139.901261,   35.120270,       16.70,
 139.905766,   35.120270,       16.91,
 139.910270,   35.120270,       17.08,
 139.914775,   35.120270,       17.22,
 139.919279,   35.120270,       17.32,
 139.923784,   35.120270,       17.38,
 139.928288,   35.120270,       17.41,
 139.932793,   35.120270,       17.42,
 139.937297,   35.120270,       17.39,
 139.941802,   35.120270,       17.32,
 139.946306,   35.120270,       17.24,
 139.950811,   35.120270,       17.13,
 139.955315,   35.120270,       16.99,
 139.959820,   35.120270,       16.84,
 139.964324,   35.120270,       16.67,
 139.968829,   35.120270,       16.48,
 139.973333,   35.120270,       16.28,
 139.977838,   35.120270,       16.06,
 139.982342,   35.120270,       15.83,
 139.986847,   35.120270,       15.59,
 139.991351,   35.120270,       15.33,
 139.995856,   35.120270,       15.06,
 140.000360,   35.120270,       14.78,
 140.004865,   35.120270,       14.48,
 140.009369,   35.120270,       14.18,
 140.013874,   35.120270,       13.86,
 140.018378,   35.120270,       13.53,
 140.022883,   35.120270,       13.19,
 140.027387,   35.120270,       12.83,
 140.031892,   35.120270,       12.46,
 140.036396,   35.120270,       12.08,
 140.040901,   35.120270,       11.69,
 140.045405,   35.120270,       11.28,
 140.049910,   35.120270,       10.86,
 140.054414,   35.120270,       10.42,
 140.058919,   35.120270,        9.96,
 140.063423,   35.120270,        9.49,
 140.067928,   35.120270,        8.99,
 140.072432,   35.120270,        8.47,
 140.076937,   35.120270,        7.93,
 140.081441,   35.120270,        7.39,
 140.085946,   35.120270,        6.83,
 140.090450,   35.120270,        6.27,
 140.094955,   35.120270,        5.70,
 140.099459,   35.120270,        5.13,
 140.103964,   35.120270,        4.55,
 140.108468,   35.120270,        3.96,
 140.112973,   35.120270,        3.35,
 140.117477,   35.120270,        2.80,
 140.121982,   35.120270,        2.24,
 140.126486,   35.120270,        1.98,
 140.130991,   35.120270,        1.96,
 140.135495,   35.120270,        1.94,
 140.140000,   35.120270,        1.92,
 140.144505,   35.120270,        1.90,
 140.149009,   35.120270,        1.89,
 140.153514,   35.120270,        1.88,
 140.158018,   35.120270,        1.86,
 140.162523,   35.120270,        1.87,
 140.167027,   35.120270,        1.90,
 140.171532,   35.120270,        1.91,
 140.176036,   35.120270,        1.89,
 140.180541,   35.120270,        1.86,
 140.185045,   35.120270,        1.85,
 140.189550,   35.120270,        1.80,
 140.194054,   35.120270,        1.76,
 140.198559,   35.120270,        1.72,
 140.203063,   35.120270,        1.66,
 140.207568,   35.120270,        1.60,
 140.212072,   35.120270,        1.54,
 140.216577,   35.120270,        1.47,
 140.221081,   35.120270,        1.41,
 140.225586,   35.120270,        1.37,
 140.230090,   35.120270,        1.33,
 140.234595,   35.120270,        1.29,
 140.239099,   35.120270,        1.26,
 140.243604,   35.120270,        1.22,
 140.248108,   35.120270,        1.18,
 140.252613,   35.120270,        1.14,
 140.257117,   35.120270,        1.12,
 140.261622,   35.120270,        1.09,
 140.266126,   35.120270,        1.06,
 140.270631,   35.120270,        1.04,
 140.275135,   35.120270,        1.01,
 140.279640,   35.120270,        0.98,
 140.284144,   35.120270,        0.96,
 140.288649,   35.120270,        0.93,
 140.293153,   35.120270,        0.90,
 140.297658,   35.120270,        0.87,
 140.302162,   35.120270,        0.84,
 140.306667,   35.120270,        0.81,
 140.311171,   35.120270,        0.79,
 140.315676,   35.120270,        0.76,
 140.320180,   35.120270,        0.74,
 140.324685,   35.120270,        0.73,
 140.329189,   35.120270,        0.73,
 140.333694,   35.120270,        0.74,
 140.338198,   35.120270,        0.76,
 140.342703,   35.120270,        0.78,
 140.347207,   35.120270,        0.81,
 140.351712,   35.120270,        0.83,
 140.356216,   35.120270,        0.87,
 140.360721,   35.120270,        0.93,
 140.365225,   35.120270,        0.99,
 140.369730,   35.120270,        1.13,
 140.374234,   35.120270,        1.27,
 140.378739,   35.120270,        1.40,
 140.383243,   35.120270,        1.52,
 140.387748,   35.120270,        1.65,
 139.140000,   35.124775,       -0.02,
 139.144505,   35.124775,       -0.01,
 139.149009,   35.124775,        0.01,
 139.153514,   35.124775,        0.02,
 139.158018,   35.124775,        0.02,
 139.162523,   35.124775,        0.02,
 139.167027,   35.124775,        0.03,
 139.171532,   35.124775,        0.03,
 139.176036,   35.124775,        0.02,
 139.180541,   35.124775,        0.02,
 139.185045,   35.124775,        0.02,
 139.189550,   35.124775,        0.15,
 139.194054,   35.124775,        0.40,
 139.198559,   35.124775,        0.66,
 139.203063,   35.124775,        0.92,
 139.207568,   35.124775,        1.29,
 139.212072,   35.124775,        1.70,
 139.216577,   35.124775,        2.12,
 139.221081,   35.124775,        2.54,
 139.225586,   35.124775,        2.94,
 139.230090,   35.124775,        3.22,
 139.234595,   35.124775,        3.44,
 139.239099,   35.124775,        3.66,
 139.243604,   35.124775,        3.87,
 139.248108,   35.124775,        4.09,
 139.252613,   35.124775,        4.31,
 139.257117,   35.124775,        4.53,
 139.261622,   35.124775,        4.70,
 139.266126,   35.124775,        4.77,
 139.270631,   35.124775,        4.84,
 139.275135,   35.124775,        4.91,
 139.279640,   35.124775,        4.99,
 139.284144,   35.124775,        5.07,
 139.288649,   35.124775,        5.16,
 139.293153,   35.124775,        5.24,
 139.297658,   35.124775,        5.34,
 139.302162,   35.124775,        5.43,
 139.306667,   35.124775,        5.50,
 139.311171,   35.124775,        5.49,
 139.315676,   35.124775,        5.47,
 139.320180,   35.124775,        5.44,
 139.324685,   35.124775,        5.42,
 139.329189,   35.124775,        5.40,
 139.333694,   35.124775,        5.38,
 139.338198,   35.124775,        5.34,
 139.342703,   35.124775,        5.29,
 139.347207,   35.124775,        5.22,
 139.351712,   35.124775,        5.12,
 139.356216,   35.124775,        5.03,
 139.360721,   35.124775,        4.94,
 139.365225,   35.124775,        4.85,
 139.369730,   35.124775,        4.75,
 139.374234,   35.124775,        4.62,
 139.378739,   35.124775,        4.48,
 139.383243,   35.124775,        4.33,
 139.387748,   35.124775,        4.17,
 139.392252,   35.124775,        4.02,
 139.396757,   35.124775,        3.89,
 139.401261,   35.124775,        3.77,
 139.405766,   35.124775,        3.67,
 139.410270,   35.124775,        3.57,
 139.414775,   35.124775,        3.48,
 139.419279,   35.124775,        3.38,
 139.423784,   35.124775,        3.28,
 139.428288,   35.124775,        3.23,
 139.432793,   35.124775,        3.22,
 139.437297,   35.124775,        3.25,
 139.441802,   35.124775,        3.29,
 139.446306,   35.124775,        3.34,
 139.450811,   35.124775,        3.39,
 139.455315,   35.124775,        3.44,
 139.459820,   35.124775,        3.53,
 139.464324,   35.124775,        3.72,
 139.468829,   35.124775,        3.92,
 139.473333,   35.124775,        4.13,
 139.477838,   35.124775,        4.33,
 139.482342,   35.124775,        4.54,
 139.486847,   35.124775,        4.75,
 139.491351,   35.124775,        4.95,
 139.495856,   35.124775,        5.17,
 139.500360,   35.124775,        5.39,
 139.504865,   35.124775,        5.61,
 139.509369,   35.124775,        5.83,
 139.513874,   35.124775,        6.05,
 139.518378,   35.124775,        6.24,
 139.522883,   35.124775,        6.41,
 139.527387,   35.124775,        6.58,
 139.531892,   35.124775,        6.75,
 139.536396,   35.124775,        6.93,
 139.540901,   35.124775,        7.14,
 139.545405,   35.124775,        7.36,
 139.549910,   35.124775,        7.60,
 139.554414,   35.124775,        7.84,
 139.558919,   35.124775,        8.08,
 139.563423,   35.124775,        8.30,
 139.567928,   35.124775,        8.44,
 139.572432,   35.124775,        8.53,
 139.576937,   35.124775,        8.59,
 139.581441,   35.124775,        8.55,
 139.585946,   35.124775,        8.52,
 139.590450,   35.124775,        8.78,
 139.594955,   35.124775,        9.13,
 139.599459,   35.124775,        9.48,
 139.603964,   35.124775,       10.00,
 139.608468,   35.124775,       10.54,
 139.612973,   35.124775,       10.98,
 139.617477,   35.124775,       11.48,
 139.621982,   35.124775,       11.94,
 139.626486,   35.124775,       12.29,
 139.630991,   35.124775,       12.44,
 139.635495,   35.124775,       12.56,
 139.640000,   35.124775,       12.77,
 139.644505,   35.124775,       12.92,
 139.649009,   35.124775,       13.07,
 139.653514,   35.124775,       13.27,
 139.658018,   35.124775,       13.38,
 139.662523,   35.124775,       13.38,
 139.667027,   35.124775,       13.40,
 139.671532,   35.124775,       13.26,
 139.676036,   35.124775,       12.98,
 139.680541,   35.124775,       12.63,
 139.685045,   35.124775,       12.24,
 139.689550,   35.124775,       11.59,
 139.694054,   35.124775,       10.89,
 139.698559,   35.124775,       10.54,
 139.703063,   35.124775,       10.18,
 139.707568,   35.124775,        9.81,
 139.712072,   35.124775,        9.70,
 139.716577,   35.124775,        9.76,
 139.721081,   35.124775,        9.91,
 139.725586,   35.124775,       10.20,
 139.730090,   35.124775,       10.64,
 139.734595,   35.124775,       11.14,
 139.739099,   35.124775,       11.62,
 139.743604,   35.124775,       12.07,
 139.748108,   35.124775,       12.45,
 139.752613,   35.124775,       12.71,
 139.757117,   35.124775,       12.81,
 139.761622,   35.124775,       12.79,
 139.766126,   35.124775,       12.66,
 139.770631,   35.124775,       12.42,
 139.775135,   35.124775,       12.07,
 139.779640,   35.124775,       11.63,
 139.784144,   35.124775,       11.16,
 139.788649,   35.124775,       10.64,
 139.793153,   35.124775,        9.99,
 139.797658,   35.124775,        9.25,
 139.802162,   35.124775,        8.51,
 139.806667,   35.124775,        7.80,
 139.811171,   35.124775,        7.12,
 139.815676,   35.124775,        6.56,
 139.820180,   35.124775,        6.26,
 139.824685,   35.124775,        6.16,
 139.829189,   35.124775,        6.25,
 139.833694,   35.124775,        6.77,
 139.838198,   35.124775,        7.41,
 139.842703,   35.124775,        8.43,
 139.847207,   35.124775,        9.83,
 139.851712,   35.124775,       11.05,
 139.856216,   35.124775,       12.10,
 139.860721,   35.124775,       13.01,
 139.865225,   35.124775,       13.82,
 139.869730,   35.124775,       14.56,
 139.874234,   35.124775,       15.23,
 139.878739,   35.124775,       15.82,
 139.883243,   35.124775,       16.33,
 139.887748,   35.124775,       16.77,
 139.892252,   35.124775,       17.14,
 139.896757,   35.124775,       17.45,
 139.901261,   35.124775,       17.71,
 139.905766,   35.124775,       17.92,
 139.910270,   35.124775,       18.08,
 139.914775,   35.124775,       18.21,
 139.919279,   35.124775,       18.31,
 139.923784,   35.124775,       18.36,
 139.928288,   35.124775,       18.39,
 139.932793,   35.124775,       18.37,
 139.937297,   35.124775,       18.32,
 139.941802,   35.124775,       18.25,
 139.946306,   35.124775,       18.15,
 139.950811,   35.124775,       18.02,
 139.955315,   35.124775,       17.88,
 139.959820,   35.124775,       17.71,
 139.964324,   35.124775,       17.53,
 139.968829,   35.124775,       17.33,
 139.973333,   35.124775,       17.12,
 139.977838,   35.124775,       16.90,
 139.982342,   35.124775,       16.66,
 139.986847,   35.124775,       16.41,
 139.991351,   35.124775,       16.14,
 139.995856,   35.124775,       15.87,
 140.000360,   35.124775,       15.58,
 140.004865,   35.124775,       15.28,
 140.009369,   35.124775,       14.97,
 140.013874,   35.124775,       14.64,
 140.018378,   35.124775,       14.31,
 140.022883,   35.124775,       13.96,
 140.027387,   35.124775,       13.60,
 140.031892,   35.124775,       13.23,
 140.036396,   35.124775,       12.84,
 140.040901,   35.124775,       12.44,
 140.045405,   35.124775,       12.03,
 140.049910,   35.124775,       11.61,
 140.054414,   35.124775,       11.16,
 140.058919,   35.124775,       10.71,
 140.063423,   35.124775,       10.23,
 140.067928,   35.124775,        9.74,
 140.072432,   35.124775,        9.22,
 140.076937,   35.124775,        8.69,
 140.081441,   35.124775,        8.15,
 140.085946,   35.124775,        7.60,
 140.090450,   35.124775,        7.05,
 140.094955,   35.124775,        6.49,
 140.099459,   35.124775,        5.93,
 140.103964,   35.124775,        5.36,
 140.108468,   35.124775,        4.79,
 140.112973,   35.124775,        4.23,
 140.117477,   35.124775,        3.68,
 140.121982,   35.124775,        3.19,
 140.126486,   35.124775,        2.71,
 140.130991,   35.124775,        2.27,
 140.135495,   35.124775,        1.97,
 140.140000,   35.124775,        1.96,
 140.144505,   35.124775,        1.95,
 140.149009,   35.124775,        1.93,
 140.153514,   35.124775,        1.92,
 140.158018,   35.124775,        1.91,
 140.162523,   35.124775,        1.91,
 140.167027,   35.124775,        1.92,
 140.171532,   35.124775,        1.94,
 140.176036,   35.124775,        1.94,
 140.180541,   35.124775,        1.98,
 140.185045,   35.124775,        2.02,
 140.189550,   35.124775,        1.98,
 140.194054,   35.124775,        1.92,
 140.198559,   35.124775,        1.85,
 140.203063,   35.124775,        1.77,
 140.207568,   35.124775,        1.70,
 140.212072,   35.124775,        1.63,
 140.216577,   35.124775,        1.56,
 140.221081,   35.124775,        1.49,
 140.225586,   35.124775,        1.41,
 140.230090,   35.124775,        1.34,
 140.234595,   35.124775,        1.28,
 140.239099,   35.124775,        1.25,
 140.243604,   35.124775,        1.21,
 140.248108,   35.124775,        1.18,
 140.252613,   35.124775,        1.16,
 140.257117,   35.124775,        1.13,
 140.261622,   35.124775,        1.11,
 140.266126,   35.124775,        1.09,
 140.270631,   35.124775,        1.06,
 140.275135,   35.124775,        1.03,
 140.279640,   35.124775,        1.00,
 140.284144,   35.124775,        0.98,
 140.288649,   35.124775,        0.95,
 140.293153,   35.124775,        0.93,
 140.297658,   35.124775,        0.90,
 140.302162,   35.124775,        0.87,
 140.306667,   35.124775,        0.85,
 140.311171,   35.124775,        0.82,
 140.315676,   35.124775,        0.80,
 140.320180,   35.124775,        0.78,
 140.324685,   35.124775,        0.76,
 140.329189,   35.124775,        0.77,
 140.333694,   35.124775,        0.78,
 140.338198,   35.124775,        0.80,
 140.342703,   35.124775,        0.82,
 140.347207,   35.124775,        0.85,
 140.351712,   35.124775,        0.87,
 140.356216,   35.124775,        0.90,
 140.360721,   35.124775,        0.95,
 140.365225,   35.124775,        1.02,
 140.369730,   35.124775,        1.14,
 140.374234,   35.124775,        1.28,
 140.378739,   35.124775,        1.40,
 140.383243,   35.124775,        1.52,
 140.387748,   35.124775,        1.63,
 139.140000,   35.129279,        0.01,
 139.144505,   35.129279,        0.01,
 139.149009,   35.129279,        0.02,
 139.153514,   35.129279,        0.03,
 139.158018,   35.129279,        0.04,
 139.162523,   35.129279,        0.04,
 139.167027,   35.129279,        0.04,
 139.171532,   35.129279,        0.04,
 139.176036,   35.129279,        0.04,
 139.180541,   35.129279,        0.03,
 139.185045,   35.129279,        0.02,
 139.189550,   35.129279,        0.07,
 139.194054,   35.129279,        0.40,
 139.198559,   35.129279,        0.72,
 139.203063,   35.129279,        1.07,
 139.207568,   35.129279,        1.43,
 139.212072,   35.129279,        1.82,
 139.216577,   35.129279,        2.22,
 139.221081,   35.129279,        2.62,
 139.225586,   35.129279,        3.01,
 139.230090,   35.129279,        3.27,
 139.234595,   35.129279,        3.48,
 139.239099,   35.129279,        3.68,
 139.243604,   35.129279,        3.90,
 139.248108,   35.129279,        4.11,
 139.252613,   35.129279,        4.32,
 139.257117,   35.129279,        4.52,
 139.261622,   35.129279,        4.68,
 139.266126,   35.129279,        4.77,
 139.270631,   35.129279,        4.85,
 139.275135,   35.129279,        4.93,
 139.279640,   35.129279,        5.01,
 139.284144,   35.129279,        5.09,
 139.288649,   35.129279,        5.18,
 139.293153,   35.129279,        5.26,
 139.297658,   35.129279,        5.36,
 139.302162,   35.129279,        5.45,
 139.306667,   35.129279,        5.54,
 139.311171,   35.129279,        5.53,
 139.315676,   35.129279,        5.50,
 139.320180,   35.129279,        5.47,
 139.324685,   35.129279,        5.45,
 139.329189,   35.129279,        5.43,
 139.333694,   35.129279,        5.42,
 139.338198,   35.129279,        5.40,
 139.342703,   35.129279,        5.35,
 139.347207,   35.129279,        5.25,
 139.351712,   35.129279,        5.15,
 139.356216,   35.129279,        5.06,
 139.360721,   35.129279,        4.97,
 139.365225,   35.129279,        4.89,
 139.369730,   35.129279,        4.80,
 139.374234,   35.129279,        4.64,
 139.378739,   35.129279,        4.48,
 139.383243,   35.129279,        4.33,
 139.387748,   35.129279,        4.17,
 139.392252,   35.129279,        4.02,
 139.396757,   35.129279,        3.87,
 139.401261,   35.129279,        3.74,
 139.405766,   35.129279,        3.64,
 139.410270,   35.129279,        3.54,
 139.414775,   35.129279,        3.45,
 139.419279,   35.129279,        3.35,
 139.423784,   35.129279,        3.25,
 139.428288,   35.129279,        3.18,
 139.432793,   35.129279,        3.16,
 139.437297,   35.129279,        3.18,
 139.441802,   35.129279,        3.23,
 139.446306,   35.129279,        3.29,
 139.450811,   35.129279,        3.35,
 139.455315,   35.129279,        3.41,
 139.459820,   35.129279,        3.52,
 139.464324,   35.129279,        3.69,
 139.468829,   35.129279,        3.89,
 139.473333,   35.129279,        4.10,
 139.477838,   35.129279,        4.31,
 139.482342,   35.129279,        4.53,
 139.486847,   35.129279,        4.74,
 139.491351,   35.129279,        4.96,
 139.495856,   35.129279,        5.18,
 139.500360,   35.129279,        5.41,
 139.504865,   35.129279,        5.63,
 139.509369,   35.129279,        5.86,
 139.513874,   35.129279,        6.07,
 139.518378,   35.129279,        6.26,
 139.522883,   35.129279,        6.43,
 139.527387,   35.129279,        6.60,
 139.531892,   35.129279,        6.76,
 139.536396,   35.129279,        6.95,
 139.540901,   35.129279,        7.17,
 139.545405,   35.129279,        7.40,
 139.549910,   35.129279,        7.63,
 139.554414,   35.129279,        7.87,
 139.558919,   35.129279,        8.12,
 139.563423,   35.129279,        8.35,
 139.567928,   35.129279,        8.53,
 139.572432,   35.129279,        8.61,
 139.576937,   35.129279,        8.68,
 139.581441,   35.129279,        8.70,
 139.585946,   35.129279,        8.86,
 139.590450,   35.129279,        9.17,
 139.594955,   35.129279,        9.54,
 139.599459,   35.129279,       10.13,
 139.603964,   35.129279,       10.75,
 139.608468,   35.129279,       11.30,
 139.612973,   35.129279,       11.93,
 139.617477,   35.129279,       12.49,
 139.621982,   35.129279,       12.95,
 139.626486,   35.129279,       13.35,
 139.630991,   35.129279,       13.67,
 139.635495,   35.129279,       14.03,
 139.640000,   35.129279,       14.27,
 139.644505,   35.129279,       14.33,
 139.649009,   35.129279,       14.38,
 139.653514,   35.129279,       14.52,
 139.658018,   35.129279,       14.68,
 139.662523,   35.129279,       14.77,
 139.667027,   35.129279,       14.78,
 139.671532,   35.129279,       14.70,
 139.676036,   35.129279,       14.48,
 139.680541,   35.129279,       14.01,
 139.685045,   35.129279,       13.43,
 139.689550,   35.129279,       12.69,
 139.694054,   35.129279,       11.76,
 139.698559,   35.129279,       10.93,
 139.703063,   35.129279,       10.50,
 139.707568,   35.129279,       10.05,
 139.712072,   35.129279,        9.82,
 139.716577,   35.129279,        9.95,
 139.721081,   35.129279,       10.07,
 139.725586,   35.129279,       10.37,
 139.730090,   35.129279,       10.92,
 139.734595,   35.129279,       11.40,
 139.739099,   35.129279,       11.85,
 139.743604,   35.129279,       12.33,
 139.748108,   35.129279,       12.71,
 139.752613,   35.129279,       12.92,
 139.757117,   35.129279,       12.97,
 139.761622,   35.129279,       12.93,
 139.766126,   35.129279,       12.78,
 139.770631,   35.129279,       12.43,
 139.775135,   35.129279,       12.04,
 139.779640,   35.129279,       11.62,
 139.784144,   35.129279,       11.14,
 139.788649,   35.129279,       10.56,
 139.793153,   35.129279,        9.93,
 139.797658,   35.129279,        9.27,
 139.802162,   35.129279,        8.52,
 139.806667,   35.129279,        7.81,
 139.811171,   35.129279,        7.12,
 139.815676,   35.129279,        6.69,
 139.820180,   35.129279,        6.43,
 139.824685,   35.129279,        6.23,
 139.829189,   35.129279,        6.46,
 139.833694,   35.129279,        6.87,
 139.838198,   35.129279,        7.31,
 139.842703,   35.129279,        8.91,
 139.847207,   35.129279,       10.53,
 139.851712,   35.129279,       11.88,
 139.856216,   35.129279,       13.01,
 139.860721,   35.129279,       13.98,
 139.865225,   35.129279,       14.83,
 139.869730,   35.129279,       15.59,
 139.874234,   35.129279,       16.28,
 139.878739,   35.129279,       16.88,
 139.883243,   35.129279,       17.39,
 139.887748,   35.129279,       17.82,
 139.892252,   35.129279,       18.19,
 139.896757,   35.129279,       18.49,
 139.901261,   35.129279,       18.75,
 139.905766,   35.129279,       18.95,
 139.910270,   35.129279,       19.12,
 139.914775,   35.129279,       19.24,
 139.919279,   35.129279,       19.32,
 139.923784,   35.129279,       19.37,
 139.928288,   35.129279,       19.37,
 139.932793,   35.129279,       19.33,
 139.937297,   35.129279,       19.27,
 139.941802,   35.129279,       19.18,
 139.946306,   35.129279,       19.06,
 139.950811,   35.129279,       18.93,
 139.955315,   35.129279,       18.77,
 139.959820,   35.129279,       18.60,
 139.964324,   35.129279,       18.40,
 139.968829,   35.129279,       18.20,
 139.973333,   35.129279,       17.98,
 139.977838,   35.129279,       17.74,
 139.982342,   35.129279,       17.50,
 139.986847,   35.129279,       17.24,
 139.991351,   35.129279,       16.97,
 139.995856,   35.129279,       16.69,
 140.000360,   35.129279,       16.39,
 140.004865,   35.129279,       16.08,
 140.009369,   35.129279,       15.77,
 140.013874,   35.129279,       15.44,
 140.018378,   35.129279,       15.09,
 140.022883,   35.129279,       14.74,
 140.027387,   35.129279,       14.38,
 140.031892,   35.129279,       14.00,
 140.036396,   35.129279,       13.61,
 140.040901,   35.129279,       13.21,
 140.045405,   35.129279,       12.79,
 140.049910,   35.129279,       12.36,
 140.054414,   35.129279,       11.92,
 140.058919,   35.129279,       11.46,
 140.063423,   35.129279,       10.99,
 140.067928,   35.129279,       10.50,
 140.072432,   35.129279,        9.99,
 140.076937,   35.129279,        9.46,
 140.081441,   35.129279,        8.92,
 140.085946,   35.129279,        8.38,
 140.090450,   35.129279,        7.83,
 140.094955,   35.129279,        7.28,
 140.099459,   35.129279,        6.74,
 140.103964,   35.129279,        6.20,
 140.108468,   35.129279,        5.68,
 140.112973,   35.129279,        5.16,
 140.117477,   35.129279,        4.67,
 140.121982,   35.129279,        4.25,
 140.126486,   35.129279,        3.85,
 140.130991,   35.129279,        3.48,
 140.135495,   35.129279,        3.18,
 140.140000,   35.129279,        2.93,
 140.144505,   35.129279,        2.80,
 140.149009,   35.129279,        2.73,
 140.153514,   35.129279,        2.68,
 140.158018,   35.129279,        2.63,
 140.162523,   35.129279,        2.58,
 140.167027,   35.129279,        2.53,
 140.171532,   35.129279,        2.47,
 140.176036,   35.129279,        2.42,
 140.180541,   35.129279,        2.36,
 140.185045,   35.129279,        2.29,
 140.189550,   35.129279,        2.22,
 140.194054,   35.129279,        2.14,
 140.198559,   35.129279,        2.04,
 140.203063,   35.129279,        1.92,
 140.207568,   35.129279,        1.81,
 140.212072,   35.129279,        1.73,
 140.216577,   35.129279,        1.66,
 140.221081,   35.129279,        1.58,
 140.225586,   35.129279,        1.51,
 140.230090,   35.129279,        1.43,
 140.234595,   35.129279,        1.36,
 140.239099,   35.129279,        1.27,
 140.243604,   35.129279,        1.22,
 140.248108,   35.129279,        1.20,
 140.252613,   35.129279,        1.17,
 140.257117,   35.129279,        1.15,
 140.261622,   35.129279,        1.13,
 140.266126,   35.129279,        1.11,
 140.270631,   35.129279,        1.09,
 140.275135,   35.129279,        1.06,
 140.279640,   35.129279,        1.04,
 140.284144,   35.129279,        1.02,
 140.288649,   35.129279,        1.00,
 140.293153,   35.129279,        0.99,
 140.297658,   35.129279,        0.96,
 140.302162,   35.129279,        0.94,
 140.306667,   35.129279,        0.92,
 140.311171,   35.129279,        0.89,
 140.315676,   35.129279,        0.88,
 140.320180,   35.129279,        0.87,
 140.324685,   35.129279,        0.85,
 140.329189,   35.129279,        0.85,
 140.333694,   35.129279,        0.86,
 140.338198,   35.129279,        0.86,
 140.342703,   35.129279,        0.89,
 140.347207,   35.129279,        0.91,
 140.351712,   35.129279,        0.93,
 140.356216,   35.129279,        0.96,
 140.360721,   35.129279,        1.01,
 140.365225,   35.129279,        1.06,
 140.369730,   35.129279,        1.17,
 140.374234,   35.129279,        1.29,
 140.378739,   35.129279,        1.42,
 140.383243,   35.129279,        1.53,
 140.387748,   35.129279,        1.62,
 139.140000,   35.133784,        0.06,
 139.144505,   35.133784,        0.06,
 139.149009,   35.133784,        0.06,
 139.153514,   35.133784,        0.06,
 139.158018,   35.133784,        0.06,
 139.162523,   35.133784,        0.07,
 139.167027,   35.133784,        0.07,
 139.171532,   35.133784,        0.08,
 139.176036,   35.133784,        0.08,
 139.180541,   35.133784,        0.08,
 139.185045,   35.133784,        0.08,
 139.189550,   35.133784,        0.24,
 139.194054,   35.133784,        0.54,
 139.198559,   35.133784,        0.87,
 139.203063,   35.133784,        1.22,
 139.207568,   35.133784,        1.58,
 139.212072,   35.133784,        1.95,
 139.216577,   35.133784,        2.33,
 139.221081,   35.133784,        2.72,
 139.225586,   35.133784,        3.09,
 139.230090,   35.133784,        3.31,
 139.234595,   35.133784,        3.51,
 139.239099,   35.133784,        3.71,
 139.243604,   35.133784,        3.91,
 139.248108,   35.133784,        4.12,
 139.252613,   35.133784,        4.31,
 139.257117,   35.133784,        4.49,
 139.261622,   35.133784,        4.64,
 139.266126,   35.133784,        4.75,
 139.270631,   35.133784,        4.84,
 139.275135,   35.133784,        4.93,
 139.279640,   35.133784,        5.02,
 139.284144,   35.133784,        5.10,
 139.288649,   35.133784,        5.18,
 139.293153,   35.133784,        5.27,
 139.297658,   35.133784,        5.35,
 139.302162,   35.133784,        5.43,
 139.306667,   35.133784,        5.47,
 139.311171,   35.133784,        5.49,
 139.315676,   35.133784,        5.48,
 139.320180,   35.133784,        5.47,
 139.324685,   35.133784,        5.45,
 139.329189,   35.133784,        5.44,
 139.333694,   35.133784,        5.44,
 139.338198,   35.133784,        5.44,
 139.342703,   35.133784,        5.39,
 139.347207,   35.133784,        5.27,
 139.351712,   35.133784,        5.17,
 139.356216,   35.133784,        5.07,
 139.360721,   35.133784,        4.97,
 139.365225,   35.133784,        4.88,
 139.369730,   35.133784,        4.77,
 139.374234,   35.133784,        4.63,
 139.378739,   35.133784,        4.48,
 139.383243,   35.133784,        4.32,
 139.387748,   35.133784,        4.17,
 139.392252,   35.133784,        4.02,
 139.396757,   35.133784,        3.87,
 139.401261,   35.133784,        3.72,
 139.405766,   35.133784,        3.61,
 139.410270,   35.133784,        3.51,
 139.414775,   35.133784,        3.41,
 139.419279,   35.133784,        3.31,
 139.423784,   35.133784,        3.21,
 139.428288,   35.133784,        3.13,
 139.432793,   35.133784,        3.09,
 139.437297,   35.133784,        3.12,
 139.441802,   35.133784,        3.18,
 139.446306,   35.133784,        3.25,
 139.450811,   35.133784,        3.32,
 139.455315,   35.133784,        3.39,
 139.459820,   35.133784,        3.50,
 139.464324,   35.133784,        3.66,
 139.468829,   35.133784,        3.85,
 139.473333,   35.133784,        4.07,
 139.477838,   35.133784,        4.29,
 139.482342,   35.133784,        4.51,
 139.486847,   35.133784,        4.74,
 139.491351,   35.133784,        4.98,
 139.495856,   35.133784,        5.21,
 139.500360,   35.133784,        5.43,
 139.504865,   35.133784,        5.66,
 139.509369,   35.133784,        5.88,
 139.513874,   35.133784,        6.10,
 139.518378,   35.133784,        6.29,
 139.522883,   35.133784,        6.46,
 139.527387,   35.133784,        6.63,
 139.531892,   35.133784,        6.79,
 139.536396,   35.133784,        6.98,
 139.540901,   35.133784,        7.21,
 139.545405,   35.133784,        7.43,
 139.549910,   35.133784,        7.67,
 139.554414,   35.133784,        7.93,
 139.558919,   35.133784,        8.18,
 139.563423,   35.133784,        8.41,
 139.567928,   35.133784,        8.60,
 139.572432,   35.133784,        8.71,
 139.576937,   35.133784,        8.78,
 139.581441,   35.133784,        8.96,
 139.585946,   35.133784,        9.24,
 139.590450,   35.133784,        9.55,
 139.594955,   35.133784,       10.11,
 139.599459,   35.133784,       10.84,
 139.603964,   35.133784,       11.55,
 139.608468,   35.133784,       12.19,
 139.612973,   35.133784,       12.90,
 139.617477,   35.133784,       13.62,
 139.621982,   35.133784,       14.03,
 139.626486,   35.133784,       14.40,
 139.630991,   35.133784,       14.81,
 139.635495,   35.133784,       15.27,
 139.640000,   35.133784,       15.66,
 139.644505,   35.133784,       15.69,
 139.649009,   35.133784,       15.79,
 139.653514,   35.133784,       15.94,
 139.658018,   35.133784,       16.18,
 139.662523,   35.133784,       16.36,
 139.667027,   35.133784,       16.51,
 139.671532,   35.133784,       16.80,
 139.676036,   35.133784,       16.63,
 139.680541,   35.133784,       16.01,
 139.685045,   35.133784,       15.09,
 139.689550,   35.133784,       14.20,
 139.694054,   35.133784,       13.09,
 139.698559,   35.133784,       11.69,
 139.703063,   35.133784,       10.85,
 139.707568,   35.133784,       10.48,
 139.712072,   35.133784,       10.22,
 139.716577,   35.133784,       10.18,
 139.721081,   35.133784,       10.42,
 139.725586,   35.133784,       10.87,
 139.730090,   35.133784,       11.37,
 139.734595,   35.133784,       11.86,
 139.739099,   35.133784,       12.35,
 139.743604,   35.133784,       12.79,
 139.748108,   35.133784,       13.11,
 139.752613,   35.133784,       13.25,
 139.757117,   35.133784,       13.27,
 139.761622,   35.133784,       13.13,
 139.766126,   35.133784,       12.85,
 139.770631,   35.133784,       12.47,
 139.775135,   35.133784,       12.06,
 139.779640,   35.133784,       11.62,
 139.784144,   35.133784,       11.09,
 139.788649,   35.133784,       10.47,
 139.793153,   35.133784,        9.85,
 139.797658,   35.133784,        9.20,
 139.802162,   35.133784,        8.48,
 139.806667,   35.133784,        7.76,
 139.811171,   35.133784,        7.14,
 139.815676,   35.133784,        6.79,
 139.820180,   35.133784,        6.52,
 139.824685,   35.133784,        6.34,
 139.829189,   35.133784,        6.56,
 139.833694,   35.133784,        6.85,
 139.838198,   35.133784,        7.40,
 139.842703,   35.133784,        9.54,
 139.847207,   35.133784,       11.35,
 139.851712,   35.133784,       12.80,
 139.856216,   35.133784,       14.00,
 139.860721,   35.133784,       15.02,
 139.865225,   35.133784,       15.91,
 139.869730,   35.133784,       16.69,
 139.874234,   35.133784,       17.39,
 139.878739,   35.133784,       17.98,
 139.883243,   35.133784,       18.48,
 139.887748,   35.133784,       18.91,
 139.892252,   35.133784,       19.28,
 139.896757,   35.133784,       19.58,
 139.901261,   35.133784,       19.82,
 139.905766,   35.133784,       20.02,
 139.910270,   35.133784,       20.18,
 139.914775,   35.133784,       20.29,
 139.919279,   35.133784,       20.36,
 139.923784,   35.133784,       20.38,
 139.928288,   35.133784,       20.36,
 139.932793,   35.133784,       20.31,
 139.937297,   35.133784,       20.23,
 139.941802,   35.133784,       20.12,
 139.946306,   35.133784,       19.99,
 139.950811,   35.133784,       19.84,
 139.955315,   35.133784,       19.67,
 139.959820,   35.133784,       19.49,
 139.964324,   35.133784,       19.29,
 139.968829,   35.133784,       19.07,
 139.973333,   35.133784,       18.84,
 139.977838,   35.133784,       18.60,
 139.982342,   35.133784,       18.35,
 139.986847,   35.133784,       18.08,
 139.991351,   35.133784,       17.80,
 139.995856,   35.133784,       17.51,
 140.000360,   35.133784,       17.21,
 140.004865,   35.133784,       16.90,
 140.009369,   35.133784,       16.57,
 140.013874,   35.133784,       16.24,
 140.018378,   35.133784,       15.89,
 140.022883,   35.133784,       15.53,
 140.027387,   35.133784,       15.16,
 140.031892,   35.133784,       14.78,
 140.036396,   35.133784,       14.39,
 140.040901,   35.133784,       13.98,
 140.045405,   35.133784,       13.56,
 140.049910,   35.133784,       13.13,
 140.054414,   35.133784,       12.69,
 140.058919,   35.133784,       12.23,
 140.063423,   35.133784,       11.76,
 140.067928,   35.133784,       11.27,
 140.072432,   35.133784,       10.76,
 140.076937,   35.133784,       10.23,
 140.081441,   35.133784,        9.70,
 140.085946,   35.133784,        9.18,
 140.090450,   35.133784,        8.66,
 140.094955,   35.133784,        8.15,
 140.099459,   35.133784,        7.64,
 140.103964,   35.133784,        7.14,
 140.108468,   35.133784,        6.65,
 140.112973,   35.133784,        6.18,
 140.117477,   35.133784,        5.73,
 140.121982,   35.133784,        5.33,
 140.126486,   35.133784,        4.98,
 140.130991,   35.133784,        4.65,
 140.135495,   35.133784,        4.36,
 140.140000,   35.133784,        4.12,
 140.144505,   35.133784,        3.91,
 140.149009,   35.133784,        3.74,
 140.153514,   35.133784,        3.64,
 140.158018,   35.133784,        3.55,
 140.162523,   35.133784,        3.46,
 140.167027,   35.133784,        3.37,
 140.171532,   35.133784,        3.27,
 140.176036,   35.133784,        3.17,
 140.180541,   35.133784,        3.07,
 140.185045,   35.133784,        2.96,
 140.189550,   35.133784,        2.86,
 140.194054,   35.133784,        2.75,
 140.198559,   35.133784,        2.63,
 140.203063,   35.133784,        2.51,
 140.207568,   35.133784,        2.38,
 140.212072,   35.133784,        2.23,
 140.216577,   35.133784,        2.08,
 140.221081,   35.133784,        1.91,
 140.225586,   35.133784,        1.73,
 140.230090,   35.133784,        1.58,
 140.234595,   35.133784,        1.46,
 140.239099,   35.133784,        1.38,
 140.243604,   35.133784,        1.31,
 140.248108,   35.133784,        1.24,
 140.252613,   35.133784,        1.20,
 140.257117,   35.133784,        1.18,
 140.261622,   35.133784,        1.16,
 140.266126,   35.133784,        1.14,
 140.270631,   35.133784,        1.12,
 140.275135,   35.133784,        1.10,
 140.279640,   35.133784,        1.09,
 140.284144,   35.133784,        1.07,
 140.288649,   35.133784,        1.07,
 140.293153,   35.133784,        1.06,
 140.297658,   35.133784,        1.05,
 140.302162,   35.133784,        1.04,
 140.306667,   35.133784,        1.02,
 140.311171,   35.133784,        1.00,
 140.315676,   35.133784,        1.00,
 140.320180,   35.133784,        0.99,
 140.324685,   35.133784,        0.98,
 140.329189,   35.133784,        0.95,
 140.333694,   35.133784,        0.98,
 140.338198,   35.133784,        0.97,
 140.342703,   35.133784,        0.98,
 140.347207,   35.133784,        1.00,
 140.351712,   35.133784,        1.01,
 140.356216,   35.133784,        1.04,
 140.360721,   35.133784,        1.08,
 140.365225,   35.133784,        1.13,
 140.369730,   35.133784,        1.21,
 140.374234,   35.133784,        1.33,
 140.378739,   35.133784,        1.44,
 140.383243,   35.133784,        1.54,
 140.387748,   35.133784,        1.63,
 139.140000,   35.138288,        0.10,
 139.144505,   35.138288,        0.10,
 139.149009,   35.138288,        0.11,
 139.153514,   35.138288,        0.11,
 139.158018,   35.138288,        0.10,
 139.162523,   35.138288,        0.10,
 139.167027,   35.138288,        0.10,
 139.171532,   35.138288,        0.12,
 139.176036,   35.138288,        0.13,
 139.180541,   35.138288,        0.14,
 139.185045,   35.138288,        0.21,
 139.189550,   35.138288,        0.45,
 139.194054,   35.138288,        0.73,
 139.198559,   35.138288,        1.03,
 139.203063,   35.138288,        1.37,
 139.207568,   35.138288,        1.71,
 139.212072,   35.138288,        2.07,
 139.216577,   35.138288,        2.44,
 139.221081,   35.138288,        2.81,
 139.225586,   35.138288,        3.14,
 139.230090,   35.138288,        3.33,
 139.234595,   35.138288,        3.52,
 139.239099,   35.138288,        3.72,
 139.243604,   35.138288,        3.92,
 139.248108,   35.138288,        4.12,
 139.252613,   35.138288,        4.30,
 139.257117,   35.138288,        4.46,
 139.261622,   35.138288,        4.60,
 139.266126,   35.138288,        4.71,
 139.270631,   35.138288,        4.82,
 139.275135,   35.138288,        4.92,
 139.279640,   35.138288,        5.01,
 139.284144,   35.138288,        5.10,
 139.288649,   35.138288,        5.18,
 139.293153,   35.138288,        5.26,
 139.297658,   35.138288,        5.32,
 139.302162,   35.138288,        5.38,
 139.306667,   35.138288,        5.41,
 139.311171,   35.138288,        5.42,
 139.315676,   35.138288,        5.43,
 139.320180,   35.138288,        5.43,
 139.324685,   35.138288,        5.43,
 139.329189,   35.138288,        5.42,
 139.333694,   35.138288,        5.41,
 139.338198,   35.138288,        5.40,
 139.342703,   35.138288,        5.34,
 139.347207,   35.138288,        5.25,
 139.351712,   35.138288,        5.15,
 139.356216,   35.138288,        5.05,
 139.360721,   35.138288,        4.94,
 139.365225,   35.138288,        4.83,
 139.369730,   35.138288,        4.72,
 139.374234,   35.138288,        4.60,
 139.378739,   35.138288,        4.46,
 139.383243,   35.138288,        4.31,
 139.387748,   35.138288,        4.16,
 139.392252,   35.138288,        4.00,
 139.396757,   35.138288,        3.85,
 139.401261,   35.138288,        3.69,
 139.405766,   35.138288,        3.57,
 139.410270,   35.138288,        3.46,
 139.414775,   35.138288,        3.36,
 139.419279,   35.138288,        3.27,
 139.423784,   35.138288,        3.17,
 139.428288,   35.138288,        3.08,
 139.432793,   35.138288,        3.00,
 139.437297,   35.138288,        3.06,
 139.441802,   35.138288,        3.14,
 139.446306,   35.138288,        3.21,
 139.450811,   35.138288,        3.29,
 139.455315,   35.138288,        3.38,
 139.459820,   35.138288,        3.48,
 139.464324,   35.138288,        3.62,
 139.468829,   35.138288,        3.81,
 139.473333,   35.138288,        4.04,
 139.477838,   35.138288,        4.27,
 139.482342,   35.138288,        4.51,
 139.486847,   35.138288,        4.76,
 139.491351,   35.138288,        5.01,
 139.495856,   35.138288,        5.25,
 139.500360,   35.138288,        5.47,
 139.504865,   35.138288,        5.69,
 139.509369,   35.138288,        5.92,
 139.513874,   35.138288,        6.14,
 139.518378,   35.138288,        6.32,
 139.522883,   35.138288,        6.50,
 139.527387,   35.138288,        6.67,
 139.531892,   35.138288,        6.85,
 139.536396,   35.138288,        7.04,
 139.540901,   35.138288,        7.25,
 139.545405,   35.138288,        7.47,
 139.549910,   35.138288,        7.72,
 139.554414,   35.138288,        8.00,
 139.558919,   35.138288,        8.26,
 139.563423,   35.138288,        8.48,
 139.567928,   35.138288,        8.67,
 139.572432,   35.138288,        8.82,
 139.576937,   35.138288,        8.99,
 139.581441,   35.138288,        9.27,
 139.585946,   35.138288,        9.56,
 139.590450,   35.138288,       10.07,
 139.594955,   35.138288,       10.77,
 139.599459,   35.138288,       11.53,
 139.603964,   35.138288,       12.33,
 139.608468,   35.138288,       13.10,
 139.612973,   35.138288,       13.81,
 139.617477,   35.138288,       14.52,
 139.621982,   35.138288,       14.99,
 139.626486,   35.138288,       15.40,
 139.630991,   35.138288,       15.82,
 139.635495,   35.138288,       16.24,
 139.640000,   35.138288,       16.62,
 139.644505,   35.138288,       16.82,
 139.649009,   35.138288,       17.00,
 139.653514,   35.138288,       17.28,
 139.658018,   35.138288,       17.59,
 139.662523,   35.138288,       17.97,
 139.667027,   35.138288,       18.47,
 139.671532,   35.138288,       19.01,
 139.676036,   35.138288,       19.00,
 139.680541,   35.138288,       18.30,
 139.685045,   35.138288,       17.21,
 139.689550,   35.138288,       15.88,
 139.694054,   35.138288,       14.17,
 139.698559,   35.138288,       12.59,
 139.703063,   35.138288,       11.22,
 139.707568,   35.138288,       10.88,
 139.712072,   35.138288,       10.62,
 139.716577,   35.138288,       10.46,
 139.721081,   35.138288,       10.92,
 139.725586,   35.138288,       11.42,
 139.730090,   35.138288,       11.90,
 139.734595,   35.138288,       12.41,
 139.739099,   35.138288,       12.90,
 139.743604,   35.138288,       13.34,
 139.748108,   35.138288,       13.48,
 139.752613,   35.138288,       13.60,
 139.757117,   35.138288,       13.56,
 139.761622,   35.138288,       13.26,
 139.766126,   35.138288,       12.95,
 139.770631,   35.138288,       12.55,
 139.775135,   35.138288,       12.07,
 139.779640,   35.138288,       11.57,
 139.784144,   35.138288,       11.01,
 139.788649,   35.138288,       10.39,
 139.793153,   35.138288,        9.77,
 139.797658,   35.138288,        9.08,
 139.802162,   35.138288,        8.37,
 139.806667,   35.138288,        7.67,
 139.811171,   35.138288,        7.21,
 139.815676,   35.138288,        6.85,
 139.820180,   35.138288,        6.53,
 139.824685,   35.138288,        6.50,
 139.829189,   35.138288,        6.64,
 139.833694,   35.138288,        6.84,
 139.838198,   35.138288,        7.82,
 139.842703,   35.138288,       10.37,
 139.847207,   35.138288,       12.29,
 139.851712,   35.138288,       13.82,
 139.856216,   35.138288,       15.07,
 139.860721,   35.138288,       16.13,
 139.865225,   35.138288,       17.04,
 139.869730,   35.138288,       17.85,
 139.874234,   35.138288,       18.54,
 139.878739,   35.138288,       19.13,
 139.883243,   35.138288,       19.63,
 139.887748,   35.138288,       20.05,
 139.892252,   35.138288,       20.40,
 139.896757,   35.138288,       20.70,
 139.901261,   35.138288,       20.94,
 139.905766,   35.138288,       21.13,
 139.910270,   35.138288,       21.27,
 139.914775,   35.138288,       21.36,
 139.919279,   35.138288,       21.40,
 139.923784,   35.138288,       21.40,
 139.928288,   35.138288,       21.36,
 139.932793,   35.138288,       21.29,
 139.937297,   35.138288,       21.20,
 139.941802,   35.138288,       21.07,
 139.946306,   35.138288,       20.93,
 139.950811,   35.138288,       20.77,
 139.955315,   35.138288,       20.59,
 139.959820,   35.138288,       20.39,
 139.964324,   35.138288,       20.18,
 139.968829,   35.138288,       19.96,
 139.973333,   35.138288,       19.72,
 139.977838,   35.138288,       19.47,
 139.982342,   35.138288,       19.21,
 139.986847,   35.138288,       18.93,
 139.991351,   35.138288,       18.65,
 139.995856,   35.138288,       18.35,
 140.000360,   35.138288,       18.04,
 140.004865,   35.138288,       17.72,
 140.009369,   35.138288,       17.39,
 140.013874,   35.138288,       17.05,
 140.018378,   35.138288,       16.70,
 140.022883,   35.138288,       16.33,
 140.027387,   35.138288,       15.96,
 140.031892,   35.138288,       15.57,
 140.036396,   35.138288,       15.17,
 140.040901,   35.138288,       14.77,
 140.045405,   35.138288,       14.35,
 140.049910,   35.138288,       13.91,
 140.054414,   35.138288,       13.47,
 140.058919,   35.138288,       13.01,
 140.063423,   35.138288,       12.53,
 140.067928,   35.138288,       12.05,
 140.072432,   35.138288,       11.55,
 140.076937,   35.138288,       11.05,
 140.081441,   35.138288,       10.54,
 140.085946,   35.138288,       10.04,
 140.090450,   35.138288,        9.54,
 140.094955,   35.138288,        9.05,
 140.099459,   35.138288,        8.57,
 140.103964,   35.138288,        8.10,
 140.108468,   35.138288,        7.64,
 140.112973,   35.138288,        7.20,
 140.117477,   35.138288,        6.79,
 140.121982,   35.138288,        6.41,
 140.126486,   35.138288,        6.07,
 140.130991,   35.138288,        5.76,
 140.135495,   35.138288,        5.47,
 140.140000,   35.138288,        5.20,
 140.144505,   35.138288,        4.98,
 140.149009,   35.138288,        4.78,
 140.153514,   35.138288,        4.60,
 140.158018,   35.138288,        4.46,
 140.162523,   35.138288,        4.34,
 140.167027,   35.138288,        4.22,
 140.171532,   35.138288,        4.10,
 140.176036,   35.138288,        3.99,
 140.180541,   35.138288,        3.87,
 140.185045,   35.138288,        3.75,
 140.189550,   35.138288,        3.63,
 140.194054,   35.138288,        3.50,
 140.198559,   35.138288,        3.37,
 140.203063,   35.138288,        3.23,
 140.207568,   35.138288,        3.09,
 140.212072,   35.138288,        2.93,
 140.216577,   35.138288,        2.77,
 140.221081,   35.138288,        2.60,
 140.225586,   35.138288,        2.42,
 140.230090,   35.138288,        2.22,
 140.234595,   35.138288,        2.01,
 140.239099,   35.138288,        1.80,
 140.243604,   35.138288,        1.58,
 140.248108,   35.138288,        1.37,
 140.252613,   35.138288,        1.26,
 140.257117,   35.138288,        1.21,
 140.261622,   35.138288,        1.19,
 140.266126,   35.138288,        1.17,
 140.270631,   35.138288,        1.14,
 140.275135,   35.138288,        1.12,
 140.279640,   35.138288,        1.12,
 140.284144,   35.138288,        1.13,
 140.288649,   35.138288,        1.13,
 140.293153,   35.138288,        1.13,
 140.297658,   35.138288,        1.14,
 140.302162,   35.138288,        1.13,
 140.306667,   35.138288,        1.12,
 140.311171,   35.138288,        1.13,
 140.315676,   35.138288,        1.14,
 140.320180,   35.138288,        1.15,
 140.324685,   35.138288,        1.15,
 140.329189,   35.138288,        1.15,
 140.333694,   35.138288,        1.16,
 140.338198,   35.138288,        1.15,
 140.342703,   35.138288,        1.12,
 140.347207,   35.138288,        1.13,
 140.351712,   35.138288,        1.14,
 140.356216,   35.138288,        1.15,
 140.360721,   35.138288,        1.18,
 140.365225,   35.138288,        1.21,
 140.369730,   35.138288,        1.28,
 140.374234,   35.138288,        1.38,
 140.378739,   35.138288,        1.49,
 140.383243,   35.138288,        1.62,
 140.387748,   35.138288,        1.72,
 139.140000,   35.142793,        0.15,
 139.144505,   35.142793,        0.15,
 139.149009,   35.142793,        0.15,
 139.153514,   35.142793,        0.15,
 139.158018,   35.142793,        0.14,
 139.162523,   35.142793,        0.14,
 139.167027,   35.142793,        0.14,
 139.171532,   35.142793,        0.17,
 139.176036,   35.142793,        0.19,
 139.180541,   35.142793,        0.20,
 139.185045,   35.142793,        0.37,
 139.189550,   35.142793,        0.62,
 139.194054,   35.142793,        0.89,
 139.198559,   35.142793,        1.18,
 139.203063,   35.142793,        1.48,
 139.207568,   35.142793,        1.81,
 139.212072,   35.142793,        2.16,
 139.216577,   35.142793,        2.52,
 139.221081,   35.142793,        2.84,
 139.225586,   35.142793,        3.11,
 139.230090,   35.142793,        3.32,
 139.234595,   35.142793,        3.53,
 139.239099,   35.142793,        3.73,
 139.243604,   35.142793,        3.93,
 139.248108,   35.142793,        4.11,
 139.252613,   35.142793,        4.27,
 139.257117,   35.142793,        4.42,
 139.261622,   35.142793,        4.56,
 139.266126,   35.142793,        4.68,
 139.270631,   35.142793,        4.79,
 139.275135,   35.142793,        4.89,
 139.279640,   35.142793,        4.99,
 139.284144,   35.142793,        5.09,
 139.288649,   35.142793,        5.16,
 139.293153,   35.142793,        5.23,
 139.297658,   35.142793,        5.28,
 139.302162,   35.142793,        5.32,
 139.306667,   35.142793,        5.35,
 139.311171,   35.142793,        5.36,
 139.315676,   35.142793,        5.37,
 139.320180,   35.142793,        5.38,
 139.324685,   35.142793,        5.38,
 139.329189,   35.142793,        5.37,
 139.333694,   35.142793,        5.35,
 139.338198,   35.142793,        5.32,
 139.342703,   35.142793,        5.26,
 139.347207,   35.142793,        5.19,
 139.351712,   35.142793,        5.11,
 139.356216,   35.142793,        5.01,
 139.360721,   35.142793,        4.90,
 139.365225,   35.142793,        4.79,
 139.369730,   35.142793,        4.68,
 139.374234,   35.142793,        4.56,
 139.378739,   35.142793,        4.43,
 139.383243,   35.142793,        4.29,
 139.387748,   35.142793,        4.14,
 139.392252,   35.142793,        3.98,
 139.396757,   35.142793,        3.82,
 139.401261,   35.142793,        3.66,
 139.405766,   35.142793,        3.53,
 139.410270,   35.142793,        3.42,
 139.414775,   35.142793,        3.32,
 139.419279,   35.142793,        3.22,
 139.423784,   35.142793,        3.13,
 139.428288,   35.142793,        3.04,
 139.432793,   35.142793,        2.97,
 139.437297,   35.142793,        3.01,
 139.441802,   35.142793,        3.09,
 139.446306,   35.142793,        3.18,
 139.450811,   35.142793,        3.26,
 139.455315,   35.142793,        3.35,
 139.459820,   35.142793,        3.44,
 139.464324,   35.142793,        3.57,
 139.468829,   35.142793,        3.77,
 139.473333,   35.142793,        4.02,
 139.477838,   35.142793,        4.27,
 139.482342,   35.142793,        4.52,
 139.486847,   35.142793,        4.78,
 139.491351,   35.142793,        5.04,
 139.495856,   35.142793,        5.28,
 139.500360,   35.142793,        5.51,
 139.504865,   35.142793,        5.73,
 139.509369,   35.142793,        5.95,
 139.513874,   35.142793,        6.18,
 139.518378,   35.142793,        6.37,
 139.522883,   35.142793,        6.55,
 139.527387,   35.142793,        6.73,
 139.531892,   35.142793,        6.90,
 139.536396,   35.142793,        7.09,
 139.540901,   35.142793,        7.32,
 139.545405,   35.142793,        7.56,
 139.549910,   35.142793,        7.84,
 139.554414,   35.142793,        8.11,
 139.558919,   35.142793,        8.38,
 139.563423,   35.142793,        8.62,
 139.567928,   35.142793,        8.81,
 139.572432,   35.142793,        9.00,
 139.576937,   35.142793,        9.29,
 139.581441,   35.142793,        9.58,
 139.585946,   35.142793,        9.98,
 139.590450,   35.142793,       10.68,
 139.594955,   35.142793,       11.41,
 139.599459,   35.142793,       12.33,
 139.603964,   35.142793,       13.23,
 139.608468,   35.142793,       13.98,
 139.612973,   35.142793,       14.68,
 139.617477,   35.142793,       15.38,
 139.621982,   35.142793,       15.87,
 139.626486,   35.142793,       16.44,
 139.630991,   35.142793,       16.89,
 139.635495,   35.142793,       17.32,
 139.640000,   35.142793,       17.75,
 139.644505,   35.142793,       18.28,
 139.649009,   35.142793,       18.66,
 139.653514,   35.142793,       18.52,
 139.658018,   35.142793,       20.34,
 139.662523,   35.142793,       22.16,
 139.667027,   35.142793,       22.97,
 139.671532,   35.142793,       22.91,
 139.676036,   35.142793,       22.06,
 139.680541,   35.142793,       21.21,
 139.685045,   35.142793,       19.80,
 139.689550,   35.142793,       17.23,
 139.694054,   35.142793,       14.79,
 139.698559,   35.142793,       13.22,
 139.703063,   35.142793,       11.97,
 139.707568,   35.142793,       11.19,
 139.712072,   35.142793,       10.92,
 139.716577,   35.142793,       11.08,
 139.721081,   35.142793,       11.52,
 139.725586,   35.142793,       12.01,
 139.730090,   35.142793,       12.52,
 139.734595,   35.142793,       13.04,
 139.739099,   35.142793,       13.52,
 139.743604,   35.142793,       13.76,
 139.748108,   35.142793,       13.87,
 139.752613,   35.142793,       13.98,
 139.757117,   35.142793,       13.71,
 139.761622,   35.142793,       13.37,
 139.766126,   35.142793,       13.06,
 139.770631,   35.142793,       12.60,
 139.775135,   35.142793,       12.05,
 139.779640,   35.142793,       11.49,
 139.784144,   35.142793,       10.92,
 139.788649,   35.142793,       10.30,
 139.793153,   35.142793,        9.63,
 139.797658,   35.142793,        8.92,
 139.802162,   35.142793,        8.22,
 139.806667,   35.142793,        7.64,
 139.811171,   35.142793,        7.22,
 139.815676,   35.142793,        6.85,
 139.820180,   35.142793,        6.58,
 139.824685,   35.142793,        6.61,
 139.829189,   35.142793,        6.71,
 139.833694,   35.142793,        6.86,
 139.838198,   35.142793,        8.72,
 139.842703,   35.142793,       11.38,
 139.847207,   35.142793,       13.35,
 139.851712,   35.142793,       14.92,
 139.856216,   35.142793,       16.21,
 139.860721,   35.142793,       17.30,
 139.865225,   35.142793,       18.24,
 139.869730,   35.142793,       19.06,
 139.874234,   35.142793,       19.75,
 139.878739,   35.142793,       20.33,
 139.883243,   35.142793,       20.82,
 139.887748,   35.142793,       21.23,
 139.892252,   35.142793,       21.57,
 139.896757,   35.142793,       21.85,
 139.901261,   35.142793,       22.08,
 139.905766,   35.142793,       22.26,
 139.910270,   35.142793,       22.38,
 139.914775,   35.142793,       22.45,
 139.919279,   35.142793,       22.46,
 139.923784,   35.142793,       22.44,
 139.928288,   35.142793,       22.38,
 139.932793,   35.142793,       22.29,
 139.937297,   35.142793,       22.17,
 139.941802,   35.142793,       22.03,
 139.946306,   35.142793,       21.88,
 139.950811,   35.142793,       21.70,
 139.955315,   35.142793,       21.51,
 139.959820,   35.142793,       21.30,
 139.964324,   35.142793,       21.08,
 139.968829,   35.142793,       20.85,
 139.973333,   35.142793,       20.60,
 139.977838,   35.142793,       20.35,
 139.982342,   35.142793,       20.07,
 139.986847,   35.142793,       19.79,
 139.991351,   35.142793,       19.50,
 139.995856,   35.142793,       19.20,
 140.000360,   35.142793,       18.88,
 140.004865,   35.142793,       18.55,
 140.009369,   35.142793,       18.22,
 140.013874,   35.142793,       17.87,
 140.018378,   35.142793,       17.51,
 140.022883,   35.142793,       17.14,
 140.027387,   35.142793,       16.76,
 140.031892,   35.142793,       16.37,
 140.036396,   35.142793,       15.97,
 140.040901,   35.142793,       15.56,
 140.045405,   35.142793,       15.13,
 140.049910,   35.142793,       14.70,
 140.054414,   35.142793,       14.25,
 140.058919,   35.142793,       13.80,
 140.063423,   35.142793,       13.33,
 140.067928,   35.142793,       12.86,
 140.072432,   35.142793,       12.38,
 140.076937,   35.142793,       11.90,
 140.081441,   35.142793,       11.40,
 140.085946,   35.142793,       10.92,
 140.090450,   35.142793,       10.44,
 140.094955,   35.142793,        9.97,
 140.099459,   35.142793,        9.52,
 140.103964,   35.142793,        9.07,
 140.108468,   35.142793,        8.64,
 140.112973,   35.142793,        8.22,
 140.117477,   35.142793,        7.83,
 140.121982,   35.142793,        7.46,
 140.126486,   35.142793,        7.13,
 140.130991,   35.142793,        6.82,
 140.135495,   35.142793,        6.53,
 140.140000,   35.142793,        6.26,
 140.144505,   35.142793,        6.01,
 140.149009,   35.142793,        5.79,
 140.153514,   35.142793,        5.59,
 140.158018,   35.142793,        5.41,
 140.162523,   35.142793,        5.25,
 140.167027,   35.142793,        5.10,
 140.171532,   35.142793,        4.97,
 140.176036,   35.142793,        4.83,
 140.180541,   35.142793,        4.70,
 140.185045,   35.142793,        4.57,
 140.189550,   35.142793,        4.44,
 140.194054,   35.142793,        4.30,
 140.198559,   35.142793,        4.15,
 140.203063,   35.142793,        4.01,
 140.207568,   35.142793,        3.85,
 140.212072,   35.142793,        3.69,
 140.216577,   35.142793,        3.52,
 140.221081,   35.142793,        3.34,
 140.225586,   35.142793,        3.15,
 140.230090,   35.142793,        2.96,
 140.234595,   35.142793,        2.75,
 140.239099,   35.142793,        2.54,
 140.243604,   35.142793,        2.32,
 140.248108,   35.142793,        2.09,
 140.252613,   35.142793,        1.84,
 140.257117,   35.142793,        1.59,
 140.261622,   35.142793,        1.35,
 140.266126,   35.142793,        1.23,
 140.270631,   35.142793,        1.21,
 140.275135,   35.142793,        1.19,
 140.279640,   35.142793,        1.18,
 140.284144,   35.142793,        1.19,
 140.288649,   35.142793,        1.19,
 140.293153,   35.142793,        1.21,
 140.297658,   35.142793,        1.23,
 140.302162,   35.142793,        1.24,
 140.306667,   35.142793,        1.25,
 140.311171,   35.142793,        1.26,
 140.315676,   35.142793,        1.28,
 140.320180,   35.142793,        1.33,
 140.324685,   35.142793,        1.35,
 140.329189,   35.142793,        1.37,
 140.333694,   35.142793,        1.38,
 140.338198,   35.142793,        1.36,
 140.342703,   35.142793,        1.31,
 140.347207,   35.142793,        1.28,
 140.351712,   35.142793,        1.29,
 140.356216,   35.142793,        1.28,
 140.360721,   35.142793,        1.30,
 140.365225,   35.142793,        1.33,
 140.369730,   35.142793,        1.38,
 140.374234,   35.142793,        1.47,
 140.378739,   35.142793,        1.54,
 140.383243,   35.142793,        1.73,
 140.387748,   35.142793,        1.82,
 139.140000,   35.147297,        0.21,
 139.144505,   35.147297,        0.20,
 139.149009,   35.147297,        0.20,
 139.153514,   35.147297,        0.19,
 139.158018,   35.147297,        0.19,
 139.162523,   35.147297,        0.19,
 139.167027,   35.147297,        0.20,
 139.171532,   35.147297,        0.23,
 139.176036,   35.147297,        0.26,
 139.180541,   35.147297,        0.34,
 139.185045,   35.147297,        0.51,
 139.189550,   35.147297,        0.75,
 139.194054,   35.147297,        1.01,
 139.198559,   35.147297,        1.29,
 139.203063,   35.147297,        1.57,
 139.207568,   35.147297,        1.88,
 139.212072,   35.147297,        2.22,
 139.216577,   35.147297,        2.55,
 139.221081,   35.147297,        2.83,
 139.225586,   35.147297,        3.08,
 139.230090,   35.147297,        3.30,
 139.234595,   35.147297,        3.51,
 139.239099,   35.147297,        3.72,
 139.243604,   35.147297,        3.92,
 139.248108,   35.147297,        4.09,
 139.252613,   35.147297,        4.25,
 139.257117,   35.147297,        4.39,
 139.261622,   35.147297,        4.52,
 139.266126,   35.147297,        4.64,
 139.270631,   35.147297,        4.76,
 139.275135,   35.147297,        4.87,
 139.279640,   35.147297,        4.98,
 139.284144,   35.147297,        5.07,
 139.288649,   35.147297,        5.14,
 139.293153,   35.147297,        5.19,
 139.297658,   35.147297,        5.23,
 139.302162,   35.147297,        5.26,
 139.306667,   35.147297,        5.28,
 139.311171,   35.147297,        5.30,
 139.315676,   35.147297,        5.31,
 139.320180,   35.147297,        5.32,
 139.324685,   35.147297,        5.33,
 139.329189,   35.147297,        5.31,
 139.333694,   35.147297,        5.28,
 139.338198,   35.147297,        5.23,
 139.342703,   35.147297,        5.18,
 139.347207,   35.147297,        5.12,
 139.351712,   35.147297,        5.05,
 139.356216,   35.147297,        4.97,
 139.360721,   35.147297,        4.86,
 139.365225,   35.147297,        4.75,
 139.369730,   35.147297,        4.63,
 139.374234,   35.147297,        4.51,
 139.378739,   35.147297,        4.40,
 139.383243,   35.147297,        4.27,
 139.387748,   35.147297,        4.11,
 139.392252,   35.147297,        3.95,
 139.396757,   35.147297,        3.78,
 139.401261,   35.147297,        3.62,
 139.405766,   35.147297,        3.48,
 139.410270,   35.147297,        3.37,
 139.414775,   35.147297,        3.27,
 139.419279,   35.147297,        3.18,
 139.423784,   35.147297,        3.10,
 139.428288,   35.147297,        3.01,
 139.432793,   35.147297,        2.95,
 139.437297,   35.147297,        2.97,
 139.441802,   35.147297,        3.04,
 139.446306,   35.147297,        3.13,
 139.450811,   35.147297,        3.22,
 139.455315,   35.147297,        3.32,
 139.459820,   35.147297,        3.41,
 139.464324,   35.147297,        3.52,
 139.468829,   35.147297,        3.75,
 139.473333,   35.147297,        4.01,
 139.477838,   35.147297,        4.27,
 139.482342,   35.147297,        4.54,
 139.486847,   35.147297,        4.81,
 139.491351,   35.147297,        5.08,
 139.495856,   35.147297,        5.32,
 139.500360,   35.147297,        5.55,
 139.504865,   35.147297,        5.77,
 139.509369,   35.147297,        6.00,
 139.513874,   35.147297,        6.22,
 139.518378,   35.147297,        6.43,
 139.522883,   35.147297,        6.61,
 139.527387,   35.147297,        6.79,
 139.531892,   35.147297,        6.96,
 139.536396,   35.147297,        7.16,
 139.540901,   35.147297,        7.43,
 139.545405,   35.147297,        7.71,
 139.549910,   35.147297,        7.98,
 139.554414,   35.147297,        8.26,
 139.558919,   35.147297,        8.54,
 139.563423,   35.147297,        8.81,
 139.567928,   35.147297,        9.04,
 139.572432,   35.147297,        9.31,
 139.576937,   35.147297,        9.61,
 139.581441,   35.147297,        9.94,
 139.585946,   35.147297,       10.56,
 139.590450,   35.147297,       11.26,
 139.594955,   35.147297,       12.07,
 139.599459,   35.147297,       13.11,
 139.603964,   35.147297,       14.14,
 139.608468,   35.147297,       14.80,
 139.612973,   35.147297,       15.46,
 139.617477,   35.147297,       16.23,
 139.621982,   35.147297,       17.09,
 139.626486,   35.147297,       17.71,
 139.630991,   35.147297,       18.64,
 139.635495,   35.147297,       19.83,
 139.640000,   35.147297,       21.08,
 139.644505,   35.147297,       22.26,
 139.649009,   35.147297,       23.55,
 139.653514,   35.147297,       24.53,
 139.658018,   35.147297,       25.86,
 139.662523,   35.147297,       27.59,
 139.667027,   35.147297,       28.40,
 139.671532,   35.147297,       28.22,
 139.676036,   35.147297,       26.97,
 139.680541,   35.147297,       24.89,
 139.685045,   35.147297,       21.94,
 139.689550,   35.147297,       18.65,
 139.694054,   35.147297,       15.52,
 139.698559,   35.147297,       13.67,
 139.703063,   35.147297,       12.53,
 139.707568,   35.147297,       11.58,
 139.712072,   35.147297,       11.30,
 139.716577,   35.147297,       11.69,
 139.721081,   35.147297,       12.13,
 139.725586,   35.147297,       12.61,
 139.730090,   35.147297,       13.11,
 139.734595,   35.147297,       13.64,
 139.739099,   35.147297,       14.04,
 139.743604,   35.147297,       14.11,
 139.748108,   35.147297,       14.22,
 139.752613,   35.147297,       14.20,
 139.757117,   35.147297,       13.83,
 139.761622,   35.147297,       13.47,
 139.766126,   35.147297,       13.06,
 139.770631,   35.147297,       12.52,
 139.775135,   35.147297,       11.95,
 139.779640,   35.147297,       11.39,
 139.784144,   35.147297,       10.81,
 139.788649,   35.147297,       10.11,
 139.793153,   35.147297,        9.41,
 139.797658,   35.147297,        8.73,
 139.802162,   35.147297,        8.11,
 139.806667,   35.147297,        7.60,
 139.811171,   35.147297,        7.15,
 139.815676,   35.147297,        6.83,
 139.820180,   35.147297,        6.73,
 139.824685,   35.147297,        6.70,
 139.829189,   35.147297,        6.74,
 139.833694,   35.147297,        7.37,
 139.838198,   35.147297,        9.95,
 139.842703,   35.147297,       12.53,
 139.847207,   35.147297,       14.52,
 139.851712,   35.147297,       16.11,
 139.856216,   35.147297,       17.42,
 139.860721,   35.147297,       18.53,
 139.865225,   35.147297,       19.49,
 139.869730,   35.147297,       20.32,
 139.874234,   35.147297,       21.00,
 139.878739,   35.147297,       21.57,
 139.883243,   35.147297,       22.05,
 139.887748,   35.147297,       22.45,
 139.892252,   35.147297,       22.78,
 139.896757,   35.147297,       23.05,
 139.901261,   35.147297,       23.26,
 139.905766,   35.147297,       23.42,
 139.910270,   35.147297,       23.51,
 139.914775,   35.147297,       23.54,
 139.919279,   35.147297,       23.53,
 139.923784,   35.147297,       23.48,
 139.928288,   35.147297,       23.40,
 139.932793,   35.147297,       23.29,
 139.937297,   35.147297,       23.15,
 139.941802,   35.147297,       23.00,
 139.946306,   35.147297,       22.83,
 139.950811,   35.147297,       22.64,
 139.955315,   35.147297,       22.44,
 139.959820,   35.147297,       22.22,
 139.964324,   35.147297,       21.99,
 139.968829,   35.147297,       21.75,
 139.973333,   35.147297,       21.49,
 139.977838,   35.147297,       21.23,
 139.982342,   35.147297,       20.95,
 139.986847,   35.147297,       20.66,
 139.991351,   35.147297,       20.36,
 139.995856,   35.147297,       20.05,
 140.000360,   35.147297,       19.72,
 140.004865,   35.147297,       19.39,
 140.009369,   35.147297,       19.05,
 140.013874,   35.147297,       18.69,
 140.018378,   35.147297,       18.33,
 140.022883,   35.147297,       17.96,
 140.027387,   35.147297,       17.57,
 140.031892,   35.147297,       17.18,
 140.036396,   35.147297,       16.77,
 140.040901,   35.147297,       16.36,
 140.045405,   35.147297,       15.93,
 140.049910,   35.147297,       15.50,
 140.054414,   35.147297,       15.06,
 140.058919,   35.147297,       14.61,
 140.063423,   35.147297,       14.16,
 140.067928,   35.147297,       13.70,
 140.072432,   35.147297,       13.23,
 140.076937,   35.147297,       12.75,
 140.081441,   35.147297,       12.28,
 140.085946,   35.147297,       11.81,
 140.090450,   35.147297,       11.36,
 140.094955,   35.147297,       10.91,
 140.099459,   35.147297,       10.47,
 140.103964,   35.147297,       10.05,
 140.108468,   35.147297,        9.63,
 140.112973,   35.147297,        9.23,
 140.117477,   35.147297,        8.85,
 140.121982,   35.147297,        8.49,
 140.126486,   35.147297,        8.16,
 140.130991,   35.147297,        7.85,
 140.135495,   35.147297,        7.56,
 140.140000,   35.147297,        7.29,
 140.144505,   35.147297,        7.03,
 140.149009,   35.147297,        6.79,
 140.153514,   35.147297,        6.57,
 140.158018,   35.147297,        6.37,
 140.162523,   35.147297,        6.18,
 140.167027,   35.147297,        6.01,
 140.171532,   35.147297,        5.85,
 140.176036,   35.147297,        5.70,
 140.180541,   35.147297,        5.55,
 140.185045,   35.147297,        5.40,
 140.189550,   35.147297,        5.26,
 140.194054,   35.147297,        5.11,
 140.198559,   35.147297,        4.96,
 140.203063,   35.147297,        4.80,
 140.207568,   35.147297,        4.63,
 140.212072,   35.147297,        4.46,
 140.216577,   35.147297,        4.29,
 140.221081,   35.147297,        4.10,
 140.225586,   35.147297,        3.91,
 140.230090,   35.147297,        3.72,
 140.234595,   35.147297,        3.51,
 140.239099,   35.147297,        3.30,
 140.243604,   35.147297,        3.08,
 140.248108,   35.147297,        2.86,
 140.252613,   35.147297,        2.62,
 140.257117,   35.147297,        2.38,
 140.261622,   35.147297,        2.14,
 140.266126,   35.147297,        1.91,
 140.270631,   35.147297,        1.69,
 140.275135,   35.147297,        1.46,
 140.279640,   35.147297,        1.30,
 140.284144,   35.147297,        1.28,
 140.288649,   35.147297,        1.27,
 140.293153,   35.147297,        1.28,
 140.297658,   35.147297,        1.30,
 140.302162,   35.147297,        1.33,
 140.306667,   35.147297,        1.35,
 140.311171,   35.147297,        1.38,
 140.315676,   35.147297,        1.42,
 140.320180,   35.147297,        1.50,
 140.324685,   35.147297,        1.57,
 140.329189,   35.147297,        1.59,
 140.333694,   35.147297,        1.61,
 140.338198,   35.147297,        1.60,
 140.342703,   35.147297,        1.56,
 140.347207,   35.147297,        1.52,
 140.351712,   35.147297,        1.50,
 140.356216,   35.147297,        1.49,
 140.360721,   35.147297,        1.47,
 140.365225,   35.147297,        1.49,
 140.369730,   35.147297,        1.53,
 140.374234,   35.147297,        1.59,
 140.378739,   35.147297,        1.64,
 140.383243,   35.147297,        1.84,
 140.387748,   35.147297,        1.92,
 139.140000,   35.151802,        0.27,
 139.144505,   35.151802,        0.26,
 139.149009,   35.151802,        0.25,
 139.153514,   35.151802,        0.25,
 139.158018,   35.151802,        0.24,
 139.162523,   35.151802,        0.25,
 139.167027,   35.151802,        0.27,
 139.171532,   35.151802,        0.31,
 139.176036,   35.151802,        0.36,
 139.180541,   35.151802,        0.50,
 139.185045,   35.151802,        0.65,
 139.189550,   35.151802,        0.85,
 139.194054,   35.151802,        1.11,
 139.198559,   35.151802,        1.38,
 139.203063,   35.151802,        1.66,
 139.207568,   35.151802,        1.95,
 139.212072,   35.151802,        2.27,
 139.216577,   35.151802,        2.57,
 139.221081,   35.151802,        2.82,
 139.225586,   35.151802,        3.05,
 139.230090,   35.151802,        3.27,
 139.234595,   35.151802,        3.50,
 139.239099,   35.151802,        3.71,
 139.243604,   35.151802,        3.91,
 139.248108,   35.151802,        4.08,
 139.252613,   35.151802,        4.22,
 139.257117,   35.151802,        4.34,
 139.261622,   35.151802,        4.46,
 139.266126,   35.151802,        4.59,
 139.270631,   35.151802,        4.71,
 139.275135,   35.151802,        4.84,
 139.279640,   35.151802,        4.96,
 139.284144,   35.151802,        5.06,
 139.288649,   35.151802,        5.11,
 139.293153,   35.151802,        5.14,
 139.297658,   35.151802,        5.17,
 139.302162,   35.151802,        5.18,
 139.306667,   35.151802,        5.20,
 139.311171,   35.151802,        5.22,
 139.315676,   35.151802,        5.25,
 139.320180,   35.151802,        5.27,
 139.324685,   35.151802,        5.27,
 139.329189,   35.151802,        5.24,
 139.333694,   35.151802,        5.20,
 139.338198,   35.151802,        5.14,
 139.342703,   35.151802,        5.09,
 139.347207,   35.151802,        5.04,
 139.351712,   35.151802,        4.98,
 139.356216,   35.151802,        4.92,
 139.360721,   35.151802,        4.82,
 139.365225,   35.151802,        4.70,
 139.369730,   35.151802,        4.57,
 139.374234,   35.151802,        4.45,
 139.378739,   35.151802,        4.33,
 139.383243,   35.151802,        4.21,
 139.387748,   35.151802,        4.06,
 139.392252,   35.151802,        3.90,
 139.396757,   35.151802,        3.74,
 139.401261,   35.151802,        3.58,
 139.405766,   35.151802,        3.43,
 139.410270,   35.151802,        3.31,
 139.414775,   35.151802,        3.23,
 139.419279,   35.151802,        3.14,
 139.423784,   35.151802,        3.06,
 139.428288,   35.151802,        2.98,
 139.432793,   35.151802,        2.93,
 139.437297,   35.151802,        2.93,
 139.441802,   35.151802,        2.99,
 139.446306,   35.151802,        3.08,
 139.450811,   35.151802,        3.18,
 139.455315,   35.151802,        3.28,
 139.459820,   35.151802,        3.39,
 139.464324,   35.151802,        3.52,
 139.468829,   35.151802,        3.75,
 139.473333,   35.151802,        4.02,
 139.477838,   35.151802,        4.29,
 139.482342,   35.151802,        4.56,
 139.486847,   35.151802,        4.84,
 139.491351,   35.151802,        5.11,
 139.495856,   35.151802,        5.37,
 139.500360,   35.151802,        5.59,
 139.504865,   35.151802,        5.82,
 139.509369,   35.151802,        6.05,
 139.513874,   35.151802,        6.27,
 139.518378,   35.151802,        6.49,
 139.522883,   35.151802,        6.67,
 139.527387,   35.151802,        6.86,
 139.531892,   35.151802,        7.07,
 139.536396,   35.151802,        7.31,
 139.540901,   35.151802,        7.58,
 139.545405,   35.151802,        7.85,
 139.549910,   35.151802,        8.13,
 139.554414,   35.151802,        8.45,
 139.558919,   35.151802,        8.74,
 139.563423,   35.151802,        9.02,
 139.567928,   35.151802,        9.33,
 139.572432,   35.151802,        9.64,
 139.576937,   35.151802,        9.94,
 139.581441,   35.151802,       10.41,
 139.585946,   35.151802,       11.05,
 139.590450,   35.151802,       11.77,
 139.594955,   35.151802,       12.79,
 139.599459,   35.151802,       13.86,
 139.603964,   35.151802,       14.79,
 139.608468,   35.151802,       15.48,
 139.612973,   35.151802,       16.14,
 139.617477,   35.151802,       17.68,
 139.621982,   35.151802,       18.41,
 139.626486,   35.151802,       19.49,
 139.630991,   35.151802,       20.92,
 139.635495,   35.151802,       22.57,
 139.640000,   35.151802,       24.25,
 139.644505,   35.151802,       25.96,
 139.649009,   35.151802,       27.82,
 139.653514,   35.151802,       29.93,
 139.658018,   35.151802,       31.68,
 139.662523,   35.151802,       33.26,
 139.667027,   35.151802,       34.31,
 139.671532,   35.151802,       33.96,
 139.676036,   35.151802,       32.40,
 139.680541,   35.151802,       29.22,
 139.685045,   35.151802,       23.97,
 139.689550,   35.151802,       19.88,
 139.694054,   35.151802,       16.78,
 139.698559,   35.151802,       14.27,
 139.703063,   35.151802,       12.77,
 139.707568,   35.151802,       12.03,
 139.712072,   35.151802,       11.94,
 139.716577,   35.151802,       12.21,
 139.721081,   35.151802,       12.65,
 139.725586,   35.151802,       13.14,
 139.730090,   35.151802,       13.65,
 139.734595,   35.151802,       14.08,
 139.739099,   35.151802,       14.28,
 139.743604,   35.151802,       14.39,
 139.748108,   35.151802,       14.42,
 139.752613,   35.151802,       14.19,
 139.757117,   35.151802,       13.88,
 139.761622,   35.151802,       13.51,
 139.766126,   35.151802,       12.99,
 139.770631,   35.151802,       12.41,
 139.775135,   35.151802,       11.85,
 139.779640,   35.151802,       11.24,
 139.784144,   35.151802,       10.56,
 139.788649,   35.151802,        9.86,
 139.793153,   35.151802,        9.17,
 139.797658,   35.151802,        8.54,
 139.802162,   35.151802,        7.99,
 139.806667,   35.151802,        7.50,
 139.811171,   35.151802,        7.10,
 139.815676,   35.151802,        6.97,
 139.820180,   35.151802,        6.91,
 139.824685,   35.151802,        6.84,
 139.829189,   35.151802,        6.76,
 139.833694,   35.151802,        9.22,
 139.838198,   35.151802,       11.48,
 139.842703,   35.151802,       13.82,
 139.847207,   35.151802,       15.78,
 139.851712,   35.151802,       17.37,
 139.856216,   35.151802,       18.69,
 139.860721,   35.151802,       19.82,
 139.865225,   35.151802,       20.79,
 139.869730,   35.151802,       21.61,
 139.874234,   35.151802,       22.29,
 139.878739,   35.151802,       22.85,
 139.883243,   35.151802,       23.32,
 139.887748,   35.151802,       23.71,
 139.892252,   35.151802,       24.02,
 139.896757,   35.151802,       24.28,
 139.901261,   35.151802,       24.47,
 139.905766,   35.151802,       24.58,
 139.910270,   35.151802,       24.64,
 139.914775,   35.151802,       24.64,
 139.919279,   35.151802,       24.60,
 139.923784,   35.151802,       24.53,
 139.928288,   35.151802,       24.42,
 139.932793,   35.151802,       24.29,
 139.937297,   35.151802,       24.14,
 139.941802,   35.151802,       23.98,
 139.946306,   35.151802,       23.79,
 139.950811,   35.151802,       23.59,
 139.955315,   35.151802,       23.38,
 139.959820,   35.151802,       23.15,
 139.964324,   35.151802,       22.91,
 139.968829,   35.151802,       22.66,
 139.973333,   35.151802,       22.39,
 139.977838,   35.151802,       22.12,
 139.982342,   35.151802,       21.83,
 139.986847,   35.151802,       21.53,
 139.991351,   35.151802,       21.22,
 139.995856,   35.151802,       20.90,
 140.000360,   35.151802,       20.57,
 140.004865,   35.151802,       20.23,
 140.009369,   35.151802,       19.88,
 140.013874,   35.151802,       19.53,
 140.018378,   35.151802,       19.16,
 140.022883,   35.151802,       18.78,
 140.027387,   35.151802,       18.39,
 140.031892,   35.151802,       17.99,
 140.036396,   35.151802,       17.58,
 140.040901,   35.151802,       17.16,
 140.045405,   35.151802,       16.74,
 140.049910,   35.151802,       16.32,
 140.054414,   35.151802,       15.89,
 140.058919,   35.151802,       15.45,
 140.063423,   35.151802,       15.00,
 140.067928,   35.151802,       14.55,
 140.072432,   35.151802,       14.09,
 140.076937,   35.151802,       13.63,
 140.081441,   35.151802,       13.17,
 140.085946,   35.151802,       12.72,
 140.090450,   35.151802,       12.28,
 140.094955,   35.151802,       11.85,
 140.099459,   35.151802,       11.43,
 140.103964,   35.151802,       11.02,
 140.108468,   35.151802,       10.62,
 140.112973,   35.151802,       10.23,
 140.117477,   35.151802,        9.85,
 140.121982,   35.151802,        9.50,
 140.126486,   35.151802,        9.17,
 140.130991,   35.151802,        8.87,
 140.135495,   35.151802,        8.58,
 140.140000,   35.151802,        8.30,
 140.144505,   35.151802,        8.03,
 140.149009,   35.151802,        7.78,
 140.153514,   35.151802,        7.55,
 140.158018,   35.151802,        7.33,
 140.162523,   35.151802,        7.12,
 140.167027,   35.151802,        6.93,
 140.171532,   35.151802,        6.75,
 140.176036,   35.151802,        6.58,
 140.180541,   35.151802,        6.42,
 140.185045,   35.151802,        6.25,
 140.189550,   35.151802,        6.09,
 140.194054,   35.151802,        5.93,
 140.198559,   35.151802,        5.77,
 140.203063,   35.151802,        5.60,
 140.207568,   35.151802,        5.43,
 140.212072,   35.151802,        5.26,
 140.216577,   35.151802,        5.08,
 140.221081,   35.151802,        4.89,
 140.225586,   35.151802,        4.70,
 140.230090,   35.151802,        4.50,
 140.234595,   35.151802,        4.29,
 140.239099,   35.151802,        4.08,
 140.243604,   35.151802,        3.86,
 140.248108,   35.151802,        3.63,
 140.252613,   35.151802,        3.40,
 140.257117,   35.151802,        3.17,
 140.261622,   35.151802,        2.93,
 140.266126,   35.151802,        2.69,
 140.270631,   35.151802,        2.45,
 140.275135,   35.151802,        2.22,
 140.279640,   35.151802,        1.98,
 140.284144,   35.151802,        1.74,
 140.288649,   35.151802,        1.50,
 140.293153,   35.151802,        1.36,
 140.297658,   35.151802,        1.37,
 140.302162,   35.151802,        1.41,
 140.306667,   35.151802,        1.47,
 140.311171,   35.151802,        1.54,
 140.315676,   35.151802,        1.62,
 140.320180,   35.151802,        1.70,
 140.324685,   35.151802,        1.78,
 140.329189,   35.151802,        1.83,
 140.333694,   35.151802,        1.85,
 140.338198,   35.151802,        1.86,
 140.342703,   35.151802,        1.83,
 140.347207,   35.151802,        1.78,
 140.351712,   35.151802,        1.74,
 140.356216,   35.151802,        1.72,
 140.360721,   35.151802,        1.69,
 140.365225,   35.151802,        1.67,
 140.369730,   35.151802,        1.70,
 140.374234,   35.151802,        1.75,
 140.378739,   35.151802,        1.80,
 140.383243,   35.151802,        1.92,
 140.387748,   35.151802,        2.02,
 139.140000,   35.156306,        0.30,
 139.144505,   35.156306,        0.30,
 139.149009,   35.156306,        0.30,
 139.153514,   35.156306,        0.29,
 139.158018,   35.156306,        0.29,
 139.162523,   35.156306,        0.31,
 139.167027,   35.156306,        0.35,
 139.171532,   35.156306,        0.40,
 139.176036,   35.156306,        0.47,
 139.180541,   35.156306,        0.63,
 139.185045,   35.156306,        0.78,
 139.189550,   35.156306,        0.94,
 139.194054,   35.156306,        1.19,
 139.198559,   35.156306,        1.46,
 139.203063,   35.156306,        1.74,
 139.207568,   35.156306,        2.02,
 139.212072,   35.156306,        2.32,
 139.216577,   35.156306,        2.57,
 139.221081,   35.156306,        2.79,
 139.225586,   35.156306,        3.01,
 139.230090,   35.156306,        3.23,
 139.234595,   35.156306,        3.46,
 139.239099,   35.156306,        3.69,
 139.243604,   35.156306,        3.91,
 139.248108,   35.156306,        4.05,
 139.252613,   35.156306,        4.17,
 139.257117,   35.156306,        4.28,
 139.261622,   35.156306,        4.40,
 139.266126,   35.156306,        4.52,
 139.270631,   35.156306,        4.65,
 139.275135,   35.156306,        4.78,
 139.279640,   35.156306,        4.92,
 139.284144,   35.156306,        5.05,
 139.288649,   35.156306,        5.06,
 139.293153,   35.156306,        5.07,
 139.297658,   35.156306,        5.08,
 139.302162,   35.156306,        5.09,
 139.306667,   35.156306,        5.11,
 139.311171,   35.156306,        5.14,
 139.315676,   35.156306,        5.17,
 139.320180,   35.156306,        5.20,
 139.324685,   35.156306,        5.22,
 139.329189,   35.156306,        5.16,
 139.333694,   35.156306,        5.10,
 139.338198,   35.156306,        5.04,
 139.342703,   35.156306,        4.98,
 139.347207,   35.156306,        4.93,
 139.351712,   35.156306,        4.88,
 139.356216,   35.156306,        4.83,
 139.360721,   35.156306,        4.75,
 139.365225,   35.156306,        4.63,
 139.369730,   35.156306,        4.51,
 139.374234,   35.156306,        4.39,
 139.378739,   35.156306,        4.26,
 139.383243,   35.156306,        4.13,
 139.387748,   35.156306,        3.99,
 139.392252,   35.156306,        3.84,
 139.396757,   35.156306,        3.68,
 139.401261,   35.156306,        3.53,
 139.405766,   35.156306,        3.38,
 139.410270,   35.156306,        3.26,
 139.414775,   35.156306,        3.18,
 139.419279,   35.156306,        3.10,
 139.423784,   35.156306,        3.03,
 139.428288,   35.156306,        2.95,
 139.432793,   35.156306,        2.89,
 139.437297,   35.156306,        2.88,
 139.441802,   35.156306,        2.92,
 139.446306,   35.156306,        3.03,
 139.450811,   35.156306,        3.14,
 139.455315,   35.156306,        3.27,
 139.459820,   35.156306,        3.40,
 139.464324,   35.156306,        3.56,
 139.468829,   35.156306,        3.78,
 139.473333,   35.156306,        4.03,
 139.477838,   35.156306,        4.30,
 139.482342,   35.156306,        4.58,
 139.486847,   35.156306,        4.85,
 139.491351,   35.156306,        5.13,
 139.495856,   35.156306,        5.42,
 139.500360,   35.156306,        5.66,
 139.504865,   35.156306,        5.89,
 139.509369,   35.156306,        6.12,
 139.513874,   35.156306,        6.34,
 139.518378,   35.156306,        6.55,
 139.522883,   35.156306,        6.75,
 139.527387,   35.156306,        6.97,
 139.531892,   35.156306,        7.21,
 139.536396,   35.156306,        7.46,
 139.540901,   35.156306,        7.72,
 139.545405,   35.156306,        8.00,
 139.549910,   35.156306,        8.31,
 139.554414,   35.156306,        8.65,
 139.558919,   35.156306,        8.98,
 139.563423,   35.156306,        9.28,
 139.567928,   35.156306,        9.63,
 139.572432,   35.156306,        9.98,
 139.576937,   35.156306,       10.35,
 139.581441,   35.156306,       10.89,
 139.585946,   35.156306,       11.49,
 139.590450,   35.156306,       12.30,
 139.594955,   35.156306,       13.42,
 139.599459,   35.156306,       14.59,
 139.603964,   35.156306,       15.70,
 139.608468,   35.156306,       16.81,
 139.612973,   35.156306,       17.38,
 139.617477,   35.156306,       19.12,
 139.621982,   35.156306,       19.95,
 139.626486,   35.156306,       21.38,
 139.630991,   35.156306,       23.18,
 139.635495,   35.156306,       25.19,
 139.640000,   35.156306,       27.26,
 139.644505,   35.156306,       29.43,
 139.649009,   35.156306,       31.77,
 139.653514,   35.156306,       34.41,
 139.658018,   35.156306,       37.12,
 139.662523,   35.156306,       37.12,
 139.667027,   35.156306,       37.12,
 139.671532,   35.156306,       33.95,
 139.676036,   35.156306,       33.95,
 139.680541,   35.156306,       33.95,
 139.685045,   35.156306,       26.71,
 139.689550,   35.156306,       20.85,
 139.694054,   35.156306,       17.77,
 139.698559,   35.156306,       15.05,
 139.703063,   35.156306,       12.77,
 139.707568,   35.156306,       12.57,
 139.712072,   35.156306,       12.56,
 139.716577,   35.156306,       12.70,
 139.721081,   35.156306,       13.11,
 139.725586,   35.156306,       13.59,
 139.730090,   35.156306,       14.13,
 139.734595,   35.156306,       14.34,
 139.739099,   35.156306,       14.45,
 139.743604,   35.156306,       14.60,
 139.748108,   35.156306,       14.46,
 139.752613,   35.156306,       14.14,
 139.757117,   35.156306,       13.85,
 139.761622,   35.156306,       13.44,
 139.766126,   35.156306,       12.84,
 139.770631,   35.156306,       12.27,
 139.775135,   35.156306,       11.70,
 139.779640,   35.156306,       10.99,
 139.784144,   35.156306,       10.28,
 139.788649,   35.156306,        9.59,
 139.793153,   35.156306,        8.95,
 139.797658,   35.156306,        8.38,
 139.802162,   35.156306,        7.82,
 139.806667,   35.156306,        7.39,
 139.811171,   35.156306,        7.27,
 139.815676,   35.156306,        7.18,
 139.820180,   35.156306,        7.11,
 139.824685,   35.156306,        7.31,
 139.829189,   35.156306,        8.46,
 139.833694,   35.156306,       11.21,
 139.838198,   35.156306,       13.32,
 139.842703,   35.156306,       15.25,
 139.847207,   35.156306,       17.14,
 139.851712,   35.156306,       18.72,
 139.856216,   35.156306,       20.03,
 139.860721,   35.156306,       21.16,
 139.865225,   35.156306,       22.14,
 139.869730,   35.156306,       22.95,
 139.874234,   35.156306,       23.62,
 139.878739,   35.156306,       24.17,
 139.883243,   35.156306,       24.63,
 139.887748,   35.156306,       25.00,
 139.892252,   35.156306,       25.30,
 139.896757,   35.156306,       25.54,
 139.901261,   35.156306,       25.69,
 139.905766,   35.156306,       25.76,
 139.910270,   35.156306,       25.78,
 139.914775,   35.156306,       25.75,
 139.919279,   35.156306,       25.68,
 139.923784,   35.156306,       25.58,
 139.928288,   35.156306,       25.46,
 139.932793,   35.156306,       25.31,
 139.937297,   35.156306,       25.14,
 139.941802,   35.156306,       24.96,
 139.946306,   35.156306,       24.76,
 139.950811,   35.156306,       24.54,
 139.955315,   35.156306,       24.32,
 139.959820,   35.156306,       24.08,
 139.964324,   35.156306,       23.83,
 139.968829,   35.156306,       23.57,
 139.973333,   35.156306,       23.29,
 139.977838,   35.156306,       23.01,
 139.982342,   35.156306,       22.71,
 139.986847,   35.156306,       22.41,
 139.991351,   35.156306,       22.09,
 139.995856,   35.156306,       21.76,
 140.000360,   35.156306,       21.43,
 140.004865,   35.156306,       21.08,
 140.009369,   35.156306,       20.73,
 140.013874,   35.156306,       20.36,
 140.018378,   35.156306,       19.99,
 140.022883,   35.156306,       19.60,
 140.027387,   35.156306,       19.21,
 140.031892,   35.156306,       18.81,
 140.036396,   35.156306,       18.40,
 140.040901,   35.156306,       17.99,
 140.045405,   35.156306,       17.57,
 140.049910,   35.156306,       17.15,
 140.054414,   35.156306,       16.72,
 140.058919,   35.156306,       16.29,
 140.063423,   35.156306,       15.85,
 140.067928,   35.156306,       15.41,
 140.072432,   35.156306,       14.96,
 140.076937,   35.156306,       14.52,
 140.081441,   35.156306,       14.07,
 140.085946,   35.156306,       13.64,
 140.090450,   35.156306,       13.21,
 140.094955,   35.156306,       12.79,
 140.099459,   35.156306,       12.38,
 140.103964,   35.156306,       11.98,
 140.108468,   35.156306,       11.59,
 140.112973,   35.156306,       11.21,
 140.117477,   35.156306,       10.84,
 140.121982,   35.156306,       10.49,
 140.126486,   35.156306,       10.17,
 140.130991,   35.156306,        9.87,
 140.135495,   35.156306,        9.57,
 140.140000,   35.156306,        9.29,
 140.144505,   35.156306,        9.02,
 140.149009,   35.156306,        8.76,
 140.153514,   35.156306,        8.51,
 140.158018,   35.156306,        8.29,
 140.162523,   35.156306,        8.07,
 140.167027,   35.156306,        7.86,
 140.171532,   35.156306,        7.66,
 140.176036,   35.156306,        7.47,
 140.180541,   35.156306,        7.29,
 140.185045,   35.156306,        7.12,
 140.189550,   35.156306,        6.94,
 140.194054,   35.156306,        6.77,
 140.198559,   35.156306,        6.60,
 140.203063,   35.156306,        6.43,
 140.207568,   35.156306,        6.25,
 140.212072,   35.156306,        6.07,
 140.216577,   35.156306,        5.88,
 140.221081,   35.156306,        5.69,
 140.225586,   35.156306,        5.49,
 140.230090,   35.156306,        5.29,
 140.234595,   35.156306,        5.08,
 140.239099,   35.156306,        4.87,
 140.243604,   35.156306,        4.65,
 140.248108,   35.156306,        4.42,
 140.252613,   35.156306,        4.19,
 140.257117,   35.156306,        3.96,
 140.261622,   35.156306,        3.72,
 140.266126,   35.156306,        3.48,
 140.270631,   35.156306,        3.24,
 140.275135,   35.156306,        3.00,
 140.279640,   35.156306,        2.75,
 140.284144,   35.156306,        2.51,
 140.288649,   35.156306,        2.25,
 140.293153,   35.156306,        1.99,
 140.297658,   35.156306,        1.75,
 140.302162,   35.156306,        1.56,
 140.306667,   35.156306,        1.64,
 140.311171,   35.156306,        1.72,
 140.315676,   35.156306,        1.80,
 140.320180,   35.156306,        1.89,
 140.324685,   35.156306,        1.98,
 140.329189,   35.156306,        2.08,
 140.333694,   35.156306,        2.08,
 140.338198,   35.156306,        2.09,
 140.342703,   35.156306,        2.09,
 140.347207,   35.156306,        2.05,
 140.351712,   35.156306,        2.00,
 140.356216,   35.156306,        1.95,
 140.360721,   35.156306,        1.93,
 140.365225,   35.156306,        1.90,
 140.369730,   35.156306,        1.88,
 140.374234,   35.156306,        1.92,
 140.378739,   35.156306,        1.98,
 140.383243,   35.156306,        2.05,
 140.387748,   35.156306,        2.14,
 139.140000,   35.160811,        0.33,
 139.144505,   35.160811,        0.33,
 139.149009,   35.160811,        0.33,
 139.153514,   35.160811,        0.33,
 139.158018,   35.160811,        0.34,
 139.162523,   35.160811,        0.38,
 139.167027,   35.160811,        0.44,
 139.171532,   35.160811,        0.50,
 139.176036,   35.160811,        0.57,
 139.180541,   35.160811,        0.72,
 139.185045,   35.160811,        0.87,
 139.189550,   35.160811,        1.02,
 139.194054,   35.160811,        1.25,
 139.198559,   35.160811,        1.52,
 139.203063,   35.160811,        1.79,
 139.207568,   35.160811,        2.06,
 139.212072,   35.160811,        2.30,
 139.216577,   35.160811,        2.52,
 139.221081,   35.160811,        2.73,
 139.225586,   35.160811,        2.95,
 139.230090,   35.160811,        3.18,
 139.234595,   35.160811,        3.41,
 139.239099,   35.160811,        3.63,
 139.243604,   35.160811,        3.84,
 139.248108,   35.160811,        3.97,
 139.252613,   35.160811,        4.08,
 139.257117,   35.160811,        4.19,
 139.261622,   35.160811,        4.31,
 139.266126,   35.160811,        4.43,
 139.270631,   35.160811,        4.56,
 139.275135,   35.160811,        4.69,
 139.279640,   35.160811,        4.82,
 139.284144,   35.160811,        4.91,
 139.288649,   35.160811,        4.95,
 139.293153,   35.160811,        4.96,
 139.297658,   35.160811,        4.98,
 139.302162,   35.160811,        4.99,
 139.306667,   35.160811,        5.01,
 139.311171,   35.160811,        5.04,
 139.315676,   35.160811,        5.06,
 139.320180,   35.160811,        5.09,
 139.324685,   35.160811,        5.09,
 139.329189,   35.160811,        5.04,
 139.333694,   35.160811,        4.99,
 139.338198,   35.160811,        4.93,
 139.342703,   35.160811,        4.88,
 139.347207,   35.160811,        4.82,
 139.351712,   35.160811,        4.77,
 139.356216,   35.160811,        4.70,
 139.360721,   35.160811,        4.62,
 139.365225,   35.160811,        4.52,
 139.369730,   35.160811,        4.41,
 139.374234,   35.160811,        4.30,
 139.378739,   35.160811,        4.19,
 139.383243,   35.160811,        4.05,
 139.387748,   35.160811,        3.91,
 139.392252,   35.160811,        3.76,
 139.396757,   35.160811,        3.62,
 139.401261,   35.160811,        3.47,
 139.405766,   35.160811,        3.32,
 139.410270,   35.160811,        3.21,
 139.414775,   35.160811,        3.13,
 139.419279,   35.160811,        3.06,
 139.423784,   35.160811,        2.98,
 139.428288,   35.160811,        2.91,
 139.432793,   35.160811,        2.85,
 139.437297,   35.160811,        2.82,
 139.441802,   35.160811,        2.86,
 139.446306,   35.160811,        2.99,
 139.450811,   35.160811,        3.13,
 139.455315,   35.160811,        3.27,
 139.459820,   35.160811,        3.43,
 139.464324,   35.160811,        3.60,
 139.468829,   35.160811,        3.81,
 139.473333,   35.160811,        4.04,
 139.477838,   35.160811,        4.31,
 139.482342,   35.160811,        4.59,
 139.486847,   35.160811,        4.88,
 139.491351,   35.160811,        5.17,
 139.495856,   35.160811,        5.47,
 139.500360,   35.160811,        5.75,
 139.504865,   35.160811,        5.98,
 139.509369,   35.160811,        6.20,
 139.513874,   35.160811,        6.42,
 139.518378,   35.160811,        6.63,
 139.522883,   35.160811,        6.85,
 139.527387,   35.160811,        7.10,
 139.531892,   35.160811,        7.35,
 139.536396,   35.160811,        7.60,
 139.540901,   35.160811,        7.86,
 139.545405,   35.160811,        8.16,
 139.549910,   35.160811,        8.51,
 139.554414,   35.160811,        8.86,
 139.558919,   35.160811,        9.21,
 139.563423,   35.160811,        9.57,
 139.567928,   35.160811,        9.92,
 139.572432,   35.160811,       10.29,
 139.576937,   35.160811,       10.74,
 139.581441,   35.160811,       11.28,
 139.585946,   35.160811,       11.89,
 139.590450,   35.160811,       12.82,
 139.594955,   35.160811,       13.92,
 139.599459,   35.160811,       15.08,
 139.603964,   35.160811,       16.61,
 139.608468,   35.160811,       18.18,
 139.612973,   35.160811,       20.28,
 139.617477,   35.160811,       20.39,
 139.621982,   35.160811,       21.44,
 139.626486,   35.160811,       23.18,
 139.630991,   35.160811,       25.30,
 139.635495,   35.160811,       27.65,
 139.640000,   35.160811,       30.10,
 139.644505,   35.160811,       32.67,
 139.649009,   35.160811,       35.43,
 139.653514,   35.160811,       38.50,
 139.658018,   35.160811,       38.50,
 139.662523,   35.160811,       38.50,
 139.667027,   35.160811,       39.31,
 139.671532,   35.160811,       39.31,
 139.676036,   35.160811,       39.31,
 139.680541,   35.160811,       33.96,
 139.685045,   35.160811,       27.51,
 139.689550,   35.160811,       22.07,
 139.694054,   35.160811,       18.14,
 139.698559,   35.160811,       15.45,
 139.703063,   35.160811,       13.72,
 139.707568,   35.160811,       13.04,
 139.712072,   35.160811,       12.97,
 139.716577,   35.160811,       13.13,
 139.721081,   35.160811,       13.47,
 139.725586,   35.160811,       13.93,
 139.730090,   35.160811,       14.27,
 139.734595,   35.160811,       14.42,
 139.739099,   35.160811,       14.55,
 139.743604,   35.160811,       14.53,
 139.748108,   35.160811,       14.32,
 139.752613,   35.160811,       14.04,
 139.757117,   35.160811,       13.66,
 139.761622,   35.160811,       13.17,
 139.766126,   35.160811,       12.62,
 139.770631,   35.160811,       12.02,
 139.775135,   35.160811,       11.37,
 139.779640,   35.160811,       10.67,
 139.784144,   35.160811,        9.97,
 139.788649,   35.160811,        9.34,
 139.793153,   35.160811,        8.78,
 139.797658,   35.160811,        8.21,
 139.802162,   35.160811,        7.76,
 139.806667,   35.160811,        7.63,
 139.811171,   35.160811,        7.57,
 139.815676,   35.160811,        7.55,
 139.820180,   35.160811,        7.86,
 139.824685,   35.160811,        8.44,
 139.829189,   35.160811,       10.70,
 139.833694,   35.160811,       13.22,
 139.838198,   35.160811,       15.26,
 139.842703,   35.160811,       16.83,
 139.847207,   35.160811,       18.60,
 139.851712,   35.160811,       20.14,
 139.856216,   35.160811,       21.44,
 139.860721,   35.160811,       22.57,
 139.865225,   35.160811,       23.54,
 139.869730,   35.160811,       24.34,
 139.874234,   35.160811,       24.99,
 139.878739,   35.160811,       25.53,
 139.883243,   35.160811,       25.97,
 139.887748,   35.160811,       26.32,
 139.892252,   35.160811,       26.61,
 139.896757,   35.160811,       26.80,
 139.901261,   35.160811,       26.90,
 139.905766,   35.160811,       26.94,
 139.910270,   35.160811,       26.92,
 139.914775,   35.160811,       26.86,
 139.919279,   35.160811,       26.76,
 139.923784,   35.160811,       26.64,
 139.928288,   35.160811,       26.49,
 139.932793,   35.160811,       26.32,
 139.937297,   35.160811,       26.14,
 139.941802,   35.160811,       25.94,
 139.946306,   35.160811,       25.73,
 139.950811,   35.160811,       25.50,
 139.955315,   35.160811,       25.27,
 139.959820,   35.160811,       25.02,
 139.964324,   35.160811,       24.76,
 139.968829,   35.160811,       24.48,
 139.973333,   35.160811,       24.20,
 139.977838,   35.160811,       23.91,
 139.982342,   35.160811,       23.60,
 139.986847,   35.160811,       23.29,
 139.991351,   35.160811,       22.96,
 139.995856,   35.160811,       22.63,
 140.000360,   35.160811,       22.29,
 140.004865,   35.160811,       21.93,
 140.009369,   35.160811,       21.57,
 140.013874,   35.160811,       21.20,
 140.018378,   35.160811,       20.82,
 140.022883,   35.160811,       20.43,
 140.027387,   35.160811,       20.04,
 140.031892,   35.160811,       19.64,
 140.036396,   35.160811,       19.24,
 140.040901,   35.160811,       18.83,
 140.045405,   35.160811,       18.41,
 140.049910,   35.160811,       17.99,
 140.054414,   35.160811,       17.57,
 140.058919,   35.160811,       17.14,
 140.063423,   35.160811,       16.71,
 140.067928,   35.160811,       16.28,
 140.072432,   35.160811,       15.85,
 140.076937,   35.160811,       15.41,
 140.081441,   35.160811,       14.98,
 140.085946,   35.160811,       14.55,
 140.090450,   35.160811,       14.14,
 140.094955,   35.160811,       13.73,
 140.099459,   35.160811,       13.33,
 140.103964,   35.160811,       12.94,
 140.108468,   35.160811,       12.56,
 140.112973,   35.160811,       12.18,
 140.117477,   35.160811,       11.82,
 140.121982,   35.160811,       11.48,
 140.126486,   35.160811,       11.15,
 140.130991,   35.160811,       10.85,
 140.135495,   35.160811,       10.56,
 140.140000,   35.160811,       10.27,
 140.144505,   35.160811,       10.00,
 140.149009,   35.160811,        9.73,
 140.153514,   35.160811,        9.48,
 140.158018,   35.160811,        9.24,
 140.162523,   35.160811,        9.01,
 140.167027,   35.160811,        8.79,
 140.171532,   35.160811,        8.58,
 140.176036,   35.160811,        8.38,
 140.180541,   35.160811,        8.18,
 140.185045,   35.160811,        7.99,
 140.189550,   35.160811,        7.81,
 140.194054,   35.160811,        7.63,
 140.198559,   35.160811,        7.44,
 140.203063,   35.160811,        7.26,
 140.207568,   35.160811,        7.08,
 140.212072,   35.160811,        6.89,
 140.216577,   35.160811,        6.70,
 140.221081,   35.160811,        6.50,
 140.225586,   35.160811,        6.30,
 140.230090,   35.160811,        6.10,
 140.234595,   35.160811,        5.89,
 140.239099,   35.160811,        5.67,
 140.243604,   35.160811,        5.45,
 140.248108,   35.160811,        5.23,
 140.252613,   35.160811,        5.00,
 140.257117,   35.160811,        4.76,
 140.261622,   35.160811,        4.52,
 140.266126,   35.160811,        4.28,
 140.270631,   35.160811,        4.04,
 140.275135,   35.160811,        3.80,
 140.279640,   35.160811,        3.55,
 140.284144,   35.160811,        3.30,
 140.288649,   35.160811,        3.05,
 140.293153,   35.160811,        2.79,
 140.297658,   35.160811,        2.54,
 140.302162,   35.160811,        2.29,
 140.306667,   35.160811,        2.06,
 140.311171,   35.160811,        1.88,
 140.315676,   35.160811,        1.95,
 140.320180,   35.160811,        2.06,
 140.324685,   35.160811,        2.15,
 140.329189,   35.160811,        2.24,
 140.333694,   35.160811,        2.28,
 140.338198,   35.160811,        2.29,
 140.342703,   35.160811,        2.32,
 140.347207,   35.160811,        2.31,
 140.351712,   35.160811,        2.26,
 140.356216,   35.160811,        2.21,
 140.360721,   35.160811,        2.16,
 140.365225,   35.160811,        2.13,
 140.369730,   35.160811,        2.10,
 140.374234,   35.160811,        2.11,
 140.378739,   35.160811,        2.17,
 140.383243,   35.160811,        2.24,
 140.387748,   35.160811,        2.30,
 139.140000,   35.165315,        0.36,
 139.144505,   35.165315,        0.36,
 139.149009,   35.165315,        0.36,
 139.153514,   35.165315,        0.38,
 139.158018,   35.165315,        0.40,
 139.162523,   35.165315,        0.44,
 139.167027,   35.165315,        0.51,
 139.171532,   35.165315,        0.58,
 139.176036,   35.165315,        0.66,
 139.180541,   35.165315,        0.80,
 139.185045,   35.165315,        0.94,
 139.189550,   35.165315,        1.08,
 139.194054,   35.165315,        1.29,
 139.198559,   35.165315,        1.55,
 139.203063,   35.165315,        1.79,
 139.207568,   35.165315,        2.02,
 139.212072,   35.165315,        2.24,
 139.216577,   35.165315,        2.45,
 139.221081,   35.165315,        2.67,
 139.225586,   35.165315,        2.89,
 139.230090,   35.165315,        3.11,
 139.234595,   35.165315,        3.32,
 139.239099,   35.165315,        3.52,
 139.243604,   35.165315,        3.70,
 139.248108,   35.165315,        3.84,
 139.252613,   35.165315,        3.97,
 139.257117,   35.165315,        4.09,
 139.261622,   35.165315,        4.21,
 139.266126,   35.165315,        4.34,
 139.270631,   35.165315,        4.46,
 139.275135,   35.165315,        4.57,
 139.279640,   35.165315,        4.67,
 139.284144,   35.165315,        4.75,
 139.288649,   35.165315,        4.80,
 139.293153,   35.165315,        4.83,
 139.297658,   35.165315,        4.86,
 139.302162,   35.165315,        4.88,
 139.306667,   35.165315,        4.90,
 139.311171,   35.165315,        4.92,
 139.315676,   35.165315,        4.94,
 139.320180,   35.165315,        4.94,
 139.324685,   35.165315,        4.93,
 139.329189,   35.165315,        4.90,
 139.333694,   35.165315,        4.86,
 139.338198,   35.165315,        4.81,
 139.342703,   35.165315,        4.76,
 139.347207,   35.165315,        4.70,
 139.351712,   35.165315,        4.64,
 139.356216,   35.165315,        4.57,
 139.360721,   35.165315,        4.49,
 139.365225,   35.165315,        4.40,
 139.369730,   35.165315,        4.31,
 139.374234,   35.165315,        4.21,
 139.378739,   35.165315,        4.11,
 139.383243,   35.165315,        3.98,
 139.387748,   35.165315,        3.84,
 139.392252,   35.165315,        3.69,
 139.396757,   35.165315,        3.55,
 139.401261,   35.165315,        3.41,
 139.405766,   35.165315,        3.26,
 139.410270,   35.165315,        3.15,
 139.414775,   35.165315,        3.07,
 139.419279,   35.165315,        3.00,
 139.423784,   35.165315,        2.94,
 139.428288,   35.165315,        2.87,
 139.432793,   35.165315,        2.81,
 139.437297,   35.165315,        2.75,
 139.441802,   35.165315,        2.81,
 139.446306,   35.165315,        2.97,
 139.450811,   35.165315,        3.12,
 139.455315,   35.165315,        3.28,
 139.459820,   35.165315,        3.45,
 139.464324,   35.165315,        3.63,
 139.468829,   35.165315,        3.83,
 139.473333,   35.165315,        4.05,
 139.477838,   35.165315,        4.31,
 139.482342,   35.165315,        4.60,
 139.486847,   35.165315,        4.90,
 139.491351,   35.165315,        5.21,
 139.495856,   35.165315,        5.53,
 139.500360,   35.165315,        5.82,
 139.504865,   35.165315,        6.08,
 139.509369,   35.165315,        6.30,
 139.513874,   35.165315,        6.52,
 139.518378,   35.165315,        6.75,
 139.522883,   35.165315,        6.98,
 139.527387,   35.165315,        7.22,
 139.531892,   35.165315,        7.48,
 139.536396,   35.165315,        7.74,
 139.540901,   35.165315,        8.01,
 139.545405,   35.165315,        8.36,
 139.549910,   35.165315,        8.72,
 139.554414,   35.165315,        9.09,
 139.558919,   35.165315,        9.45,
 139.563423,   35.165315,        9.84,
 139.567928,   35.165315,       10.21,
 139.572432,   35.165315,       10.61,
 139.576937,   35.165315,       11.08,
 139.581441,   35.165315,       11.59,
 139.585946,   35.165315,       12.27,
 139.590450,   35.165315,       13.22,
 139.594955,   35.165315,       14.31,
 139.599459,   35.165315,       15.55,
 139.603964,   35.165315,       17.09,
 139.608468,   35.165315,       18.72,
 139.612973,   35.165315,       20.39,
 139.617477,   35.165315,       21.31,
 139.621982,   35.165315,       22.73,
 139.626486,   35.165315,       24.80,
 139.630991,   35.165315,       27.25,
 139.635495,   35.165315,       29.91,
 139.640000,   35.165315,       32.71,
 139.644505,   35.165315,       35.66,
 139.649009,   35.165315,       38.80,
 139.653514,   35.165315,       38.80,
 139.658018,   35.165315,       38.80,
 139.662523,   35.165315,       38.41,
 139.667027,   35.165315,       38.41,
 139.671532,   35.165315,       38.41,
 139.676036,   35.165315,       38.41,
 139.680541,   35.165315,       33.03,
 139.685045,   35.165315,       27.93,
 139.689550,   35.165315,       23.10,
 139.694054,   35.165315,       18.50,
 139.698559,   35.165315,       15.81,
 139.703063,   35.165315,       14.60,
 139.707568,   35.165315,       13.60,
 139.712072,   35.165315,       13.26,
 139.716577,   35.165315,       13.49,
 139.721081,   35.165315,       13.80,
 139.725586,   35.165315,       14.14,
 139.730090,   35.165315,       14.28,
 139.734595,   35.165315,       14.43,
 139.739099,   35.165315,       14.57,
 139.743604,   35.165315,       14.34,
 139.748108,   35.165315,       14.12,
 139.752613,   35.165315,       13.91,
 139.757117,   35.165315,       13.39,
 139.761622,   35.165315,       12.86,
 139.766126,   35.165315,       12.36,
 139.770631,   35.165315,       11.71,
 139.775135,   35.165315,       11.01,
 139.779640,   35.165315,       10.33,
 139.784144,   35.165315,        9.69,
 139.788649,   35.165315,        9.13,
 139.793153,   35.165315,        8.58,
 139.797658,   35.165315,        8.09,
 139.802162,   35.165315,        8.00,
 139.806667,   35.165315,        8.00,
 139.811171,   35.165315,        8.00,
 139.815676,   35.165315,        8.39,
 139.820180,   35.165315,        9.06,
 139.824685,   35.165315,       10.37,
 139.829189,   35.165315,       12.85,
 139.833694,   35.165315,       15.24,
 139.838198,   35.165315,       17.25,
 139.842703,   35.165315,       18.58,
 139.847207,   35.165315,       20.17,
 139.851712,   35.165315,       21.64,
 139.856216,   35.165315,       22.92,
 139.860721,   35.165315,       24.03,
 139.865225,   35.165315,       24.99,
 139.869730,   35.165315,       25.76,
 139.874234,   35.165315,       26.40,
 139.878739,   35.165315,       26.92,
 139.883243,   35.165315,       27.34,
 139.887748,   35.165315,       27.68,
 139.892252,   35.165315,       27.93,
 139.896757,   35.165315,       28.07,
 139.901261,   35.165315,       28.12,
 139.905766,   35.165315,       28.12,
 139.910270,   35.165315,       28.06,
 139.914775,   35.165315,       27.97,
 139.919279,   35.165315,       27.84,
 139.923784,   35.165315,       27.70,
 139.928288,   35.165315,       27.53,
 139.932793,   35.165315,       27.34,
 139.937297,   35.165315,       27.14,
 139.941802,   35.165315,       26.93,
 139.946306,   35.165315,       26.70,
 139.950811,   35.165315,       26.47,
 139.955315,   35.165315,       26.22,
 139.959820,   35.165315,       25.96,
 139.964324,   35.165315,       25.69,
 139.968829,   35.165315,       25.40,
 139.973333,   35.165315,       25.11,
 139.977838,   35.165315,       24.81,
 139.982342,   35.165315,       24.49,
 139.986847,   35.165315,       24.17,
 139.991351,   35.165315,       23.84,
 139.995856,   35.165315,       23.50,
 140.000360,   35.165315,       23.15,
 140.004865,   35.165315,       22.79,
 140.009369,   35.165315,       22.42,
 140.013874,   35.165315,       22.04,
 140.018378,   35.165315,       21.66,
 140.022883,   35.165315,       21.27,
 140.027387,   35.165315,       20.88,
 140.031892,   35.165315,       20.48,
 140.036396,   35.165315,       20.08,
 140.040901,   35.165315,       19.67,
 140.045405,   35.165315,       19.26,
 140.049910,   35.165315,       18.84,
 140.054414,   35.165315,       18.43,
 140.058919,   35.165315,       18.01,
 140.063423,   35.165315,       17.58,
 140.067928,   35.165315,       17.16,
 140.072432,   35.165315,       16.74,
 140.076937,   35.165315,       16.31,
 140.081441,   35.165315,       15.89,
 140.085946,   35.165315,       15.47,
 140.090450,   35.165315,       15.06,
 140.094955,   35.165315,       14.66,
 140.099459,   35.165315,       14.27,
 140.103964,   35.165315,       13.89,
 140.108468,   35.165315,       13.51,
 140.112973,   35.165315,       13.15,
 140.117477,   35.165315,       12.79,
 140.121982,   35.165315,       12.45,
 140.126486,   35.165315,       12.13,
 140.130991,   35.165315,       11.82,
 140.135495,   35.165315,       11.53,
 140.140000,   35.165315,       11.24,
 140.144505,   35.165315,       10.96,
 140.149009,   35.165315,       10.69,
 140.153514,   35.165315,       10.43,
 140.158018,   35.165315,       10.18,
 140.162523,   35.165315,        9.95,
 140.167027,   35.165315,        9.72,
 140.171532,   35.165315,        9.50,
 140.176036,   35.165315,        9.29,
 140.180541,   35.165315,        9.08,
 140.185045,   35.165315,        8.88,
 140.189550,   35.165315,        8.69,
 140.194054,   35.165315,        8.49,
 140.198559,   35.165315,        8.30,
 140.203063,   35.165315,        8.11,
 140.207568,   35.165315,        7.92,
 140.212072,   35.165315,        7.73,
 140.216577,   35.165315,        7.53,
 140.221081,   35.165315,        7.33,
 140.225586,   35.165315,        7.13,
 140.230090,   35.165315,        6.92,
 140.234595,   35.165315,        6.71,
 140.239099,   35.165315,        6.49,
 140.243604,   35.165315,        6.27,
 140.248108,   35.165315,        6.04,
 140.252613,   35.165315,        5.81,
 140.257117,   35.165315,        5.58,
 140.261622,   35.165315,        5.34,
 140.266126,   35.165315,        5.10,
 140.270631,   35.165315,        4.85,
 140.275135,   35.165315,        4.61,
 140.279640,   35.165315,        4.36,
 140.284144,   35.165315,        4.11,
 140.288649,   35.165315,        3.86,
 140.293153,   35.165315,        3.60,
 140.297658,   35.165315,        3.34,
 140.302162,   35.165315,        3.08,
 140.306667,   35.165315,        2.82,
 140.311171,   35.165315,        2.57,
 140.315676,   35.165315,        2.34,
 140.320180,   35.165315,        2.17,
 140.324685,   35.165315,        2.26,
 140.329189,   35.165315,        2.39,
 140.333694,   35.165315,        2.45,
 140.338198,   35.165315,        2.48,
 140.342703,   35.165315,        2.51,
 140.347207,   35.165315,        2.55,
 140.351712,   35.165315,        2.53,
 140.356216,   35.165315,        2.47,
 140.360721,   35.165315,        2.41,
 140.365225,   35.165315,        2.36,
 140.369730,   35.165315,        2.34,
 140.374234,   35.165315,        2.32,
 140.378739,   35.165315,        2.36,
 140.383243,   35.165315,        2.45,
 140.387748,   35.165315,        2.51,
 139.140000,   35.169820,        0.39,
 139.144505,   35.169820,        0.40,
 139.149009,   35.169820,        0.41,
 139.153514,   35.169820,        0.43,
 139.158018,   35.169820,        0.46,
 139.162523,   35.169820,        0.50,
 139.167027,   35.169820,        0.56,
 139.171532,   35.169820,        0.62,
 139.176036,   35.169820,        0.71,
 139.180541,   35.169820,        0.85,
 139.185045,   35.169820,        1.00,
 139.189550,   35.169820,        1.15,
 139.194054,   35.169820,        1.32,
 139.198559,   35.169820,        1.55,
 139.203063,   35.169820,        1.76,
 139.207568,   35.169820,        1.97,
 139.212072,   35.169820,        2.17,
 139.216577,   35.169820,        2.38,
 139.221081,   35.169820,        2.60,
 139.225586,   35.169820,        2.82,
 139.230090,   35.169820,        3.02,
 139.234595,   35.169820,        3.21,
 139.239099,   35.169820,        3.39,
 139.243604,   35.169820,        3.56,
 139.248108,   35.169820,        3.71,
 139.252613,   35.169820,        3.84,
 139.257117,   35.169820,        3.97,
 139.261622,   35.169820,        4.10,
 139.266126,   35.169820,        4.22,
 139.270631,   35.169820,        4.33,
 139.275135,   35.169820,        4.43,
 139.279640,   35.169820,        4.51,
 139.284144,   35.169820,        4.59,
 139.288649,   35.169820,        4.64,
 139.293153,   35.169820,        4.69,
 139.297658,   35.169820,        4.72,
 139.302162,   35.169820,        4.75,
 139.306667,   35.169820,        4.77,
 139.311171,   35.169820,        4.79,
 139.315676,   35.169820,        4.79,
 139.320180,   35.169820,        4.79,
 139.324685,   35.169820,        4.78,
 139.329189,   35.169820,        4.75,
 139.333694,   35.169820,        4.72,
 139.338198,   35.169820,        4.68,
 139.342703,   35.169820,        4.63,
 139.347207,   35.169820,        4.58,
 139.351712,   35.169820,        4.52,
 139.356216,   35.169820,        4.44,
 139.360721,   35.169820,        4.36,
 139.365225,   35.169820,        4.28,
 139.369730,   35.169820,        4.19,
 139.374234,   35.169820,        4.10,
 139.378739,   35.169820,        4.01,
 139.383243,   35.169820,        3.90,
 139.387748,   35.169820,        3.76,
 139.392252,   35.169820,        3.62,
 139.396757,   35.169820,        3.48,
 139.401261,   35.169820,        3.34,
 139.405766,   35.169820,        3.21,
 139.410270,   35.169820,        3.09,
 139.414775,   35.169820,        3.01,
 139.419279,   35.169820,        2.95,
 139.423784,   35.169820,        2.89,
 139.428288,   35.169820,        2.83,
 139.432793,   35.169820,        2.77,
 139.437297,   35.169820,        2.72,
 139.441802,   35.169820,        2.79,
 139.446306,   35.169820,        2.96,
 139.450811,   35.169820,        3.12,
 139.455315,   35.169820,        3.30,
 139.459820,   35.169820,        3.47,
 139.464324,   35.169820,        3.65,
 139.468829,   35.169820,        3.85,
 139.473333,   35.169820,        4.06,
 139.477838,   35.169820,        4.32,
 139.482342,   35.169820,        4.63,
 139.486847,   35.169820,        4.95,
 139.491351,   35.169820,        5.27,
 139.495856,   35.169820,        5.60,
 139.500360,   35.169820,        5.91,
 139.504865,   35.169820,        6.19,
 139.509369,   35.169820,        6.42,
 139.513874,   35.169820,        6.64,
 139.518378,   35.169820,        6.87,
 139.522883,   35.169820,        7.10,
 139.527387,   35.169820,        7.34,
 139.531892,   35.169820,        7.61,
 139.536396,   35.169820,        7.90,
 139.540901,   35.169820,        8.21,
 139.545405,   35.169820,        8.55,
 139.549910,   35.169820,        8.93,
 139.554414,   35.169820,        9.31,
 139.558919,   35.169820,        9.69,
 139.563423,   35.169820,       10.08,
 139.567928,   35.169820,       10.47,
 139.572432,   35.169820,       10.90,
 139.576937,   35.169820,       11.35,
 139.581441,   35.169820,       11.86,
 139.585946,   35.169820,       12.55,
 139.590450,   35.169820,       13.49,
 139.594955,   35.169820,       14.61,
 139.599459,   35.169820,       15.94,
 139.603964,   35.169820,       17.43,
 139.608468,   35.169820,       18.96,
 139.612973,   35.169820,       20.48,
 139.617477,   35.169820,       21.76,
 139.621982,   35.169820,       23.70,
 139.626486,   35.169820,       26.19,
 139.630991,   35.169820,       28.92,
 139.635495,   35.169820,       31.82,
 139.640000,   35.169820,       34.90,
 139.644505,   35.169820,       38.18,
 139.649009,   35.169820,       41.74,
 139.653514,   35.169820,       41.74,
 139.658018,   35.169820,       41.74,
 139.662523,   35.169820,       42.85,
 139.667027,   35.169820,       42.85,
 139.671532,   35.169820,       42.85,
 139.676036,   35.169820,       37.98,
 139.680541,   35.169820,       33.15,
 139.685045,   35.169820,       28.45,
 139.689550,   35.169820,       23.76,
 139.694054,   35.169820,       19.64,
 139.698559,   35.169820,       16.70,
 139.703063,   35.169820,       15.13,
 139.707568,   35.169820,       14.18,
 139.712072,   35.169820,       13.68,
 139.716577,   35.169820,       13.73,
 139.721081,   35.169820,       13.98,
 139.725586,   35.169820,       14.11,
 139.730090,   35.169820,       14.22,
 139.734595,   35.169820,       14.34,
 139.739099,   35.169820,       14.28,
 139.743604,   35.169820,       14.09,
 139.748108,   35.169820,       13.85,
 139.752613,   35.169820,       13.51,
 139.757117,   35.169820,       13.04,
 139.761622,   35.169820,       12.53,
 139.766126,   35.169820,       11.95,
 139.770631,   35.169820,       11.30,
 139.775135,   35.169820,       10.62,
 139.779640,   35.169820,        9.99,
 139.784144,   35.169820,        9.45,
 139.788649,   35.169820,        8.91,
 139.793153,   35.169820,        8.45,
 139.797658,   35.169820,        8.31,
 139.802162,   35.169820,        8.31,
 139.806667,   35.169820,        8.34,
 139.811171,   35.169820,        8.76,
 139.815676,   35.169820,        9.48,
 139.820180,   35.169820,       10.19,
 139.824685,   35.169820,       12.49,
 139.829189,   35.169820,       15.01,
 139.833694,   35.169820,       17.31,
 139.838198,   35.169820,       19.30,
 139.842703,   35.169820,       20.53,
 139.847207,   35.169820,       21.85,
 139.851712,   35.169820,       23.23,
 139.856216,   35.169820,       24.46,
 139.860721,   35.169820,       25.55,
 139.865225,   35.169820,       26.48,
 139.869730,   35.169820,       27.24,
 139.874234,   35.169820,       27.85,
 139.878739,   35.169820,       28.35,
 139.883243,   35.169820,       28.75,
 139.887748,   35.169820,       29.07,
 139.892252,   35.169820,       29.25,
 139.896757,   35.169820,       29.33,
 139.901261,   35.169820,       29.34,
 139.905766,   35.169820,       29.29,
 139.910270,   35.169820,       29.20,
 139.914775,   35.169820,       29.08,
 139.919279,   35.169820,       28.93,
 139.923784,   35.169820,       28.76,
 139.928288,   35.169820,       28.57,
 139.932793,   35.169820,       28.37,
 139.937297,   35.169820,       28.15,
 139.941802,   35.169820,       27.92,
 139.946306,   35.169820,       27.68,
 139.950811,   35.169820,       27.43,
 139.955315,   35.169820,       27.17,
 139.959820,   35.169820,       26.90,
 139.964324,   35.169820,       26.62,
 139.968829,   35.169820,       26.32,
 139.973333,   35.169820,       26.02,
 139.977838,   35.169820,       25.71,
 139.982342,   35.169820,       25.39,
 139.986847,   35.169820,       25.06,
 139.991351,   35.169820,       24.72,
 139.995856,   35.169820,       24.37,
 140.000360,   35.169820,       24.01,
 140.004865,   35.169820,       23.64,
 140.009369,   35.169820,       23.27,
 140.013874,   35.169820,       22.89,
 140.018378,   35.169820,       22.51,
 140.022883,   35.169820,       22.12,
 140.027387,   35.169820,       21.73,
 140.031892,   35.169820,       21.33,
 140.036396,   35.169820,       20.93,
 140.040901,   35.169820,       20.52,
 140.045405,   35.169820,       20.11,
 140.049910,   35.169820,       19.70,
 140.054414,   35.169820,       19.29,
 140.058919,   35.169820,       18.88,
 140.063423,   35.169820,       18.46,
 140.067928,   35.169820,       18.04,
 140.072432,   35.169820,       17.63,
 140.076937,   35.169820,       17.21,
 140.081441,   35.169820,       16.79,
 140.085946,   35.169820,       16.39,
 140.090450,   35.169820,       15.99,
 140.094955,   35.169820,       15.60,
 140.099459,   35.169820,       15.21,
 140.103964,   35.169820,       14.83,
 140.108468,   35.169820,       14.46,
 140.112973,   35.169820,       14.10,
 140.117477,   35.169820,       13.75,
 140.121982,   35.169820,       13.42,
 140.126486,   35.169820,       13.09,
 140.130991,   35.169820,       12.79,
 140.135495,   35.169820,       12.49,
 140.140000,   35.169820,       12.20,
 140.144505,   35.169820,       11.92,
 140.149009,   35.169820,       11.65,
 140.153514,   35.169820,       11.38,
 140.158018,   35.169820,       11.13,
 140.162523,   35.169820,       10.88,
 140.167027,   35.169820,       10.65,
 140.171532,   35.169820,       10.42,
 140.176036,   35.169820,       10.20,
 140.180541,   35.169820,        9.98,
 140.185045,   35.169820,        9.77,
 140.189550,   35.169820,        9.57,
 140.194054,   35.169820,        9.37,
 140.198559,   35.169820,        9.17,
 140.203063,   35.169820,        8.97,
 140.207568,   35.169820,        8.77,
 140.212072,   35.169820,        8.57,
 140.216577,   35.169820,        8.37,
 140.221081,   35.169820,        8.17,
 140.225586,   35.169820,        7.96,
 140.230090,   35.169820,        7.75,
 140.234595,   35.169820,        7.54,
 140.239099,   35.169820,        7.32,
 140.243604,   35.169820,        7.10,
 140.248108,   35.169820,        6.87,
 140.252613,   35.169820,        6.64,
 140.257117,   35.169820,        6.41,
 140.261622,   35.169820,        6.17,
 140.266126,   35.169820,        5.92,
 140.270631,   35.169820,        5.68,
 140.275135,   35.169820,        5.43,
 140.279640,   35.169820,        5.18,
 140.284144,   35.169820,        4.93,
 140.288649,   35.169820,        4.68,
 140.293153,   35.169820,        4.42,
 140.297658,   35.169820,        4.15,
 140.302162,   35.169820,        3.89,
 140.306667,   35.169820,        3.62,
 140.311171,   35.169820,        3.35,
 140.315676,   35.169820,        3.08,
 140.320180,   35.169820,        2.82,
 140.324685,   35.169820,        2.58,
 140.329189,   35.169820,        2.43,
 140.333694,   35.169820,        2.56,
 140.338198,   35.169820,        2.65,
 140.342703,   35.169820,        2.68,
 140.347207,   35.169820,        2.73,
 140.351712,   35.169820,        2.77,
 140.356216,   35.169820,        2.75,
 140.360721,   35.169820,        2.69,
 140.365225,   35.169820,        2.63,
 140.369730,   35.169820,        2.60,
 140.374234,   35.169820,        2.57,
 140.378739,   35.169820,        2.59,
 140.383243,   35.169820,        2.66,
 140.387748,   35.169820,        2.73,
 139.140000,   35.174324,        0.42,
 139.144505,   35.174324,        0.43,
 139.149009,   35.174324,        0.45,
 139.153514,   35.174324,        0.47,
 139.158018,   35.174324,        0.50,
 139.162523,   35.174324,        0.54,
 139.167027,   35.174324,        0.60,
 139.171532,   35.174324,        0.65,
 139.176036,   35.174324,        0.75,
 139.180541,   35.174324,        0.89,
 139.185045,   35.174324,        1.03,
 139.189550,   35.174324,        1.18,
 139.194054,   35.174324,        1.33,
 139.198559,   35.174324,        1.53,
 139.203063,   35.174324,        1.72,
 139.207568,   35.174324,        1.92,
 139.212072,   35.174324,        2.11,
 139.216577,   35.174324,        2.31,
 139.221081,   35.174324,        2.53,
 139.225586,   35.174324,        2.73,
 139.230090,   35.174324,        2.92,
 139.234595,   35.174324,        3.09,
 139.239099,   35.174324,        3.26,
 139.243604,   35.174324,        3.42,
 139.248108,   35.174324,        3.57,
 139.252613,   35.174324,        3.71,
 139.257117,   35.174324,        3.85,
 139.261622,   35.174324,        3.98,
 139.266126,   35.174324,        4.09,
 139.270631,   35.174324,        4.19,
 139.275135,   35.174324,        4.28,
 139.279640,   35.174324,        4.36,
 139.284144,   35.174324,        4.43,
 139.288649,   35.174324,        4.49,
 139.293153,   35.174324,        4.54,
 139.297658,   35.174324,        4.58,
 139.302162,   35.174324,        4.62,
 139.306667,   35.174324,        4.64,
 139.311171,   35.174324,        4.65,
 139.315676,   35.174324,        4.65,
 139.320180,   35.174324,        4.64,
 139.324685,   35.174324,        4.62,
 139.329189,   35.174324,        4.60,
 139.333694,   35.174324,        4.57,
 139.338198,   35.174324,        4.54,
 139.342703,   35.174324,        4.51,
 139.347207,   35.174324,        4.46,
 139.351712,   35.174324,        4.39,
 139.356216,   35.174324,        4.31,
 139.360721,   35.174324,        4.23,
 139.365225,   35.174324,        4.15,
 139.369730,   35.174324,        4.07,
 139.374234,   35.174324,        3.98,
 139.378739,   35.174324,        3.90,
 139.383243,   35.174324,        3.80,
 139.387748,   35.174324,        3.67,
 139.392252,   35.174324,        3.54,
 139.396757,   35.174324,        3.40,
 139.401261,   35.174324,        3.27,
 139.405766,   35.174324,        3.14,
 139.410270,   35.174324,        3.03,
 139.414775,   35.174324,        2.94,
 139.419279,   35.174324,        2.89,
 139.423784,   35.174324,        2.84,
 139.428288,   35.174324,        2.79,
 139.432793,   35.174324,        2.75,
 139.437297,   35.174324,        2.72,
 139.441802,   35.174324,        2.79,
 139.446306,   35.174324,        2.94,
 139.450811,   35.174324,        3.12,
 139.455315,   35.174324,        3.30,
 139.459820,   35.174324,        3.48,
 139.464324,   35.174324,        3.67,
 139.468829,   35.174324,        3.86,
 139.473333,   35.174324,        4.06,
 139.477838,   35.174324,        4.34,
 139.482342,   35.174324,        4.68,
 139.486847,   35.174324,        5.02,
 139.491351,   35.174324,        5.36,
 139.495856,   35.174324,        5.69,
 139.500360,   35.174324,        6.00,
 139.504865,   35.174324,        6.29,
 139.509369,   35.174324,        6.54,
 139.513874,   35.174324,        6.78,
 139.518378,   35.174324,        7.02,
 139.522883,   35.174324,        7.24,
 139.527387,   35.174324,        7.46,
 139.531892,   35.174324,        7.76,
 139.536396,   35.174324,        8.08,
 139.540901,   35.174324,        8.40,
 139.545405,   35.174324,        8.74,
 139.549910,   35.174324,        9.11,
 139.554414,   35.174324,        9.50,
 139.558919,   35.174324,        9.90,
 139.563423,   35.174324,       10.29,
 139.567928,   35.174324,       10.69,
 139.572432,   35.174324,       11.12,
 139.576937,   35.174324,       11.56,
 139.581441,   35.174324,       12.12,
 139.585946,   35.174324,       12.79,
 139.590450,   35.174324,       13.70,
 139.594955,   35.174324,       14.92,
 139.599459,   35.174324,       16.26,
 139.603964,   35.174324,       17.78,
 139.608468,   35.174324,       19.32,
 139.612973,   35.174324,       20.70,
 139.617477,   35.174324,       22.04,
 139.621982,   35.174324,       24.29,
 139.626486,   35.174324,       27.23,
 139.630991,   35.174324,       30.24,
 139.635495,   35.174324,       33.36,
 139.640000,   35.174324,       36.63,
 139.644505,   35.174324,       40.10,
 139.649009,   35.174324,       43.88,
 139.653514,   35.174324,       43.88,
 139.658018,   35.174324,       43.88,
 139.662523,   35.174324,       42.60,
 139.667027,   35.174324,       42.60,
 139.671532,   35.174324,       42.60,
 139.676036,   35.174324,       38.51,
 139.680541,   35.174324,       33.98,
 139.685045,   35.174324,       29.11,
 139.689550,   35.174324,       24.37,
 139.694054,   35.174324,       21.05,
 139.698559,   35.174324,       17.95,
 139.703063,   35.174324,       15.39,
 139.707568,   35.174324,       14.72,
 139.712072,   35.174324,       14.23,
 139.716577,   35.174324,       13.91,
 139.721081,   35.174324,       14.00,
 139.725586,   35.174324,       14.06,
 139.730090,   35.174324,       14.14,
 139.734595,   35.174324,       14.12,
 139.739099,   35.174324,       13.97,
 139.743604,   35.174324,       13.81,
 139.748108,   35.174324,       13.52,
 139.752613,   35.174324,       13.10,
 139.757117,   35.174324,       12.66,
 139.761622,   35.174324,       12.14,
 139.766126,   35.174324,       11.52,
 139.770631,   35.174324,       10.88,
 139.775135,   35.174324,       10.23,
 139.779640,   35.174324,        9.72,
 139.784144,   35.174324,        9.20,
 139.788649,   35.174324,        8.67,
 139.793153,   35.174324,        8.60,
 139.797658,   35.174324,        8.62,
 139.802162,   35.174324,        8.60,
 139.806667,   35.174324,        9.10,
 139.811171,   35.174324,        9.86,
 139.815676,   35.174324,       10.53,
 139.820180,   35.174324,       11.80,
 139.824685,   35.174324,       14.76,
 139.829189,   35.174324,       17.23,
 139.833694,   35.174324,       19.43,
 139.838198,   35.174324,       21.39,
 139.842703,   35.174324,       22.61,
 139.847207,   35.174324,       23.68,
 139.851712,   35.174324,       24.91,
 139.856216,   35.174324,       26.08,
 139.860721,   35.174324,       27.13,
 139.865225,   35.174324,       28.03,
 139.869730,   35.174324,       28.75,
 139.874234,   35.174324,       29.34,
 139.878739,   35.174324,       29.81,
 139.883243,   35.174324,       30.19,
 139.887748,   35.174324,       30.46,
 139.892252,   35.174324,       30.57,
 139.896757,   35.174324,       30.60,
 139.901261,   35.174324,       30.55,
 139.905766,   35.174324,       30.46,
 139.910270,   35.174324,       30.34,
 139.914775,   35.174324,       30.18,
 139.919279,   35.174324,       30.01,
 139.923784,   35.174324,       29.82,
 139.928288,   35.174324,       29.61,
 139.932793,   35.174324,       29.39,
 139.937297,   35.174324,       29.16,
 139.941802,   35.174324,       28.92,
 139.946306,   35.174324,       28.66,
 139.950811,   35.174324,       28.40,
 139.955315,   35.174324,       28.13,
 139.959820,   35.174324,       27.85,
 139.964324,   35.174324,       27.55,
 139.968829,   35.174324,       27.25,
 139.973333,   35.174324,       26.94,
 139.977838,   35.174324,       26.61,
 139.982342,   35.174324,       26.28,
 139.986847,   35.174324,       25.94,
 139.991351,   35.174324,       25.60,
 139.995856,   35.174324,       25.24,
 140.000360,   35.174324,       24.88,
 140.004865,   35.174324,       24.51,
 140.009369,   35.174324,       24.13,
 140.013874,   35.174324,       23.75,
 140.018378,   35.174324,       23.36,
 140.022883,   35.174324,       22.97,
 140.027387,   35.174324,       22.58,
 140.031892,   35.174324,       22.18,
 140.036396,   35.174324,       21.78,
 140.040901,   35.174324,       21.38,
 140.045405,   35.174324,       20.97,
 140.049910,   35.174324,       20.57,
 140.054414,   35.174324,       20.16,
 140.058919,   35.174324,       19.75,
 140.063423,   35.174324,       19.34,
 140.067928,   35.174324,       18.93,
 140.072432,   35.174324,       18.52,
 140.076937,   35.174324,       18.11,
 140.081441,   35.174324,       17.70,
 140.085946,   35.174324,       17.30,
 140.090450,   35.174324,       16.91,
 140.094955,   35.174324,       16.52,
 140.099459,   35.174324,       16.14,
 140.103964,   35.174324,       15.77,
 140.108468,   35.174324,       15.41,
 140.112973,   35.174324,       15.05,
 140.117477,   35.174324,       14.71,
 140.121982,   35.174324,       14.37,
 140.126486,   35.174324,       14.05,
 140.130991,   35.174324,       13.74,
 140.135495,   35.174324,       13.45,
 140.140000,   35.174324,       13.16,
 140.144505,   35.174324,       12.88,
 140.149009,   35.174324,       12.60,
 140.153514,   35.174324,       12.33,
 140.158018,   35.174324,       12.07,
 140.162523,   35.174324,       11.82,
 140.167027,   35.174324,       11.58,
 140.171532,   35.174324,       11.34,
 140.176036,   35.174324,       11.12,
 140.180541,   35.174324,       10.89,
 140.185045,   35.174324,       10.67,
 140.189550,   35.174324,       10.46,
 140.194054,   35.174324,       10.25,
 140.198559,   35.174324,       10.04,
 140.203063,   35.174324,        9.84,
 140.207568,   35.174324,        9.63,
 140.212072,   35.174324,        9.43,
 140.216577,   35.174324,        9.22,
 140.221081,   35.174324,        9.01,
 140.225586,   35.174324,        8.81,
 140.230090,   35.174324,        8.59,
 140.234595,   35.174324,        8.38,
 140.239099,   35.174324,        8.16,
 140.243604,   35.174324,        7.93,
 140.248108,   35.174324,        7.71,
 140.252613,   35.174324,        7.47,
 140.257117,   35.174324,        7.24,
 140.261622,   35.174324,        7.00,
 140.266126,   35.174324,        6.76,
 140.270631,   35.174324,        6.51,
 140.275135,   35.174324,        6.26,
 140.279640,   35.174324,        6.01,
 140.284144,   35.174324,        5.76,
 140.288649,   35.174324,        5.50,
 140.293153,   35.174324,        5.24,
 140.297658,   35.174324,        4.98,
 140.302162,   35.174324,        4.71,
 140.306667,   35.174324,        4.43,
 140.311171,   35.174324,        4.16,
 140.315676,   35.174324,        3.88,
 140.320180,   35.174324,        3.59,
 140.324685,   35.174324,        3.31,
 140.329189,   35.174324,        3.03,
 140.333694,   35.174324,        2.78,
 140.338198,   35.174324,        2.72,
 140.342703,   35.174324,        2.85,
 140.347207,   35.174324,        2.88,
 140.351712,   35.174324,        2.93,
 140.356216,   35.174324,        2.98,
 140.360721,   35.174324,        2.97,
 140.365225,   35.174324,        2.91,
 140.369730,   35.174324,        2.88,
 140.374234,   35.174324,        2.85,
 140.378739,   35.174324,        2.85,
 140.383243,   35.174324,        2.89,
 140.387748,   35.174324,        2.96,
 139.140000,   35.178829,        0.45,
 139.144505,   35.178829,        0.47,
 139.149009,   35.178829,        0.49,
 139.153514,   35.178829,        0.50,
 139.158018,   35.178829,        0.53,
 139.162523,   35.178829,        0.58,
 139.167027,   35.178829,        0.63,
 139.171532,   35.178829,        0.69,
 139.176036,   35.178829,        0.78,
 139.180541,   35.178829,        0.91,
 139.185045,   35.178829,        1.04,
 139.189550,   35.178829,        1.18,
 139.194054,   35.178829,        1.33,
 139.198559,   35.178829,        1.50,
 139.203063,   35.178829,        1.69,
 139.207568,   35.178829,        1.87,
 139.212072,   35.178829,        2.06,
 139.216577,   35.178829,        2.24,
 139.221081,   35.178829,        2.45,
 139.225586,   35.178829,        2.64,
 139.230090,   35.178829,        2.81,
 139.234595,   35.178829,        2.97,
 139.239099,   35.178829,        3.13,
 139.243604,   35.178829,        3.29,
 139.248108,   35.178829,        3.44,
 139.252613,   35.178829,        3.58,
 139.257117,   35.178829,        3.72,
 139.261622,   35.178829,        3.85,
 139.266126,   35.178829,        3.96,
 139.270631,   35.178829,        4.05,
 139.275135,   35.178829,        4.13,
 139.279640,   35.178829,        4.20,
 139.284144,   35.178829,        4.27,
 139.288649,   35.178829,        4.33,
 139.293153,   35.178829,        4.38,
 139.297658,   35.178829,        4.44,
 139.302162,   35.178829,        4.48,
 139.306667,   35.178829,        4.51,
 139.311171,   35.178829,        4.51,
 139.315676,   35.178829,        4.50,
 139.320180,   35.178829,        4.48,
 139.324685,   35.178829,        4.46,
 139.329189,   35.178829,        4.45,
 139.333694,   35.178829,        4.42,
 139.338198,   35.178829,        4.40,
 139.342703,   35.178829,        4.37,
 139.347207,   35.178829,        4.33,
 139.351712,   35.178829,        4.27,
 139.356216,   35.178829,        4.19,
 139.360721,   35.178829,        4.11,
 139.365225,   35.178829,        4.02,
 139.369730,   35.178829,        3.94,
 139.374234,   35.178829,        3.86,
 139.378739,   35.178829,        3.78,
 139.383243,   35.178829,        3.68,
 139.387748,   35.178829,        3.57,
 139.392252,   35.178829,        3.44,
 139.396757,   35.178829,        3.32,
 139.401261,   35.178829,        3.19,
 139.405766,   35.178829,        3.07,
 139.410270,   35.178829,        2.96,
 139.414775,   35.178829,        2.88,
 139.419279,   35.178829,        2.84,
 139.423784,   35.178829,        2.81,
 139.428288,   35.178829,        2.77,
 139.432793,   35.178829,        2.73,
 139.437297,   35.178829,        2.72,
 139.441802,   35.178829,        2.79,
 139.446306,   35.178829,        2.92,
 139.450811,   35.178829,        3.11,
 139.455315,   35.178829,        3.30,
 139.459820,   35.178829,        3.49,
 139.464324,   35.178829,        3.69,
 139.468829,   35.178829,        3.88,
 139.473333,   35.178829,        4.08,
 139.477838,   35.178829,        4.41,
 139.482342,   35.178829,        4.77,
 139.486847,   35.178829,        5.13,
 139.491351,   35.178829,        5.48,
 139.495856,   35.178829,        5.81,
 139.500360,   35.178829,        6.12,
 139.504865,   35.178829,        6.43,
 139.509369,   35.178829,        6.70,
 139.513874,   35.178829,        6.94,
 139.518378,   35.178829,        7.18,
 139.522883,   35.178829,        7.41,
 139.527387,   35.178829,        7.66,
 139.531892,   35.178829,        7.96,
 139.536396,   35.178829,        8.28,
 139.540901,   35.178829,        8.59,
 139.545405,   35.178829,        8.92,
 139.549910,   35.178829,        9.29,
 139.554414,   35.178829,        9.68,
 139.558919,   35.178829,       10.07,
 139.563423,   35.178829,       10.48,
 139.567928,   35.178829,       10.89,
 139.572432,   35.178829,       11.31,
 139.576937,   35.178829,       11.75,
 139.581441,   35.178829,       12.36,
 139.585946,   35.178829,       13.03,
 139.590450,   35.178829,       14.07,
 139.594955,   35.178829,       15.27,
 139.599459,   35.178829,       16.60,
 139.603964,   35.178829,       18.17,
 139.608468,   35.178829,       19.71,
 139.612973,   35.178829,       21.06,
 139.617477,   35.178829,       22.29,
 139.621982,   35.178829,       24.72,
 139.626486,   35.178829,       28.05,
 139.630991,   35.178829,       31.30,
 139.635495,   35.178829,       34.59,
 139.640000,   35.178829,       37.99,
 139.644505,   35.178829,       41.54,
 139.649009,   35.178829,       45.35,
 139.653514,   35.178829,       45.35,
 139.658018,   35.178829,       45.73,
 139.662523,   35.178829,       45.73,
 139.667027,   35.178829,       45.73,
 139.671532,   35.178829,       43.02,
 139.676036,   35.178829,       39.49,
 139.680541,   35.178829,       35.31,
 139.685045,   35.178829,       30.53,
 139.689550,   35.178829,       25.96,
 139.694054,   35.178829,       22.28,
 139.698559,   35.178829,       19.19,
 139.703063,   35.178829,       16.55,
 139.707568,   35.178829,       15.23,
 139.712072,   35.178829,       14.68,
 139.716577,   35.178829,       14.22,
 139.721081,   35.178829,       13.98,
 139.725586,   35.178829,       14.00,
 139.730090,   35.178829,       13.99,
 139.734595,   35.178829,       13.82,
 139.739099,   35.178829,       13.67,
 139.743604,   35.178829,       13.46,
 139.748108,   35.178829,       13.12,
 139.752613,   35.178829,       12.71,
 139.757117,   35.178829,       12.25,
 139.761622,   35.178829,       11.72,
 139.766126,   35.178829,       11.11,
 139.770631,   35.178829,       10.50,
 139.775135,   35.178829,       10.00,
 139.779640,   35.178829,        9.53,
 139.784144,   35.178829,        9.06,
 139.788649,   35.178829,        8.94,
 139.793153,   35.178829,        9.04,
 139.797658,   35.178829,        9.09,
 139.802162,   35.178829,        9.50,
 139.806667,   35.178829,       10.43,
 139.811171,   35.178829,       11.16,
 139.815676,   35.178829,       11.77,
 139.820180,   35.178829,       14.13,
 139.824685,   35.178829,       17.10,
 139.829189,   35.178829,       19.51,
 139.833694,   35.178829,       21.62,
 139.838198,   35.178829,       23.52,
 139.842703,   35.178829,       24.76,
 139.847207,   35.178829,       25.67,
 139.851712,   35.178829,       26.70,
 139.856216,   35.178829,       27.77,
 139.860721,   35.178829,       28.77,
 139.865225,   35.178829,       29.63,
 139.869730,   35.178829,       30.32,
 139.874234,   35.178829,       30.87,
 139.878739,   35.178829,       31.32,
 139.883243,   35.178829,       31.66,
 139.887748,   35.178829,       31.84,
 139.892252,   35.178829,       31.88,
 139.896757,   35.178829,       31.85,
 139.901261,   35.178829,       31.76,
 139.905766,   35.178829,       31.63,
 139.910270,   35.178829,       31.47,
 139.914775,   35.178829,       31.29,
 139.919279,   35.178829,       31.09,
 139.923784,   35.178829,       30.88,
 139.928288,   35.178829,       30.65,
 139.932793,   35.178829,       30.42,
 139.937297,   35.178829,       30.17,
 139.941802,   35.178829,       29.91,
 139.946306,   35.178829,       29.65,
 139.950811,   35.178829,       29.37,
 139.955315,   35.178829,       29.09,
 139.959820,   35.178829,       28.79,
 139.964324,   35.178829,       28.49,
 139.968829,   35.178829,       28.17,
 139.973333,   35.178829,       27.85,
 139.977838,   35.178829,       27.52,
 139.982342,   35.178829,       27.18,
 139.986847,   35.178829,       26.83,
 139.991351,   35.178829,       26.48,
 139.995856,   35.178829,       26.12,
 140.000360,   35.178829,       25.75,
 140.004865,   35.178829,       25.37,
 140.009369,   35.178829,       24.99,
 140.013874,   35.178829,       24.61,
 140.018378,   35.178829,       24.22,
 140.022883,   35.178829,       23.83,
 140.027387,   35.178829,       23.44,
 140.031892,   35.178829,       23.04,
 140.036396,   35.178829,       22.64,
 140.040901,   35.178829,       22.24,
 140.045405,   35.178829,       21.84,
 140.049910,   35.178829,       21.44,
 140.054414,   35.178829,       21.04,
 140.058919,   35.178829,       20.63,
 140.063423,   35.178829,       20.23,
 140.067928,   35.178829,       19.82,
 140.072432,   35.178829,       19.41,
 140.076937,   35.178829,       19.01,
 140.081441,   35.178829,       18.61,
 140.085946,   35.178829,       18.21,
 140.090450,   35.178829,       17.83,
 140.094955,   35.178829,       17.45,
 140.099459,   35.178829,       17.07,
 140.103964,   35.178829,       16.71,
 140.108468,   35.178829,       16.35,
 140.112973,   35.178829,       15.99,
 140.117477,   35.178829,       15.65,
 140.121982,   35.178829,       15.32,
 140.126486,   35.178829,       15.00,
 140.130991,   35.178829,       14.69,
 140.135495,   35.178829,       14.40,
 140.140000,   35.178829,       14.11,
 140.144505,   35.178829,       13.82,
 140.149009,   35.178829,       13.55,
 140.153514,   35.178829,       13.27,
 140.158018,   35.178829,       13.01,
 140.162523,   35.178829,       12.75,
 140.167027,   35.178829,       12.51,
 140.171532,   35.178829,       12.27,
 140.176036,   35.178829,       12.03,
 140.180541,   35.178829,       11.80,
 140.185045,   35.178829,       11.58,
 140.189550,   35.178829,       11.36,
 140.194054,   35.178829,       11.14,
 140.198559,   35.178829,       10.93,
 140.203063,   35.178829,       10.71,
 140.207568,   35.178829,       10.50,
 140.212072,   35.178829,       10.29,
 140.216577,   35.178829,       10.08,
 140.221081,   35.178829,        9.87,
 140.225586,   35.178829,        9.66,
 140.230090,   35.178829,        9.44,
 140.234595,   35.178829,        9.22,
 140.239099,   35.178829,        9.00,
 140.243604,   35.178829,        8.78,
 140.248108,   35.178829,        8.55,
 140.252613,   35.178829,        8.32,
 140.257117,   35.178829,        8.08,
 140.261622,   35.178829,        7.84,
 140.266126,   35.178829,        7.60,
 140.270631,   35.178829,        7.35,
 140.275135,   35.178829,        7.10,
 140.279640,   35.178829,        6.85,
 140.284144,   35.178829,        6.60,
 140.288649,   35.178829,        6.34,
 140.293153,   35.178829,        6.08,
 140.297658,   35.178829,        5.81,
 140.302162,   35.178829,        5.54,
 140.306667,   35.178829,        5.26,
 140.311171,   35.178829,        4.98,
 140.315676,   35.178829,        4.70,
 140.320180,   35.178829,        4.41,
 140.324685,   35.178829,        4.11,
 140.329189,   35.178829,        3.81,
 140.333694,   35.178829,        3.51,
 140.338198,   35.178829,        3.21,
 140.342703,   35.178829,        2.94,
 140.347207,   35.178829,        3.00,
 140.351712,   35.178829,        3.05,
 140.356216,   35.178829,        3.11,
 140.360721,   35.178829,        3.13,
 140.365225,   35.178829,        3.11,
 140.369730,   35.178829,        3.08,
 140.374234,   35.178829,        3.09,
 140.378739,   35.178829,        3.12,
 140.383243,   35.178829,        3.14,
 140.387748,   35.178829,        3.18,
 139.140000,   35.183333,        0.48,
 139.144505,   35.183333,        0.50,
 139.149009,   35.183333,        0.51,
 139.153514,   35.183333,        0.53,
 139.158018,   35.183333,        0.55,
 139.162523,   35.183333,        0.60,
 139.167027,   35.183333,        0.65,
 139.171532,   35.183333,        0.71,
 139.176036,   35.183333,        0.81,
 139.180541,   35.183333,        0.92,
 139.185045,   35.183333,        1.04,
 139.189550,   35.183333,        1.18,
 139.194054,   35.183333,        1.32,
 139.198559,   35.183333,        1.48,
 139.203063,   35.183333,        1.65,
 139.207568,   35.183333,        1.83,
 139.212072,   35.183333,        2.01,
 139.216577,   35.183333,        2.19,
 139.221081,   35.183333,        2.37,
 139.225586,   35.183333,        2.53,
 139.230090,   35.183333,        2.69,
 139.234595,   35.183333,        2.85,
 139.239099,   35.183333,        3.00,
 139.243604,   35.183333,        3.16,
 139.248108,   35.183333,        3.30,
 139.252613,   35.183333,        3.45,
 139.257117,   35.183333,        3.59,
 139.261622,   35.183333,        3.73,
 139.266126,   35.183333,        3.84,
 139.270631,   35.183333,        3.91,
 139.275135,   35.183333,        3.98,
 139.279640,   35.183333,        4.05,
 139.284144,   35.183333,        4.10,
 139.288649,   35.183333,        4.16,
 139.293153,   35.183333,        4.22,
 139.297658,   35.183333,        4.28,
 139.302162,   35.183333,        4.34,
 139.306667,   35.183333,        4.37,
 139.311171,   35.183333,        4.36,
 139.315676,   35.183333,        4.34,
 139.320180,   35.183333,        4.32,
 139.324685,   35.183333,        4.31,
 139.329189,   35.183333,        4.29,
 139.333694,   35.183333,        4.27,
 139.338198,   35.183333,        4.25,
 139.342703,   35.183333,        4.23,
 139.347207,   35.183333,        4.21,
 139.351712,   35.183333,        4.14,
 139.356216,   35.183333,        4.06,
 139.360721,   35.183333,        3.98,
 139.365225,   35.183333,        3.90,
 139.369730,   35.183333,        3.82,
 139.374234,   35.183333,        3.74,
 139.378739,   35.183333,        3.66,
 139.383243,   35.183333,        3.56,
 139.387748,   35.183333,        3.46,
 139.392252,   35.183333,        3.34,
 139.396757,   35.183333,        3.23,
 139.401261,   35.183333,        3.11,
 139.405766,   35.183333,        3.00,
 139.410270,   35.183333,        2.88,
 139.414775,   35.183333,        2.84,
 139.419279,   35.183333,        2.81,
 139.423784,   35.183333,        2.78,
 139.428288,   35.183333,        2.75,
 139.432793,   35.183333,        2.72,
 139.437297,   35.183333,        2.71,
 139.441802,   35.183333,        2.77,
 139.446306,   35.183333,        2.90,
 139.450811,   35.183333,        3.09,
 139.455315,   35.183333,        3.30,
 139.459820,   35.183333,        3.50,
 139.464324,   35.183333,        3.71,
 139.468829,   35.183333,        3.92,
 139.473333,   35.183333,        4.15,
 139.477838,   35.183333,        4.50,
 139.482342,   35.183333,        4.87,
 139.486847,   35.183333,        5.24,
 139.491351,   35.183333,        5.60,
 139.495856,   35.183333,        5.95,
 139.500360,   35.183333,        6.27,
 139.504865,   35.183333,        6.58,
 139.509369,   35.183333,        6.86,
 139.513874,   35.183333,        7.11,
 139.518378,   35.183333,        7.36,
 139.522883,   35.183333,        7.60,
 139.527387,   35.183333,        7.87,
 139.531892,   35.183333,        8.17,
 139.536396,   35.183333,        8.48,
 139.540901,   35.183333,        8.79,
 139.545405,   35.183333,        9.10,
 139.549910,   35.183333,        9.46,
 139.554414,   35.183333,        9.85,
 139.558919,   35.183333,       10.24,
 139.563423,   35.183333,       10.64,
 139.567928,   35.183333,       11.05,
 139.572432,   35.183333,       11.48,
 139.576937,   35.183333,       11.92,
 139.581441,   35.183333,       12.58,
 139.585946,   35.183333,       13.39,
 139.590450,   35.183333,       14.43,
 139.594955,   35.183333,       15.73,
 139.599459,   35.183333,       17.20,
 139.603964,   35.183333,       18.72,
 139.608468,   35.183333,       20.15,
 139.612973,   35.183333,       21.31,
 139.617477,   35.183333,       22.50,
 139.621982,   35.183333,       25.35,
 139.626486,   35.183333,       31.78,
 139.630991,   35.183333,       42.16,
 139.635495,   35.183333,       49.43,
 139.640000,   35.183333,       49.43,
 139.644505,   35.183333,       48.24,
 139.649009,   35.183333,       48.24,
 139.653514,   35.183333,       49.27,
 139.658018,   35.183333,       48.17,
 139.662523,   35.183333,       48.17,
 139.667027,   35.183333,       46.27,
 139.671532,   35.183333,       43.59,
 139.676036,   35.183333,       40.57,
 139.680541,   35.183333,       37.00,
 139.685045,   35.183333,       32.48,
 139.689550,   35.183333,       27.88,
 139.694054,   35.183333,       23.47,
 139.698559,   35.183333,       20.36,
 139.703063,   35.183333,       18.08,
 139.707568,   35.183333,       16.02,
 139.712072,   35.183333,       14.98,
 139.716577,   35.183333,       14.54,
 139.721081,   35.183333,       14.10,
 139.725586,   35.183333,       13.90,
 139.730090,   35.183333,       13.77,
 139.734595,   35.183333,       13.57,
 139.739099,   35.183333,       13.37,
 139.743604,   35.183333,       13.08,
 139.748108,   35.183333,       12.73,
 139.752613,   35.183333,       12.34,
 139.757117,   35.183333,       11.85,
 139.761622,   35.183333,       11.31,
 139.766126,   35.183333,       10.72,
 139.770631,   35.183333,       10.25,
 139.775135,   35.183333,        9.83,
 139.779640,   35.183333,        9.36,
 139.784144,   35.183333,        9.23,
 139.788649,   35.183333,        9.43,
 139.793153,   35.183333,        9.56,
 139.797658,   35.183333,       10.03,
 139.802162,   35.183333,       11.07,
 139.806667,   35.183333,       12.07,
 139.811171,   35.183333,       13.14,
 139.815676,   35.183333,       14.38,
 139.820180,   35.183333,       16.71,
 139.824685,   35.183333,       19.52,
 139.829189,   35.183333,       21.89,
 139.833694,   35.183333,       23.89,
 139.838198,   35.183333,       25.69,
 139.842703,   35.183333,       27.00,
 139.847207,   35.183333,       27.80,
 139.851712,   35.183333,       28.62,
 139.856216,   35.183333,       29.56,
 139.860721,   35.183333,       30.48,
 139.865225,   35.183333,       31.28,
 139.869730,   35.183333,       31.93,
 139.874234,   35.183333,       32.45,
 139.878739,   35.183333,       32.86,
 139.883243,   35.183333,       33.14,
 139.887748,   35.183333,       33.21,
 139.892252,   35.183333,       33.19,
 139.896757,   35.183333,       33.10,
 139.901261,   35.183333,       32.96,
 139.905766,   35.183333,       32.79,
 139.910270,   35.183333,       32.60,
 139.914775,   35.183333,       32.39,
 139.919279,   35.183333,       32.17,
 139.923784,   35.183333,       31.94,
 139.928288,   35.183333,       31.70,
 139.932793,   35.183333,       31.44,
 139.937297,   35.183333,       31.18,
 139.941802,   35.183333,       30.91,
 139.946306,   35.183333,       30.63,
 139.950811,   35.183333,       30.34,
 139.955315,   35.183333,       30.05,
 139.959820,   35.183333,       29.74,
 139.964324,   35.183333,       29.42,
 139.968829,   35.183333,       29.10,
 139.973333,   35.183333,       28.77,
 139.977838,   35.183333,       28.43,
 139.982342,   35.183333,       28.08,
 139.986847,   35.183333,       27.72,
 139.991351,   35.183333,       27.36,
 139.995856,   35.183333,       26.99,
 140.000360,   35.183333,       26.62,
 140.004865,   35.183333,       26.24,
 140.009369,   35.183333,       25.86,
 140.013874,   35.183333,       25.48,
 140.018378,   35.183333,       25.09,
 140.022883,   35.183333,       24.69,
 140.027387,   35.183333,       24.30,
 140.031892,   35.183333,       23.91,
 140.036396,   35.183333,       23.51,
 140.040901,   35.183333,       23.11,
 140.045405,   35.183333,       22.71,
 140.049910,   35.183333,       22.31,
 140.054414,   35.183333,       21.91,
 140.058919,   35.183333,       21.51,
 140.063423,   35.183333,       21.11,
 140.067928,   35.183333,       20.71,
 140.072432,   35.183333,       20.31,
 140.076937,   35.183333,       19.91,
 140.081441,   35.183333,       19.51,
 140.085946,   35.183333,       19.12,
 140.090450,   35.183333,       18.74,
 140.094955,   35.183333,       18.37,
 140.099459,   35.183333,       18.00,
 140.103964,   35.183333,       17.64,
 140.108468,   35.183333,       17.28,
 140.112973,   35.183333,       16.93,
 140.117477,   35.183333,       16.59,
 140.121982,   35.183333,       16.26,
 140.126486,   35.183333,       15.95,
 140.130991,   35.183333,       15.64,
 140.135495,   35.183333,       15.34,
 140.140000,   35.183333,       15.05,
 140.144505,   35.183333,       14.77,
 140.149009,   35.183333,       14.49,
 140.153514,   35.183333,       14.21,
 140.158018,   35.183333,       13.95,
 140.162523,   35.183333,       13.69,
 140.167027,   35.183333,       13.43,
 140.171532,   35.183333,       13.19,
 140.176036,   35.183333,       12.95,
 140.180541,   35.183333,       12.72,
 140.185045,   35.183333,       12.49,
 140.189550,   35.183333,       12.26,
 140.194054,   35.183333,       12.04,
 140.198559,   35.183333,       11.82,
 140.203063,   35.183333,       11.60,
 140.207568,   35.183333,       11.38,
 140.212072,   35.183333,       11.16,
 140.216577,   35.183333,       10.95,
 140.221081,   35.183333,       10.73,
 140.225586,   35.183333,       10.52,
 140.230090,   35.183333,       10.30,
 140.234595,   35.183333,       10.08,
 140.239099,   35.183333,        9.86,
 140.243604,   35.183333,        9.63,
 140.248108,   35.183333,        9.40,
 140.252613,   35.183333,        9.17,
 140.257117,   35.183333,        8.93,
 140.261622,   35.183333,        8.69,
 140.266126,   35.183333,        8.45,
 140.270631,   35.183333,        8.21,
 140.275135,   35.183333,        7.96,
 140.279640,   35.183333,        7.71,
 140.284144,   35.183333,        7.46,
 140.288649,   35.183333,        7.20,
 140.293153,   35.183333,        6.94,
 140.297658,   35.183333,        6.68,
 140.302162,   35.183333,        6.41,
 140.306667,   35.183333,        6.14,
 140.311171,   35.183333,        5.86,
 140.315676,   35.183333,        5.58,
 140.320180,   35.183333,        5.28,
 140.324685,   35.183333,        4.99,
 140.329189,   35.183333,        4.68,
 140.333694,   35.183333,        4.35,
 140.338198,   35.183333,        4.02,
 140.342703,   35.183333,        3.67,
 140.347207,   35.183333,        3.33,
 140.351712,   35.183333,        3.15,
 140.356216,   35.183333,        3.19,
 140.360721,   35.183333,        3.22,
 140.365225,   35.183333,        3.25,
 140.369730,   35.183333,        3.28,
 140.374234,   35.183333,        3.37,
 140.378739,   35.183333,        3.43,
 140.383243,   35.183333,        3.46,
 140.387748,   35.183333,        3.46,
 139.140000,   35.187838,        0.51,
 139.144505,   35.187838,        0.52,
 139.149009,   35.187838,        0.54,
 139.153514,   35.187838,        0.56,
 139.158018,   35.187838,        0.58,
 139.162523,   35.187838,        0.61,
 139.167027,   35.187838,        0.67,
 139.171532,   35.187838,        0.75,
 139.176036,   35.187838,        0.83,
 139.180541,   35.187838,        0.94,
 139.185045,   35.187838,        1.05,
 139.189550,   35.187838,        1.17,
 139.194054,   35.187838,        1.31,
 139.198559,   35.187838,        1.46,
 139.203063,   35.187838,        1.61,
 139.207568,   35.187838,        1.78,
 139.212072,   35.187838,        1.95,
 139.216577,   35.187838,        2.12,
 139.221081,   35.187838,        2.27,
 139.225586,   35.187838,        2.42,
 139.230090,   35.187838,        2.57,
 139.234595,   35.187838,        2.72,
 139.239099,   35.187838,        2.88,
 139.243604,   35.187838,        3.03,
 139.248108,   35.187838,        3.17,
 139.252613,   35.187838,        3.32,
 139.257117,   35.187838,        3.46,
 139.261622,   35.187838,        3.61,
 139.266126,   35.187838,        3.70,
 139.270631,   35.187838,        3.76,
 139.275135,   35.187838,        3.82,
 139.279640,   35.187838,        3.88,
 139.284144,   35.187838,        3.94,
 139.288649,   35.187838,        4.00,
 139.293153,   35.187838,        4.06,
 139.297658,   35.187838,        4.12,
 139.302162,   35.187838,        4.18,
 139.306667,   35.187838,        4.21,
 139.311171,   35.187838,        4.20,
 139.315676,   35.187838,        4.18,
 139.320180,   35.187838,        4.17,
 139.324685,   35.187838,        4.15,
 139.329189,   35.187838,        4.13,
 139.333694,   35.187838,        4.11,
 139.338198,   35.187838,        4.10,
 139.342703,   35.187838,        4.08,
 139.347207,   35.187838,        4.06,
 139.351712,   35.187838,        4.00,
 139.356216,   35.187838,        3.92,
 139.360721,   35.187838,        3.84,
 139.365225,   35.187838,        3.76,
 139.369730,   35.187838,        3.69,
 139.374234,   35.187838,        3.61,
 139.378739,   35.187838,        3.54,
 139.383243,   35.187838,        3.45,
 139.387748,   35.187838,        3.34,
 139.392252,   35.187838,        3.24,
 139.396757,   35.187838,        3.14,
 139.401261,   35.187838,        3.03,
 139.405766,   35.187838,        2.93,
 139.410270,   35.187838,        2.84,
 139.414775,   35.187838,        2.80,
 139.419279,   35.187838,        2.78,
 139.423784,   35.187838,        2.75,
 139.428288,   35.187838,        2.73,
 139.432793,   35.187838,        2.70,
 139.437297,   35.187838,        2.69,
 139.441802,   35.187838,        2.74,
 139.446306,   35.187838,        2.87,
 139.450811,   35.187838,        3.08,
 139.455315,   35.187838,        3.30,
 139.459820,   35.187838,        3.52,
 139.464324,   35.187838,        3.74,
 139.468829,   35.187838,        3.96,
 139.473333,   35.187838,        4.23,
 139.477838,   35.187838,        4.58,
 139.482342,   35.187838,        4.97,
 139.486847,   35.187838,        5.36,
 139.491351,   35.187838,        5.74,
 139.495856,   35.187838,        6.11,
 139.500360,   35.187838,        6.45,
 139.504865,   35.187838,        6.75,
 139.509369,   35.187838,        7.03,
 139.513874,   35.187838,        7.30,
 139.518378,   35.187838,        7.55,
 139.522883,   35.187838,        7.79,
 139.527387,   35.187838,        8.07,
 139.531892,   35.187838,        8.37,
 139.536396,   35.187838,        8.68,
 139.540901,   35.187838,        8.98,
 139.545405,   35.187838,        9.30,
 139.549910,   35.187838,        9.65,
 139.554414,   35.187838,       10.02,
 139.558919,   35.187838,       10.39,
 139.563423,   35.187838,       10.78,
 139.567928,   35.187838,       11.20,
 139.572432,   35.187838,       11.62,
 139.576937,   35.187838,       12.06,
 139.581441,   35.187838,       12.90,
 139.585946,   35.187838,       13.80,
 139.590450,   35.187838,       14.79,
 139.594955,   35.187838,       16.38,
 139.599459,   35.187838,       17.89,
 139.603964,   35.187838,       19.32,
 139.608468,   35.187838,       20.51,
 139.612973,   35.187838,       21.59,
 139.617477,   35.187838,       22.79,
 139.621982,   35.187838,       41.57,
 139.626486,   35.187838,       41.57,
 139.630991,   35.187838,       41.57,
 139.635495,   35.187838,       41.57,
 139.640000,   35.187838,       49.82,
 139.644505,   35.187838,       49.82,
 139.649009,   35.187838,       49.82,
 139.653514,   35.187838,       49.82,
 139.658018,   35.187838,       49.82,
 139.662523,   35.187838,       48.35,
 139.667027,   35.187838,       46.86,
 139.671532,   35.187838,       44.70,
 139.676036,   35.187838,       41.87,
 139.680541,   35.187838,       38.69,
 139.685045,   35.187838,       34.58,
 139.689550,   35.187838,       30.06,
 139.694054,   35.187838,       25.50,
 139.698559,   35.187838,       21.89,
 139.703063,   35.187838,       19.52,
 139.707568,   35.187838,       17.36,
 139.712072,   35.187838,       15.58,
 139.716577,   35.187838,       14.89,
 139.721081,   35.187838,       14.44,
 139.725586,   35.187838,       13.92,
 139.730090,   35.187838,       13.64,
 139.734595,   35.187838,       13.43,
 139.739099,   35.187838,       13.13,
 139.743604,   35.187838,       12.79,
 139.748108,   35.187838,       12.44,
 139.752613,   35.187838,       12.04,
 139.757117,   35.187838,       11.55,
 139.761622,   35.187838,       11.02,
 139.766126,   35.187838,       10.56,
 139.770631,   35.187838,       10.19,
 139.775135,   35.187838,        9.78,
 139.779640,   35.187838,        9.60,
 139.784144,   35.187838,        9.86,
 139.788649,   35.187838,       10.07,
 139.793153,   35.187838,       10.54,
 139.797658,   35.187838,       11.67,
 139.802162,   35.187838,       12.77,
 139.806667,   35.187838,       14.08,
 139.811171,   35.187838,       15.77,
 139.815676,   35.187838,       17.38,
 139.820180,   35.187838,       19.39,
 139.824685,   35.187838,       22.04,
 139.829189,   35.187838,       24.37,
 139.833694,   35.187838,       26.26,
 139.838198,   35.187838,       27.95,
 139.842703,   35.187838,       29.34,
 139.847207,   35.187838,       30.03,
 139.851712,   35.187838,       30.69,
 139.856216,   35.187838,       31.44,
 139.860721,   35.187838,       32.26,
 139.865225,   35.187838,       33.00,
 139.869730,   35.187838,       33.59,
 139.874234,   35.187838,       34.06,
 139.878739,   35.187838,       34.43,
 139.883243,   35.187838,       34.59,
 139.887748,   35.187838,       34.58,
 139.892252,   35.187838,       34.49,
 139.896757,   35.187838,       34.33,
 139.901261,   35.187838,       34.15,
 139.905766,   35.187838,       33.95,
 139.910270,   35.187838,       33.73,
 139.914775,   35.187838,       33.50,
 139.919279,   35.187838,       33.25,
 139.923784,   35.187838,       33.00,
 139.928288,   35.187838,       32.74,
 139.932793,   35.187838,       32.47,
 139.937297,   35.187838,       32.19,
 139.941802,   35.187838,       31.91,
 139.946306,   35.187838,       31.62,
 139.950811,   35.187838,       31.31,
 139.955315,   35.187838,       31.00,
 139.959820,   35.187838,       30.68,
 139.964324,   35.187838,       30.36,
 139.968829,   35.187838,       30.02,
 139.973333,   35.187838,       29.68,
 139.977838,   35.187838,       29.33,
 139.982342,   35.187838,       28.98,
 139.986847,   35.187838,       28.62,
 139.991351,   35.187838,       28.25,
 139.995856,   35.187838,       27.87,
 140.000360,   35.187838,       27.50,
 140.004865,   35.187838,       27.12,
 140.009369,   35.187838,       26.73,
 140.013874,   35.187838,       26.34,
 140.018378,   35.187838,       25.95,
 140.022883,   35.187838,       25.56,
 140.027387,   35.187838,       25.17,
 140.031892,   35.187838,       24.77,
 140.036396,   35.187838,       24.38,
 140.040901,   35.187838,       23.98,
 140.045405,   35.187838,       23.59,
 140.049910,   35.187838,       23.19,
 140.054414,   35.187838,       22.79,
 140.058919,   35.187838,       22.40,
 140.063423,   35.187838,       22.00,
 140.067928,   35.187838,       21.60,
 140.072432,   35.187838,       21.20,
 140.076937,   35.187838,       20.80,
 140.081441,   35.187838,       20.42,
 140.085946,   35.187838,       20.03,
 140.090450,   35.187838,       19.66,
 140.094955,   35.187838,       19.28,
 140.099459,   35.187838,       18.92,
 140.103964,   35.187838,       18.56,
 140.108468,   35.187838,       18.21,
 140.112973,   35.187838,       17.87,
 140.117477,   35.187838,       17.53,
 140.121982,   35.187838,       17.20,
 140.126486,   35.187838,       16.89,
 140.130991,   35.187838,       16.58,
 140.135495,   35.187838,       16.28,
 140.140000,   35.187838,       15.99,
 140.144505,   35.187838,       15.71,
 140.149009,   35.187838,       15.43,
 140.153514,   35.187838,       15.15,
 140.158018,   35.187838,       14.88,
 140.162523,   35.187838,       14.62,
 140.167027,   35.187838,       14.36,
 140.171532,   35.187838,       14.11,
 140.176036,   35.187838,       13.87,
 140.180541,   35.187838,       13.63,
 140.185045,   35.187838,       13.39,
 140.189550,   35.187838,       13.16,
 140.194054,   35.187838,       12.93,
 140.198559,   35.187838,       12.71,
 140.203063,   35.187838,       12.49,
 140.207568,   35.187838,       12.26,
 140.212072,   35.187838,       12.04,
 140.216577,   35.187838,       11.82,
 140.221081,   35.187838,       11.60,
 140.225586,   35.187838,       11.38,
 140.230090,   35.187838,       11.16,
 140.234595,   35.187838,       10.94,
 140.239099,   35.187838,       10.72,
 140.243604,   35.187838,       10.49,
 140.248108,   35.187838,       10.26,
 140.252613,   35.187838,       10.03,
 140.257117,   35.187838,        9.80,
 140.261622,   35.187838,        9.56,
 140.266126,   35.187838,        9.32,
 140.270631,   35.187838,        9.08,
 140.275135,   35.187838,        8.84,
 140.279640,   35.187838,        8.59,
 140.284144,   35.187838,        8.34,
 140.288649,   35.187838,        8.09,
 140.293153,   35.187838,        7.83,
 140.297658,   35.187838,        7.58,
 140.302162,   35.187838,        7.31,
 140.306667,   35.187838,        7.05,
 140.311171,   35.187838,        6.78,
 140.315676,   35.187838,        6.51,
 140.320180,   35.187838,        6.23,
 140.324685,   35.187838,        5.94,
 140.329189,   35.187838,        5.65,
 140.333694,   35.187838,        5.35,
 140.338198,   35.187838,        5.05,
 140.342703,   35.187838,        4.73,
 140.347207,   35.187838,        4.39,
 140.351712,   35.187838,        4.03,
 140.356216,   35.187838,        3.67,
 140.360721,   35.187838,        3.57,
 140.365225,   35.187838,        3.61,
 140.369730,   35.187838,        3.68,
 140.374234,   35.187838,        3.74,
 140.378739,   35.187838,        3.81,
 140.383243,   35.187838,        3.85,
 140.387748,   35.187838,        3.89,
 139.140000,   35.192342,        0.53,
 139.144505,   35.192342,        0.55,
 139.149009,   35.192342,        0.57,
 139.153514,   35.192342,        0.58,
 139.158018,   35.192342,        0.60,
 139.162523,   35.192342,        0.63,
 139.167027,   35.192342,        0.69,
 139.171532,   35.192342,        0.76,
 139.176036,   35.192342,        0.85,
 139.180541,   35.192342,        0.94,
 139.185045,   35.192342,        1.05,
 139.189550,   35.192342,        1.16,
 139.194054,   35.192342,        1.28,
 139.198559,   35.192342,        1.42,
 139.203063,   35.192342,        1.57,
 139.207568,   35.192342,        1.73,
 139.212072,   35.192342,        1.89,
 139.216577,   35.192342,        2.04,
 139.221081,   35.192342,        2.17,
 139.225586,   35.192342,        2.31,
 139.230090,   35.192342,        2.45,
 139.234595,   35.192342,        2.60,
 139.239099,   35.192342,        2.75,
 139.243604,   35.192342,        2.90,
 139.248108,   35.192342,        3.04,
 139.252613,   35.192342,        3.18,
 139.257117,   35.192342,        3.32,
 139.261622,   35.192342,        3.46,
 139.266126,   35.192342,        3.54,
 139.270631,   35.192342,        3.60,
 139.275135,   35.192342,        3.66,
 139.279640,   35.192342,        3.72,
 139.284144,   35.192342,        3.78,
 139.288649,   35.192342,        3.84,
 139.293153,   35.192342,        3.90,
 139.297658,   35.192342,        3.95,
 139.302162,   35.192342,        4.00,
 139.306667,   35.192342,        4.03,
 139.311171,   35.192342,        4.03,
 139.315676,   35.192342,        4.02,
 139.320180,   35.192342,        4.01,
 139.324685,   35.192342,        3.99,
 139.329189,   35.192342,        3.97,
 139.333694,   35.192342,        3.95,
 139.338198,   35.192342,        3.93,
 139.342703,   35.192342,        3.91,
 139.347207,   35.192342,        3.89,
 139.351712,   35.192342,        3.84,
 139.356216,   35.192342,        3.78,
 139.360721,   35.192342,        3.70,
 139.365225,   35.192342,        3.63,
 139.369730,   35.192342,        3.56,
 139.374234,   35.192342,        3.49,
 139.378739,   35.192342,        3.42,
 139.383243,   35.192342,        3.33,
 139.387748,   35.192342,        3.24,
 139.392252,   35.192342,        3.15,
 139.396757,   35.192342,        3.05,
 139.401261,   35.192342,        2.96,
 139.405766,   35.192342,        2.87,
 139.410270,   35.192342,        2.80,
 139.414775,   35.192342,        2.76,
 139.419279,   35.192342,        2.74,
 139.423784,   35.192342,        2.72,
 139.428288,   35.192342,        2.71,
 139.432793,   35.192342,        2.69,
 139.437297,   35.192342,        2.67,
 139.441802,   35.192342,        2.69,
 139.446306,   35.192342,        2.84,
 139.450811,   35.192342,        3.07,
 139.455315,   35.192342,        3.31,
 139.459820,   35.192342,        3.54,
 139.464324,   35.192342,        3.78,
 139.468829,   35.192342,        4.02,
 139.473333,   35.192342,        4.31,
 139.477838,   35.192342,        4.65,
 139.482342,   35.192342,        5.06,
 139.486847,   35.192342,        5.47,
 139.491351,   35.192342,        5.88,
 139.495856,   35.192342,        6.28,
 139.500360,   35.192342,        6.63,
 139.504865,   35.192342,        6.94,
 139.509369,   35.192342,        7.23,
 139.513874,   35.192342,        7.51,
 139.518378,   35.192342,        7.76,
 139.522883,   35.192342,        8.00,
 139.527387,   35.192342,        8.27,
 139.531892,   35.192342,        8.57,
 139.536396,   35.192342,        8.88,
 139.540901,   35.192342,        9.17,
 139.545405,   35.192342,        9.49,
 139.549910,   35.192342,        9.83,
 139.554414,   35.192342,       10.19,
 139.558919,   35.192342,       10.55,
 139.563423,   35.192342,       10.92,
 139.567928,   35.192342,       11.33,
 139.572432,   35.192342,       11.75,
 139.576937,   35.192342,       12.34,
 139.581441,   35.192342,       13.20,
 139.585946,   35.192342,       14.15,
 139.590450,   35.192342,       15.67,
 139.594955,   35.192342,       17.45,
 139.599459,   35.192342,       18.86,
 139.603964,   35.192342,       19.97,
 139.608468,   35.192342,       21.03,
 139.612973,   35.192342,       22.07,
 139.617477,   35.192342,       44.78,
 139.621982,   35.192342,       44.78,
 139.626486,   35.192342,       44.78,
 139.630991,   35.192342,       44.78,
 139.635495,   35.192342,       44.78,
 139.640000,   35.192342,       79.18,
 139.644505,   35.192342,       79.18,
 139.649009,   35.192342,       79.18,
 139.653514,   35.192342,       79.18,
 139.658018,   35.192342,       79.18,
 139.662523,   35.192342,       48.84,
 139.667027,   35.192342,       47.38,
 139.671532,   35.192342,       45.91,
 139.676036,   35.192342,       43.84,
 139.680541,   35.192342,       40.36,
 139.685045,   35.192342,       36.62,
 139.689550,   35.192342,       32.40,
 139.694054,   35.192342,       28.17,
 139.698559,   35.192342,       24.23,
 139.703063,   35.192342,       20.91,
 139.707568,   35.192342,       18.80,
 139.712072,   35.192342,       16.91,
 139.716577,   35.192342,       15.40,
 139.721081,   35.192342,       14.80,
 139.725586,   35.192342,       14.22,
 139.730090,   35.192342,       13.65,
 139.734595,   35.192342,       13.36,
 139.739099,   35.192342,       13.01,
 139.743604,   35.192342,       12.59,
 139.748108,   35.192342,       12.22,
 139.752613,   35.192342,       11.82,
 139.757117,   35.192342,       11.33,
 139.761622,   35.192342,       10.88,
 139.766126,   35.192342,       10.57,
 139.770631,   35.192342,       10.22,
 139.775135,   35.192342,        9.96,
 139.779640,   35.192342,       10.26,
 139.784144,   35.192342,       10.59,
 139.788649,   35.192342,       10.94,
 139.793153,   35.192342,       12.09,
 139.797658,   35.192342,       13.35,
 139.802162,   35.192342,       14.57,
 139.806667,   35.192342,       16.34,
 139.811171,   35.192342,       18.13,
 139.815676,   35.192342,       19.95,
 139.820180,   35.192342,       22.16,
 139.824685,   35.192342,       24.68,
 139.829189,   35.192342,       26.95,
 139.833694,   35.192342,       28.77,
 139.838198,   35.192342,       30.32,
 139.842703,   35.192342,       31.73,
 139.847207,   35.192342,       32.37,
 139.851712,   35.192342,       32.87,
 139.856216,   35.192342,       33.44,
 139.860721,   35.192342,       34.11,
 139.865225,   35.192342,       34.77,
 139.869730,   35.192342,       35.30,
 139.874234,   35.192342,       35.72,
 139.878739,   35.192342,       36.02,
 139.883243,   35.192342,       36.04,
 139.887748,   35.192342,       35.94,
 139.892252,   35.192342,       35.77,
 139.896757,   35.192342,       35.56,
 139.901261,   35.192342,       35.34,
 139.905766,   35.192342,       35.10,
 139.910270,   35.192342,       34.85,
 139.914775,   35.192342,       34.60,
 139.919279,   35.192342,       34.33,
 139.923784,   35.192342,       34.06,
 139.928288,   35.192342,       33.78,
 139.932793,   35.192342,       33.49,
 139.937297,   35.192342,       33.20,
 139.941802,   35.192342,       32.90,
 139.946306,   35.192342,       32.59,
 139.950811,   35.192342,       32.28,
 139.955315,   35.192342,       31.96,
 139.959820,   35.192342,       31.63,
 139.964324,   35.192342,       31.29,
 139.968829,   35.192342,       30.95,
 139.973333,   35.192342,       30.60,
 139.977838,   35.192342,       30.24,
 139.982342,   35.192342,       29.88,
 139.986847,   35.192342,       29.51,
 139.991351,   35.192342,       29.13,
 139.995856,   35.192342,       28.76,
 140.000360,   35.192342,       28.38,
 140.004865,   35.192342,       27.99,
 140.009369,   35.192342,       27.61,
 140.013874,   35.192342,       27.22,
 140.018378,   35.192342,       26.83,
 140.022883,   35.192342,       26.43,
 140.027387,   35.192342,       26.04,
 140.031892,   35.192342,       25.65,
 140.036396,   35.192342,       25.25,
 140.040901,   35.192342,       24.86,
 140.045405,   35.192342,       24.46,
 140.049910,   35.192342,       24.07,
 140.054414,   35.192342,       23.67,
 140.058919,   35.192342,       23.28,
 140.063423,   35.192342,       22.88,
 140.067928,   35.192342,       22.49,
 140.072432,   35.192342,       22.09,
 140.076937,   35.192342,       21.70,
 140.081441,   35.192342,       21.32,
 140.085946,   35.192342,       20.94,
 140.090450,   35.192342,       20.57,
 140.094955,   35.192342,       20.20,
 140.099459,   35.192342,       19.84,
 140.103964,   35.192342,       19.48,
 140.108468,   35.192342,       19.14,
 140.112973,   35.192342,       18.80,
 140.117477,   35.192342,       18.46,
 140.121982,   35.192342,       18.14,
 140.126486,   35.192342,       17.82,
 140.130991,   35.192342,       17.52,
 140.135495,   35.192342,       17.22,
 140.140000,   35.192342,       16.93,
 140.144505,   35.192342,       16.64,
 140.149009,   35.192342,       16.36,
 140.153514,   35.192342,       16.08,
 140.158018,   35.192342,       15.81,
 140.162523,   35.192342,       15.55,
 140.167027,   35.192342,       15.29,
 140.171532,   35.192342,       15.03,
 140.176036,   35.192342,       14.79,
 140.180541,   35.192342,       14.54,
 140.185045,   35.192342,       14.31,
 140.189550,   35.192342,       14.07,
 140.194054,   35.192342,       13.84,
 140.198559,   35.192342,       13.61,
 140.203063,   35.192342,       13.38,
 140.207568,   35.192342,       13.15,
 140.212072,   35.192342,       12.93,
 140.216577,   35.192342,       12.70,
 140.221081,   35.192342,       12.48,
 140.225586,   35.192342,       12.26,
 140.230090,   35.192342,       12.03,
 140.234595,   35.192342,       11.81,
 140.239099,   35.192342,       11.59,
 140.243604,   35.192342,       11.36,
 140.248108,   35.192342,       11.14,
 140.252613,   35.192342,       10.91,
 140.257117,   35.192342,       10.68,
 140.261622,   35.192342,       10.44,
 140.266126,   35.192342,       10.21,
 140.270631,   35.192342,        9.97,
 140.275135,   35.192342,        9.73,
 140.279640,   35.192342,        9.48,
 140.284144,   35.192342,        9.24,
 140.288649,   35.192342,        8.99,
 140.293153,   35.192342,        8.74,
 140.297658,   35.192342,        8.49,
 140.302162,   35.192342,        8.23,
 140.306667,   35.192342,        7.97,
 140.311171,   35.192342,        7.71,
 140.315676,   35.192342,        7.44,
 140.320180,   35.192342,        7.17,
 140.324685,   35.192342,        6.90,
 140.329189,   35.192342,        6.63,
 140.333694,   35.192342,        6.35,
 140.338198,   35.192342,        6.06,
 140.342703,   35.192342,        5.77,
 140.347207,   35.192342,        5.47,
 140.351712,   35.192342,        5.17,
 140.356216,   35.192342,        4.86,
 140.360721,   35.192342,        4.58,
 140.365225,   35.192342,        4.45,
 140.369730,   35.192342,        4.33,
 140.374234,   35.192342,        4.22,
 140.378739,   35.192342,        4.22,
 140.383243,   35.192342,        4.28,
 140.387748,   35.192342,        4.32,
 139.140000,   35.196847,        0.56,
 139.144505,   35.196847,        0.57,
 139.149009,   35.196847,        0.59,
 139.153514,   35.196847,        0.60,
 139.158018,   35.196847,        0.62,
 139.162523,   35.196847,        0.64,
 139.167027,   35.196847,        0.69,
 139.171532,   35.196847,        0.77,
 139.176036,   35.196847,        0.85,
 139.180541,   35.196847,        0.94,
 139.185045,   35.196847,        1.03,
 139.189550,   35.196847,        1.13,
 139.194054,   35.196847,        1.24,
 139.198559,   35.196847,        1.37,
 139.203063,   35.196847,        1.51,
 139.207568,   35.196847,        1.66,
 139.212072,   35.196847,        1.81,
 139.216577,   35.196847,        1.94,
 139.221081,   35.196847,        2.07,
 139.225586,   35.196847,        2.20,
 139.230090,   35.196847,        2.34,
 139.234595,   35.196847,        2.48,
 139.239099,   35.196847,        2.63,
 139.243604,   35.196847,        2.77,
 139.248108,   35.196847,        2.90,
 139.252613,   35.196847,        3.04,
 139.257117,   35.196847,        3.17,
 139.261622,   35.196847,        3.29,
 139.266126,   35.196847,        3.37,
 139.270631,   35.196847,        3.44,
 139.275135,   35.196847,        3.50,
 139.279640,   35.196847,        3.56,
 139.284144,   35.196847,        3.62,
 139.288649,   35.196847,        3.67,
 139.293153,   35.196847,        3.73,
 139.297658,   35.196847,        3.78,
 139.302162,   35.196847,        3.82,
 139.306667,   35.196847,        3.84,
 139.311171,   35.196847,        3.85,
 139.315676,   35.196847,        3.85,
 139.320180,   35.196847,        3.85,
 139.324685,   35.196847,        3.83,
 139.329189,   35.196847,        3.81,
 139.333694,   35.196847,        3.79,
 139.338198,   35.196847,        3.77,
 139.342703,   35.196847,        3.75,
 139.347207,   35.196847,        3.72,
 139.351712,   35.196847,        3.68,
 139.356216,   35.196847,        3.63,
 139.360721,   35.196847,        3.56,
 139.365225,   35.196847,        3.49,
 139.369730,   35.196847,        3.42,
 139.374234,   35.196847,        3.35,
 139.378739,   35.196847,        3.29,
 139.383243,   35.196847,        3.22,
 139.387748,   35.196847,        3.14,
 139.392252,   35.196847,        3.06,
 139.396757,   35.196847,        2.98,
 139.401261,   35.196847,        2.90,
 139.405766,   35.196847,        2.82,
 139.410270,   35.196847,        2.75,
 139.414775,   35.196847,        2.72,
 139.419279,   35.196847,        2.71,
 139.423784,   35.196847,        2.70,
 139.428288,   35.196847,        2.69,
 139.432793,   35.196847,        2.67,
 139.437297,   35.196847,        2.66,
 139.441802,   35.196847,        2.64,
 139.446306,   35.196847,        2.83,
 139.450811,   35.196847,        3.07,
 139.455315,   35.196847,        3.32,
 139.459820,   35.196847,        3.56,
 139.464324,   35.196847,        3.82,
 139.468829,   35.196847,        4.08,
 139.473333,   35.196847,        4.37,
 139.477838,   35.196847,        4.72,
 139.482342,   35.196847,        5.15,
 139.486847,   35.196847,        5.59,
 139.491351,   35.196847,        6.03,
 139.495856,   35.196847,        6.45,
 139.500360,   35.196847,        6.84,
 139.504865,   35.196847,        7.16,
 139.509369,   35.196847,        7.46,
 139.513874,   35.196847,        7.75,
 139.518378,   35.196847,        8.01,
 139.522883,   35.196847,        8.25,
 139.527387,   35.196847,        8.49,
 139.531892,   35.196847,        8.78,
 139.536396,   35.196847,        9.07,
 139.540901,   35.196847,        9.37,
 139.545405,   35.196847,        9.67,
 139.549910,   35.196847,       10.01,
 139.554414,   35.196847,       10.36,
 139.558919,   35.196847,       10.70,
 139.563423,   35.196847,       11.05,
 139.567928,   35.196847,       11.46,
 139.572432,   35.196847,       11.87,
 139.576937,   35.196847,       12.62,
 139.581441,   35.196847,       13.47,
 139.585946,   35.196847,       14.58,
 139.590450,   35.196847,       16.39,
 139.594955,   35.196847,       18.46,
 139.599459,   35.196847,       20.32,
 139.603964,   35.196847,       21.39,
 139.608468,   35.196847,       21.71,
 139.612973,   35.196847,       29.16,
 139.617477,   35.196847,      100.55,
 139.621982,   35.196847,      100.55,
 139.626486,   35.196847,      100.55,
 139.630991,   35.196847,      100.55,
 139.635495,   35.196847,      100.55,
 139.640000,   35.196847,       80.66,
 139.644505,   35.196847,       80.66,
 139.649009,   35.196847,       80.66,
 139.653514,   35.196847,       80.66,
 139.658018,   35.196847,       80.66,
 139.662523,   35.196847,       80.66,
 139.667027,   35.196847,       48.00,
 139.671532,   35.196847,       46.62,
 139.676036,   35.196847,       44.91,
 139.680541,   35.196847,       41.68,
 139.685045,   35.196847,       38.36,
 139.689550,   35.196847,       34.87,
 139.694054,   35.196847,       31.09,
 139.698559,   35.196847,       27.18,
 139.703063,   35.196847,       23.15,
 139.707568,   35.196847,       20.51,
 139.712072,   35.196847,       18.60,
 139.716577,   35.196847,       16.66,
 139.721081,   35.196847,       15.39,
 139.725586,   35.196847,       14.78,
 139.730090,   35.196847,       14.09,
 139.734595,   35.196847,       13.47,
 139.739099,   35.196847,       13.09,
 139.743604,   35.196847,       12.66,
 139.748108,   35.196847,       12.20,
 139.752613,   35.196847,       11.78,
 139.757117,   35.196847,       11.35,
 139.761622,   35.196847,       11.04,
 139.766126,   35.196847,       10.75,
 139.770631,   35.196847,       10.51,
 139.775135,   35.196847,       10.70,
 139.779640,   35.196847,       11.08,
 139.784144,   35.196847,       11.52,
 139.788649,   35.196847,       12.50,
 139.793153,   35.196847,       13.80,
 139.797658,   35.196847,       15.12,
 139.802162,   35.196847,       16.77,
 139.806667,   35.196847,       18.66,
 139.811171,   35.196847,       20.50,
 139.815676,   35.196847,       22.62,
 139.820180,   35.196847,       25.00,
 139.824685,   35.196847,       27.50,
 139.829189,   35.196847,       29.58,
 139.833694,   35.196847,       31.45,
 139.838198,   35.196847,       32.85,
 139.842703,   35.196847,       34.11,
 139.847207,   35.196847,       34.89,
 139.851712,   35.196847,       35.15,
 139.856216,   35.196847,       35.55,
 139.860721,   35.196847,       36.06,
 139.865225,   35.196847,       36.61,
 139.869730,   35.196847,       37.06,
 139.874234,   35.196847,       37.42,
 139.878739,   35.196847,       37.58,
 139.883243,   35.196847,       37.46,
 139.887748,   35.196847,       37.27,
 139.892252,   35.196847,       37.04,
 139.896757,   35.196847,       36.79,
 139.901261,   35.196847,       36.52,
 139.905766,   35.196847,       36.25,
 139.910270,   35.196847,       35.98,
 139.914775,   35.196847,       35.69,
 139.919279,   35.196847,       35.41,
 139.923784,   35.196847,       35.11,
 139.928288,   35.196847,       34.82,
 139.932793,   35.196847,       34.51,
 139.937297,   35.196847,       34.20,
 139.941802,   35.196847,       33.89,
 139.946306,   35.196847,       33.57,
 139.950811,   35.196847,       33.24,
 139.955315,   35.196847,       32.91,
 139.959820,   35.196847,       32.57,
 139.964324,   35.196847,       32.22,
 139.968829,   35.196847,       31.87,
 139.973333,   35.196847,       31.51,
 139.977838,   35.196847,       31.14,
 139.982342,   35.196847,       30.77,
 139.986847,   35.196847,       30.40,
 139.991351,   35.196847,       30.02,
 139.995856,   35.196847,       29.64,
 140.000360,   35.196847,       29.26,
 140.004865,   35.196847,       28.87,
 140.009369,   35.196847,       28.48,
 140.013874,   35.196847,       28.09,
 140.018378,   35.196847,       27.70,
 140.022883,   35.196847,       27.31,
 140.027387,   35.196847,       26.91,
 140.031892,   35.196847,       26.52,
 140.036396,   35.196847,       26.13,
 140.040901,   35.196847,       25.73,
 140.045405,   35.196847,       25.34,
 140.049910,   35.196847,       24.95,
 140.054414,   35.196847,       24.55,
 140.058919,   35.196847,       24.16,
 140.063423,   35.196847,       23.77,
 140.067928,   35.196847,       23.37,
 140.072432,   35.196847,       22.98,
 140.076937,   35.196847,       22.60,
 140.081441,   35.196847,       22.22,
 140.085946,   35.196847,       21.84,
 140.090450,   35.196847,       21.47,
 140.094955,   35.196847,       21.11,
 140.099459,   35.196847,       20.76,
 140.103964,   35.196847,       20.40,
 140.108468,   35.196847,       20.06,
 140.112973,   35.196847,       19.72,
 140.117477,   35.196847,       19.39,
 140.121982,   35.196847,       19.07,
 140.126486,   35.196847,       18.76,
 140.130991,   35.196847,       18.45,
 140.135495,   35.196847,       18.16,
 140.140000,   35.196847,       17.86,
 140.144505,   35.196847,       17.58,
 140.149009,   35.196847,       17.29,
 140.153514,   35.196847,       17.02,
 140.158018,   35.196847,       16.74,
 140.162523,   35.196847,       16.48,
 140.167027,   35.196847,       16.21,
 140.171532,   35.196847,       15.96,
 140.176036,   35.196847,       15.71,
 140.180541,   35.196847,       15.46,
 140.185045,   35.196847,       15.22,
 140.189550,   35.196847,       14.98,
 140.194054,   35.196847,       14.74,
 140.198559,   35.196847,       14.51,
 140.203063,   35.196847,       14.28,
 140.207568,   35.196847,       14.05,
 140.212072,   35.196847,       13.82,
 140.216577,   35.196847,       13.59,
 140.221081,   35.196847,       13.37,
 140.225586,   35.196847,       13.14,
 140.230090,   35.196847,       12.92,
 140.234595,   35.196847,       12.70,
 140.239099,   35.196847,       12.47,
 140.243604,   35.196847,       12.25,
 140.248108,   35.196847,       12.02,
 140.252613,   35.196847,       11.80,
 140.257117,   35.196847,       11.57,
 140.261622,   35.196847,       11.33,
 140.266126,   35.196847,       11.10,
 140.270631,   35.196847,       10.86,
 140.275135,   35.196847,       10.62,
 140.279640,   35.196847,       10.38,
 140.284144,   35.196847,       10.14,
 140.288649,   35.196847,        9.90,
 140.293153,   35.196847,        9.65,
 140.297658,   35.196847,        9.40,
 140.302162,   35.196847,        9.15,
 140.306667,   35.196847,        8.90,
 140.311171,   35.196847,        8.64,
 140.315676,   35.196847,        8.38,
 140.320180,   35.196847,        8.12,
 140.324685,   35.196847,        7.86,
 140.329189,   35.196847,        7.59,
 140.333694,   35.196847,        7.32,
 140.338198,   35.196847,        7.05,
 140.342703,   35.196847,        6.78,
 140.347207,   35.196847,        6.50,
 140.351712,   35.196847,        6.23,
 140.356216,   35.196847,        5.96,
 140.360721,   35.196847,        5.69,
 140.365225,   35.196847,        5.48,
 140.369730,   35.196847,        5.34,
 140.374234,   35.196847,        5.21,
 140.378739,   35.196847,        5.08,
 140.383243,   35.196847,        4.94,
 140.387748,   35.196847,        4.77,
 139.140000,   35.201351,        0.58,
 139.144505,   35.201351,        0.59,
 139.149009,   35.201351,        0.60,
 139.153514,   35.201351,        0.62,
 139.158018,   35.201351,        0.63,
 139.162523,   35.201351,        0.66,
 139.167027,   35.201351,        0.70,
 139.171532,   35.201351,        0.77,
 139.176036,   35.201351,        0.84,
 139.180541,   35.201351,        0.92,
 139.185045,   35.201351,        1.01,
 139.189550,   35.201351,        1.11,
 139.194054,   35.201351,        1.21,
 139.198559,   35.201351,        1.32,
 139.203063,   35.201351,        1.44,
 139.207568,   35.201351,        1.58,
 139.212072,   35.201351,        1.71,
 139.216577,   35.201351,        1.84,
 139.221081,   35.201351,        1.96,
 139.225586,   35.201351,        2.09,
 139.230090,   35.201351,        2.23,
 139.234595,   35.201351,        2.37,
 139.239099,   35.201351,        2.50,
 139.243604,   35.201351,        2.64,
 139.248108,   35.201351,        2.77,
 139.252613,   35.201351,        2.90,
 139.257117,   35.201351,        3.02,
 139.261622,   35.201351,        3.13,
 139.266126,   35.201351,        3.21,
 139.270631,   35.201351,        3.27,
 139.275135,   35.201351,        3.33,
 139.279640,   35.201351,        3.39,
 139.284144,   35.201351,        3.45,
 139.288649,   35.201351,        3.51,
 139.293153,   35.201351,        3.56,
 139.297658,   35.201351,        3.61,
 139.302162,   35.201351,        3.64,
 139.306667,   35.201351,        3.66,
 139.311171,   35.201351,        3.68,
 139.315676,   35.201351,        3.68,
 139.320180,   35.201351,        3.68,
 139.324685,   35.201351,        3.67,
 139.329189,   35.201351,        3.65,
 139.333694,   35.201351,        3.63,
 139.338198,   35.201351,        3.61,
 139.342703,   35.201351,        3.58,
 139.347207,   35.201351,        3.56,
 139.351712,   35.201351,        3.52,
 139.356216,   35.201351,        3.47,
 139.360721,   35.201351,        3.41,
 139.365225,   35.201351,        3.35,
 139.369730,   35.201351,        3.28,
 139.374234,   35.201351,        3.23,
 139.378739,   35.201351,        3.17,
 139.383243,   35.201351,        3.12,
 139.387748,   35.201351,        3.06,
 139.392252,   35.201351,        2.98,
 139.396757,   35.201351,        2.91,
 139.401261,   35.201351,        2.84,
 139.405766,   35.201351,        2.77,
 139.410270,   35.201351,        2.70,
 139.414775,   35.201351,        2.68,
 139.419279,   35.201351,        2.68,
 139.423784,   35.201351,        2.68,
 139.428288,   35.201351,        2.67,
 139.432793,   35.201351,        2.66,
 139.437297,   35.201351,        2.66,
 139.441802,   35.201351,        2.68,
 139.446306,   35.201351,        2.85,
 139.450811,   35.201351,        3.09,
 139.455315,   35.201351,        3.34,
 139.459820,   35.201351,        3.59,
 139.464324,   35.201351,        3.86,
 139.468829,   35.201351,        4.13,
 139.473333,   35.201351,        4.41,
 139.477838,   35.201351,        4.80,
 139.482342,   35.201351,        5.27,
 139.486847,   35.201351,        5.74,
 139.491351,   35.201351,        6.21,
 139.495856,   35.201351,        6.67,
 139.500360,   35.201351,        7.08,
 139.504865,   35.201351,        7.41,
 139.509369,   35.201351,        7.72,
 139.513874,   35.201351,        8.02,
 139.518378,   35.201351,        8.28,
 139.522883,   35.201351,        8.50,
 139.527387,   35.201351,        8.71,
 139.531892,   35.201351,        8.99,
 139.536396,   35.201351,        9.28,
 139.540901,   35.201351,        9.57,
 139.545405,   35.201351,        9.85,
 139.549910,   35.201351,       10.18,
 139.554414,   35.201351,       10.51,
 139.558919,   35.201351,       10.84,
 139.563423,   35.201351,       11.18,
 139.567928,   35.201351,       11.63,
 139.572432,   35.201351,       12.19,
 139.576937,   35.201351,       12.88,
 139.581441,   35.201351,       13.80,
 139.585946,   35.201351,       15.03,
 139.590450,   35.201351,       16.57,
 139.594955,   35.201351,       18.87,
 139.599459,   35.201351,       21.67,
 139.603964,   35.201351,       24.40,
 139.608468,   35.201351,       27.05,
 139.612973,   35.201351,       60.07,
 139.617477,   35.201351,      161.10,
 139.621982,   35.201351,      161.10,
 139.626486,   35.201351,      161.10,
 139.630991,   35.201351,      161.10,
 139.635495,   35.201351,      161.10,
 139.640000,   35.201351,      140.57,
 139.644505,   35.201351,      140.57,
 139.649009,   35.201351,      140.57,
 139.653514,   35.201351,      140.57,
 139.658018,   35.201351,      140.57,
 139.662523,   35.201351,      140.57,
 139.667027,   35.201351,       93.62,
 139.671532,   35.201351,       53.31,
 139.676036,   35.201351,       45.79,
 139.680541,   35.201351,       42.82,
 139.685045,   35.201351,       39.78,
 139.689550,   35.201351,       36.90,
 139.694054,   35.201351,       33.87,
 139.698559,   35.201351,       30.45,
 139.703063,   35.201351,       26.60,
 139.707568,   35.201351,       23.02,
 139.712072,   35.201351,       20.45,
 139.716577,   35.201351,       18.52,
 139.721081,   35.201351,       16.69,
 139.725586,   35.201351,       15.58,
 139.730090,   35.201351,       14.82,
 139.734595,   35.201351,       13.97,
 139.739099,   35.201351,       13.37,
 139.743604,   35.201351,       12.93,
 139.748108,   35.201351,       12.41,
 139.752613,   35.201351,       11.92,
 139.757117,   35.201351,       11.65,
 139.761622,   35.201351,       11.38,
 139.766126,   35.201351,       11.08,
 139.770631,   35.201351,       11.24,
 139.775135,   35.201351,       11.62,
 139.779640,   35.201351,       11.99,
 139.784144,   35.201351,       12.87,
 139.788649,   35.201351,       14.17,
 139.793153,   35.201351,       15.54,
 139.797658,   35.201351,       17.05,
 139.802162,   35.201351,       18.90,
 139.806667,   35.201351,       20.91,
 139.811171,   35.201351,       22.93,
 139.815676,   35.201351,       25.12,
 139.820180,   35.201351,       27.56,
 139.824685,   35.201351,       30.21,
 139.829189,   35.201351,       32.45,
 139.833694,   35.201351,       34.24,
 139.838198,   35.201351,       35.61,
 139.842703,   35.201351,       36.66,
 139.847207,   35.201351,       37.59,
 139.851712,   35.201351,       37.59,
 139.856216,   35.201351,       37.76,
 139.860721,   35.201351,       38.10,
 139.865225,   35.201351,       38.51,
 139.869730,   35.201351,       38.87,
 139.874234,   35.201351,       39.15,
 139.878739,   35.201351,       39.11,
 139.883243,   35.201351,       38.87,
 139.887748,   35.201351,       38.59,
 139.892252,   35.201351,       38.30,
 139.896757,   35.201351,       38.00,
 139.901261,   35.201351,       37.70,
 139.905766,   35.201351,       37.40,
 139.910270,   35.201351,       37.09,
 139.914775,   35.201351,       36.78,
 139.919279,   35.201351,       36.47,
 139.923784,   35.201351,       36.16,
 139.928288,   35.201351,       35.84,
 139.932793,   35.201351,       35.52,
 139.937297,   35.201351,       35.20,
 139.941802,   35.201351,       34.87,
 139.946306,   35.201351,       34.54,
 139.950811,   35.201351,       34.20,
 139.955315,   35.201351,       33.85,
 139.959820,   35.201351,       33.50,
 139.964324,   35.201351,       33.15,
 139.968829,   35.201351,       32.79,
 139.973333,   35.201351,       32.42,
 139.977838,   35.201351,       32.05,
 139.982342,   35.201351,       31.67,
 139.986847,   35.201351,       31.29,
 139.991351,   35.201351,       30.91,
 139.995856,   35.201351,       30.53,
 140.000360,   35.201351,       30.14,
 140.004865,   35.201351,       29.75,
 140.009369,   35.201351,       29.36,
 140.013874,   35.201351,       28.97,
 140.018378,   35.201351,       28.57,
 140.022883,   35.201351,       28.18,
 140.027387,   35.201351,       27.79,
 140.031892,   35.201351,       27.40,
 140.036396,   35.201351,       27.00,
 140.040901,   35.201351,       26.61,
 140.045405,   35.201351,       26.22,
 140.049910,   35.201351,       25.83,
 140.054414,   35.201351,       25.43,
 140.058919,   35.201351,       25.04,
 140.063423,   35.201351,       24.65,
 140.067928,   35.201351,       24.26,
 140.072432,   35.201351,       23.87,
 140.076937,   35.201351,       23.49,
 140.081441,   35.201351,       23.11,
 140.085946,   35.201351,       22.75,
 140.090450,   35.201351,       22.38,
 140.094955,   35.201351,       22.02,
 140.099459,   35.201351,       21.67,
 140.103964,   35.201351,       21.32,
 140.108468,   35.201351,       20.98,
 140.112973,   35.201351,       20.65,
 140.117477,   35.201351,       20.32,
 140.121982,   35.201351,       20.00,
 140.126486,   35.201351,       19.69,
 140.130991,   35.201351,       19.38,
 140.135495,   35.201351,       19.09,
 140.140000,   35.201351,       18.80,
 140.144505,   35.201351,       18.51,
 140.149009,   35.201351,       18.22,
 140.153514,   35.201351,       17.94,
 140.158018,   35.201351,       17.67,
 140.162523,   35.201351,       17.40,
 140.167027,   35.201351,       17.14,
 140.171532,   35.201351,       16.88,
 140.176036,   35.201351,       16.63,
 140.180541,   35.201351,       16.38,
 140.185045,   35.201351,       16.13,
 140.189550,   35.201351,       15.89,
 140.194054,   35.201351,       15.65,
 140.198559,   35.201351,       15.41,
 140.203063,   35.201351,       15.18,
 140.207568,   35.201351,       14.95,
 140.212072,   35.201351,       14.72,
 140.216577,   35.201351,       14.49,
 140.221081,   35.201351,       14.26,
 140.225586,   35.201351,       14.04,
 140.230090,   35.201351,       13.81,
 140.234595,   35.201351,       13.59,
 140.239099,   35.201351,       13.36,
 140.243604,   35.201351,       13.14,
 140.248108,   35.201351,       12.91,
 140.252613,   35.201351,       12.69,
 140.257117,   35.201351,       12.46,
 140.261622,   35.201351,       12.23,
 140.266126,   35.201351,       12.00,
 140.270631,   35.201351,       11.76,
 140.275135,   35.201351,       11.53,
 140.279640,   35.201351,       11.29,
 140.284144,   35.201351,       11.05,
 140.288649,   35.201351,       10.81,
 140.293153,   35.201351,       10.56,
 140.297658,   35.201351,       10.32,
 140.302162,   35.201351,       10.07,
 140.306667,   35.201351,        9.82,
 140.311171,   35.201351,        9.57,
 140.315676,   35.201351,        9.32,
 140.320180,   35.201351,        9.06,
 140.324685,   35.201351,        8.80,
 140.329189,   35.201351,        8.55,
 140.333694,   35.201351,        8.29,
 140.338198,   35.201351,        8.03,
 140.342703,   35.201351,        7.76,
 140.347207,   35.201351,        7.50,
 140.351712,   35.201351,        7.25,
 140.356216,   35.201351,        6.99,
 140.360721,   35.201351,        6.75,
 140.365225,   35.201351,        6.52,
 140.369730,   35.201351,        6.33,
 140.374234,   35.201351,        6.18,
 140.378739,   35.201351,        6.02,
 140.383243,   35.201351,        5.81,
 140.387748,   35.201351,        5.57,
 139.140000,   35.205856,        0.58,
 139.144505,   35.205856,        0.60,
 139.149009,   35.205856,        0.61,
 139.153514,   35.205856,        0.63,
 139.158018,   35.205856,        0.64,
 139.162523,   35.205856,        0.67,
 139.167027,   35.205856,        0.71,
 139.171532,   35.205856,        0.76,
 139.176036,   35.205856,        0.82,
 139.180541,   35.205856,        0.89,
 139.185045,   35.205856,        0.98,
 139.189550,   35.205856,        1.08,
 139.194054,   35.205856,        1.18,
 139.198559,   35.205856,        1.28,
 139.203063,   35.205856,        1.39,
 139.207568,   35.205856,        1.50,
 139.212072,   35.205856,        1.63,
 139.216577,   35.205856,        1.75,
 139.221081,   35.205856,        1.87,
 139.225586,   35.205856,        1.99,
 139.230090,   35.205856,        2.12,
 139.234595,   35.205856,        2.25,
 139.239099,   35.205856,        2.38,
 139.243604,   35.205856,        2.51,
 139.248108,   35.205856,        2.63,
 139.252613,   35.205856,        2.75,
 139.257117,   35.205856,        2.86,
 139.261622,   35.205856,        2.96,
 139.266126,   35.205856,        3.04,
 139.270631,   35.205856,        3.10,
 139.275135,   35.205856,        3.17,
 139.279640,   35.205856,        3.23,
 139.284144,   35.205856,        3.29,
 139.288649,   35.205856,        3.35,
 139.293153,   35.205856,        3.40,
 139.297658,   35.205856,        3.43,
 139.302162,   35.205856,        3.46,
 139.306667,   35.205856,        3.48,
 139.311171,   35.205856,        3.50,
 139.315676,   35.205856,        3.51,
 139.320180,   35.205856,        3.52,
 139.324685,   35.205856,        3.51,
 139.329189,   35.205856,        3.49,
 139.333694,   35.205856,        3.47,
 139.338198,   35.205856,        3.44,
 139.342703,   35.205856,        3.42,
 139.347207,   35.205856,        3.39,
 139.351712,   35.205856,        3.36,
 139.356216,   35.205856,        3.31,
 139.360721,   35.205856,        3.26,
 139.365225,   35.205856,        3.20,
 139.369730,   35.205856,        3.15,
 139.374234,   35.205856,        3.10,
 139.378739,   35.205856,        3.06,
 139.383243,   35.205856,        3.02,
 139.387748,   35.205856,        2.97,
 139.392252,   35.205856,        2.91,
 139.396757,   35.205856,        2.84,
 139.401261,   35.205856,        2.77,
 139.405766,   35.205856,        2.71,
 139.410270,   35.205856,        2.65,
 139.414775,   35.205856,        2.64,
 139.419279,   35.205856,        2.65,
 139.423784,   35.205856,        2.66,
 139.428288,   35.205856,        2.66,
 139.432793,   35.205856,        2.67,
 139.437297,   35.205856,        2.69,
 139.441802,   35.205856,        2.75,
 139.446306,   35.205856,        2.90,
 139.450811,   35.205856,        3.11,
 139.455315,   35.205856,        3.35,
 139.459820,   35.205856,        3.61,
 139.464324,   35.205856,        3.89,
 139.468829,   35.205856,        4.17,
 139.473333,   35.205856,        4.46,
 139.477838,   35.205856,        4.93,
 139.482342,   35.205856,        5.43,
 139.486847,   35.205856,        5.93,
 139.491351,   35.205856,        6.44,
 139.495856,   35.205856,        6.92,
 139.500360,   35.205856,        7.32,
 139.504865,   35.205856,        7.66,
 139.509369,   35.205856,        8.00,
 139.513874,   35.205856,        8.32,
 139.518378,   35.205856,        8.55,
 139.522883,   35.205856,        8.75,
 139.527387,   35.205856,        8.95,
 139.531892,   35.205856,        9.20,
 139.536396,   35.205856,        9.49,
 139.540901,   35.205856,        9.78,
 139.545405,   35.205856,       10.04,
 139.549910,   35.205856,       10.33,
 139.554414,   35.205856,       10.66,
 139.558919,   35.205856,       10.99,
 139.563423,   35.205856,       11.32,
 139.567928,   35.205856,       11.90,
 139.572432,   35.205856,       12.52,
 139.576937,   35.205856,       13.19,
 139.581441,   35.205856,       14.19,
 139.585946,   35.205856,       15.46,
 139.590450,   35.205856,       16.79,
 139.594955,   35.205856,       18.68,
 139.599459,   35.205856,       21.58,
 139.603964,   35.205856,       25.84,
 139.608468,   35.205856,       32.66,
 139.612973,   35.205856,       84.09,
 139.617477,   35.205856,       84.09,
 139.621982,   35.205856,       84.09,
 139.626486,   35.205856,       84.09,
 139.630991,   35.205856,       84.09,
 139.635495,   35.205856,       84.09,
 139.640000,   35.205856,      188.65,
 139.644505,   35.205856,      188.65,
 139.649009,   35.205856,      188.65,
 139.653514,   35.205856,      188.65,
 139.658018,   35.205856,      188.65,
 139.662523,   35.205856,      188.65,
 139.667027,   35.205856,      142.85,
 139.671532,   35.205856,      100.62,
 139.676036,   35.205856,       61.00,
 139.680541,   35.205856,       44.24,
 139.685045,   35.205856,       41.40,
 139.689550,   35.205856,       38.61,
 139.694054,   35.205856,       35.86,
 139.698559,   35.205856,       33.05,
 139.703063,   35.205856,       29.33,
 139.707568,   35.205856,       25.56,
 139.712072,   35.205856,       22.25,
 139.716577,   35.205856,       20.08,
 139.721081,   35.205856,       18.16,
 139.725586,   35.205856,       16.56,
 139.730090,   35.205856,       15.74,
 139.734595,   35.205856,       14.86,
 139.739099,   35.205856,       13.93,
 139.743604,   35.205856,       13.40,
 139.748108,   35.205856,       12.89,
 139.752613,   35.205856,       12.42,
 139.757117,   35.205856,       12.18,
 139.761622,   35.205856,       11.93,
 139.766126,   35.205856,       11.85,
 139.770631,   35.205856,       12.19,
 139.775135,   35.205856,       12.60,
 139.779640,   35.205856,       13.21,
 139.784144,   35.205856,       14.36,
 139.788649,   35.205856,       15.68,
 139.793153,   35.205856,       17.15,
 139.797658,   35.205856,       18.88,
 139.802162,   35.205856,       20.75,
 139.806667,   35.205856,       22.76,
 139.811171,   35.205856,       24.88,
 139.815676,   35.205856,       27.21,
 139.820180,   35.205856,       29.65,
 139.824685,   35.205856,       32.16,
 139.829189,   35.205856,       34.56,
 139.833694,   35.205856,       36.79,
 139.838198,   35.205856,       38.60,
 139.842703,   35.205856,       39.50,
 139.847207,   35.205856,       40.18,
 139.851712,   35.205856,       40.34,
 139.856216,   35.205856,       40.08,
 139.860721,   35.205856,       40.20,
 139.865225,   35.205856,       40.48,
 139.869730,   35.205856,       40.72,
 139.874234,   35.205856,       40.88,
 139.878739,   35.205856,       40.60,
 139.883243,   35.205856,       40.25,
 139.887748,   35.205856,       39.89,
 139.892252,   35.205856,       39.54,
 139.896757,   35.205856,       39.20,
 139.901261,   35.205856,       38.87,
 139.905766,   35.205856,       38.53,
 139.910270,   35.205856,       38.19,
 139.914775,   35.205856,       37.86,
 139.919279,   35.205856,       37.53,
 139.923784,   35.205856,       37.20,
 139.928288,   35.205856,       36.86,
 139.932793,   35.205856,       36.53,
 139.937297,   35.205856,       36.19,
 139.941802,   35.205856,       35.85,
 139.946306,   35.205856,       35.50,
 139.950811,   35.205856,       35.15,
 139.955315,   35.205856,       34.80,
 139.959820,   35.205856,       34.44,
 139.964324,   35.205856,       34.07,
 139.968829,   35.205856,       33.70,
 139.973333,   35.205856,       33.33,
 139.977838,   35.205856,       32.95,
 139.982342,   35.205856,       32.57,
 139.986847,   35.205856,       32.19,
 139.991351,   35.205856,       31.80,
 139.995856,   35.205856,       31.41,
 140.000360,   35.205856,       31.02,
 140.004865,   35.205856,       30.63,
 140.009369,   35.205856,       30.24,
 140.013874,   35.205856,       29.84,
 140.018378,   35.205856,       29.45,
 140.022883,   35.205856,       29.06,
 140.027387,   35.205856,       28.66,
 140.031892,   35.205856,       28.27,
 140.036396,   35.205856,       27.88,
 140.040901,   35.205856,       27.49,
 140.045405,   35.205856,       27.09,
 140.049910,   35.205856,       26.70,
 140.054414,   35.205856,       26.31,
 140.058919,   35.205856,       25.92,
 140.063423,   35.205856,       25.53,
 140.067928,   35.205856,       25.14,
 140.072432,   35.205856,       24.76,
 140.076937,   35.205856,       24.38,
 140.081441,   35.205856,       24.01,
 140.085946,   35.205856,       23.65,
 140.090450,   35.205856,       23.29,
 140.094955,   35.205856,       22.93,
 140.099459,   35.205856,       22.58,
 140.103964,   35.205856,       22.24,
 140.108468,   35.205856,       21.90,
 140.112973,   35.205856,       21.57,
 140.117477,   35.205856,       21.24,
 140.121982,   35.205856,       20.93,
 140.126486,   35.205856,       20.62,
 140.130991,   35.205856,       20.31,
 140.135495,   35.205856,       20.02,
 140.140000,   35.205856,       19.72,
 140.144505,   35.205856,       19.44,
 140.149009,   35.205856,       19.15,
 140.153514,   35.205856,       18.87,
 140.158018,   35.205856,       18.60,
 140.162523,   35.205856,       18.33,
 140.167027,   35.205856,       18.06,
 140.171532,   35.205856,       17.80,
 140.176036,   35.205856,       17.54,
 140.180541,   35.205856,       17.29,
 140.185045,   35.205856,       17.04,
 140.189550,   35.205856,       16.80,
 140.194054,   35.205856,       16.56,
 140.198559,   35.205856,       16.32,
 140.203063,   35.205856,       16.08,
 140.207568,   35.205856,       15.85,
 140.212072,   35.205856,       15.62,
 140.216577,   35.205856,       15.39,
 140.221081,   35.205856,       15.16,
 140.225586,   35.205856,       14.94,
 140.230090,   35.205856,       14.71,
 140.234595,   35.205856,       14.48,
 140.239099,   35.205856,       14.26,
 140.243604,   35.205856,       14.04,
 140.248108,   35.205856,       13.81,
 140.252613,   35.205856,       13.59,
 140.257117,   35.205856,       13.36,
 140.261622,   35.205856,       13.13,
 140.266126,   35.205856,       12.90,
 140.270631,   35.205856,       12.67,
 140.275135,   35.205856,       12.43,
 140.279640,   35.205856,       12.20,
 140.284144,   35.205856,       11.96,
 140.288649,   35.205856,       11.72,
 140.293153,   35.205856,       11.48,
 140.297658,   35.205856,       11.24,
 140.302162,   35.205856,       10.99,
 140.306667,   35.205856,       10.75,
 140.311171,   35.205856,       10.50,
 140.315676,   35.205856,       10.25,
 140.320180,   35.205856,       10.00,
 140.324685,   35.205856,        9.75,
 140.329189,   35.205856,        9.49,
 140.333694,   35.205856,        9.24,
 140.338198,   35.205856,        8.98,
 140.342703,   35.205856,        8.73,
 140.347207,   35.205856,        8.47,
 140.351712,   35.205856,        8.22,
 140.356216,   35.205856,        7.98,
 140.360721,   35.205856,        7.74,
 140.365225,   35.205856,        7.51,
 140.369730,   35.205856,        7.30,
 140.374234,   35.205856,        7.11,
 140.378739,   35.205856,        6.91,
 140.383243,   35.205856,        6.67,
 140.387748,   35.205856,        6.44,
 139.140000,   35.210360,        0.58,
 139.144505,   35.210360,        0.60,
 139.149009,   35.210360,        0.62,
 139.153514,   35.210360,        0.63,
 139.158018,   35.210360,        0.65,
 139.162523,   35.210360,        0.68,
 139.167027,   35.210360,        0.72,
 139.171532,   35.210360,        0.76,
 139.176036,   35.210360,        0.81,
 139.180541,   35.210360,        0.87,
 139.185045,   35.210360,        0.95,
 139.189550,   35.210360,        1.04,
 139.194054,   35.210360,        1.14,
 139.198559,   35.210360,        1.24,
 139.203063,   35.210360,        1.34,
 139.207568,   35.210360,        1.44,
 139.212072,   35.210360,        1.55,
 139.216577,   35.210360,        1.67,
 139.221081,   35.210360,        1.79,
 139.225586,   35.210360,        1.90,
 139.230090,   35.210360,        2.01,
 139.234595,   35.210360,        2.14,
 139.239099,   35.210360,        2.26,
 139.243604,   35.210360,        2.38,
 139.248108,   35.210360,        2.49,
 139.252613,   35.210360,        2.60,
 139.257117,   35.210360,        2.70,
 139.261622,   35.210360,        2.79,
 139.266126,   35.210360,        2.88,
 139.270631,   35.210360,        2.94,
 139.275135,   35.210360,        3.01,
 139.279640,   35.210360,        3.07,
 139.284144,   35.210360,        3.13,
 139.288649,   35.210360,        3.18,
 139.293153,   35.210360,        3.23,
 139.297658,   35.210360,        3.26,
 139.302162,   35.210360,        3.29,
 139.306667,   35.210360,        3.31,
 139.311171,   35.210360,        3.33,
 139.315676,   35.210360,        3.34,
 139.320180,   35.210360,        3.35,
 139.324685,   35.210360,        3.35,
 139.329189,   35.210360,        3.33,
 139.333694,   35.210360,        3.31,
 139.338198,   35.210360,        3.29,
 139.342703,   35.210360,        3.26,
 139.347207,   35.210360,        3.23,
 139.351712,   35.210360,        3.20,
 139.356216,   35.210360,        3.16,
 139.360721,   35.210360,        3.11,
 139.365225,   35.210360,        3.06,
 139.369730,   35.210360,        3.02,
 139.374234,   35.210360,        2.98,
 139.378739,   35.210360,        2.95,
 139.383243,   35.210360,        2.92,
 139.387748,   35.210360,        2.87,
 139.392252,   35.210360,        2.82,
 139.396757,   35.210360,        2.77,
 139.401261,   35.210360,        2.72,
 139.405766,   35.210360,        2.67,
 139.410270,   35.210360,        2.62,
 139.414775,   35.210360,        2.63,
 139.419279,   35.210360,        2.65,
 139.423784,   35.210360,        2.66,
 139.428288,   35.210360,        2.67,
 139.432793,   35.210360,        2.68,
 139.437297,   35.210360,        2.73,
 139.441802,   35.210360,        2.82,
 139.446306,   35.210360,        2.95,
 139.450811,   35.210360,        3.13,
 139.455315,   35.210360,        3.35,
 139.459820,   35.210360,        3.62,
 139.464324,   35.210360,        3.91,
 139.468829,   35.210360,        4.23,
 139.473333,   35.210360,        4.60,
 139.477838,   35.210360,        5.07,
 139.482342,   35.210360,        5.60,
 139.486847,   35.210360,        6.13,
 139.491351,   35.210360,        6.67,
 139.495856,   35.210360,        7.18,
 139.500360,   35.210360,        7.57,
 139.504865,   35.210360,        7.93,
 139.509369,   35.210360,        8.28,
 139.513874,   35.210360,        8.61,
 139.518378,   35.210360,        8.83,
 139.522883,   35.210360,        9.02,
 139.527387,   35.210360,        9.23,
 139.531892,   35.210360,        9.46,
 139.536396,   35.210360,        9.72,
 139.540901,   35.210360,        9.99,
 139.545405,   35.210360,       10.24,
 139.549910,   35.210360,       10.50,
 139.554414,   35.210360,       10.82,
 139.558919,   35.210360,       11.18,
 139.563423,   35.210360,       11.59,
 139.567928,   35.210360,       12.18,
 139.572432,   35.210360,       12.81,
 139.576937,   35.210360,       13.57,
 139.581441,   35.210360,       14.61,
 139.585946,   35.210360,       15.78,
 139.590450,   35.210360,       17.05,
 139.594955,   35.210360,       18.35,
 139.599459,   35.210360,       20.66,
 139.603964,   35.210360,       27.22,
 139.608468,   35.210360,       36.24,
 139.612973,   35.210360,       81.37,
 139.617477,   35.210360,       81.37,
 139.621982,   35.210360,       81.37,
 139.626486,   35.210360,       81.37,
 139.630991,   35.210360,       81.37,
 139.635495,   35.210360,       81.37,
 139.640000,   35.210360,      225.65,
 139.644505,   35.210360,      225.65,
 139.649009,   35.210360,      225.65,
 139.653514,   35.210360,      225.65,
 139.658018,   35.210360,      225.65,
 139.662523,   35.210360,      225.65,
 139.667027,   35.210360,      179.45,
 139.671532,   35.210360,      136.77,
 139.676036,   35.210360,       98.19,
 139.680541,   35.210360,       64.24,
 139.685045,   35.210360,       43.52,
 139.689550,   35.210360,       40.26,
 139.694054,   35.210360,       37.23,
 139.698559,   35.210360,       34.16,
 139.703063,   35.210360,       30.91,
 139.707568,   35.210360,       27.35,
 139.712072,   35.210360,       24.09,
 139.716577,   35.210360,       21.38,
 139.721081,   35.210360,       19.47,
 139.725586,   35.210360,       18.07,
 139.730090,   35.210360,       16.95,
 139.734595,   35.210360,       16.02,
 139.739099,   35.210360,       15.02,
 139.743604,   35.210360,       14.14,
 139.748108,   35.210360,       13.67,
 139.752613,   35.210360,       13.28,
 139.757117,   35.210360,       12.91,
 139.761622,   35.210360,       12.81,
 139.766126,   35.210360,       12.98,
 139.770631,   35.210360,       13.22,
 139.775135,   35.210360,       13.76,
 139.779640,   35.210360,       14.67,
 139.784144,   35.210360,       15.78,
 139.788649,   35.210360,       17.11,
 139.793153,   35.210360,       18.70,
 139.797658,   35.210360,       20.48,
 139.802162,   35.210360,       22.38,
 139.806667,   35.210360,       24.40,
 139.811171,   35.210360,       26.55,
 139.815676,   35.210360,       28.86,
 139.820180,   35.210360,       31.21,
 139.824685,   35.210360,       33.51,
 139.829189,   35.210360,       35.82,
 139.833694,   35.210360,       38.28,
 139.838198,   35.210360,       40.77,
 139.842703,   35.210360,       42.87,
 139.847207,   35.210360,       43.11,
 139.851712,   35.210360,       43.37,
 139.856216,   35.210360,       42.63,
 139.860721,   35.210360,       42.36,
 139.865225,   35.210360,       42.47,
 139.869730,   35.210360,       42.60,
 139.874234,   35.210360,       42.54,
 139.878739,   35.210360,       42.06,
 139.883243,   35.210360,       41.60,
 139.887748,   35.210360,       41.18,
 139.892252,   35.210360,       40.78,
 139.896757,   35.210360,       40.39,
 139.901261,   35.210360,       40.02,
 139.905766,   35.210360,       39.64,
 139.910270,   35.210360,       39.28,
 139.914775,   35.210360,       38.92,
 139.919279,   35.210360,       38.57,
 139.923784,   35.210360,       38.23,
 139.928288,   35.210360,       37.88,
 139.932793,   35.210360,       37.53,
 139.937297,   35.210360,       37.18,
 139.941802,   35.210360,       36.82,
 139.946306,   35.210360,       36.47,
 139.950811,   35.210360,       36.10,
 139.955315,   35.210360,       35.74,
 139.959820,   35.210360,       35.37,
 139.964324,   35.210360,       34.99,
 139.968829,   35.210360,       34.62,
 139.973333,   35.210360,       34.24,
 139.977838,   35.210360,       33.85,
 139.982342,   35.210360,       33.47,
 139.986847,   35.210360,       33.08,
 139.991351,   35.210360,       32.69,
 139.995856,   35.210360,       32.30,
 140.000360,   35.210360,       31.90,
 140.004865,   35.210360,       31.51,
 140.009369,   35.210360,       31.11,
 140.013874,   35.210360,       30.72,
 140.018378,   35.210360,       30.33,
 140.022883,   35.210360,       29.93,
 140.027387,   35.210360,       29.54,
 140.031892,   35.210360,       29.15,
 140.036396,   35.210360,       28.75,
 140.040901,   35.210360,       28.36,
 140.045405,   35.210360,       27.97,
 140.049910,   35.210360,       27.58,
 140.054414,   35.210360,       27.19,
 140.058919,   35.210360,       26.80,
 140.063423,   35.210360,       26.41,
 140.067928,   35.210360,       26.03,
 140.072432,   35.210360,       25.65,
 140.076937,   35.210360,       25.28,
 140.081441,   35.210360,       24.91,
 140.085946,   35.210360,       24.55,
 140.090450,   35.210360,       24.19,
 140.094955,   35.210360,       23.84,
 140.099459,   35.210360,       23.49,
 140.103964,   35.210360,       23.15,
 140.108468,   35.210360,       22.82,
 140.112973,   35.210360,       22.49,
 140.117477,   35.210360,       22.16,
 140.121982,   35.210360,       21.85,
 140.126486,   35.210360,       21.54,
 140.130991,   35.210360,       21.24,
 140.135495,   35.210360,       20.94,
 140.140000,   35.210360,       20.65,
 140.144505,   35.210360,       20.36,
 140.149009,   35.210360,       20.08,
 140.153514,   35.210360,       19.80,
 140.158018,   35.210360,       19.52,
 140.162523,   35.210360,       19.25,
 140.167027,   35.210360,       18.98,
 140.171532,   35.210360,       18.72,
 140.176036,   35.210360,       18.46,
 140.180541,   35.210360,       18.21,
 140.185045,   35.210360,       17.96,
 140.189550,   35.210360,       17.71,
 140.194054,   35.210360,       17.47,
 140.198559,   35.210360,       17.23,
 140.203063,   35.210360,       16.99,
 140.207568,   35.210360,       16.76,
 140.212072,   35.210360,       16.53,
 140.216577,   35.210360,       16.30,
 140.221081,   35.210360,       16.07,
 140.225586,   35.210360,       15.84,
 140.230090,   35.210360,       15.61,
 140.234595,   35.210360,       15.39,
 140.239099,   35.210360,       15.16,
 140.243604,   35.210360,       14.94,
 140.248108,   35.210360,       14.71,
 140.252613,   35.210360,       14.49,
 140.257117,   35.210360,       14.26,
 140.261622,   35.210360,       14.04,
 140.266126,   35.210360,       13.81,
 140.270631,   35.210360,       13.58,
 140.275135,   35.210360,       13.34,
 140.279640,   35.210360,       13.11,
 140.284144,   35.210360,       12.87,
 140.288649,   35.210360,       12.64,
 140.293153,   35.210360,       12.40,
 140.297658,   35.210360,       12.16,
 140.302162,   35.210360,       11.91,
 140.306667,   35.210360,       11.67,
 140.311171,   35.210360,       11.42,
 140.315676,   35.210360,       11.18,
 140.320180,   35.210360,       10.93,
 140.324685,   35.210360,       10.68,
 140.329189,   35.210360,       10.43,
 140.333694,   35.210360,       10.18,
 140.338198,   35.210360,        9.92,
 140.342703,   35.210360,        9.67,
 140.347207,   35.210360,        9.42,
 140.351712,   35.210360,        9.17,
 140.356216,   35.210360,        8.92,
 140.360721,   35.210360,        8.68,
 140.365225,   35.210360,        8.45,
 140.369730,   35.210360,        8.22,
 140.374234,   35.210360,        8.01,
 140.378739,   35.210360,        7.77,
 140.383243,   35.210360,        7.53,
 140.387748,   35.210360,        7.30,
 139.140000,   35.214865,        0.58,
 139.144505,   35.214865,        0.61,
 139.149009,   35.214865,        0.63,
 139.153514,   35.214865,        0.64,
 139.158018,   35.214865,        0.66,
 139.162523,   35.214865,        0.68,
 139.167027,   35.214865,        0.72,
 139.171532,   35.214865,        0.77,
 139.176036,   35.214865,        0.81,
 139.180541,   35.214865,        0.86,
 139.185045,   35.214865,        0.92,
 139.189550,   35.214865,        1.01,
 139.194054,   35.214865,        1.10,
 139.198559,   35.214865,        1.19,
 139.203063,   35.214865,        1.28,
 139.207568,   35.214865,        1.38,
 139.212072,   35.214865,        1.49,
 139.216577,   35.214865,        1.59,
 139.221081,   35.214865,        1.70,
 139.225586,   35.214865,        1.81,
 139.230090,   35.214865,        1.93,
 139.234595,   35.214865,        2.03,
 139.239099,   35.214865,        2.13,
 139.243604,   35.214865,        2.24,
 139.248108,   35.214865,        2.35,
 139.252613,   35.214865,        2.45,
 139.257117,   35.214865,        2.54,
 139.261622,   35.214865,        2.63,
 139.266126,   35.214865,        2.71,
 139.270631,   35.214865,        2.79,
 139.275135,   35.214865,        2.85,
 139.279640,   35.214865,        2.92,
 139.284144,   35.214865,        2.98,
 139.288649,   35.214865,        3.04,
 139.293153,   35.214865,        3.07,
 139.297658,   35.214865,        3.10,
 139.302162,   35.214865,        3.13,
 139.306667,   35.214865,        3.15,
 139.311171,   35.214865,        3.17,
 139.315676,   35.214865,        3.18,
 139.320180,   35.214865,        3.19,
 139.324685,   35.214865,        3.20,
 139.329189,   35.214865,        3.18,
 139.333694,   35.214865,        3.16,
 139.338198,   35.214865,        3.13,
 139.342703,   35.214865,        3.11,
 139.347207,   35.214865,        3.08,
 139.351712,   35.214865,        3.04,
 139.356216,   35.214865,        3.01,
 139.360721,   35.214865,        2.97,
 139.365225,   35.214865,        2.94,
 139.369730,   35.214865,        2.91,
 139.374234,   35.214865,        2.88,
 139.378739,   35.214865,        2.85,
 139.383243,   35.214865,        2.82,
 139.387748,   35.214865,        2.78,
 139.392252,   35.214865,        2.74,
 139.396757,   35.214865,        2.71,
 139.401261,   35.214865,        2.69,
 139.405766,   35.214865,        2.66,
 139.410270,   35.214865,        2.65,
 139.414775,   35.214865,        2.66,
 139.419279,   35.214865,        2.67,
 139.423784,   35.214865,        2.68,
 139.428288,   35.214865,        2.68,
 139.432793,   35.214865,        2.71,
 139.437297,   35.214865,        2.78,
 139.441802,   35.214865,        2.88,
 139.446306,   35.214865,        3.01,
 139.450811,   35.214865,        3.16,
 139.455315,   35.214865,        3.35,
 139.459820,   35.214865,        3.62,
 139.464324,   35.214865,        3.96,
 139.468829,   35.214865,        4.33,
 139.473333,   35.214865,        4.74,
 139.477838,   35.214865,        5.20,
 139.482342,   35.214865,        5.73,
 139.486847,   35.214865,        6.29,
 139.491351,   35.214865,        6.85,
 139.495856,   35.214865,        7.41,
 139.500360,   35.214865,        7.82,
 139.504865,   35.214865,        8.20,
 139.509369,   35.214865,        8.59,
 139.513874,   35.214865,        8.92,
 139.518378,   35.214865,        9.13,
 139.522883,   35.214865,        9.31,
 139.527387,   35.214865,        9.52,
 139.531892,   35.214865,        9.74,
 139.536396,   35.214865,        9.97,
 139.540901,   35.214865,       10.20,
 139.545405,   35.214865,       10.45,
 139.549910,   35.214865,       10.70,
 139.554414,   35.214865,       11.03,
 139.558919,   35.214865,       11.42,
 139.563423,   35.214865,       11.82,
 139.567928,   35.214865,       12.45,
 139.572432,   35.214865,       13.07,
 139.576937,   35.214865,       13.97,
 139.581441,   35.214865,       15.00,
 139.585946,   35.214865,       16.09,
 139.590450,   35.214865,       17.31,
 139.594955,   35.214865,       18.57,
 139.599459,   35.214865,       20.11,
 139.603964,   35.214865,       26.95,
 139.608468,   35.214865,       36.53,
 139.612973,   35.214865,       76.43,
 139.617477,   35.214865,       76.43,
 139.621982,   35.214865,       76.43,
 139.626486,   35.214865,       76.43,
 139.630991,   35.214865,       76.43,
 139.635495,   35.214865,       76.43,
 139.640000,   35.214865,      254.45,
 139.644505,   35.214865,      254.45,
 139.649009,   35.214865,      254.45,
 139.653514,   35.214865,      254.45,
 139.658018,   35.214865,      254.45,
 139.662523,   35.214865,      254.45,
 139.667027,   35.214865,      207.29,
 139.671532,   35.214865,      163.03,
 139.676036,   35.214865,      122.50,
 139.680541,   35.214865,       86.41,
 139.685045,   35.214865,       57.93,
 139.689550,   35.214865,       42.71,
 139.694054,   35.214865,       39.19,
 139.698559,   35.214865,       35.98,
 139.703063,   35.214865,       32.64,
 139.707568,   35.214865,       29.37,
 139.712072,   35.214865,       26.18,
 139.716577,   35.214865,       22.90,
 139.721081,   35.214865,       20.95,
 139.725586,   35.214865,       19.73,
 139.730090,   35.214865,       18.39,
 139.734595,   35.214865,       17.18,
 139.739099,   35.214865,       16.15,
 139.743604,   35.214865,       15.17,
 139.748108,   35.214865,       14.61,
 139.752613,   35.214865,       14.24,
 139.757117,   35.214865,       13.87,
 139.761622,   35.214865,       13.86,
 139.766126,   35.214865,       14.06,
 139.770631,   35.214865,       14.33,
 139.775135,   35.214865,       14.93,
 139.779640,   35.214865,       15.90,
 139.784144,   35.214865,       17.01,
 139.788649,   35.214865,       18.31,
 139.793153,   35.214865,       19.92,
 139.797658,   35.214865,       21.73,
 139.802162,   35.214865,       23.69,
 139.806667,   35.214865,       25.77,
 139.811171,   35.214865,       27.96,
 139.815676,   35.214865,       30.22,
 139.820180,   35.214865,       32.45,
 139.824685,   35.214865,       34.72,
 139.829189,   35.214865,       37.05,
 139.833694,   35.214865,       39.33,
 139.838198,   35.214865,       41.61,
 139.842703,   35.214865,       43.94,
 139.847207,   35.214865,       45.47,
 139.851712,   35.214865,       45.99,
 139.856216,   35.214865,       45.74,
 139.860721,   35.214865,       44.63,
 139.865225,   35.214865,       44.46,
 139.869730,   35.214865,       44.47,
 139.874234,   35.214865,       44.12,
 139.878739,   35.214865,       43.48,
 139.883243,   35.214865,       42.93,
 139.887748,   35.214865,       42.44,
 139.892252,   35.214865,       41.99,
 139.896757,   35.214865,       41.56,
 139.901261,   35.214865,       41.14,
 139.905766,   35.214865,       40.74,
 139.910270,   35.214865,       40.35,
 139.914775,   35.214865,       39.98,
 139.919279,   35.214865,       39.61,
 139.923784,   35.214865,       39.25,
 139.928288,   35.214865,       38.89,
 139.932793,   35.214865,       38.52,
 139.937297,   35.214865,       38.16,
 139.941802,   35.214865,       37.79,
 139.946306,   35.214865,       37.42,
 139.950811,   35.214865,       37.05,
 139.955315,   35.214865,       36.68,
 139.959820,   35.214865,       36.30,
 139.964324,   35.214865,       35.92,
 139.968829,   35.214865,       35.53,
 139.973333,   35.214865,       35.14,
 139.977838,   35.214865,       34.75,
 139.982342,   35.214865,       34.36,
 139.986847,   35.214865,       33.97,
 139.991351,   35.214865,       33.58,
 139.995856,   35.214865,       33.18,
 140.000360,   35.214865,       32.78,
 140.004865,   35.214865,       32.39,
 140.009369,   35.214865,       31.99,
 140.013874,   35.214865,       31.60,
 140.018378,   35.214865,       31.20,
 140.022883,   35.214865,       30.81,
 140.027387,   35.214865,       30.41,
 140.031892,   35.214865,       30.02,
 140.036396,   35.214865,       29.63,
 140.040901,   35.214865,       29.24,
 140.045405,   35.214865,       28.84,
 140.049910,   35.214865,       28.45,
 140.054414,   35.214865,       28.06,
 140.058919,   35.214865,       27.67,
 140.063423,   35.214865,       27.29,
 140.067928,   35.214865,       26.91,
 140.072432,   35.214865,       26.54,
 140.076937,   35.214865,       26.17,
 140.081441,   35.214865,       25.80,
 140.085946,   35.214865,       25.45,
 140.090450,   35.214865,       25.09,
 140.094955,   35.214865,       24.74,
 140.099459,   35.214865,       24.40,
 140.103964,   35.214865,       24.06,
 140.108468,   35.214865,       23.73,
 140.112973,   35.214865,       23.40,
 140.117477,   35.214865,       23.08,
 140.121982,   35.214865,       22.77,
 140.126486,   35.214865,       22.46,
 140.130991,   35.214865,       22.16,
 140.135495,   35.214865,       21.87,
 140.140000,   35.214865,       21.57,
 140.144505,   35.214865,       21.29,
 140.149009,   35.214865,       21.00,
 140.153514,   35.214865,       20.72,
 140.158018,   35.214865,       20.45,
 140.162523,   35.214865,       20.17,
 140.167027,   35.214865,       19.90,
 140.171532,   35.214865,       19.64,
 140.176036,   35.214865,       19.38,
 140.180541,   35.214865,       19.13,
 140.185045,   35.214865,       18.88,
 140.189550,   35.214865,       18.63,
 140.194054,   35.214865,       18.39,
 140.198559,   35.214865,       18.15,
 140.203063,   35.214865,       17.91,
 140.207568,   35.214865,       17.67,
 140.212072,   35.214865,       17.44,
 140.216577,   35.214865,       17.21,
 140.221081,   35.214865,       16.98,
 140.225586,   35.214865,       16.75,
 140.230090,   35.214865,       16.52,
 140.234595,   35.214865,       16.29,
 140.239099,   35.214865,       16.07,
 140.243604,   35.214865,       15.84,
 140.248108,   35.214865,       15.62,
 140.252613,   35.214865,       15.40,
 140.257117,   35.214865,       15.17,
 140.261622,   35.214865,       14.94,
 140.266126,   35.214865,       14.72,
 140.270631,   35.214865,       14.49,
 140.275135,   35.214865,       14.26,
 140.279640,   35.214865,       14.02,
 140.284144,   35.214865,       13.79,
 140.288649,   35.214865,       13.55,
 140.293153,   35.214865,       13.32,
 140.297658,   35.214865,       13.08,
 140.302162,   35.214865,       12.83,
 140.306667,   35.214865,       12.59,
 140.311171,   35.214865,       12.35,
 140.315676,   35.214865,       12.10,
 140.320180,   35.214865,       11.85,
 140.324685,   35.214865,       11.60,
 140.329189,   35.214865,       11.35,
 140.333694,   35.214865,       11.10,
 140.338198,   35.214865,       10.85,
 140.342703,   35.214865,       10.60,
 140.347207,   35.214865,       10.34,
 140.351712,   35.214865,       10.09,
 140.356216,   35.214865,        9.84,
 140.360721,   35.214865,        9.59,
 140.365225,   35.214865,        9.35,
 140.369730,   35.214865,        9.11,
 140.374234,   35.214865,        8.87,
 140.378739,   35.214865,        8.63,
 140.383243,   35.214865,        8.40,
 140.387748,   35.214865,        8.16,
 139.140000,   35.219369,        0.60,
 139.144505,   35.219369,        0.62,
 139.149009,   35.219369,        0.64,
 139.153514,   35.219369,        0.66,
 139.158018,   35.219369,        0.68,
 139.162523,   35.219369,        0.69,
 139.167027,   35.219369,        0.72,
 139.171532,   35.219369,        0.76,
 139.176036,   35.219369,        0.80,
 139.180541,   35.219369,        0.85,
 139.185045,   35.219369,        0.90,
 139.189550,   35.219369,        0.98,
 139.194054,   35.219369,        1.06,
 139.198559,   35.219369,        1.14,
 139.203063,   35.219369,        1.22,
 139.207568,   35.219369,        1.32,
 139.212072,   35.219369,        1.42,
 139.216577,   35.219369,        1.52,
 139.221081,   35.219369,        1.63,
 139.225586,   35.219369,        1.73,
 139.230090,   35.219369,        1.84,
 139.234595,   35.219369,        1.93,
 139.239099,   35.219369,        2.03,
 139.243604,   35.219369,        2.12,
 139.248108,   35.219369,        2.22,
 139.252613,   35.219369,        2.32,
 139.257117,   35.219369,        2.41,
 139.261622,   35.219369,        2.50,
 139.266126,   35.219369,        2.58,
 139.270631,   35.219369,        2.64,
 139.275135,   35.219369,        2.71,
 139.279640,   35.219369,        2.78,
 139.284144,   35.219369,        2.84,
 139.288649,   35.219369,        2.89,
 139.293153,   35.219369,        2.93,
 139.297658,   35.219369,        2.95,
 139.302162,   35.219369,        2.98,
 139.306667,   35.219369,        3.00,
 139.311171,   35.219369,        3.02,
 139.315676,   35.219369,        3.03,
 139.320180,   35.219369,        3.05,
 139.324685,   35.219369,        3.05,
 139.329189,   35.219369,        3.04,
 139.333694,   35.219369,        3.02,
 139.338198,   35.219369,        2.99,
 139.342703,   35.219369,        2.96,
 139.347207,   35.219369,        2.93,
 139.351712,   35.219369,        2.90,
 139.356216,   35.219369,        2.88,
 139.360721,   35.219369,        2.86,
 139.365225,   35.219369,        2.83,
 139.369730,   35.219369,        2.80,
 139.374234,   35.219369,        2.77,
 139.378739,   35.219369,        2.75,
 139.383243,   35.219369,        2.72,
 139.387748,   35.219369,        2.69,
 139.392252,   35.219369,        2.68,
 139.396757,   35.219369,        2.68,
 139.401261,   35.219369,        2.68,
 139.405766,   35.219369,        2.68,
 139.410270,   35.219369,        2.69,
 139.414775,   35.219369,        2.70,
 139.419279,   35.219369,        2.70,
 139.423784,   35.219369,        2.71,
 139.428288,   35.219369,        2.71,
 139.432793,   35.219369,        2.73,
 139.437297,   35.219369,        2.82,
 139.441802,   35.219369,        2.95,
 139.446306,   35.219369,        3.08,
 139.450811,   35.219369,        3.21,
 139.455315,   35.219369,        3.34,
 139.459820,   35.219369,        3.64,
 139.464324,   35.219369,        4.03,
 139.468829,   35.219369,        4.44,
 139.473333,   35.219369,        4.86,
 139.477838,   35.219369,        5.31,
 139.482342,   35.219369,        5.85,
 139.486847,   35.219369,        6.41,
 139.491351,   35.219369,        6.98,
 139.495856,   35.219369,        7.54,
 139.500360,   35.219369,        8.02,
 139.504865,   35.219369,        8.44,
 139.509369,   35.219369,        8.88,
 139.513874,   35.219369,        9.26,
 139.518378,   35.219369,        9.44,
 139.522883,   35.219369,        9.62,
 139.527387,   35.219369,        9.81,
 139.531892,   35.219369,       10.03,
 139.536396,   35.219369,       10.24,
 139.540901,   35.219369,       10.45,
 139.545405,   35.219369,       10.69,
 139.549910,   35.219369,       10.98,
 139.554414,   35.219369,       11.31,
 139.558919,   35.219369,       11.68,
 139.563423,   35.219369,       12.18,
 139.567928,   35.219369,       12.76,
 139.572432,   35.219369,       13.48,
 139.576937,   35.219369,       14.33,
 139.581441,   35.219369,       15.30,
 139.585946,   35.219369,       16.44,
 139.590450,   35.219369,       17.63,
 139.594955,   35.219369,       18.94,
 139.599459,   35.219369,       20.68,
 139.603964,   35.219369,       23.68,
 139.608468,   35.219369,       38.00,
 139.612973,   35.219369,      118.92,
 139.617477,   35.219369,      118.92,
 139.621982,   35.219369,      118.92,
 139.626486,   35.219369,      118.92,
 139.630991,   35.219369,      118.92,
 139.635495,   35.219369,      323.01,
 139.640000,   35.219369,      323.01,
 139.644505,   35.219369,      323.01,
 139.649009,   35.219369,      323.01,
 139.653514,   35.219369,      323.01,
 139.658018,   35.219369,      323.01,
 139.662523,   35.219369,      273.93,
 139.667027,   35.219369,      227.19,
 139.671532,   35.219369,      182.88,
 139.676036,   35.219369,      141.62,
 139.680541,   35.219369,      105.14,
 139.685045,   35.219369,       74.14,
 139.689550,   35.219369,       52.02,
 139.694054,   35.219369,       41.59,
 139.698559,   35.219369,       38.49,
 139.703063,   35.219369,       35.33,
 139.707568,   35.219369,       32.09,
 139.712072,   35.219369,       28.78,
 139.716577,   35.219369,       25.44,
 139.721081,   35.219369,       22.88,
 139.725586,   35.219369,       21.42,
 139.730090,   35.219369,       19.91,
 139.734595,   35.219369,       18.39,
 139.739099,   35.219369,       17.37,
 139.743604,   35.219369,       16.55,
 139.748108,   35.219369,       15.77,
 139.752613,   35.219369,       15.34,
 139.757117,   35.219369,       15.13,
 139.761622,   35.219369,       15.00,
 139.766126,   35.219369,       15.13,
 139.770631,   35.219369,       15.51,
 139.775135,   35.219369,       16.03,
 139.779640,   35.219369,       16.86,
 139.784144,   35.219369,       17.99,
 139.788649,   35.219369,       19.25,
 139.793153,   35.219369,       20.75,
 139.797658,   35.219369,       22.63,
 139.802162,   35.219369,       24.66,
 139.806667,   35.219369,       26.78,
 139.811171,   35.219369,       28.95,
 139.815676,   35.219369,       31.10,
 139.820180,   35.219369,       33.38,
 139.824685,   35.219369,       35.68,
 139.829189,   35.219369,       37.91,
 139.833694,   35.219369,       39.87,
 139.838198,   35.219369,       41.84,
 139.842703,   35.219369,       43.79,
 139.847207,   35.219369,       45.24,
 139.851712,   35.219369,       46.56,
 139.856216,   35.219369,       47.86,
 139.860721,   35.219369,       47.34,
 139.865225,   35.219369,       46.45,
 139.869730,   35.219369,       46.32,
 139.874234,   35.219369,       45.61,
 139.878739,   35.219369,       44.84,
 139.883243,   35.219369,       44.22,
 139.887748,   35.219369,       43.68,
 139.892252,   35.219369,       43.17,
 139.896757,   35.219369,       42.69,
 139.901261,   35.219369,       42.24,
 139.905766,   35.219369,       41.82,
 139.910270,   35.219369,       41.42,
 139.914775,   35.219369,       41.02,
 139.919279,   35.219369,       40.64,
 139.923784,   35.219369,       40.26,
 139.928288,   35.219369,       39.89,
 139.932793,   35.219369,       39.51,
 139.937297,   35.219369,       39.14,
 139.941802,   35.219369,       38.76,
 139.946306,   35.219369,       38.38,
 139.950811,   35.219369,       37.99,
 139.955315,   35.219369,       37.61,
 139.959820,   35.219369,       37.22,
 139.964324,   35.219369,       36.83,
 139.968829,   35.219369,       36.44,
 139.973333,   35.219369,       36.05,
 139.977838,   35.219369,       35.65,
 139.982342,   35.219369,       35.26,
 139.986847,   35.219369,       34.86,
 139.991351,   35.219369,       34.46,
 139.995856,   35.219369,       34.06,
 140.000360,   35.219369,       33.67,
 140.004865,   35.219369,       33.27,
 140.009369,   35.219369,       32.87,
 140.013874,   35.219369,       32.47,
 140.018378,   35.219369,       32.08,
 140.022883,   35.219369,       31.68,
 140.027387,   35.219369,       31.29,
 140.031892,   35.219369,       30.89,
 140.036396,   35.219369,       30.50,
 140.040901,   35.219369,       30.11,
 140.045405,   35.219369,       29.72,
 140.049910,   35.219369,       29.33,
 140.054414,   35.219369,       28.94,
 140.058919,   35.219369,       28.55,
 140.063423,   35.219369,       28.17,
 140.067928,   35.219369,       27.79,
 140.072432,   35.219369,       27.42,
 140.076937,   35.219369,       27.06,
 140.081441,   35.219369,       26.70,
 140.085946,   35.219369,       26.34,
 140.090450,   35.219369,       25.99,
 140.094955,   35.219369,       25.65,
 140.099459,   35.219369,       25.31,
 140.103964,   35.219369,       24.97,
 140.108468,   35.219369,       24.64,
 140.112973,   35.219369,       24.32,
 140.117477,   35.219369,       24.00,
 140.121982,   35.219369,       23.69,
 140.126486,   35.219369,       23.39,
 140.130991,   35.219369,       23.09,
 140.135495,   35.219369,       22.79,
 140.140000,   35.219369,       22.50,
 140.144505,   35.219369,       22.21,
 140.149009,   35.219369,       21.92,
 140.153514,   35.219369,       21.64,
 140.158018,   35.219369,       21.37,
 140.162523,   35.219369,       21.09,
 140.167027,   35.219369,       20.83,
 140.171532,   35.219369,       20.56,
 140.176036,   35.219369,       20.30,
 140.180541,   35.219369,       20.05,
 140.185045,   35.219369,       19.80,
 140.189550,   35.219369,       19.55,
 140.194054,   35.219369,       19.30,
 140.198559,   35.219369,       19.06,
 140.203063,   35.219369,       18.82,
 140.207568,   35.219369,       18.59,
 140.212072,   35.219369,       18.35,
 140.216577,   35.219369,       18.12,
 140.221081,   35.219369,       17.89,
 140.225586,   35.219369,       17.66,
 140.230090,   35.219369,       17.43,
 140.234595,   35.219369,       17.21,
 140.239099,   35.219369,       16.98,
 140.243604,   35.219369,       16.75,
 140.248108,   35.219369,       16.53,
 140.252613,   35.219369,       16.31,
 140.257117,   35.219369,       16.08,
 140.261622,   35.219369,       15.85,
 140.266126,   35.219369,       15.63,
 140.270631,   35.219369,       15.40,
 140.275135,   35.219369,       15.17,
 140.279640,   35.219369,       14.94,
 140.284144,   35.219369,       14.70,
 140.288649,   35.219369,       14.47,
 140.293153,   35.219369,       14.23,
 140.297658,   35.219369,       13.99,
 140.302162,   35.219369,       13.75,
 140.306667,   35.219369,       13.51,
 140.311171,   35.219369,       13.26,
 140.315676,   35.219369,       13.01,
 140.320180,   35.219369,       12.77,
 140.324685,   35.219369,       12.52,
 140.329189,   35.219369,       12.27,
 140.333694,   35.219369,       12.01,
 140.338198,   35.219369,       11.76,
 140.342703,   35.219369,       11.50,
 140.347207,   35.219369,       11.24,
 140.351712,   35.219369,       10.99,
 140.356216,   35.219369,       10.73,
 140.360721,   35.219369,       10.47,
 140.365225,   35.219369,       10.22,
 140.369730,   35.219369,        9.97,
 140.374234,   35.219369,        9.73,
 140.378739,   35.219369,        9.50,
 140.383243,   35.219369,        9.26,
 140.387748,   35.219369,        9.02,
 139.140000,   35.223874,        0.62,
 139.144505,   35.223874,        0.64,
 139.149009,   35.223874,        0.66,
 139.153514,   35.223874,        0.68,
 139.158018,   35.223874,        0.69,
 139.162523,   35.223874,        0.70,
 139.167027,   35.223874,        0.72,
 139.171532,   35.223874,        0.76,
 139.176036,   35.223874,        0.79,
 139.180541,   35.223874,        0.83,
 139.185045,   35.223874,        0.89,
 139.189550,   35.223874,        0.96,
 139.194054,   35.223874,        1.03,
 139.198559,   35.223874,        1.10,
 139.203063,   35.223874,        1.17,
 139.207568,   35.223874,        1.25,
 139.212072,   35.223874,        1.35,
 139.216577,   35.223874,        1.45,
 139.221081,   35.223874,        1.55,
 139.225586,   35.223874,        1.65,
 139.230090,   35.223874,        1.74,
 139.234595,   35.223874,        1.84,
 139.239099,   35.223874,        1.93,
 139.243604,   35.223874,        2.02,
 139.248108,   35.223874,        2.11,
 139.252613,   35.223874,        2.21,
 139.257117,   35.223874,        2.30,
 139.261622,   35.223874,        2.39,
 139.266126,   35.223874,        2.45,
 139.270631,   35.223874,        2.52,
 139.275135,   35.223874,        2.58,
 139.279640,   35.223874,        2.65,
 139.284144,   35.223874,        2.70,
 139.288649,   35.223874,        2.75,
 139.293153,   35.223874,        2.78,
 139.297658,   35.223874,        2.81,
 139.302162,   35.223874,        2.84,
 139.306667,   35.223874,        2.86,
 139.311171,   35.223874,        2.88,
 139.315676,   35.223874,        2.89,
 139.320180,   35.223874,        2.90,
 139.324685,   35.223874,        2.90,
 139.329189,   35.223874,        2.89,
 139.333694,   35.223874,        2.87,
 139.338198,   35.223874,        2.85,
 139.342703,   35.223874,        2.83,
 139.347207,   35.223874,        2.80,
 139.351712,   35.223874,        2.78,
 139.356216,   35.223874,        2.75,
 139.360721,   35.223874,        2.74,
 139.365225,   35.223874,        2.72,
 139.369730,   35.223874,        2.69,
 139.374234,   35.223874,        2.67,
 139.378739,   35.223874,        2.65,
 139.383243,   35.223874,        2.63,
 139.387748,   35.223874,        2.64,
 139.392252,   35.223874,        2.66,
 139.396757,   35.223874,        2.68,
 139.401261,   35.223874,        2.70,
 139.405766,   35.223874,        2.72,
 139.410270,   35.223874,        2.73,
 139.414775,   35.223874,        2.74,
 139.419279,   35.223874,        2.76,
 139.423784,   35.223874,        2.77,
 139.428288,   35.223874,        2.77,
 139.432793,   35.223874,        2.79,
 139.437297,   35.223874,        2.89,
 139.441802,   35.223874,        3.01,
 139.446306,   35.223874,        3.14,
 139.450811,   35.223874,        3.27,
 139.455315,   35.223874,        3.43,
 139.459820,   35.223874,        3.71,
 139.464324,   35.223874,        4.09,
 139.468829,   35.223874,        4.51,
 139.473333,   35.223874,        4.95,
 139.477838,   35.223874,        5.40,
 139.482342,   35.223874,        5.96,
 139.486847,   35.223874,        6.53,
 139.491351,   35.223874,        7.11,
 139.495856,   35.223874,        7.68,
 139.500360,   35.223874,        8.18,
 139.504865,   35.223874,        8.62,
 139.509369,   35.223874,        9.07,
 139.513874,   35.223874,        9.49,
 139.518378,   35.223874,        9.70,
 139.522883,   35.223874,        9.89,
 139.527387,   35.223874,       10.10,
 139.531892,   35.223874,       10.31,
 139.536396,   35.223874,       10.52,
 139.540901,   35.223874,       10.72,
 139.545405,   35.223874,       10.95,
 139.549910,   35.223874,       11.27,
 139.554414,   35.223874,       11.59,
 139.558919,   35.223874,       12.01,
 139.563423,   35.223874,       12.54,
 139.567928,   35.223874,       13.11,
 139.572432,   35.223874,       13.88,
 139.576937,   35.223874,       14.72,
 139.581441,   35.223874,       15.65,
 139.585946,   35.223874,       16.79,
 139.590450,   35.223874,       18.01,
 139.594955,   35.223874,       19.82,
 139.599459,   35.223874,       21.75,
 139.603964,   35.223874,       26.03,
 139.608468,   35.223874,       43.44,
 139.612973,   35.223874,       93.52,
 139.617477,   35.223874,       93.52,
 139.621982,   35.223874,       93.52,
 139.626486,   35.223874,       93.52,
 139.630991,   35.223874,       93.52,
 139.635495,   35.223874,      334.10,
 139.640000,   35.223874,      334.10,
 139.644505,   35.223874,      334.10,
 139.649009,   35.223874,      334.10,
 139.653514,   35.223874,      334.10,
 139.658018,   35.223874,      334.10,
 139.662523,   35.223874,      285.75,
 139.667027,   35.223874,      239.80,
 139.671532,   35.223874,      196.73,
 139.676036,   35.223874,      157.21,
 139.680541,   35.223874,      120.68,
 139.685045,   35.223874,       88.20,
 139.689550,   35.223874,       62.91,
 139.694054,   35.223874,       46.55,
 139.698559,   35.223874,       41.02,
 139.703063,   35.223874,       37.97,
 139.707568,   35.223874,       34.85,
 139.712072,   35.223874,       31.63,
 139.716577,   35.223874,       28.30,
 139.721081,   35.223874,       24.94,
 139.725586,   35.223874,       22.98,
 139.730090,   35.223874,       21.39,
 139.734595,   35.223874,       19.85,
 139.739099,   35.223874,       18.86,
 139.743604,   35.223874,       18.11,
 139.748108,   35.223874,       17.26,
 139.752613,   35.223874,       16.57,
 139.757117,   35.223874,       16.39,
 139.761622,   35.223874,       16.24,
 139.766126,   35.223874,       16.16,
 139.770631,   35.223874,       16.53,
 139.775135,   35.223874,       17.04,
 139.779640,   35.223874,       17.63,
 139.784144,   35.223874,       18.68,
 139.788649,   35.223874,       19.96,
 139.793153,   35.223874,       21.42,
 139.797658,   35.223874,       23.32,
 139.802162,   35.223874,       25.37,
 139.806667,   35.223874,       27.55,
 139.811171,   35.223874,       29.70,
 139.815676,   35.223874,       31.88,
 139.820180,   35.223874,       34.04,
 139.824685,   35.223874,       36.14,
 139.829189,   35.223874,       38.17,
 139.833694,   35.223874,       40.03,
 139.838198,   35.223874,       41.88,
 139.842703,   35.223874,       43.69,
 139.847207,   35.223874,       45.03,
 139.851712,   35.223874,       46.35,
 139.856216,   35.223874,       47.62,
 139.860721,   35.223874,       48.72,
 139.865225,   35.223874,       48.37,
 139.869730,   35.223874,       48.06,
 139.874234,   35.223874,       46.95,
 139.878739,   35.223874,       46.12,
 139.883243,   35.223874,       45.46,
 139.887748,   35.223874,       44.85,
 139.892252,   35.223874,       44.30,
 139.896757,   35.223874,       43.80,
 139.901261,   35.223874,       43.33,
 139.905766,   35.223874,       42.89,
 139.910270,   35.223874,       42.47,
 139.914775,   35.223874,       42.06,
 139.919279,   35.223874,       41.66,
 139.923784,   35.223874,       41.27,
 139.928288,   35.223874,       40.88,
 139.932793,   35.223874,       40.49,
 139.937297,   35.223874,       40.10,
 139.941802,   35.223874,       39.72,
 139.946306,   35.223874,       39.33,
 139.950811,   35.223874,       38.93,
 139.955315,   35.223874,       38.54,
 139.959820,   35.223874,       38.15,
 139.964324,   35.223874,       37.75,
 139.968829,   35.223874,       37.35,
 139.973333,   35.223874,       36.95,
 139.977838,   35.223874,       36.55,
 139.982342,   35.223874,       36.15,
 139.986847,   35.223874,       35.75,
 139.991351,   35.223874,       35.35,
 139.995856,   35.223874,       34.95,
 140.000360,   35.223874,       34.55,
 140.004865,   35.223874,       34.14,
 140.009369,   35.223874,       33.74,
 140.013874,   35.223874,       33.35,
 140.018378,   35.223874,       32.95,
 140.022883,   35.223874,       32.55,
 140.027387,   35.223874,       32.16,
 140.031892,   35.223874,       31.76,
 140.036396,   35.223874,       31.37,
 140.040901,   35.223874,       30.98,
 140.045405,   35.223874,       30.59,
 140.049910,   35.223874,       30.20,
 140.054414,   35.223874,       29.81,
 140.058919,   35.223874,       29.43,
 140.063423,   35.223874,       29.05,
 140.067928,   35.223874,       28.68,
 140.072432,   35.223874,       28.31,
 140.076937,   35.223874,       27.95,
 140.081441,   35.223874,       27.59,
 140.085946,   35.223874,       27.24,
 140.090450,   35.223874,       26.89,
 140.094955,   35.223874,       26.55,
 140.099459,   35.223874,       26.21,
 140.103964,   35.223874,       25.88,
 140.108468,   35.223874,       25.55,
 140.112973,   35.223874,       25.23,
 140.117477,   35.223874,       24.92,
 140.121982,   35.223874,       24.61,
 140.126486,   35.223874,       24.30,
 140.130991,   35.223874,       24.01,
 140.135495,   35.223874,       23.71,
 140.140000,   35.223874,       23.42,
 140.144505,   35.223874,       23.13,
 140.149009,   35.223874,       22.85,
 140.153514,   35.223874,       22.56,
 140.158018,   35.223874,       22.29,
 140.162523,   35.223874,       22.01,
 140.167027,   35.223874,       21.75,
 140.171532,   35.223874,       21.48,
 140.176036,   35.223874,       21.22,
 140.180541,   35.223874,       20.97,
 140.185045,   35.223874,       20.72,
 140.189550,   35.223874,       20.47,
 140.194054,   35.223874,       20.22,
 140.198559,   35.223874,       19.98,
 140.203063,   35.223874,       19.74,
 140.207568,   35.223874,       19.50,
 140.212072,   35.223874,       19.27,
 140.216577,   35.223874,       19.04,
 140.221081,   35.223874,       18.80,
 140.225586,   35.223874,       18.58,
 140.230090,   35.223874,       18.35,
 140.234595,   35.223874,       18.12,
 140.239099,   35.223874,       17.89,
 140.243604,   35.223874,       17.67,
 140.248108,   35.223874,       17.44,
 140.252613,   35.223874,       17.22,
 140.257117,   35.223874,       16.99,
 140.261622,   35.223874,       16.77,
 140.266126,   35.223874,       16.54,
 140.270631,   35.223874,       16.31,
 140.275135,   35.223874,       16.08,
 140.279640,   35.223874,       15.85,
 140.284144,   35.223874,       15.62,
 140.288649,   35.223874,       15.38,
 140.293153,   35.223874,       15.14,
 140.297658,   35.223874,       14.90,
 140.302162,   35.223874,       14.66,
 140.306667,   35.223874,       14.42,
 140.311171,   35.223874,       14.17,
 140.315676,   35.223874,       13.92,
 140.320180,   35.223874,       13.67,
 140.324685,   35.223874,       13.42,
 140.329189,   35.223874,       13.17,
 140.333694,   35.223874,       12.91,
 140.338198,   35.223874,       12.65,
 140.342703,   35.223874,       12.39,
 140.347207,   35.223874,       12.13,
 140.351712,   35.223874,       11.86,
 140.356216,   35.223874,       11.60,
 140.360721,   35.223874,       11.33,
 140.365225,   35.223874,       11.07,
 140.369730,   35.223874,       10.83,
 140.374234,   35.223874,       10.59,
 140.378739,   35.223874,       10.36,
 140.383243,   35.223874,       10.12,
 140.387748,   35.223874,        9.88,
 139.140000,   35.228378,        0.64,
 139.144505,   35.228378,        0.66,
 139.149009,   35.228378,        0.67,
 139.153514,   35.228378,        0.69,
 139.158018,   35.228378,        0.70,
 139.162523,   35.228378,        0.71,
 139.167027,   35.228378,        0.72,
 139.171532,   35.228378,        0.75,
 139.176036,   35.228378,        0.79,
 139.180541,   35.228378,        0.82,
 139.185045,   35.228378,        0.87,
 139.189550,   35.228378,        0.93,
 139.194054,   35.228378,        1.00,
 139.198559,   35.228378,        1.07,
 139.203063,   35.228378,        1.14,
 139.207568,   35.228378,        1.20,
 139.212072,   35.228378,        1.28,
 139.216577,   35.228378,        1.37,
 139.221081,   35.228378,        1.46,
 139.225586,   35.228378,        1.56,
 139.230090,   35.228378,        1.65,
 139.234595,   35.228378,        1.74,
 139.239099,   35.228378,        1.83,
 139.243604,   35.228378,        1.92,
 139.248108,   35.228378,        2.01,
 139.252613,   35.228378,        2.10,
 139.257117,   35.228378,        2.19,
 139.261622,   35.228378,        2.28,
 139.266126,   35.228378,        2.35,
 139.270631,   35.228378,        2.41,
 139.275135,   35.228378,        2.46,
 139.279640,   35.228378,        2.52,
 139.284144,   35.228378,        2.58,
 139.288649,   35.228378,        2.63,
 139.293153,   35.228378,        2.66,
 139.297658,   35.228378,        2.68,
 139.302162,   35.228378,        2.70,
 139.306667,   35.228378,        2.72,
 139.311171,   35.228378,        2.74,
 139.315676,   35.228378,        2.75,
 139.320180,   35.228378,        2.76,
 139.324685,   35.228378,        2.76,
 139.329189,   35.228378,        2.75,
 139.333694,   35.228378,        2.74,
 139.338198,   35.228378,        2.72,
 139.342703,   35.228378,        2.69,
 139.347207,   35.228378,        2.67,
 139.351712,   35.228378,        2.65,
 139.356216,   35.228378,        2.63,
 139.360721,   35.228378,        2.62,
 139.365225,   35.228378,        2.61,
 139.369730,   35.228378,        2.58,
 139.374234,   35.228378,        2.57,
 139.378739,   35.228378,        2.57,
 139.383243,   35.228378,        2.59,
 139.387748,   35.228378,        2.62,
 139.392252,   35.228378,        2.66,
 139.396757,   35.228378,        2.69,
 139.401261,   35.228378,        2.72,
 139.405766,   35.228378,        2.75,
 139.410270,   35.228378,        2.77,
 139.414775,   35.228378,        2.80,
 139.419279,   35.228378,        2.82,
 139.423784,   35.228378,        2.85,
 139.428288,   35.228378,        2.87,
 139.432793,   35.228378,        2.91,
 139.437297,   35.228378,        2.98,
 139.441802,   35.228378,        3.08,
 139.446306,   35.228378,        3.20,
 139.450811,   35.228378,        3.35,
 139.455315,   35.228378,        3.53,
 139.459820,   35.228378,        3.77,
 139.464324,   35.228378,        4.11,
 139.468829,   35.228378,        4.54,
 139.473333,   35.228378,        5.00,
 139.477838,   35.228378,        5.47,
 139.482342,   35.228378,        6.04,
 139.486847,   35.228378,        6.63,
 139.491351,   35.228378,        7.23,
 139.495856,   35.228378,        7.83,
 139.500360,   35.228378,        8.33,
 139.504865,   35.228378,        8.79,
 139.509369,   35.228378,        9.23,
 139.513874,   35.228378,        9.65,
 139.518378,   35.228378,        9.93,
 139.522883,   35.228378,       10.14,
 139.527387,   35.228378,       10.35,
 139.531892,   35.228378,       10.57,
 139.536396,   35.228378,       10.78,
 139.540901,   35.228378,       10.99,
 139.545405,   35.228378,       11.26,
 139.549910,   35.228378,       11.56,
 139.554414,   35.228378,       11.92,
 139.558919,   35.228378,       12.37,
 139.563423,   35.228378,       12.87,
 139.567928,   35.228378,       13.53,
 139.572432,   35.228378,       14.26,
 139.576937,   35.228378,       15.11,
 139.581441,   35.228378,       16.12,
 139.585946,   35.228378,       17.15,
 139.590450,   35.228378,       18.65,
 139.594955,   35.228378,       20.73,
 139.599459,   35.228378,       22.94,
 139.603964,   35.228378,       29.61,
 139.608468,   35.228378,       48.29,
 139.612973,   35.228378,      162.45,
 139.617477,   35.228378,      162.45,
 139.621982,   35.228378,      162.45,
 139.626486,   35.228378,      162.45,
 139.630991,   35.228378,      162.45,
 139.635495,   35.228378,      162.45,
 139.640000,   35.228378,      291.87,
 139.644505,   35.228378,      291.87,
 139.649009,   35.228378,      291.87,
 139.653514,   35.228378,      291.87,
 139.658018,   35.228378,      291.87,
 139.662523,   35.228378,      291.87,
 139.667027,   35.228378,      247.26,
 139.671532,   35.228378,      205.91,
 139.676036,   35.228378,      167.74,
 139.680541,   35.228378,      132.41,
 139.685045,   35.228378,       99.80,
 139.689550,   35.228378,       72.72,
 139.694054,   35.228378,       53.26,
 139.698559,   35.228378,       43.55,
 139.703063,   35.228378,       40.61,
 139.707568,   35.228378,       37.59,
 139.712072,   35.228378,       34.46,
 139.716577,   35.228378,       31.20,
 139.721081,   35.228378,       27.87,
 139.725586,   35.228378,       24.61,
 139.730090,   35.228378,       22.90,
 139.734595,   35.228378,       21.70,
 139.739099,   35.228378,       20.72,
 139.743604,   35.228378,       19.86,
 139.748108,   35.228378,       19.00,
 139.752613,   35.228378,       18.13,
 139.757117,   35.228378,       17.63,
 139.761622,   35.228378,       17.45,
 139.766126,   35.228378,       17.25,
 139.770631,   35.228378,       17.33,
 139.775135,   35.228378,       17.81,
 139.779640,   35.228378,       18.30,
 139.784144,   35.228378,       19.05,
 139.788649,   35.228378,       20.38,
 139.793153,   35.228378,       21.95,
 139.797658,   35.228378,       23.71,
 139.802162,   35.228378,       25.77,
 139.806667,   35.228378,       27.98,
 139.811171,   35.228378,       30.20,
 139.815676,   35.228378,       32.36,
 139.820180,   35.228378,       34.43,
 139.824685,   35.228378,       36.47,
 139.829189,   35.228378,       38.47,
 139.833694,   35.228378,       40.27,
 139.838198,   35.228378,       42.06,
 139.842703,   35.228378,       43.68,
 139.847207,   35.228378,       44.90,
 139.851712,   35.228378,       46.17,
 139.856216,   35.228378,       47.36,
 139.860721,   35.228378,       48.42,
 139.865225,   35.228378,       49.44,
 139.869730,   35.228378,       49.52,
 139.874234,   35.228378,       48.15,
 139.878739,   35.228378,       47.31,
 139.883243,   35.228378,       46.60,
 139.887748,   35.228378,       45.96,
 139.892252,   35.228378,       45.40,
 139.896757,   35.228378,       44.88,
 139.901261,   35.228378,       44.39,
 139.905766,   35.228378,       43.94,
 139.910270,   35.228378,       43.50,
 139.914775,   35.228378,       43.08,
 139.919279,   35.228378,       42.67,
 139.923784,   35.228378,       42.26,
 139.928288,   35.228378,       41.86,
 139.932793,   35.228378,       41.46,
 139.937297,   35.228378,       41.06,
 139.941802,   35.228378,       40.67,
 139.946306,   35.228378,       40.27,
 139.950811,   35.228378,       39.87,
 139.955315,   35.228378,       39.47,
 139.959820,   35.228378,       39.06,
 139.964324,   35.228378,       38.66,
 139.968829,   35.228378,       38.26,
 139.973333,   35.228378,       37.85,
 139.977838,   35.228378,       37.45,
 139.982342,   35.228378,       37.04,
 139.986847,   35.228378,       36.64,
 139.991351,   35.228378,       36.23,
 139.995856,   35.228378,       35.83,
 140.000360,   35.228378,       35.42,
 140.004865,   35.228378,       35.02,
 140.009369,   35.228378,       34.62,
 140.013874,   35.228378,       34.22,
 140.018378,   35.228378,       33.82,
 140.022883,   35.228378,       33.42,
 140.027387,   35.228378,       33.02,
 140.031892,   35.228378,       32.63,
 140.036396,   35.228378,       32.24,
 140.040901,   35.228378,       31.84,
 140.045405,   35.228378,       31.45,
 140.049910,   35.228378,       31.06,
 140.054414,   35.228378,       30.68,
 140.058919,   35.228378,       30.30,
 140.063423,   35.228378,       29.93,
 140.067928,   35.228378,       29.56,
 140.072432,   35.228378,       29.20,
 140.076937,   35.228378,       28.84,
 140.081441,   35.228378,       28.49,
 140.085946,   35.228378,       28.14,
 140.090450,   35.228378,       27.79,
 140.094955,   35.228378,       27.45,
 140.099459,   35.228378,       27.12,
 140.103964,   35.228378,       26.79,
 140.108468,   35.228378,       26.46,
 140.112973,   35.228378,       26.15,
 140.117477,   35.228378,       25.83,
 140.121982,   35.228378,       25.52,
 140.126486,   35.228378,       25.22,
 140.130991,   35.228378,       24.92,
 140.135495,   35.228378,       24.63,
 140.140000,   35.228378,       24.34,
 140.144505,   35.228378,       24.05,
 140.149009,   35.228378,       23.77,
 140.153514,   35.228378,       23.48,
 140.158018,   35.228378,       23.21,
 140.162523,   35.228378,       22.94,
 140.167027,   35.228378,       22.67,
 140.171532,   35.228378,       22.40,
 140.176036,   35.228378,       22.14,
 140.180541,   35.228378,       21.89,
 140.185045,   35.228378,       21.64,
 140.189550,   35.228378,       21.39,
 140.194054,   35.228378,       21.14,
 140.198559,   35.228378,       20.90,
 140.203063,   35.228378,       20.66,
 140.207568,   35.228378,       20.42,
 140.212072,   35.228378,       20.19,
 140.216577,   35.228378,       19.95,
 140.221081,   35.228378,       19.72,
 140.225586,   35.228378,       19.49,
 140.230090,   35.228378,       19.26,
 140.234595,   35.228378,       19.04,
 140.239099,   35.228378,       18.81,
 140.243604,   35.228378,       18.58,
 140.248108,   35.228378,       18.36,
 140.252613,   35.228378,       18.13,
 140.257117,   35.228378,       17.91,
 140.261622,   35.228378,       17.68,
 140.266126,   35.228378,       17.45,
 140.270631,   35.228378,       17.22,
 140.275135,   35.228378,       16.99,
 140.279640,   35.228378,       16.76,
 140.284144,   35.228378,       16.53,
 140.288649,   35.228378,       16.29,
 140.293153,   35.228378,       16.05,
 140.297658,   35.228378,       15.81,
 140.302162,   35.228378,       15.57,
 140.306667,   35.228378,       15.32,
 140.311171,   35.228378,       15.08,
 140.315676,   35.228378,       14.82,
 140.320180,   35.228378,       14.57,
 140.324685,   35.228378,       14.32,
 140.329189,   35.228378,       14.06,
 140.333694,   35.228378,       13.80,
 140.338198,   35.228378,       13.53,
 140.342703,   35.228378,       13.27,
 140.347207,   35.228378,       13.00,
 140.351712,   35.228378,       12.73,
 140.356216,   35.228378,       12.45,
 140.360721,   35.228378,       12.18,
 140.365225,   35.228378,       11.93,
 140.369730,   35.228378,       11.69,
 140.374234,   35.228378,       11.46,
 140.378739,   35.228378,       11.22,
 140.383243,   35.228378,       10.98,
 140.387748,   35.228378,       10.74,
 139.140000,   35.232883,        0.65,
 139.144505,   35.232883,        0.67,
 139.149009,   35.232883,        0.68,
 139.153514,   35.232883,        0.70,
 139.158018,   35.232883,        0.71,
 139.162523,   35.232883,        0.72,
 139.167027,   35.232883,        0.73,
 139.171532,   35.232883,        0.75,
 139.176036,   35.232883,        0.78,
 139.180541,   35.232883,        0.82,
 139.185045,   35.232883,        0.85,
 139.189550,   35.232883,        0.91,
 139.194054,   35.232883,        0.97,
 139.198559,   35.232883,        1.03,
 139.203063,   35.232883,        1.10,
 139.207568,   35.232883,        1.16,
 139.212072,   35.232883,        1.22,
 139.216577,   35.232883,        1.30,
 139.221081,   35.232883,        1.38,
 139.225586,   35.232883,        1.46,
 139.230090,   35.232883,        1.56,
 139.234595,   35.232883,        1.65,
 139.239099,   35.232883,        1.74,
 139.243604,   35.232883,        1.82,
 139.248108,   35.232883,        1.91,
 139.252613,   35.232883,        2.00,
 139.257117,   35.232883,        2.09,
 139.261622,   35.232883,        2.18,
 139.266126,   35.232883,        2.26,
 139.270631,   35.232883,        2.32,
 139.275135,   35.232883,        2.37,
 139.279640,   35.232883,        2.42,
 139.284144,   35.232883,        2.48,
 139.288649,   35.232883,        2.53,
 139.293153,   35.232883,        2.56,
 139.297658,   35.232883,        2.58,
 139.302162,   35.232883,        2.58,
 139.306667,   35.232883,        2.59,
 139.311171,   35.232883,        2.61,
 139.315676,   35.232883,        2.63,
 139.320180,   35.232883,        2.63,
 139.324685,   35.232883,        2.63,
 139.329189,   35.232883,        2.62,
 139.333694,   35.232883,        2.60,
 139.338198,   35.232883,        2.58,
 139.342703,   35.232883,        2.56,
 139.347207,   35.232883,        2.55,
 139.351712,   35.232883,        2.53,
 139.356216,   35.232883,        2.52,
 139.360721,   35.232883,        2.51,
 139.365225,   35.232883,        2.49,
 139.369730,   35.232883,        2.48,
 139.374234,   35.232883,        2.49,
 139.378739,   35.232883,        2.52,
 139.383243,   35.232883,        2.57,
 139.387748,   35.232883,        2.61,
 139.392252,   35.232883,        2.65,
 139.396757,   35.232883,        2.69,
 139.401261,   35.232883,        2.74,
 139.405766,   35.232883,        2.78,
 139.410270,   35.232883,        2.84,
 139.414775,   35.232883,        2.88,
 139.419279,   35.232883,        2.91,
 139.423784,   35.232883,        2.94,
 139.428288,   35.232883,        2.98,
 139.432793,   35.232883,        3.03,
 139.437297,   35.232883,        3.09,
 139.441802,   35.232883,        3.16,
 139.446306,   35.232883,        3.25,
 139.450811,   35.232883,        3.42,
 139.455315,   35.232883,        3.63,
 139.459820,   35.232883,        3.84,
 139.464324,   35.232883,        4.11,
 139.468829,   35.232883,        4.56,
 139.473333,   35.232883,        5.04,
 139.477838,   35.232883,        5.54,
 139.482342,   35.232883,        6.10,
 139.486847,   35.232883,        6.73,
 139.491351,   35.232883,        7.35,
 139.495856,   35.232883,        7.97,
 139.500360,   35.232883,        8.53,
 139.504865,   35.232883,        8.99,
 139.509369,   35.232883,        9.43,
 139.513874,   35.232883,        9.84,
 139.518378,   35.232883,       10.14,
 139.522883,   35.232883,       10.36,
 139.527387,   35.232883,       10.59,
 139.531892,   35.232883,       10.81,
 139.536396,   35.232883,       11.03,
 139.540901,   35.232883,       11.27,
 139.545405,   35.232883,       11.56,
 139.549910,   35.232883,       11.87,
 139.554414,   35.232883,       12.28,
 139.558919,   35.232883,       12.73,
 139.563423,   35.232883,       13.26,
 139.567928,   35.232883,       13.95,
 139.572432,   35.232883,       14.69,
 139.576937,   35.232883,       15.62,
 139.581441,   35.232883,       16.64,
 139.585946,   35.232883,       17.71,
 139.590450,   35.232883,       19.17,
 139.594955,   35.232883,       21.25,
 139.599459,   35.232883,       23.44,
 139.603964,   35.232883,       33.73,
 139.608468,   35.232883,       96.34,
 139.612973,   35.232883,      245.04,
 139.617477,   35.232883,      245.04,
 139.621982,   35.232883,      245.04,
 139.626486,   35.232883,      245.04,
 139.630991,   35.232883,      245.04,
 139.635495,   35.232883,      245.04,
 139.640000,   35.232883,      250.72,
 139.644505,   35.232883,      250.72,
 139.649009,   35.232883,      250.72,
 139.653514,   35.232883,      250.72,
 139.658018,   35.232883,      250.72,
 139.662523,   35.232883,      250.72,
 139.667027,   35.232883,      250.72,
 139.671532,   35.232883,      210.97,
 139.676036,   35.232883,      174.08,
 139.680541,   35.232883,      139.94,
 139.685045,   35.232883,      108.59,
 139.689550,   35.232883,       80.80,
 139.694054,   35.232883,       59.56,
 139.698559,   35.232883,       46.90,
 139.703063,   35.232883,       43.23,
 139.707568,   35.232883,       40.31,
 139.712072,   35.232883,       37.28,
 139.716577,   35.232883,       34.10,
 139.721081,   35.232883,       30.79,
 139.725586,   35.232883,       27.43,
 139.730090,   35.232883,       24.65,
 139.734595,   35.232883,       23.64,
 139.739099,   35.232883,       22.65,
 139.743604,   35.232883,       21.58,
 139.748108,   35.232883,       20.62,
 139.752613,   35.232883,       19.74,
 139.757117,   35.232883,       18.89,
 139.761622,   35.232883,       18.52,
 139.766126,   35.232883,       18.31,
 139.770631,   35.232883,       18.14,
 139.775135,   35.232883,       18.37,
 139.779640,   35.232883,       18.86,
 139.784144,   35.232883,       19.47,
 139.788649,   35.232883,       20.72,
 139.793153,   35.232883,       22.33,
 139.797658,   35.232883,       24.06,
 139.802162,   35.232883,       26.14,
 139.806667,   35.232883,       28.37,
 139.811171,   35.232883,       30.62,
 139.815676,   35.232883,       32.83,
 139.820180,   35.232883,       34.91,
 139.824685,   35.232883,       36.92,
 139.829189,   35.232883,       38.83,
 139.833694,   35.232883,       40.56,
 139.838198,   35.232883,       42.26,
 139.842703,   35.232883,       43.75,
 139.847207,   35.232883,       44.98,
 139.851712,   35.232883,       46.11,
 139.856216,   35.232883,       47.11,
 139.860721,   35.232883,       48.16,
 139.865225,   35.232883,       49.24,
 139.869730,   35.232883,       50.06,
 139.874234,   35.232883,       49.15,
 139.878739,   35.232883,       48.35,
 139.883243,   35.232883,       47.64,
 139.887748,   35.232883,       47.01,
 139.892252,   35.232883,       46.45,
 139.896757,   35.232883,       45.92,
 139.901261,   35.232883,       45.43,
 139.905766,   35.232883,       44.96,
 139.910270,   35.232883,       44.51,
 139.914775,   35.232883,       44.08,
 139.919279,   35.232883,       43.66,
 139.923784,   35.232883,       43.24,
 139.928288,   35.232883,       42.83,
 139.932793,   35.232883,       42.42,
 139.937297,   35.232883,       42.01,
 139.941802,   35.232883,       41.61,
 139.946306,   35.232883,       41.20,
 139.950811,   35.232883,       40.79,
 139.955315,   35.232883,       40.39,
 139.959820,   35.232883,       39.98,
 139.964324,   35.232883,       39.57,
 139.968829,   35.232883,       39.16,
 139.973333,   35.232883,       38.75,
 139.977838,   35.232883,       38.34,
 139.982342,   35.232883,       37.93,
 139.986847,   35.232883,       37.52,
 139.991351,   35.232883,       37.11,
 139.995856,   35.232883,       36.70,
 140.000360,   35.232883,       36.30,
 140.004865,   35.232883,       35.89,
 140.009369,   35.232883,       35.49,
 140.013874,   35.232883,       35.08,
 140.018378,   35.232883,       34.68,
 140.022883,   35.232883,       34.28,
 140.027387,   35.232883,       33.89,
 140.031892,   35.232883,       33.49,
 140.036396,   35.232883,       33.10,
 140.040901,   35.232883,       32.71,
 140.045405,   35.232883,       32.32,
 140.049910,   35.232883,       31.93,
 140.054414,   35.232883,       31.55,
 140.058919,   35.232883,       31.18,
 140.063423,   35.232883,       30.81,
 140.067928,   35.232883,       30.44,
 140.072432,   35.232883,       30.08,
 140.076937,   35.232883,       29.73,
 140.081441,   35.232883,       29.38,
 140.085946,   35.232883,       29.03,
 140.090450,   35.232883,       28.69,
 140.094955,   35.232883,       28.35,
 140.099459,   35.232883,       28.02,
 140.103964,   35.232883,       27.70,
 140.108468,   35.232883,       27.37,
 140.112973,   35.232883,       27.06,
 140.117477,   35.232883,       26.75,
 140.121982,   35.232883,       26.44,
 140.126486,   35.232883,       26.14,
 140.130991,   35.232883,       25.84,
 140.135495,   35.232883,       25.55,
 140.140000,   35.232883,       25.26,
 140.144505,   35.232883,       24.97,
 140.149009,   35.232883,       24.68,
 140.153514,   35.232883,       24.40,
 140.158018,   35.232883,       24.13,
 140.162523,   35.232883,       23.86,
 140.167027,   35.232883,       23.59,
 140.171532,   35.232883,       23.33,
 140.176036,   35.232883,       23.07,
 140.180541,   35.232883,       22.81,
 140.185045,   35.232883,       22.56,
 140.189550,   35.232883,       22.31,
 140.194054,   35.232883,       22.06,
 140.198559,   35.232883,       21.82,
 140.203063,   35.232883,       21.58,
 140.207568,   35.232883,       21.34,
 140.212072,   35.232883,       21.11,
 140.216577,   35.232883,       20.87,
 140.221081,   35.232883,       20.64,
 140.225586,   35.232883,       20.41,
 140.230090,   35.232883,       20.18,
 140.234595,   35.232883,       19.95,
 140.239099,   35.232883,       19.72,
 140.243604,   35.232883,       19.50,
 140.248108,   35.232883,       19.27,
 140.252613,   35.232883,       19.04,
 140.257117,   35.232883,       18.82,
 140.261622,   35.232883,       18.59,
 140.266126,   35.232883,       18.37,
 140.270631,   35.232883,       18.14,
 140.275135,   35.232883,       17.90,
 140.279640,   35.232883,       17.67,
 140.284144,   35.232883,       17.43,
 140.288649,   35.232883,       17.20,
 140.293153,   35.232883,       16.96,
 140.297658,   35.232883,       16.71,
 140.302162,   35.232883,       16.47,
 140.306667,   35.232883,       16.22,
 140.311171,   35.232883,       15.97,
 140.315676,   35.232883,       15.72,
 140.320180,   35.232883,       15.46,
 140.324685,   35.232883,       15.20,
 140.329189,   35.232883,       14.94,
 140.333694,   35.232883,       14.67,
 140.338198,   35.232883,       14.40,
 140.342703,   35.232883,       14.13,
 140.347207,   35.232883,       13.85,
 140.351712,   35.232883,       13.58,
 140.356216,   35.232883,       13.30,
 140.360721,   35.232883,       13.03,
 140.365225,   35.232883,       12.79,
 140.369730,   35.232883,       12.55,
 140.374234,   35.232883,       12.32,
 140.378739,   35.232883,       12.08,
 140.383243,   35.232883,       11.84,
 140.387748,   35.232883,       11.61,
 139.140000,   35.237387,        0.67,
 139.144505,   35.237387,        0.68,
 139.149009,   35.237387,        0.69,
 139.153514,   35.237387,        0.71,
 139.158018,   35.237387,        0.72,
 139.162523,   35.237387,        0.72,
 139.167027,   35.237387,        0.73,
 139.171532,   35.237387,        0.75,
 139.176036,   35.237387,        0.78,
 139.180541,   35.237387,        0.81,
 139.185045,   35.237387,        0.84,
 139.189550,   35.237387,        0.89,
 139.194054,   35.237387,        0.94,
 139.198559,   35.237387,        1.00,
 139.203063,   35.237387,        1.06,
 139.207568,   35.237387,        1.12,
 139.212072,   35.237387,        1.18,
 139.216577,   35.237387,        1.24,
 139.221081,   35.237387,        1.30,
 139.225586,   35.237387,        1.37,
 139.230090,   35.237387,        1.47,
 139.234595,   35.237387,        1.56,
 139.239099,   35.237387,        1.65,
 139.243604,   35.237387,        1.73,
 139.248108,   35.237387,        1.82,
 139.252613,   35.237387,        1.91,
 139.257117,   35.237387,        2.01,
 139.261622,   35.237387,        2.10,
 139.266126,   35.237387,        2.18,
 139.270631,   35.237387,        2.26,
 139.275135,   35.237387,        2.32,
 139.279640,   35.237387,        2.39,
 139.284144,   35.237387,        2.43,
 139.288649,   35.237387,        2.47,
 139.293153,   35.237387,        2.50,
 139.297658,   35.237387,        2.51,
 139.302162,   35.237387,        2.52,
 139.306667,   35.237387,        2.51,
 139.311171,   35.237387,        2.51,
 139.315676,   35.237387,        2.52,
 139.320180,   35.237387,        2.51,
 139.324685,   35.237387,        2.50,
 139.329189,   35.237387,        2.49,
 139.333694,   35.237387,        2.47,
 139.338198,   35.237387,        2.45,
 139.342703,   35.237387,        2.44,
 139.347207,   35.237387,        2.43,
 139.351712,   35.237387,        2.42,
 139.356216,   35.237387,        2.42,
 139.360721,   35.237387,        2.41,
 139.365225,   35.237387,        2.40,
 139.369730,   35.237387,        2.40,
 139.374234,   35.237387,        2.45,
 139.378739,   35.237387,        2.50,
 139.383243,   35.237387,        2.55,
 139.387748,   35.237387,        2.60,
 139.392252,   35.237387,        2.64,
 139.396757,   35.237387,        2.70,
 139.401261,   35.237387,        2.77,
 139.405766,   35.237387,        2.84,
 139.410270,   35.237387,        2.93,
 139.414775,   35.237387,        2.98,
 139.419279,   35.237387,        3.02,
 139.423784,   35.237387,        3.05,
 139.428288,   35.237387,        3.09,
 139.432793,   35.237387,        3.15,
 139.437297,   35.237387,        3.21,
 139.441802,   35.237387,        3.28,
 139.446306,   35.237387,        3.35,
 139.450811,   35.237387,        3.51,
 139.455315,   35.237387,        3.71,
 139.459820,   35.237387,        3.92,
 139.464324,   35.237387,        4.17,
 139.468829,   35.237387,        4.60,
 139.473333,   35.237387,        5.10,
 139.477838,   35.237387,        5.60,
 139.482342,   35.237387,        6.15,
 139.486847,   35.237387,        6.83,
 139.491351,   35.237387,        7.50,
 139.495856,   35.237387,        8.16,
 139.500360,   35.237387,        8.76,
 139.504865,   35.237387,        9.25,
 139.509369,   35.237387,        9.68,
 139.513874,   35.237387,       10.07,
 139.518378,   35.237387,       10.37,
 139.522883,   35.237387,       10.60,
 139.527387,   35.237387,       10.83,
 139.531892,   35.237387,       11.06,
 139.536396,   35.237387,       11.31,
 139.540901,   35.237387,       11.58,
 139.545405,   35.237387,       11.86,
 139.549910,   35.237387,       12.23,
 139.554414,   35.237387,       12.64,
 139.558919,   35.237387,       13.11,
 139.563423,   35.237387,       13.72,
 139.567928,   35.237387,       14.36,
 139.572432,   35.237387,       15.22,
 139.576937,   35.237387,       16.22,
 139.581441,   35.237387,       17.22,
 139.585946,   35.237387,       18.43,
 139.590450,   35.237387,       19.57,
 139.594955,   35.237387,       21.34,
 139.599459,   35.237387,       23.46,
 139.603964,   35.237387,       44.29,
 139.608468,   35.237387,      132.03,
 139.612973,   35.237387,      238.80,
 139.617477,   35.237387,      238.80,
 139.621982,   35.237387,      238.80,
 139.626486,   35.237387,      238.80,
 139.630991,   35.237387,      238.80,
 139.635495,   35.237387,      238.80,
 139.640000,   35.237387,      250.57,
 139.644505,   35.237387,      250.57,
 139.649009,   35.237387,      250.57,
 139.653514,   35.237387,      250.57,
 139.658018,   35.237387,      250.57,
 139.662523,   35.237387,      250.57,
 139.667027,   35.237387,      250.57,
 139.671532,   35.237387,      212.46,
 139.676036,   35.237387,      176.90,
 139.680541,   35.237387,      143.98,
 139.685045,   35.237387,      114.05,
 139.689550,   35.237387,       86.95,
 139.694054,   35.237387,       64.69,
 139.698559,   35.237387,       50.51,
 139.703063,   35.237387,       45.87,
 139.707568,   35.237387,       43.06,
 139.712072,   35.237387,       40.12,
 139.716577,   35.237387,       37.02,
 139.721081,   35.237387,       33.74,
 139.725586,   35.237387,       30.38,
 139.730090,   35.237387,       27.05,
 139.734595,   35.237387,       25.55,
 139.739099,   35.237387,       24.41,
 139.743604,   35.237387,       23.20,
 139.748108,   35.237387,       22.11,
 139.752613,   35.237387,       21.20,
 139.757117,   35.237387,       20.26,
 139.761622,   35.237387,       19.51,
 139.766126,   35.237387,       19.22,
 139.770631,   35.237387,       18.96,
 139.775135,   35.237387,       18.83,
 139.779640,   35.237387,       19.26,
 139.784144,   35.237387,       20.04,
 139.788649,   35.237387,       21.05,
 139.793153,   35.237387,       22.55,
 139.797658,   35.237387,       24.46,
 139.802162,   35.237387,       26.54,
 139.806667,   35.237387,       28.73,
 139.811171,   35.237387,       31.01,
 139.815676,   35.237387,       33.30,
 139.820180,   35.237387,       35.44,
 139.824685,   35.237387,       37.38,
 139.829189,   35.237387,       39.25,
 139.833694,   35.237387,       41.02,
 139.838198,   35.237387,       42.58,
 139.842703,   35.237387,       43.96,
 139.847207,   35.237387,       45.19,
 139.851712,   35.237387,       46.14,
 139.856216,   35.237387,       46.95,
 139.860721,   35.237387,       48.02,
 139.865225,   35.237387,       49.21,
 139.869730,   35.237387,       50.03,
 139.874234,   35.237387,       49.68,
 139.878739,   35.237387,       49.20,
 139.883243,   35.237387,       48.58,
 139.887748,   35.237387,       47.99,
 139.892252,   35.237387,       47.43,
 139.896757,   35.237387,       46.91,
 139.901261,   35.237387,       46.42,
 139.905766,   35.237387,       45.95,
 139.910270,   35.237387,       45.50,
 139.914775,   35.237387,       45.06,
 139.919279,   35.237387,       44.63,
 139.923784,   35.237387,       44.21,
 139.928288,   35.237387,       43.79,
 139.932793,   35.237387,       43.37,
 139.937297,   35.237387,       42.95,
 139.941802,   35.237387,       42.54,
 139.946306,   35.237387,       42.13,
 139.950811,   35.237387,       41.71,
 139.955315,   35.237387,       41.30,
 139.959820,   35.237387,       40.88,
 139.964324,   35.237387,       40.47,
 139.968829,   35.237387,       40.06,
 139.973333,   35.237387,       39.64,
 139.977838,   35.237387,       39.23,
 139.982342,   35.237387,       38.81,
 139.986847,   35.237387,       38.40,
 139.991351,   35.237387,       37.99,
 139.995856,   35.237387,       37.58,
 140.000360,   35.237387,       37.17,
 140.004865,   35.237387,       36.76,
 140.009369,   35.237387,       36.35,
 140.013874,   35.237387,       35.95,
 140.018378,   35.237387,       35.55,
 140.022883,   35.237387,       35.15,
 140.027387,   35.237387,       34.75,
 140.031892,   35.237387,       34.35,
 140.036396,   35.237387,       33.96,
 140.040901,   35.237387,       33.57,
 140.045405,   35.237387,       33.18,
 140.049910,   35.237387,       32.80,
 140.054414,   35.237387,       32.43,
 140.058919,   35.237387,       32.05,
 140.063423,   35.237387,       31.69,
 140.067928,   35.237387,       31.33,
 140.072432,   35.237387,       30.97,
 140.076937,   35.237387,       30.62,
 140.081441,   35.237387,       30.27,
 140.085946,   35.237387,       29.93,
 140.090450,   35.237387,       29.59,
 140.094955,   35.237387,       29.25,
 140.099459,   35.237387,       28.93,
 140.103964,   35.237387,       28.60,
 140.108468,   35.237387,       28.28,
 140.112973,   35.237387,       27.97,
 140.117477,   35.237387,       27.66,
 140.121982,   35.237387,       27.35,
 140.126486,   35.237387,       27.05,
 140.130991,   35.237387,       26.76,
 140.135495,   35.237387,       26.46,
 140.140000,   35.237387,       26.17,
 140.144505,   35.237387,       25.89,
 140.149009,   35.237387,       25.60,
 140.153514,   35.237387,       25.32,
 140.158018,   35.237387,       25.05,
 140.162523,   35.237387,       24.78,
 140.167027,   35.237387,       24.51,
 140.171532,   35.237387,       24.25,
 140.176036,   35.237387,       23.99,
 140.180541,   35.237387,       23.73,
 140.185045,   35.237387,       23.48,
 140.189550,   35.237387,       23.23,
 140.194054,   35.237387,       22.99,
 140.198559,   35.237387,       22.74,
 140.203063,   35.237387,       22.50,
 140.207568,   35.237387,       22.26,
 140.212072,   35.237387,       22.03,
 140.216577,   35.237387,       21.79,
 140.221081,   35.237387,       21.56,
 140.225586,   35.237387,       21.33,
 140.230090,   35.237387,       21.10,
 140.234595,   35.237387,       20.87,
 140.239099,   35.237387,       20.64,
 140.243604,   35.237387,       20.41,
 140.248108,   35.237387,       20.19,
 140.252613,   35.237387,       19.96,
 140.257117,   35.237387,       19.73,
 140.261622,   35.237387,       19.50,
 140.266126,   35.237387,       19.28,
 140.270631,   35.237387,       19.04,
 140.275135,   35.237387,       18.81,
 140.279640,   35.237387,       18.58,
 140.284144,   35.237387,       18.34,
 140.288649,   35.237387,       18.10,
 140.293153,   35.237387,       17.86,
 140.297658,   35.237387,       17.61,
 140.302162,   35.237387,       17.36,
 140.306667,   35.237387,       17.11,
 140.311171,   35.237387,       16.86,
 140.315676,   35.237387,       16.60,
 140.320180,   35.237387,       16.34,
 140.324685,   35.237387,       16.07,
 140.329189,   35.237387,       15.80,
 140.333694,   35.237387,       15.53,
 140.338198,   35.237387,       15.26,
 140.342703,   35.237387,       14.98,
 140.347207,   35.237387,       14.70,
 140.351712,   35.237387,       14.41,
 140.356216,   35.237387,       14.13,
 140.360721,   35.237387,       13.89,
 140.365225,   35.237387,       13.65,
 140.369730,   35.237387,       13.42,
 140.374234,   35.237387,       13.18,
 140.378739,   35.237387,       12.94,
 140.383243,   35.237387,       12.71,
 140.387748,   35.237387,       12.47,
 139.140000,   35.241892,        0.68,
 139.144505,   35.241892,        0.69,
 139.149009,   35.241892,        0.70,
 139.153514,   35.241892,        0.71,
 139.158018,   35.241892,        0.72,
 139.162523,   35.241892,        0.73,
 139.167027,   35.241892,        0.73,
 139.171532,   35.241892,        0.75,
 139.176036,   35.241892,        0.77,
 139.180541,   35.241892,        0.80,
 139.185045,   35.241892,        0.83,
 139.189550,   35.241892,        0.87,
 139.194054,   35.241892,        0.91,
 139.198559,   35.241892,        0.96,
 139.203063,   35.241892,        1.02,
 139.207568,   35.241892,        1.07,
 139.212072,   35.241892,        1.13,
 139.216577,   35.241892,        1.19,
 139.221081,   35.241892,        1.25,
 139.225586,   35.241892,        1.31,
 139.230090,   35.241892,        1.39,
 139.234595,   35.241892,        1.48,
 139.239099,   35.241892,        1.56,
 139.243604,   35.241892,        1.65,
 139.248108,   35.241892,        1.74,
 139.252613,   35.241892,        1.84,
 139.257117,   35.241892,        1.94,
 139.261622,   35.241892,        2.04,
 139.266126,   35.241892,        2.13,
 139.270631,   35.241892,        2.22,
 139.275135,   35.241892,        2.29,
 139.279640,   35.241892,        2.36,
 139.284144,   35.241892,        2.41,
 139.288649,   35.241892,        2.45,
 139.293153,   35.241892,        2.47,
 139.297658,   35.241892,        2.47,
 139.302162,   35.241892,        2.46,
 139.306667,   35.241892,        2.44,
 139.311171,   35.241892,        2.43,
 139.315676,   35.241892,        2.42,
 139.320180,   35.241892,        2.41,
 139.324685,   35.241892,        2.40,
 139.329189,   35.241892,        2.38,
 139.333694,   35.241892,        2.35,
 139.338198,   35.241892,        2.32,
 139.342703,   35.241892,        2.32,
 139.347207,   35.241892,        2.33,
 139.351712,   35.241892,        2.33,
 139.356216,   35.241892,        2.33,
 139.360721,   35.241892,        2.33,
 139.365225,   35.241892,        2.33,
 139.369730,   35.241892,        2.34,
 139.374234,   35.241892,        2.40,
 139.378739,   35.241892,        2.46,
 139.383243,   35.241892,        2.52,
 139.387748,   35.241892,        2.58,
 139.392252,   35.241892,        2.64,
 139.396757,   35.241892,        2.72,
 139.401261,   35.241892,        2.81,
 139.405766,   35.241892,        2.91,
 139.410270,   35.241892,        3.02,
 139.414775,   35.241892,        3.08,
 139.419279,   35.241892,        3.13,
 139.423784,   35.241892,        3.17,
 139.428288,   35.241892,        3.21,
 139.432793,   35.241892,        3.27,
 139.437297,   35.241892,        3.33,
 139.441802,   35.241892,        3.40,
 139.446306,   35.241892,        3.49,
 139.450811,   35.241892,        3.61,
 139.455315,   35.241892,        3.77,
 139.459820,   35.241892,        4.00,
 139.464324,   35.241892,        4.28,
 139.468829,   35.241892,        4.66,
 139.473333,   35.241892,        5.17,
 139.477838,   35.241892,        5.73,
 139.482342,   35.241892,        6.37,
 139.486847,   35.241892,        7.04,
 139.491351,   35.241892,        7.71,
 139.495856,   35.241892,        8.37,
 139.500360,   35.241892,        8.99,
 139.504865,   35.241892,        9.56,
 139.509369,   35.241892,        9.97,
 139.513874,   35.241892,       10.30,
 139.518378,   35.241892,       10.61,
 139.522883,   35.241892,       10.86,
 139.527387,   35.241892,       11.09,
 139.531892,   35.241892,       11.34,
 139.536396,   35.241892,       11.63,
 139.540901,   35.241892,       11.90,
 139.545405,   35.241892,       12.22,
 139.549910,   35.241892,       12.62,
 139.554414,   35.241892,       13.04,
 139.558919,   35.241892,       13.59,
 139.563423,   35.241892,       14.21,
 139.567928,   35.241892,       14.93,
 139.572432,   35.241892,       15.90,
 139.576937,   35.241892,       16.92,
 139.581441,   35.241892,       18.09,
 139.585946,   35.241892,       19.33,
 139.590450,   35.241892,       20.51,
 139.594955,   35.241892,       21.74,
 139.599459,   35.241892,       23.21,
 139.603964,   35.241892,       61.11,
 139.608468,   35.241892,      134.49,
 139.612973,   35.241892,      217.45,
 139.617477,   35.241892,      217.45,
 139.621982,   35.241892,      217.45,
 139.626486,   35.241892,      217.45,
 139.630991,   35.241892,      217.45,
 139.635495,   35.241892,      217.45,
 139.640000,   35.241892,      245.86,
 139.644505,   35.241892,      245.86,
 139.649009,   35.241892,      245.86,
 139.653514,   35.241892,      245.86,
 139.658018,   35.241892,      245.86,
 139.662523,   35.241892,      245.86,
 139.667027,   35.241892,      245.86,
 139.671532,   35.241892,      210.82,
 139.676036,   35.241892,      176.64,
 139.680541,   35.241892,      145.16,
 139.685045,   35.241892,      116.68,
 139.689550,   35.241892,       90.87,
 139.694054,   35.241892,       68.40,
 139.698559,   35.241892,       53.63,
 139.703063,   35.241892,       48.53,
 139.707568,   35.241892,       45.85,
 139.712072,   35.241892,       43.02,
 139.716577,   35.241892,       39.99,
 139.721081,   35.241892,       36.73,
 139.725586,   35.241892,       33.33,
 139.730090,   35.241892,       29.75,
 139.734595,   35.241892,       27.33,
 139.739099,   35.241892,       25.98,
 139.743604,   35.241892,       24.71,
 139.748108,   35.241892,       23.56,
 139.752613,   35.241892,       22.48,
 139.757117,   35.241892,       21.52,
 139.761622,   35.241892,       20.63,
 139.766126,   35.241892,       19.99,
 139.770631,   35.241892,       19.70,
 139.775135,   35.241892,       19.45,
 139.779640,   35.241892,       19.68,
 139.784144,   35.241892,       20.55,
 139.788649,   35.241892,       21.49,
 139.793153,   35.241892,       22.85,
 139.797658,   35.241892,       24.90,
 139.802162,   35.241892,       26.97,
 139.806667,   35.241892,       29.15,
 139.811171,   35.241892,       31.49,
 139.815676,   35.241892,       33.79,
 139.820180,   35.241892,       36.00,
 139.824685,   35.241892,       37.92,
 139.829189,   35.241892,       39.76,
 139.833694,   35.241892,       41.47,
 139.838198,   35.241892,       42.90,
 139.842703,   35.241892,       44.26,
 139.847207,   35.241892,       45.40,
 139.851712,   35.241892,       46.22,
 139.856216,   35.241892,       47.02,
 139.860721,   35.241892,       48.07,
 139.865225,   35.241892,       49.27,
 139.869730,   35.241892,       50.09,
 139.874234,   35.241892,       50.01,
 139.878739,   35.241892,       49.72,
 139.883243,   35.241892,       49.35,
 139.887748,   35.241892,       48.86,
 139.892252,   35.241892,       48.34,
 139.896757,   35.241892,       47.85,
 139.901261,   35.241892,       47.37,
 139.905766,   35.241892,       46.90,
 139.910270,   35.241892,       46.46,
 139.914775,   35.241892,       46.02,
 139.919279,   35.241892,       45.58,
 139.923784,   35.241892,       45.15,
 139.928288,   35.241892,       44.73,
 139.932793,   35.241892,       44.30,
 139.937297,   35.241892,       43.88,
 139.941802,   35.241892,       43.46,
 139.946306,   35.241892,       43.04,
 139.950811,   35.241892,       42.62,
 139.955315,   35.241892,       42.20,
 139.959820,   35.241892,       41.78,
 139.964324,   35.241892,       41.36,
 139.968829,   35.241892,       40.95,
 139.973333,   35.241892,       40.53,
 139.977838,   35.241892,       40.11,
 139.982342,   35.241892,       39.69,
 139.986847,   35.241892,       39.27,
 139.991351,   35.241892,       38.86,
 139.995856,   35.241892,       38.44,
 140.000360,   35.241892,       38.03,
 140.004865,   35.241892,       37.62,
 140.009369,   35.241892,       37.21,
 140.013874,   35.241892,       36.81,
 140.018378,   35.241892,       36.40,
 140.022883,   35.241892,       36.00,
 140.027387,   35.241892,       35.61,
 140.031892,   35.241892,       35.21,
 140.036396,   35.241892,       34.82,
 140.040901,   35.241892,       34.43,
 140.045405,   35.241892,       34.05,
 140.049910,   35.241892,       33.67,
 140.054414,   35.241892,       33.30,
 140.058919,   35.241892,       32.93,
 140.063423,   35.241892,       32.57,
 140.067928,   35.241892,       32.21,
 140.072432,   35.241892,       31.85,
 140.076937,   35.241892,       31.51,
 140.081441,   35.241892,       31.16,
 140.085946,   35.241892,       30.82,
 140.090450,   35.241892,       30.49,
 140.094955,   35.241892,       30.15,
 140.099459,   35.241892,       29.83,
 140.103964,   35.241892,       29.51,
 140.108468,   35.241892,       29.19,
 140.112973,   35.241892,       28.88,
 140.117477,   35.241892,       28.57,
 140.121982,   35.241892,       28.27,
 140.126486,   35.241892,       27.97,
 140.130991,   35.241892,       27.67,
 140.135495,   35.241892,       27.38,
 140.140000,   35.241892,       27.09,
 140.144505,   35.241892,       26.80,
 140.149009,   35.241892,       26.52,
 140.153514,   35.241892,       26.24,
 140.158018,   35.241892,       25.97,
 140.162523,   35.241892,       25.70,
 140.167027,   35.241892,       25.43,
 140.171532,   35.241892,       25.17,
 140.176036,   35.241892,       24.91,
 140.180541,   35.241892,       24.66,
 140.185045,   35.241892,       24.40,
 140.189550,   35.241892,       24.16,
 140.194054,   35.241892,       23.91,
 140.198559,   35.241892,       23.67,
 140.203063,   35.241892,       23.43,
 140.207568,   35.241892,       23.19,
 140.212072,   35.241892,       22.95,
 140.216577,   35.241892,       22.72,
 140.221081,   35.241892,       22.48,
 140.225586,   35.241892,       22.25,
 140.230090,   35.241892,       22.02,
 140.234595,   35.241892,       21.79,
 140.239099,   35.241892,       21.56,
 140.243604,   35.241892,       21.33,
 140.248108,   35.241892,       21.10,
 140.252613,   35.241892,       20.87,
 140.257117,   35.241892,       20.64,
 140.261622,   35.241892,       20.41,
 140.266126,   35.241892,       20.18,
 140.270631,   35.241892,       19.95,
 140.275135,   35.241892,       19.72,
 140.279640,   35.241892,       19.48,
 140.284144,   35.241892,       19.24,
 140.288649,   35.241892,       19.00,
 140.293153,   35.241892,       18.75,
 140.297658,   35.241892,       18.50,
 140.302162,   35.241892,       18.25,
 140.306667,   35.241892,       18.00,
 140.311171,   35.241892,       17.74,
 140.315676,   35.241892,       17.47,
 140.320180,   35.241892,       17.21,
 140.324685,   35.241892,       16.94,
 140.329189,   35.241892,       16.67,
 140.333694,   35.241892,       16.39,
 140.338198,   35.241892,       16.11,
 140.342703,   35.241892,       15.82,
 140.347207,   35.241892,       15.54,
 140.351712,   35.241892,       15.24,
 140.356216,   35.241892,       14.99,
 140.360721,   35.241892,       14.75,
 140.365225,   35.241892,       14.52,
 140.369730,   35.241892,       14.28,
 140.374234,   35.241892,       14.04,
 140.378739,   35.241892,       13.80,
 140.383243,   35.241892,       13.57,
 140.387748,   35.241892,       13.33,
 139.140000,   35.246396,        0.70,
 139.144505,   35.246396,        0.74,
 139.149009,   35.246396,        1.14,
 139.153514,   35.246396,        0.71,
 139.158018,   35.246396,        0.72,
 139.162523,   35.246396,        0.73,
 139.167027,   35.246396,        0.73,
 139.171532,   35.246396,        0.75,
 139.176036,   35.246396,        0.77,
 139.180541,   35.246396,        0.79,
 139.185045,   35.246396,        0.82,
 139.189550,   35.246396,        0.85,
 139.194054,   35.246396,        0.89,
 139.198559,   35.246396,        0.93,
 139.203063,   35.246396,        0.97,
 139.207568,   35.246396,        1.03,
 139.212072,   35.246396,        1.08,
 139.216577,   35.246396,        1.14,
 139.221081,   35.246396,        1.20,
 139.225586,   35.246396,        1.26,
 139.230090,   35.246396,        1.33,
 139.234595,   35.246396,        1.40,
 139.239099,   35.246396,        1.49,
 139.243604,   35.246396,        1.58,
 139.248108,   35.246396,        1.68,
 139.252613,   35.246396,        1.78,
 139.257117,   35.246396,        1.88,
 139.261622,   35.246396,        1.98,
 139.266126,   35.246396,        2.09,
 139.270631,   35.246396,        2.20,
 139.275135,   35.246396,        2.28,
 139.279640,   35.246396,        2.34,
 139.284144,   35.246396,        2.40,
 139.288649,   35.246396,        2.44,
 139.293153,   35.246396,        2.44,
 139.297658,   35.246396,        2.42,
 139.302162,   35.246396,        2.40,
 139.306667,   35.246396,        2.38,
 139.311171,   35.246396,        2.36,
 139.315676,   35.246396,        2.34,
 139.320180,   35.246396,        2.33,
 139.324685,   35.246396,        2.31,
 139.329189,   35.246396,        2.29,
 139.333694,   35.246396,        2.26,
 139.338198,   35.246396,        2.25,
 139.342703,   35.246396,        2.25,
 139.347207,   35.246396,        2.25,
 139.351712,   35.246396,        2.25,
 139.356216,   35.246396,        2.26,
 139.360721,   35.246396,        2.26,
 139.365225,   35.246396,        2.26,
 139.369730,   35.246396,        2.29,
 139.374234,   35.246396,        2.35,
 139.378739,   35.246396,        2.42,
 139.383243,   35.246396,        2.49,
 139.387748,   35.246396,        2.56,
 139.392252,   35.246396,        2.65,
 139.396757,   35.246396,        2.76,
 139.401261,   35.246396,        2.87,
 139.405766,   35.246396,        2.98,
 139.410270,   35.246396,        3.10,
 139.414775,   35.246396,        3.19,
 139.419279,   35.246396,        3.25,
 139.423784,   35.246396,        3.30,
 139.428288,   35.246396,        3.35,
 139.432793,   35.246396,        3.40,
 139.437297,   35.246396,        3.46,
 139.441802,   35.246396,        3.53,
 139.446306,   35.246396,        3.63,
 139.450811,   35.246396,        3.76,
 139.455315,   35.246396,        3.89,
 139.459820,   35.246396,        4.14,
 139.464324,   35.246396,        4.43,
 139.468829,   35.246396,        4.71,
 139.473333,   35.246396,        5.33,
 139.477838,   35.246396,        6.01,
 139.482342,   35.246396,        6.69,
 139.486847,   35.246396,        7.35,
 139.491351,   35.246396,        8.03,
 139.495856,   35.246396,        8.72,
 139.500360,   35.246396,        9.34,
 139.504865,   35.246396,        9.88,
 139.509369,   35.246396,       10.27,
 139.513874,   35.246396,       10.58,
 139.518378,   35.246396,       10.87,
 139.522883,   35.246396,       11.13,
 139.527387,   35.246396,       11.37,
 139.531892,   35.246396,       11.64,
 139.536396,   35.246396,       11.94,
 139.540901,   35.246396,       12.24,
 139.545405,   35.246396,       12.63,
 139.549910,   35.246396,       13.01,
 139.554414,   35.246396,       13.51,
 139.558919,   35.246396,       14.12,
 139.563423,   35.246396,       14.72,
 139.567928,   35.246396,       15.66,
 139.572432,   35.246396,       16.65,
 139.576937,   35.246396,       17.72,
 139.581441,   35.246396,       18.97,
 139.585946,   35.246396,       20.23,
 139.590450,   35.246396,       21.27,
 139.594955,   35.246396,       22.45,
 139.599459,   35.246396,       28.38,
 139.603964,   35.246396,       67.10,
 139.608468,   35.246396,      125.83,
 139.612973,   35.246396,      191.34,
 139.617477,   35.246396,      191.34,
 139.621982,   35.246396,      191.34,
 139.626486,   35.246396,      191.34,
 139.630991,   35.246396,      191.34,
 139.635495,   35.246396,      191.34,
 139.640000,   35.246396,      191.34,
 139.644505,   35.246396,      206.37,
 139.649009,   35.246396,      206.37,
 139.653514,   35.246396,      206.37,
 139.658018,   35.246396,      206.37,
 139.662523,   35.246396,      206.37,
 139.667027,   35.246396,      206.37,
 139.671532,   35.246396,      206.37,
 139.676036,   35.246396,      173.81,
 139.680541,   35.246396,      143.94,
 139.685045,   35.246396,      116.92,
 139.689550,   35.246396,       92.48,
 139.694054,   35.246396,       70.59,
 139.698559,   35.246396,       56.04,
 139.703063,   35.246396,       51.26,
 139.707568,   35.246396,       48.71,
 139.712072,   35.246396,       46.00,
 139.716577,   35.246396,       43.04,
 139.721081,   35.246396,       39.80,
 139.725586,   35.246396,       36.33,
 139.730090,   35.246396,       32.42,
 139.734595,   35.246396,       28.99,
 139.739099,   35.246396,       27.47,
 139.743604,   35.246396,       26.08,
 139.748108,   35.246396,       24.85,
 139.752613,   35.246396,       23.66,
 139.757117,   35.246396,       22.66,
 139.761622,   35.246396,       21.71,
 139.766126,   35.246396,       20.83,
 139.770631,   35.246396,       20.35,
 139.775135,   35.246396,       20.26,
 139.779640,   35.246396,       20.38,
 139.784144,   35.246396,       20.96,
 139.788649,   35.246396,       22.10,
 139.793153,   35.246396,       23.55,
 139.797658,   35.246396,       25.33,
 139.802162,   35.246396,       27.48,
 139.806667,   35.246396,       29.77,
 139.811171,   35.246396,       32.08,
 139.815676,   35.246396,       34.36,
 139.820180,   35.246396,       36.58,
 139.824685,   35.246396,       38.61,
 139.829189,   35.246396,       40.37,
 139.833694,   35.246396,       41.91,
 139.838198,   35.246396,       43.34,
 139.842703,   35.246396,       44.60,
 139.847207,   35.246396,       45.55,
 139.851712,   35.246396,       46.38,
 139.856216,   35.246396,       47.27,
 139.860721,   35.246396,       48.31,
 139.865225,   35.246396,       49.40,
 139.869730,   35.246396,       50.32,
 139.874234,   35.246396,       50.37,
 139.878739,   35.246396,       50.19,
 139.883243,   35.246396,       49.90,
 139.887748,   35.246396,       49.56,
 139.892252,   35.246396,       49.16,
 139.896757,   35.246396,       48.71,
 139.901261,   35.246396,       48.26,
 139.905766,   35.246396,       47.82,
 139.910270,   35.246396,       47.38,
 139.914775,   35.246396,       46.94,
 139.919279,   35.246396,       46.51,
 139.923784,   35.246396,       46.08,
 139.928288,   35.246396,       45.65,
 139.932793,   35.246396,       45.22,
 139.937297,   35.246396,       44.79,
 139.941802,   35.246396,       44.37,
 139.946306,   35.246396,       43.94,
 139.950811,   35.246396,       43.52,
 139.955315,   35.246396,       43.09,
 139.959820,   35.246396,       42.67,
 139.964324,   35.246396,       42.25,
 139.968829,   35.246396,       41.83,
 139.973333,   35.246396,       41.40,
 139.977838,   35.246396,       40.98,
 139.982342,   35.246396,       40.56,
 139.986847,   35.246396,       40.14,
 139.991351,   35.246396,       39.72,
 139.995856,   35.246396,       39.30,
 140.000360,   35.246396,       38.89,
 140.004865,   35.246396,       38.48,
 140.009369,   35.246396,       38.07,
 140.013874,   35.246396,       37.66,
 140.018378,   35.246396,       37.26,
 140.022883,   35.246396,       36.86,
 140.027387,   35.246396,       36.46,
 140.031892,   35.246396,       36.06,
 140.036396,   35.246396,       35.67,
 140.040901,   35.246396,       35.29,
 140.045405,   35.246396,       34.91,
 140.049910,   35.246396,       34.54,
 140.054414,   35.246396,       34.17,
 140.058919,   35.246396,       33.81,
 140.063423,   35.246396,       33.45,
 140.067928,   35.246396,       33.09,
 140.072432,   35.246396,       32.74,
 140.076937,   35.246396,       32.39,
 140.081441,   35.246396,       32.05,
 140.085946,   35.246396,       31.71,
 140.090450,   35.246396,       31.38,
 140.094955,   35.246396,       31.05,
 140.099459,   35.246396,       30.73,
 140.103964,   35.246396,       30.41,
 140.108468,   35.246396,       30.09,
 140.112973,   35.246396,       29.78,
 140.117477,   35.246396,       29.48,
 140.121982,   35.246396,       29.18,
 140.126486,   35.246396,       28.88,
 140.130991,   35.246396,       28.58,
 140.135495,   35.246396,       28.29,
 140.140000,   35.246396,       28.00,
 140.144505,   35.246396,       27.72,
 140.149009,   35.246396,       27.44,
 140.153514,   35.246396,       27.16,
 140.158018,   35.246396,       26.89,
 140.162523,   35.246396,       26.62,
 140.167027,   35.246396,       26.35,
 140.171532,   35.246396,       26.09,
 140.176036,   35.246396,       25.83,
 140.180541,   35.246396,       25.58,
 140.185045,   35.246396,       25.33,
 140.189550,   35.246396,       25.08,
 140.194054,   35.246396,       24.83,
 140.198559,   35.246396,       24.59,
 140.203063,   35.246396,       24.35,
 140.207568,   35.246396,       24.11,
 140.212072,   35.246396,       23.87,
 140.216577,   35.246396,       23.64,
 140.221081,   35.246396,       23.40,
 140.225586,   35.246396,       23.17,
 140.230090,   35.246396,       22.94,
 140.234595,   35.246396,       22.71,
 140.239099,   35.246396,       22.48,
 140.243604,   35.246396,       22.25,
 140.248108,   35.246396,       22.02,
 140.252613,   35.246396,       21.78,
 140.257117,   35.246396,       21.55,
 140.261622,   35.246396,       21.32,
 140.266126,   35.246396,       21.09,
 140.270631,   35.246396,       20.85,
 140.275135,   35.246396,       20.62,
 140.279640,   35.246396,       20.38,
 140.284144,   35.246396,       20.14,
 140.288649,   35.246396,       19.89,
 140.293153,   35.246396,       19.64,
 140.297658,   35.246396,       19.39,
 140.302162,   35.246396,       19.13,
 140.306667,   35.246396,       18.87,
 140.311171,   35.246396,       18.61,
 140.315676,   35.246396,       18.34,
 140.320180,   35.246396,       18.07,
 140.324685,   35.246396,       17.80,
 140.329189,   35.246396,       17.52,
 140.333694,   35.246396,       17.24,
 140.338198,   35.246396,       16.95,
 140.342703,   35.246396,       16.66,
 140.347207,   35.246396,       16.36,
 140.351712,   35.246396,       16.09,
 140.356216,   35.246396,       15.85,
 140.360721,   35.246396,       15.61,
 140.365225,   35.246396,       15.38,
 140.369730,   35.246396,       15.14,
 140.374234,   35.246396,       14.90,
 140.378739,   35.246396,       14.67,
 140.383243,   35.246396,       14.43,
 140.387748,   35.246396,       14.19,
 139.140000,   35.250901,        0.70,
 139.144505,   35.250901,        1.00,
 139.149009,   35.250901,        1.40,
 139.153514,   35.250901,        1.79,
 139.158018,   35.250901,        2.12,
 139.162523,   35.250901,        0.72,
 139.167027,   35.250901,        0.73,
 139.171532,   35.250901,        0.74,
 139.176036,   35.250901,        0.76,
 139.180541,   35.250901,        0.78,
 139.185045,   35.250901,        0.80,
 139.189550,   35.250901,        0.83,
 139.194054,   35.250901,        0.87,
 139.198559,   35.250901,        0.90,
 139.203063,   35.250901,        0.94,
 139.207568,   35.250901,        0.99,
 139.212072,   35.250901,        1.04,
 139.216577,   35.250901,        1.09,
 139.221081,   35.250901,        1.15,
 139.225586,   35.250901,        1.21,
 139.230090,   35.250901,        1.27,
 139.234595,   35.250901,        1.34,
 139.239099,   35.250901,        1.41,
 139.243604,   35.250901,        1.51,
 139.248108,   35.250901,        1.61,
 139.252613,   35.250901,        1.72,
 139.257117,   35.250901,        1.82,
 139.261622,   35.250901,        1.93,
 139.266126,   35.250901,        2.05,
 139.270631,   35.250901,        2.19,
 139.275135,   35.250901,        2.30,
 139.279640,   35.250901,        2.36,
 139.284144,   35.250901,        2.41,
 139.288649,   35.250901,        2.45,
 139.293153,   35.250901,        2.43,
 139.297658,   35.250901,        2.40,
 139.302162,   35.250901,        2.36,
 139.306667,   35.250901,        2.32,
 139.311171,   35.250901,        2.30,
 139.315676,   35.250901,        2.27,
 139.320180,   35.250901,        2.25,
 139.324685,   35.250901,        2.23,
 139.329189,   35.250901,        2.21,
 139.333694,   35.250901,        2.20,
 139.338198,   35.250901,        2.18,
 139.342703,   35.250901,        2.18,
 139.347207,   35.250901,        2.18,
 139.351712,   35.250901,        2.19,
 139.356216,   35.250901,        2.19,
 139.360721,   35.250901,        2.20,
 139.365225,   35.250901,        2.20,
 139.369730,   35.250901,        2.22,
 139.374234,   35.250901,        2.31,
 139.378739,   35.250901,        2.39,
 139.383243,   35.250901,        2.47,
 139.387748,   35.250901,        2.56,
 139.392252,   35.250901,        2.66,
 139.396757,   35.250901,        2.79,
 139.401261,   35.250901,        2.92,
 139.405766,   35.250901,        3.04,
 139.410270,   35.250901,        3.15,
 139.414775,   35.250901,        3.26,
 139.419279,   35.250901,        3.37,
 139.423784,   35.250901,        3.44,
 139.428288,   35.250901,        3.49,
 139.432793,   35.250901,        3.53,
 139.437297,   35.250901,        3.58,
 139.441802,   35.250901,        3.65,
 139.446306,   35.250901,        3.80,
 139.450811,   35.250901,        3.96,
 139.455315,   35.250901,        4.13,
 139.459820,   35.250901,        4.36,
 139.464324,   35.250901,        4.69,
 139.468829,   35.250901,        5.07,
 139.473333,   35.250901,        5.69,
 139.477838,   35.250901,        6.36,
 139.482342,   35.250901,        7.01,
 139.486847,   35.250901,        7.73,
 139.491351,   35.250901,        8.48,
 139.495856,   35.250901,        9.19,
 139.500360,   35.250901,        9.78,
 139.504865,   35.250901,       10.22,
 139.509369,   35.250901,       10.60,
 139.513874,   35.250901,       10.92,
 139.518378,   35.250901,       11.21,
 139.522883,   35.250901,       11.48,
 139.527387,   35.250901,       11.72,
 139.531892,   35.250901,       12.00,
 139.536396,   35.250901,       12.32,
 139.540901,   35.250901,       12.69,
 139.545405,   35.250901,       13.08,
 139.549910,   35.250901,       13.52,
 139.554414,   35.250901,       14.10,
 139.558919,   35.250901,       14.71,
 139.563423,   35.250901,       15.50,
 139.567928,   35.250901,       16.48,
 139.572432,   35.250901,       17.49,
 139.576937,   35.250901,       18.58,
 139.581441,   35.250901,       19.78,
 139.585946,   35.250901,       20.91,
 139.590450,   35.250901,       21.87,
 139.594955,   35.250901,       24.43,
 139.599459,   35.250901,       33.16,
 139.603964,   35.250901,       66.05,
 139.608468,   35.250901,      113.59,
 139.612973,   35.250901,      166.17,
 139.617477,   35.250901,      166.17,
 139.621982,   35.250901,      166.17,
 139.626486,   35.250901,      166.17,
 139.630991,   35.250901,      166.17,
 139.635495,   35.250901,      166.17,
 139.640000,   35.250901,      166.17,
 139.644505,   35.250901,      199.27,
 139.649009,   35.250901,      199.27,
 139.653514,   35.250901,      199.27,
 139.658018,   35.250901,      199.27,
 139.662523,   35.250901,      199.27,
 139.667027,   35.250901,      199.27,
 139.671532,   35.250901,      199.27,
 139.676036,   35.250901,      168.95,
 139.680541,   35.250901,      140.68,
 139.685045,   35.250901,      115.14,
 139.689550,   35.250901,       92.11,
 139.694054,   35.250901,       71.28,
 139.698559,   35.250901,       57.80,
 139.703063,   35.250901,       54.06,
 139.707568,   35.250901,       51.69,
 139.712072,   35.250901,       49.11,
 139.716577,   35.250901,       46.21,
 139.721081,   35.250901,       42.99,
 139.725586,   35.250901,       39.42,
 139.730090,   35.250901,       35.13,
 139.734595,   35.250901,       30.68,
 139.739099,   35.250901,       29.10,
 139.743604,   35.250901,       27.55,
 139.748108,   35.250901,       26.26,
 139.752613,   35.250901,       24.97,
 139.757117,   35.250901,       23.69,
 139.761622,   35.250901,       22.71,
 139.766126,   35.250901,       21.78,
 139.770631,   35.250901,       21.01,
 139.775135,   35.250901,       21.01,
 139.779640,   35.250901,       21.12,
 139.784144,   35.250901,       21.38,
 139.788649,   35.250901,       22.78,
 139.793153,   35.250901,       24.27,
 139.797658,   35.250901,       25.84,
 139.802162,   35.250901,       28.09,
 139.806667,   35.250901,       30.42,
 139.811171,   35.250901,       32.73,
 139.815676,   35.250901,       35.02,
 139.820180,   35.250901,       37.23,
 139.824685,   35.250901,       39.35,
 139.829189,   35.250901,       40.96,
 139.833694,   35.250901,       42.44,
 139.838198,   35.250901,       43.85,
 139.842703,   35.250901,       44.91,
 139.847207,   35.250901,       45.80,
 139.851712,   35.250901,       46.63,
 139.856216,   35.250901,       47.48,
 139.860721,   35.250901,       48.47,
 139.865225,   35.250901,       49.53,
 139.869730,   35.250901,       50.57,
 139.874234,   35.250901,       50.76,
 139.878739,   35.250901,       50.67,
 139.883243,   35.250901,       50.44,
 139.887748,   35.250901,       50.15,
 139.892252,   35.250901,       49.83,
 139.896757,   35.250901,       49.48,
 139.901261,   35.250901,       49.09,
 139.905766,   35.250901,       48.67,
 139.910270,   35.250901,       48.25,
 139.914775,   35.250901,       47.83,
 139.919279,   35.250901,       47.40,
 139.923784,   35.250901,       46.97,
 139.928288,   35.250901,       46.54,
 139.932793,   35.250901,       46.11,
 139.937297,   35.250901,       45.69,
 139.941802,   35.250901,       45.26,
 139.946306,   35.250901,       44.83,
 139.950811,   35.250901,       44.40,
 139.955315,   35.250901,       43.97,
 139.959820,   35.250901,       43.55,
 139.964324,   35.250901,       43.12,
 139.968829,   35.250901,       42.70,
 139.973333,   35.250901,       42.27,
 139.977838,   35.250901,       41.85,
 139.982342,   35.250901,       41.42,
 139.986847,   35.250901,       41.00,
 139.991351,   35.250901,       40.58,
 139.995856,   35.250901,       40.16,
 140.000360,   35.250901,       39.74,
 140.004865,   35.250901,       39.33,
 140.009369,   35.250901,       38.92,
 140.013874,   35.250901,       38.51,
 140.018378,   35.250901,       38.10,
 140.022883,   35.250901,       37.70,
 140.027387,   35.250901,       37.31,
 140.031892,   35.250901,       36.92,
 140.036396,   35.250901,       36.53,
 140.040901,   35.250901,       36.15,
 140.045405,   35.250901,       35.78,
 140.049910,   35.250901,       35.41,
 140.054414,   35.250901,       35.04,
 140.058919,   35.250901,       34.68,
 140.063423,   35.250901,       34.33,
 140.067928,   35.250901,       33.97,
 140.072432,   35.250901,       33.62,
 140.076937,   35.250901,       33.28,
 140.081441,   35.250901,       32.94,
 140.085946,   35.250901,       32.61,
 140.090450,   35.250901,       32.28,
 140.094955,   35.250901,       31.95,
 140.099459,   35.250901,       31.63,
 140.103964,   35.250901,       31.31,
 140.108468,   35.250901,       31.00,
 140.112973,   35.250901,       30.69,
 140.117477,   35.250901,       30.39,
 140.121982,   35.250901,       30.09,
 140.126486,   35.250901,       29.79,
 140.130991,   35.250901,       29.49,
 140.135495,   35.250901,       29.20,
 140.140000,   35.250901,       28.92,
 140.144505,   35.250901,       28.64,
 140.149009,   35.250901,       28.36,
 140.153514,   35.250901,       28.08,
 140.158018,   35.250901,       27.81,
 140.162523,   35.250901,       27.54,
 140.167027,   35.250901,       27.28,
 140.171532,   35.250901,       27.01,
 140.176036,   35.250901,       26.76,
 140.180541,   35.250901,       26.50,
 140.185045,   35.250901,       26.25,
 140.189550,   35.250901,       26.00,
 140.194054,   35.250901,       25.76,
 140.198559,   35.250901,       25.51,
 140.203063,   35.250901,       25.27,
 140.207568,   35.250901,       25.03,
 140.212072,   35.250901,       24.79,
 140.216577,   35.250901,       24.56,
 140.221081,   35.250901,       24.32,
 140.225586,   35.250901,       24.09,
 140.230090,   35.250901,       23.86,
 140.234595,   35.250901,       23.63,
 140.239099,   35.250901,       23.39,
 140.243604,   35.250901,       23.16,
 140.248108,   35.250901,       22.93,
 140.252613,   35.250901,       22.69,
 140.257117,   35.250901,       22.46,
 140.261622,   35.250901,       22.23,
 140.266126,   35.250901,       21.99,
 140.270631,   35.250901,       21.76,
 140.275135,   35.250901,       21.52,
 140.279640,   35.250901,       21.27,
 140.284144,   35.250901,       21.03,
 140.288649,   35.250901,       20.78,
 140.293153,   35.250901,       20.52,
 140.297658,   35.250901,       20.27,
 140.302162,   35.250901,       20.01,
 140.306667,   35.250901,       19.74,
 140.311171,   35.250901,       19.47,
 140.315676,   35.250901,       19.20,
 140.320180,   35.250901,       18.93,
 140.324685,   35.250901,       18.65,
 140.329189,   35.250901,       18.36,
 140.333694,   35.250901,       18.07,
 140.338198,   35.250901,       17.78,
 140.342703,   35.250901,       17.48,
 140.347207,   35.250901,       17.19,
 140.351712,   35.250901,       16.95,
 140.356216,   35.250901,       16.71,
 140.360721,   35.250901,       16.48,
 140.365225,   35.250901,       16.24,
 140.369730,   35.250901,       16.00,
 140.374234,   35.250901,       15.76,
 140.378739,   35.250901,       15.53,
 140.383243,   35.250901,       15.29,
 140.387748,   35.250901,       15.05,
 139.140000,   35.255405,        0.87,
 139.144505,   35.255405,        1.26,
 139.149009,   35.255405,        1.66,
 139.153514,   35.255405,        2.05,
 139.158018,   35.255405,        2.45,
 139.162523,   35.255405,        2.85,
 139.167027,   35.255405,        0.76,
 139.171532,   35.255405,        0.74,
 139.176036,   35.255405,        0.75,
 139.180541,   35.255405,        0.77,
 139.185045,   35.255405,        0.79,
 139.189550,   35.255405,        0.81,
 139.194054,   35.255405,        0.84,
 139.198559,   35.255405,        0.87,
 139.203063,   35.255405,        0.91,
 139.207568,   35.255405,        0.95,
 139.212072,   35.255405,        0.99,
 139.216577,   35.255405,        1.04,
 139.221081,   35.255405,        1.09,
 139.225586,   35.255405,        1.16,
 139.230090,   35.255405,        1.22,
 139.234595,   35.255405,        1.29,
 139.239099,   35.255405,        1.36,
 139.243604,   35.255405,        1.45,
 139.248108,   35.255405,        1.55,
 139.252613,   35.255405,        1.66,
 139.257117,   35.255405,        1.77,
 139.261622,   35.255405,        1.90,
 139.266126,   35.255405,        2.04,
 139.270631,   35.255405,        2.18,
 139.275135,   35.255405,        2.32,
 139.279640,   35.255405,        2.38,
 139.284144,   35.255405,        2.43,
 139.288649,   35.255405,        2.48,
 139.293153,   35.255405,        2.45,
 139.297658,   35.255405,        2.40,
 139.302162,   35.255405,        2.35,
 139.306667,   35.255405,        2.30,
 139.311171,   35.255405,        2.24,
 139.315676,   35.255405,        2.21,
 139.320180,   35.255405,        2.19,
 139.324685,   35.255405,        2.16,
 139.329189,   35.255405,        2.15,
 139.333694,   35.255405,        2.13,
 139.338198,   35.255405,        2.12,
 139.342703,   35.255405,        2.12,
 139.347207,   35.255405,        2.12,
 139.351712,   35.255405,        2.12,
 139.356216,   35.255405,        2.12,
 139.360721,   35.255405,        2.13,
 139.365225,   35.255405,        2.15,
 139.369730,   35.255405,        2.19,
 139.374234,   35.255405,        2.29,
 139.378739,   35.255405,        2.38,
 139.383243,   35.255405,        2.47,
 139.387748,   35.255405,        2.56,
 139.392252,   35.255405,        2.68,
 139.396757,   35.255405,        2.81,
 139.401261,   35.255405,        2.95,
 139.405766,   35.255405,        3.08,
 139.410270,   35.255405,        3.19,
 139.414775,   35.255405,        3.31,
 139.419279,   35.255405,        3.42,
 139.423784,   35.255405,        3.54,
 139.428288,   35.255405,        3.60,
 139.432793,   35.255405,        3.64,
 139.437297,   35.255405,        3.70,
 139.441802,   35.255405,        3.81,
 139.446306,   35.255405,        3.98,
 139.450811,   35.255405,        4.16,
 139.455315,   35.255405,        4.35,
 139.459820,   35.255405,        4.61,
 139.464324,   35.255405,        5.09,
 139.468829,   35.255405,        5.55,
 139.473333,   35.255405,        6.14,
 139.477838,   35.255405,        6.88,
 139.482342,   35.255405,        7.60,
 139.486847,   35.255405,        8.32,
 139.491351,   35.255405,        9.06,
 139.495856,   35.255405,        9.72,
 139.500360,   35.255405,       10.20,
 139.504865,   35.255405,       10.61,
 139.509369,   35.255405,       10.98,
 139.513874,   35.255405,       11.30,
 139.518378,   35.255405,       11.59,
 139.522883,   35.255405,       11.85,
 139.527387,   35.255405,       12.16,
 139.531892,   35.255405,       12.45,
 139.536396,   35.255405,       12.79,
 139.540901,   35.255405,       13.19,
 139.545405,   35.255405,       13.56,
 139.549910,   35.255405,       14.14,
 139.554414,   35.255405,       14.74,
 139.558919,   35.255405,       15.41,
 139.563423,   35.255405,       16.36,
 139.567928,   35.255405,       17.33,
 139.572432,   35.255405,       18.36,
 139.576937,   35.255405,       19.45,
 139.581441,   35.255405,       20.60,
 139.585946,   35.255405,       21.67,
 139.590450,   35.255405,       24.03,
 139.594955,   35.255405,       26.76,
 139.599459,   35.255405,       35.66,
 139.603964,   35.255405,       62.65,
 139.608468,   35.255405,      101.11,
 139.612973,   35.255405,      143.97,
 139.617477,   35.255405,      184.50,
 139.621982,   35.255405,      184.50,
 139.626486,   35.255405,      184.50,
 139.630991,   35.255405,      184.50,
 139.635495,   35.255405,      184.50,
 139.640000,   35.255405,      184.50,
 139.644505,   35.255405,      190.34,
 139.649009,   35.255405,      190.34,
 139.653514,   35.255405,      190.34,
 139.658018,   35.255405,      190.34,
 139.662523,   35.255405,      190.34,
 139.667027,   35.255405,      190.34,
 139.671532,   35.255405,      190.34,
 139.676036,   35.255405,      162.32,
 139.680541,   35.255405,      135.73,
 139.685045,   35.255405,      111.63,
 139.689550,   35.255405,       90.03,
 139.694054,   35.255405,       70.55,
 139.698559,   35.255405,       59.34,
 139.703063,   35.255405,       56.99,
 139.707568,   35.255405,       54.83,
 139.712072,   35.255405,       52.40,
 139.716577,   35.255405,       49.55,
 139.721081,   35.255405,       46.37,
 139.725586,   35.255405,       42.62,
 139.730090,   35.255405,       38.08,
 139.734595,   35.255405,       33.73,
 139.739099,   35.255405,       31.31,
 139.743604,   35.255405,       29.26,
 139.748108,   35.255405,       27.81,
 139.752613,   35.255405,       26.30,
 139.757117,   35.255405,       24.80,
 139.761622,   35.255405,       23.61,
 139.766126,   35.255405,       22.73,
 139.770631,   35.255405,       21.99,
 139.775135,   35.255405,       21.63,
 139.779640,   35.255405,       21.81,
 139.784144,   35.255405,       22.43,
 139.788649,   35.255405,       23.47,
 139.793153,   35.255405,       24.95,
 139.797658,   35.255405,       26.76,
 139.802162,   35.255405,       28.84,
 139.806667,   35.255405,       31.12,
 139.811171,   35.255405,       33.49,
 139.815676,   35.255405,       35.84,
 139.820180,   35.255405,       38.01,
 139.824685,   35.255405,       39.98,
 139.829189,   35.255405,       41.66,
 139.833694,   35.255405,       43.10,
 139.838198,   35.255405,       44.32,
 139.842703,   35.255405,       45.28,
 139.847207,   35.255405,       46.17,
 139.851712,   35.255405,       47.00,
 139.856216,   35.255405,       47.77,
 139.860721,   35.255405,       48.62,
 139.865225,   35.255405,       49.65,
 139.869730,   35.255405,       50.91,
 139.874234,   35.255405,       51.18,
 139.878739,   35.255405,       51.15,
 139.883243,   35.255405,       50.99,
 139.887748,   35.255405,       50.75,
 139.892252,   35.255405,       50.47,
 139.896757,   35.255405,       50.15,
 139.901261,   35.255405,       49.82,
 139.905766,   35.255405,       49.46,
 139.910270,   35.255405,       49.08,
 139.914775,   35.255405,       48.67,
 139.919279,   35.255405,       48.26,
 139.923784,   35.255405,       47.84,
 139.928288,   35.255405,       47.41,
 139.932793,   35.255405,       46.99,
 139.937297,   35.255405,       46.56,
 139.941802,   35.255405,       46.13,
 139.946306,   35.255405,       45.70,
 139.950811,   35.255405,       45.27,
 139.955315,   35.255405,       44.84,
 139.959820,   35.255405,       44.41,
 139.964324,   35.255405,       43.99,
 139.968829,   35.255405,       43.56,
 139.973333,   35.255405,       43.13,
 139.977838,   35.255405,       42.70,
 139.982342,   35.255405,       42.28,
 139.986847,   35.255405,       41.85,
 139.991351,   35.255405,       41.43,
 139.995856,   35.255405,       41.00,
 140.000360,   35.255405,       40.59,
 140.004865,   35.255405,       40.17,
 140.009369,   35.255405,       39.76,
 140.013874,   35.255405,       39.35,
 140.018378,   35.255405,       38.95,
 140.022883,   35.255405,       38.55,
 140.027387,   35.255405,       38.16,
 140.031892,   35.255405,       37.77,
 140.036396,   35.255405,       37.39,
 140.040901,   35.255405,       37.01,
 140.045405,   35.255405,       36.64,
 140.049910,   35.255405,       36.28,
 140.054414,   35.255405,       35.91,
 140.058919,   35.255405,       35.56,
 140.063423,   35.255405,       35.20,
 140.067928,   35.255405,       34.85,
 140.072432,   35.255405,       34.51,
 140.076937,   35.255405,       34.17,
 140.081441,   35.255405,       33.83,
 140.085946,   35.255405,       33.50,
 140.090450,   35.255405,       33.17,
 140.094955,   35.255405,       32.85,
 140.099459,   35.255405,       32.53,
 140.103964,   35.255405,       32.21,
 140.108468,   35.255405,       31.90,
 140.112973,   35.255405,       31.60,
 140.117477,   35.255405,       31.29,
 140.121982,   35.255405,       30.99,
 140.126486,   35.255405,       30.70,
 140.130991,   35.255405,       30.41,
 140.135495,   35.255405,       30.12,
 140.140000,   35.255405,       29.83,
 140.144505,   35.255405,       29.55,
 140.149009,   35.255405,       29.27,
 140.153514,   35.255405,       29.00,
 140.158018,   35.255405,       28.73,
 140.162523,   35.255405,       28.46,
 140.167027,   35.255405,       28.20,
 140.171532,   35.255405,       27.94,
 140.176036,   35.255405,       27.68,
 140.180541,   35.255405,       27.43,
 140.185045,   35.255405,       27.17,
 140.189550,   35.255405,       26.93,
 140.194054,   35.255405,       26.68,
 140.198559,   35.255405,       26.44,
 140.203063,   35.255405,       26.19,
 140.207568,   35.255405,       25.96,
 140.212072,   35.255405,       25.72,
 140.216577,   35.255405,       25.48,
 140.221081,   35.255405,       25.25,
 140.225586,   35.255405,       25.01,
 140.230090,   35.255405,       24.78,
 140.234595,   35.255405,       24.54,
 140.239099,   35.255405,       24.31,
 140.243604,   35.255405,       24.07,
 140.248108,   35.255405,       23.84,
 140.252613,   35.255405,       23.60,
 140.257117,   35.255405,       23.37,
 140.261622,   35.255405,       23.13,
 140.266126,   35.255405,       22.89,
 140.270631,   35.255405,       22.65,
 140.275135,   35.255405,       22.41,
 140.279640,   35.255405,       22.16,
 140.284144,   35.255405,       21.91,
 140.288649,   35.255405,       21.66,
 140.293153,   35.255405,       21.40,
 140.297658,   35.255405,       21.14,
 140.302162,   35.255405,       20.88,
 140.306667,   35.255405,       20.61,
 140.311171,   35.255405,       20.33,
 140.315676,   35.255405,       20.06,
 140.320180,   35.255405,       19.78,
 140.324685,   35.255405,       19.49,
 140.329189,   35.255405,       19.20,
 140.333694,   35.255405,       18.91,
 140.338198,   35.255405,       18.61,
 140.342703,   35.255405,       18.30,
 140.347207,   35.255405,       18.05,
 140.351712,   35.255405,       17.81,
 140.356216,   35.255405,       17.57,
 140.360721,   35.255405,       17.34,
 140.365225,   35.255405,       17.10,
 140.369730,   35.255405,       16.86,
 140.374234,   35.255405,       16.63,
 140.378739,   35.255405,       16.39,
 140.383243,   35.255405,       16.15,
 140.387748,   35.255405,       15.92,
 139.140000,   35.259910,        1.13,
 139.144505,   35.259910,        1.52,
 139.149009,   35.259910,        1.91,
 139.153514,   35.259910,        2.31,
 139.158018,   35.259910,        2.71,
 139.162523,   35.259910,        3.11,
 139.167027,   35.259910,        3.51,
 139.171532,   35.259910,        3.92,
 139.176036,   35.259910,        0.76,
 139.180541,   35.259910,        0.76,
 139.185045,   35.259910,        0.78,
 139.189550,   35.259910,        0.81,
 139.194054,   35.259910,        0.83,
 139.198559,   35.259910,        0.85,
 139.203063,   35.259910,        0.89,
 139.207568,   35.259910,        0.93,
 139.212072,   35.259910,        0.97,
 139.216577,   35.259910,        1.01,
 139.221081,   35.259910,        1.05,
 139.225586,   35.259910,        1.11,
 139.230090,   35.259910,        1.17,
 139.234595,   35.259910,        1.24,
 139.239099,   35.259910,        1.31,
 139.243604,   35.259910,        1.40,
 139.248108,   35.259910,        1.50,
 139.252613,   35.259910,        1.60,
 139.257117,   35.259910,        1.73,
 139.261622,   35.259910,        1.87,
 139.266126,   35.259910,        2.02,
 139.270631,   35.259910,        2.16,
 139.275135,   35.259910,        2.31,
 139.279640,   35.259910,        2.39,
 139.284144,   35.259910,        2.45,
 139.288649,   35.259910,        2.51,
 139.293153,   35.259910,        2.49,
 139.297658,   35.259910,        2.43,
 139.302162,   35.259910,        2.37,
 139.306667,   35.259910,        2.31,
 139.311171,   35.259910,        2.24,
 139.315676,   35.259910,        2.17,
 139.320180,   35.259910,        2.13,
 139.324685,   35.259910,        2.09,
 139.329189,   35.259910,        2.08,
 139.333694,   35.259910,        2.06,
 139.338198,   35.259910,        2.06,
 139.342703,   35.259910,        2.05,
 139.347207,   35.259910,        2.05,
 139.351712,   35.259910,        2.05,
 139.356216,   35.259910,        2.07,
 139.360721,   35.259910,        2.09,
 139.365225,   35.259910,        2.13,
 139.369730,   35.259910,        2.20,
 139.374234,   35.259910,        2.29,
 139.378739,   35.259910,        2.38,
 139.383243,   35.259910,        2.47,
 139.387748,   35.259910,        2.57,
 139.392252,   35.259910,        2.68,
 139.396757,   35.259910,        2.82,
 139.401261,   35.259910,        2.96,
 139.405766,   35.259910,        3.10,
 139.410270,   35.259910,        3.22,
 139.414775,   35.259910,        3.34,
 139.419279,   35.259910,        3.46,
 139.423784,   35.259910,        3.56,
 139.428288,   35.259910,        3.66,
 139.432793,   35.259910,        3.73,
 139.437297,   35.259910,        3.83,
 139.441802,   35.259910,        3.98,
 139.446306,   35.259910,        4.15,
 139.450811,   35.259910,        4.38,
 139.455315,   35.259910,        4.66,
 139.459820,   35.259910,        5.10,
 139.464324,   35.259910,        5.64,
 139.468829,   35.259910,        6.14,
 139.473333,   35.259910,        6.84,
 139.477838,   35.259910,        7.62,
 139.482342,   35.259910,        8.35,
 139.486847,   35.259910,        9.04,
 139.491351,   35.259910,        9.73,
 139.495856,   35.259910,       10.27,
 139.500360,   35.259910,       10.68,
 139.504865,   35.259910,       11.07,
 139.509369,   35.259910,       11.42,
 139.513874,   35.259910,       11.74,
 139.518378,   35.259910,       12.03,
 139.522883,   35.259910,       12.34,
 139.527387,   35.259910,       12.65,
 139.531892,   35.259910,       12.97,
 139.536396,   35.259910,       13.35,
 139.540901,   35.259910,       13.75,
 139.545405,   35.259910,       14.25,
 139.549910,   35.259910,       14.82,
 139.554414,   35.259910,       15.46,
 139.558919,   35.259910,       16.27,
 139.563423,   35.259910,       17.19,
 139.567928,   35.259910,       18.15,
 139.572432,   35.259910,       19.12,
 139.576937,   35.259910,       20.18,
 139.581441,   35.259910,       21.33,
 139.585946,   35.259910,       23.61,
 139.590450,   35.259910,       26.18,
 139.594955,   35.259910,       28.90,
 139.599459,   35.259910,       36.41,
 139.603964,   35.259910,       57.86,
 139.608468,   35.259910,       88.73,
 139.612973,   35.259910,      124.12,
 139.617477,   35.259910,      157.95,
 139.621982,   35.259910,      157.95,
 139.626486,   35.259910,      157.95,
 139.630991,   35.259910,      157.95,
 139.635495,   35.259910,      157.95,
 139.640000,   35.259910,      157.95,
 139.644505,   35.259910,      157.95,
 139.649009,   35.259910,      154.11,
 139.653514,   35.259910,      154.11,
 139.658018,   35.259910,      154.11,
 139.662523,   35.259910,      154.11,
 139.667027,   35.259910,      154.11,
 139.671532,   35.259910,      154.11,
 139.676036,   35.259910,      154.11,
 139.680541,   35.259910,      129.35,
 139.685045,   35.259910,      106.72,
 139.689550,   35.259910,       86.47,
 139.694054,   35.259910,       68.72,
 139.698559,   35.259910,       61.71,
 139.703063,   35.259910,       60.12,
 139.707568,   35.259910,       58.24,
 139.712072,   35.259910,       55.91,
 139.716577,   35.259910,       53.23,
 139.721081,   35.259910,       50.05,
 139.725586,   35.259910,       46.03,
 139.730090,   35.259910,       41.41,
 139.734595,   35.259910,       36.79,
 139.739099,   35.259910,       33.84,
 139.743604,   35.259910,       31.07,
 139.748108,   35.259910,       29.11,
 139.752613,   35.259910,       27.33,
 139.757117,   35.259910,       25.73,
 139.761622,   35.259910,       24.48,
 139.766126,   35.259910,       23.50,
 139.770631,   35.259910,       22.74,
 139.775135,   35.259910,       22.24,
 139.779640,   35.259910,       22.58,
 139.784144,   35.259910,       23.35,
 139.788649,   35.259910,       24.23,
 139.793153,   35.259910,       25.73,
 139.797658,   35.259910,       27.71,
 139.802162,   35.259910,       29.70,
 139.806667,   35.259910,       31.86,
 139.811171,   35.259910,       34.28,
 139.815676,   35.259910,       36.68,
 139.820180,   35.259910,       38.72,
 139.824685,   35.259910,       40.60,
 139.829189,   35.259910,       42.41,
 139.833694,   35.259910,       43.77,
 139.838198,   35.259910,       44.81,
 139.842703,   35.259910,       45.74,
 139.847207,   35.259910,       46.59,
 139.851712,   35.259910,       47.34,
 139.856216,   35.259910,       48.09,
 139.860721,   35.259910,       48.87,
 139.865225,   35.259910,       50.15,
 139.869730,   35.259910,       51.31,
 139.874234,   35.259910,       51.62,
 139.878739,   35.259910,       51.66,
 139.883243,   35.259910,       51.55,
 139.887748,   35.259910,       51.36,
 139.892252,   35.259910,       51.11,
 139.896757,   35.259910,       50.83,
 139.901261,   35.259910,       50.52,
 139.905766,   35.259910,       50.19,
 139.910270,   35.259910,       49.83,
 139.914775,   35.259910,       49.46,
 139.919279,   35.259910,       49.07,
 139.923784,   35.259910,       48.66,
 139.928288,   35.259910,       48.25,
 139.932793,   35.259910,       47.83,
 139.937297,   35.259910,       47.41,
 139.941802,   35.259910,       46.98,
 139.946306,   35.259910,       46.55,
 139.950811,   35.259910,       46.12,
 139.955315,   35.259910,       45.69,
 139.959820,   35.259910,       45.26,
 139.964324,   35.259910,       44.83,
 139.968829,   35.259910,       44.40,
 139.973333,   35.259910,       43.97,
 139.977838,   35.259910,       43.54,
 139.982342,   35.259910,       43.12,
 139.986847,   35.259910,       42.69,
 139.991351,   35.259910,       42.26,
 139.995856,   35.259910,       41.84,
 140.000360,   35.259910,       41.42,
 140.004865,   35.259910,       41.01,
 140.009369,   35.259910,       40.60,
 140.013874,   35.259910,       40.19,
 140.018378,   35.259910,       39.79,
 140.022883,   35.259910,       39.40,
 140.027387,   35.259910,       39.01,
 140.031892,   35.259910,       38.63,
 140.036396,   35.259910,       38.25,
 140.040901,   35.259910,       37.88,
 140.045405,   35.259910,       37.51,
 140.049910,   35.259910,       37.15,
 140.054414,   35.259910,       36.79,
 140.058919,   35.259910,       36.43,
 140.063423,   35.259910,       36.08,
 140.067928,   35.259910,       35.74,
 140.072432,   35.259910,       35.39,
 140.076937,   35.259910,       35.06,
 140.081441,   35.259910,       34.72,
 140.085946,   35.259910,       34.39,
 140.090450,   35.259910,       34.07,
 140.094955,   35.259910,       33.75,
 140.099459,   35.259910,       33.43,
 140.103964,   35.259910,       33.12,
 140.108468,   35.259910,       32.81,
 140.112973,   35.259910,       32.50,
 140.117477,   35.259910,       32.20,
 140.121982,   35.259910,       31.90,
 140.126486,   35.259910,       31.61,
 140.130991,   35.259910,       31.32,
 140.135495,   35.259910,       31.03,
 140.140000,   35.259910,       30.75,
 140.144505,   35.259910,       30.47,
 140.149009,   35.259910,       30.19,
 140.153514,   35.259910,       29.92,
 140.158018,   35.259910,       29.65,
 140.162523,   35.259910,       29.38,
 140.167027,   35.259910,       29.12,
 140.171532,   35.259910,       28.86,
 140.176036,   35.259910,       28.60,
 140.180541,   35.259910,       28.35,
 140.185045,   35.259910,       28.10,
 140.189550,   35.259910,       27.85,
 140.194054,   35.259910,       27.60,
 140.198559,   35.259910,       27.36,
 140.203063,   35.259910,       27.12,
 140.207568,   35.259910,       26.88,
 140.212072,   35.259910,       26.64,
 140.216577,   35.259910,       26.40,
 140.221081,   35.259910,       26.17,
 140.225586,   35.259910,       25.93,
 140.230090,   35.259910,       25.69,
 140.234595,   35.259910,       25.46,
 140.239099,   35.259910,       25.22,
 140.243604,   35.259910,       24.98,
 140.248108,   35.259910,       24.75,
 140.252613,   35.259910,       24.51,
 140.257117,   35.259910,       24.27,
 140.261622,   35.259910,       24.03,
 140.266126,   35.259910,       23.79,
 140.270631,   35.259910,       23.55,
 140.275135,   35.259910,       23.30,
 140.279640,   35.259910,       23.05,
 140.284144,   35.259910,       22.79,
 140.288649,   35.259910,       22.54,
 140.293153,   35.259910,       22.27,
 140.297658,   35.259910,       22.01,
 140.302162,   35.259910,       21.74,
 140.306667,   35.259910,       21.46,
 140.311171,   35.259910,       21.19,
 140.315676,   35.259910,       20.90,
 140.320180,   35.259910,       20.62,
 140.324685,   35.259910,       20.33,
 140.329189,   35.259910,       20.03,
 140.333694,   35.259910,       19.73,
 140.338198,   35.259910,       19.42,
 140.342703,   35.259910,       19.15,
 140.347207,   35.259910,       18.91,
 140.351712,   35.259910,       18.67,
 140.356216,   35.259910,       18.44,
 140.360721,   35.259910,       18.20,
 140.365225,   35.259910,       17.96,
 140.369730,   35.259910,       17.73,
 140.374234,   35.259910,       17.49,
 140.378739,   35.259910,       17.25,
 140.383243,   35.259910,       17.01,
 140.387748,   35.259910,       16.78,
 139.140000,   35.264414,        1.39,
 139.144505,   35.264414,        1.78,
 139.149009,   35.264414,        2.17,
 139.153514,   35.264414,        2.56,
 139.158018,   35.264414,        2.96,
 139.162523,   35.264414,        3.36,
 139.167027,   35.264414,        3.76,
 139.171532,   35.264414,        4.17,
 139.176036,   35.264414,        4.57,
 139.180541,   35.264414,        1.51,
 139.185045,   35.264414,        0.79,
 139.189550,   35.264414,        0.81,
 139.194054,   35.264414,        0.83,
 139.198559,   35.264414,        0.85,
 139.203063,   35.264414,        0.88,
 139.207568,   35.264414,        0.91,
 139.212072,   35.264414,        0.95,
 139.216577,   35.264414,        1.00,
 139.221081,   35.264414,        1.04,
 139.225586,   35.264414,        1.08,
 139.230090,   35.264414,        1.13,
 139.234595,   35.264414,        1.19,
 139.239099,   35.264414,        1.27,
 139.243604,   35.264414,        1.36,
 139.248108,   35.264414,        1.44,
 139.252613,   35.264414,        1.55,
 139.257117,   35.264414,        1.68,
 139.261622,   35.264414,        1.83,
 139.266126,   35.264414,        1.99,
 139.270631,   35.264414,        2.13,
 139.275135,   35.264414,        2.29,
 139.279640,   35.264414,        2.38,
 139.284144,   35.264414,        2.45,
 139.288649,   35.264414,        2.51,
 139.293153,   35.264414,        2.50,
 139.297658,   35.264414,        2.45,
 139.302162,   35.264414,        2.39,
 139.306667,   35.264414,        2.33,
 139.311171,   35.264414,        2.25,
 139.315676,   35.264414,        2.17,
 139.320180,   35.264414,        2.09,
 139.324685,   35.264414,        2.03,
 139.329189,   35.264414,        2.01,
 139.333694,   35.264414,        2.01,
 139.338198,   35.264414,        2.01,
 139.342703,   35.264414,        2.00,
 139.347207,   35.264414,        1.98,
 139.351712,   35.264414,        1.98,
 139.356216,   35.264414,        2.02,
 139.360721,   35.264414,        2.08,
 139.365225,   35.264414,        2.14,
 139.369730,   35.264414,        2.21,
 139.374234,   35.264414,        2.30,
 139.378739,   35.264414,        2.39,
 139.383243,   35.264414,        2.48,
 139.387748,   35.264414,        2.58,
 139.392252,   35.264414,        2.70,
 139.396757,   35.264414,        2.83,
 139.401261,   35.264414,        2.96,
 139.405766,   35.264414,        3.10,
 139.410270,   35.264414,        3.23,
 139.414775,   35.264414,        3.36,
 139.419279,   35.264414,        3.48,
 139.423784,   35.264414,        3.60,
 139.428288,   35.264414,        3.71,
 139.432793,   35.264414,        3.82,
 139.437297,   35.264414,        4.00,
 139.441802,   35.264414,        4.17,
 139.446306,   35.264414,        4.33,
 139.450811,   35.264414,        4.71,
 139.455315,   35.264414,        5.10,
 139.459820,   35.264414,        5.61,
 139.464324,   35.264414,        6.25,
 139.468829,   35.264414,        6.90,
 139.473333,   35.264414,        7.69,
 139.477838,   35.264414,        8.43,
 139.482342,   35.264414,        9.13,
 139.486847,   35.264414,        9.82,
 139.491351,   35.264414,       10.41,
 139.495856,   35.264414,       10.83,
 139.500360,   35.264414,       11.24,
 139.504865,   35.264414,       11.60,
 139.509369,   35.264414,       11.94,
 139.513874,   35.264414,       12.25,
 139.518378,   35.264414,       12.57,
 139.522883,   35.264414,       12.89,
 139.527387,   35.264414,       13.19,
 139.531892,   35.264414,       13.59,
 139.536396,   35.264414,       13.97,
 139.540901,   35.264414,       14.41,
 139.545405,   35.264414,       14.99,
 139.549910,   35.264414,       15.54,
 139.554414,   35.264414,       16.29,
 139.558919,   35.264414,       17.14,
 139.563423,   35.264414,       18.01,
 139.567928,   35.264414,       18.91,
 139.572432,   35.264414,       19.83,
 139.576937,   35.264414,       20.82,
 139.581441,   35.264414,       22.94,
 139.585946,   35.264414,       25.48,
 139.590450,   35.264414,       28.17,
 139.594955,   35.264414,       30.94,
 139.599459,   35.264414,       36.42,
 139.603964,   35.264414,       52.66,
 139.608468,   35.264414,       76.90,
 139.612973,   35.264414,      106.12,
 139.617477,   35.264414,      134.60,
 139.621982,   35.264414,      161.46,
 139.626486,   35.264414,      161.46,
 139.630991,   35.264414,      161.46,
 139.635495,   35.264414,      161.46,
 139.640000,   35.264414,      161.46,
 139.644505,   35.264414,      161.46,
 139.649009,   35.264414,      144.56,
 139.653514,   35.264414,      144.56,
 139.658018,   35.264414,      144.56,
 139.662523,   35.264414,      144.56,
 139.667027,   35.264414,      144.56,
 139.671532,   35.264414,      144.56,
 139.676036,   35.264414,      144.56,
 139.680541,   35.264414,      121.58,
 139.685045,   35.264414,      100.62,
 139.689550,   35.264414,       81.60,
 139.694054,   35.264414,       66.73,
 139.698559,   35.264414,       64.63,
 139.703063,   35.264414,       63.59,
 139.707568,   35.264414,       62.00,
 139.712072,   35.264414,       59.92,
 139.716577,   35.264414,       57.33,
 139.721081,   35.264414,       54.20,
 139.725586,   35.264414,       49.77,
 139.730090,   35.264414,       44.29,
 139.734595,   35.264414,       39.64,
 139.739099,   35.264414,       36.07,
 139.743604,   35.264414,       32.56,
 139.748108,   35.264414,       30.02,
 139.752613,   35.264414,       28.03,
 139.757117,   35.264414,       26.29,
 139.761622,   35.264414,       24.95,
 139.766126,   35.264414,       23.90,
 139.770631,   35.264414,       23.11,
 139.775135,   35.264414,       22.92,
 139.779640,   35.264414,       23.36,
 139.784144,   35.264414,       24.08,
 139.788649,   35.264414,       25.20,
 139.793153,   35.264414,       26.77,
 139.797658,   35.264414,       28.64,
 139.802162,   35.264414,       30.67,
 139.806667,   35.264414,       32.85,
 139.811171,   35.264414,       35.14,
 139.815676,   35.264414,       37.46,
 139.820180,   35.264414,       39.41,
 139.824685,   35.264414,       41.29,
 139.829189,   35.264414,       43.13,
 139.833694,   35.264414,       44.37,
 139.838198,   35.264414,       45.36,
 139.842703,   35.264414,       46.30,
 139.847207,   35.264414,       47.08,
 139.851712,   35.264414,       47.67,
 139.856216,   35.264414,       48.38,
 139.860721,   35.264414,       49.18,
 139.865225,   35.264414,       50.66,
 139.869730,   35.264414,       51.76,
 139.874234,   35.264414,       52.10,
 139.878739,   35.264414,       52.19,
 139.883243,   35.264414,       52.13,
 139.887748,   35.264414,       51.98,
 139.892252,   35.264414,       51.77,
 139.896757,   35.264414,       51.51,
 139.901261,   35.264414,       51.22,
 139.905766,   35.264414,       50.91,
 139.910270,   35.264414,       50.57,
 139.914775,   35.264414,       50.21,
 139.919279,   35.264414,       49.83,
 139.923784,   35.264414,       49.45,
 139.928288,   35.264414,       49.05,
 139.932793,   35.264414,       48.64,
 139.937297,   35.264414,       48.22,
 139.941802,   35.264414,       47.80,
 139.946306,   35.264414,       47.38,
 139.950811,   35.264414,       46.95,
 139.955315,   35.264414,       46.52,
 139.959820,   35.264414,       46.09,
 139.964324,   35.264414,       45.66,
 139.968829,   35.264414,       45.23,
 139.973333,   35.264414,       44.80,
 139.977838,   35.264414,       44.37,
 139.982342,   35.264414,       43.95,
 139.986847,   35.264414,       43.52,
 139.991351,   35.264414,       43.09,
 139.995856,   35.264414,       42.67,
 140.000360,   35.264414,       42.26,
 140.004865,   35.264414,       41.84,
 140.009369,   35.264414,       41.44,
 140.013874,   35.264414,       41.04,
 140.018378,   35.264414,       40.64,
 140.022883,   35.264414,       40.25,
 140.027387,   35.264414,       39.86,
 140.031892,   35.264414,       39.48,
 140.036396,   35.264414,       39.11,
 140.040901,   35.264414,       38.74,
 140.045405,   35.264414,       38.38,
 140.049910,   35.264414,       38.02,
 140.054414,   35.264414,       37.66,
 140.058919,   35.264414,       37.31,
 140.063423,   35.264414,       36.96,
 140.067928,   35.264414,       36.62,
 140.072432,   35.264414,       36.28,
 140.076937,   35.264414,       35.94,
 140.081441,   35.264414,       35.61,
 140.085946,   35.264414,       35.28,
 140.090450,   35.264414,       34.96,
 140.094955,   35.264414,       34.64,
 140.099459,   35.264414,       34.33,
 140.103964,   35.264414,       34.02,
 140.108468,   35.264414,       33.71,
 140.112973,   35.264414,       33.41,
 140.117477,   35.264414,       33.11,
 140.121982,   35.264414,       32.81,
 140.126486,   35.264414,       32.52,
 140.130991,   35.264414,       32.23,
 140.135495,   35.264414,       31.94,
 140.140000,   35.264414,       31.66,
 140.144505,   35.264414,       31.38,
 140.149009,   35.264414,       31.11,
 140.153514,   35.264414,       30.83,
 140.158018,   35.264414,       30.57,
 140.162523,   35.264414,       30.30,
 140.167027,   35.264414,       30.04,
 140.171532,   35.264414,       29.78,
 140.176036,   35.264414,       29.52,
 140.180541,   35.264414,       29.27,
 140.185045,   35.264414,       29.02,
 140.189550,   35.264414,       28.77,
 140.194054,   35.264414,       28.53,
 140.198559,   35.264414,       28.28,
 140.203063,   35.264414,       28.04,
 140.207568,   35.264414,       27.80,
 140.212072,   35.264414,       27.56,
 140.216577,   35.264414,       27.32,
 140.221081,   35.264414,       27.08,
 140.225586,   35.264414,       26.85,
 140.230090,   35.264414,       26.61,
 140.234595,   35.264414,       26.37,
 140.239099,   35.264414,       26.13,
 140.243604,   35.264414,       25.89,
 140.248108,   35.264414,       25.65,
 140.252613,   35.264414,       25.41,
 140.257117,   35.264414,       25.17,
 140.261622,   35.264414,       24.93,
 140.266126,   35.264414,       24.68,
 140.270631,   35.264414,       24.43,
 140.275135,   35.264414,       24.18,
 140.279640,   35.264414,       23.93,
 140.284144,   35.264414,       23.67,
 140.288649,   35.264414,       23.41,
 140.293153,   35.264414,       23.14,
 140.297658,   35.264414,       22.87,
 140.302162,   35.264414,       22.59,
 140.306667,   35.264414,       22.32,
 140.311171,   35.264414,       22.03,
 140.315676,   35.264414,       21.75,
 140.320180,   35.264414,       21.45,
 140.324685,   35.264414,       21.16,
 140.329189,   35.264414,       20.86,
 140.333694,   35.264414,       20.55,
 140.338198,   35.264414,       20.25,
 140.342703,   35.264414,       20.01,
 140.347207,   35.264414,       19.77,
 140.351712,   35.264414,       19.54,
 140.356216,   35.264414,       19.30,
 140.360721,   35.264414,       19.06,
 140.365225,   35.264414,       18.82,
 140.369730,   35.264414,       18.59,
 140.374234,   35.264414,       18.35,
 140.378739,   35.264414,       18.11,
 140.383243,   35.264414,       17.88,
 140.387748,   35.264414,       17.64,
 139.140000,   35.268919,        1.64,
 139.144505,   35.268919,        2.03,
 139.149009,   35.268919,        2.42,
 139.153514,   35.268919,        2.81,
 139.158018,   35.268919,        3.21,
 139.162523,   35.268919,        3.61,
 139.167027,   35.268919,        4.01,
 139.171532,   35.268919,        4.41,
 139.176036,   35.268919,        4.82,
 139.180541,   35.268919,        5.23,
 139.185045,   35.268919,        5.64,
 139.189550,   35.268919,        0.84,
 139.194054,   35.268919,        0.83,
 139.198559,   35.268919,        0.86,
 139.203063,   35.268919,        0.88,
 139.207568,   35.268919,        0.91,
 139.212072,   35.268919,        0.95,
 139.216577,   35.268919,        0.98,
 139.221081,   35.268919,        1.03,
 139.225586,   35.268919,        1.07,
 139.230090,   35.268919,        1.11,
 139.234595,   35.268919,        1.16,
 139.239099,   35.268919,        1.24,
 139.243604,   35.268919,        1.32,
 139.248108,   35.268919,        1.40,
 139.252613,   35.268919,        1.50,
 139.257117,   35.268919,        1.63,
 139.261622,   35.268919,        1.76,
 139.266126,   35.268919,        1.90,
 139.270631,   35.268919,        2.07,
 139.275135,   35.268919,        2.24,
 139.279640,   35.268919,        2.36,
 139.284144,   35.268919,        2.43,
 139.288649,   35.268919,        2.49,
 139.293153,   35.268919,        2.48,
 139.297658,   35.268919,        2.44,
 139.302162,   35.268919,        2.41,
 139.306667,   35.268919,        2.34,
 139.311171,   35.268919,        2.27,
 139.315676,   35.268919,        2.19,
 139.320180,   35.268919,        2.11,
 139.324685,   35.268919,        2.03,
 139.329189,   35.268919,        1.99,
 139.333694,   35.268919,        1.99,
 139.338198,   35.268919,        1.99,
 139.342703,   35.268919,        1.98,
 139.347207,   35.268919,        1.95,
 139.351712,   35.268919,        1.96,
 139.356216,   35.268919,        2.03,
 139.360721,   35.268919,        2.10,
 139.365225,   35.268919,        2.16,
 139.369730,   35.268919,        2.23,
 139.374234,   35.268919,        2.31,
 139.378739,   35.268919,        2.40,
 139.383243,   35.268919,        2.50,
 139.387748,   35.268919,        2.60,
 139.392252,   35.268919,        2.71,
 139.396757,   35.268919,        2.84,
 139.401261,   35.268919,        2.97,
 139.405766,   35.268919,        3.10,
 139.410270,   35.268919,        3.24,
 139.414775,   35.268919,        3.38,
 139.419279,   35.268919,        3.52,
 139.423784,   35.268919,        3.65,
 139.428288,   35.268919,        3.77,
 139.432793,   35.268919,        3.96,
 139.437297,   35.268919,        4.19,
 139.441802,   35.268919,        4.40,
 139.446306,   35.268919,        4.77,
 139.450811,   35.268919,        5.23,
 139.455315,   35.268919,        5.68,
 139.459820,   35.268919,        6.35,
 139.464324,   35.268919,        7.05,
 139.468829,   35.268919,        7.82,
 139.473333,   35.268919,        8.61,
 139.477838,   35.268919,        9.33,
 139.482342,   35.268919,       10.00,
 139.486847,   35.268919,       10.65,
 139.491351,   35.268919,       11.11,
 139.495856,   35.268919,       11.50,
 139.500360,   35.268919,       11.89,
 139.504865,   35.268919,       12.23,
 139.509369,   35.268919,       12.56,
 139.513874,   35.268919,       12.89,
 139.518378,   35.268919,       13.21,
 139.522883,   35.268919,       13.54,
 139.527387,   35.268919,       13.91,
 139.531892,   35.268919,       14.29,
 139.536396,   35.268919,       14.71,
 139.540901,   35.268919,       15.22,
 139.545405,   35.268919,       15.77,
 139.549910,   35.268919,       16.42,
 139.554414,   35.268919,       17.15,
 139.558919,   35.268919,       17.98,
 139.563423,   35.268919,       18.77,
 139.567928,   35.268919,       19.59,
 139.572432,   35.268919,       20.51,
 139.576937,   35.268919,       22.09,
 139.581441,   35.268919,       24.61,
 139.585946,   35.268919,       27.31,
 139.590450,   35.268919,       30.10,
 139.594955,   35.268919,       32.93,
 139.599459,   35.268919,       36.63,
 139.603964,   35.268919,       48.02,
 139.608468,   35.268919,       66.32,
 139.612973,   35.268919,       89.82,
 139.617477,   35.268919,      113.91,
 139.621982,   35.268919,      136.76,
 139.626486,   35.268919,      136.76,
 139.630991,   35.268919,      136.76,
 139.635495,   35.268919,      136.76,
 139.640000,   35.268919,      136.76,
 139.644505,   35.268919,      136.76,
 139.649009,   35.268919,      134.04,
 139.653514,   35.268919,      134.04,
 139.658018,   35.268919,      134.04,
 139.662523,   35.268919,      134.04,
 139.667027,   35.268919,      134.04,
 139.671532,   35.268919,      134.04,
 139.676036,   35.268919,      134.04,
 139.680541,   35.268919,      112.90,
 139.685045,   35.268919,       93.15,
 139.689550,   35.268919,       74.85,
 139.694054,   35.268919,       67.80,
 139.698559,   35.268919,       66.92,
 139.703063,   35.268919,       65.43,
 139.707568,   35.268919,       64.02,
 139.712072,   35.268919,       62.14,
 139.716577,   35.268919,       59.13,
 139.721081,   35.268919,       55.44,
 139.725586,   35.268919,       51.00,
 139.730090,   35.268919,       45.95,
 139.734595,   35.268919,       40.43,
 139.739099,   35.268919,       36.54,
 139.743604,   35.268919,       33.49,
 139.748108,   35.268919,       30.79,
 139.752613,   35.268919,       28.45,
 139.757117,   35.268919,       26.56,
 139.761622,   35.268919,       25.38,
 139.766126,   35.268919,       24.23,
 139.770631,   35.268919,       23.40,
 139.775135,   35.268919,       23.84,
 139.779640,   35.268919,       24.23,
 139.784144,   35.268919,       24.78,
 139.788649,   35.268919,       26.41,
 139.793153,   35.268919,       27.97,
 139.797658,   35.268919,       29.56,
 139.802162,   35.268919,       31.81,
 139.806667,   35.268919,       33.99,
 139.811171,   35.268919,       36.11,
 139.815676,   35.268919,       38.24,
 139.820180,   35.268919,       40.15,
 139.824685,   35.268919,       42.03,
 139.829189,   35.268919,       43.78,
 139.833694,   35.268919,       45.02,
 139.838198,   35.268919,       46.00,
 139.842703,   35.268919,       46.93,
 139.847207,   35.268919,       47.55,
 139.851712,   35.268919,       48.09,
 139.856216,   35.268919,       48.68,
 139.860721,   35.268919,       49.66,
 139.865225,   35.268919,       51.14,
 139.869730,   35.268919,       52.24,
 139.874234,   35.268919,       52.60,
 139.878739,   35.268919,       52.74,
 139.883243,   35.268919,       52.73,
 139.887748,   35.268919,       52.61,
 139.892252,   35.268919,       52.43,
 139.896757,   35.268919,       52.21,
 139.901261,   35.268919,       51.94,
 139.905766,   35.268919,       51.64,
 139.910270,   35.268919,       51.32,
 139.914775,   35.268919,       50.96,
 139.919279,   35.268919,       50.60,
 139.923784,   35.268919,       50.22,
 139.928288,   35.268919,       49.82,
 139.932793,   35.268919,       49.42,
 139.937297,   35.268919,       49.01,
 139.941802,   35.268919,       48.60,
 139.946306,   35.268919,       48.18,
 139.950811,   35.268919,       47.76,
 139.955315,   35.268919,       47.33,
 139.959820,   35.268919,       46.91,
 139.964324,   35.268919,       46.48,
 139.968829,   35.268919,       46.05,
 139.973333,   35.268919,       45.62,
 139.977838,   35.268919,       45.19,
 139.982342,   35.268919,       44.77,
 139.986847,   35.268919,       44.34,
 139.991351,   35.268919,       43.92,
 139.995856,   35.268919,       43.50,
 140.000360,   35.268919,       43.09,
 140.004865,   35.268919,       42.68,
 140.009369,   35.268919,       42.28,
 140.013874,   35.268919,       41.88,
 140.018378,   35.268919,       41.49,
 140.022883,   35.268919,       41.10,
 140.027387,   35.268919,       40.72,
 140.031892,   35.268919,       40.34,
 140.036396,   35.268919,       39.97,
 140.040901,   35.268919,       39.60,
 140.045405,   35.268919,       39.24,
 140.049910,   35.268919,       38.89,
 140.054414,   35.268919,       38.53,
 140.058919,   35.268919,       38.18,
 140.063423,   35.268919,       37.84,
 140.067928,   35.268919,       37.50,
 140.072432,   35.268919,       37.16,
 140.076937,   35.268919,       36.83,
 140.081441,   35.268919,       36.50,
 140.085946,   35.268919,       36.17,
 140.090450,   35.268919,       35.85,
 140.094955,   35.268919,       35.54,
 140.099459,   35.268919,       35.22,
 140.103964,   35.268919,       34.92,
 140.108468,   35.268919,       34.61,
 140.112973,   35.268919,       34.31,
 140.117477,   35.268919,       34.01,
 140.121982,   35.268919,       33.72,
 140.126486,   35.268919,       33.43,
 140.130991,   35.268919,       33.14,
 140.135495,   35.268919,       32.85,
 140.140000,   35.268919,       32.57,
 140.144505,   35.268919,       32.30,
 140.149009,   35.268919,       32.02,
 140.153514,   35.268919,       31.75,
 140.158018,   35.268919,       31.48,
 140.162523,   35.268919,       31.22,
 140.167027,   35.268919,       30.96,
 140.171532,   35.268919,       30.70,
 140.176036,   35.268919,       30.45,
 140.180541,   35.268919,       30.19,
 140.185045,   35.268919,       29.94,
 140.189550,   35.268919,       29.70,
 140.194054,   35.268919,       29.45,
 140.198559,   35.268919,       29.21,
 140.203063,   35.268919,       28.96,
 140.207568,   35.268919,       28.72,
 140.212072,   35.268919,       28.48,
 140.216577,   35.268919,       28.24,
 140.221081,   35.268919,       28.00,
 140.225586,   35.268919,       27.76,
 140.230090,   35.268919,       27.52,
 140.234595,   35.268919,       27.28,
 140.239099,   35.268919,       27.04,
 140.243604,   35.268919,       26.80,
 140.248108,   35.268919,       26.56,
 140.252613,   35.268919,       26.31,
 140.257117,   35.268919,       26.07,
 140.261622,   35.268919,       25.82,
 140.266126,   35.268919,       25.57,
 140.270631,   35.268919,       25.32,
 140.275135,   35.268919,       25.06,
 140.279640,   35.268919,       24.80,
 140.284144,   35.268919,       24.54,
 140.288649,   35.268919,       24.27,
 140.293153,   35.268919,       24.00,
 140.297658,   35.268919,       23.72,
 140.302162,   35.268919,       23.45,
 140.306667,   35.268919,       23.16,
 140.311171,   35.268919,       22.87,
 140.315676,   35.268919,       22.58,
 140.320180,   35.268919,       22.28,
 140.324685,   35.268919,       21.98,
 140.329189,   35.268919,       21.67,
 140.333694,   35.268919,       21.36,
 140.338198,   35.268919,       21.11,
 140.342703,   35.268919,       20.87,
 140.347207,   35.268919,       20.63,
 140.351712,   35.268919,       20.40,
 140.356216,   35.268919,       20.16,
 140.360721,   35.268919,       19.92,
 140.365225,   35.268919,       19.69,
 140.369730,   35.268919,       19.45,
 140.374234,   35.268919,       19.21,
 140.378739,   35.268919,       18.98,
 140.383243,   35.268919,       18.74,
 140.387748,   35.268919,       18.50,
 139.140000,   35.273423,        1.89,
 139.144505,   35.273423,        2.28,
 139.149009,   35.273423,        2.67,
 139.153514,   35.273423,        3.06,
 139.158018,   35.273423,        3.46,
 139.162523,   35.273423,        3.85,
 139.167027,   35.273423,        4.25,
 139.171532,   35.273423,        4.66,
 139.176036,   35.273423,        5.06,
 139.180541,   35.273423,        5.47,
 139.185045,   35.273423,        5.88,
 139.189550,   35.273423,        6.29,
 139.194054,   35.273423,        3.31,
 139.198559,   35.273423,        0.87,
 139.203063,   35.273423,        0.89,
 139.207568,   35.273423,        0.92,
 139.212072,   35.273423,        0.95,
 139.216577,   35.273423,        0.98,
 139.221081,   35.273423,        1.02,
 139.225586,   35.273423,        1.06,
 139.230090,   35.273423,        1.10,
 139.234595,   35.273423,        1.15,
 139.239099,   35.273423,        1.21,
 139.243604,   35.273423,        1.29,
 139.248108,   35.273423,        1.37,
 139.252613,   35.273423,        1.46,
 139.257117,   35.273423,        1.57,
 139.261622,   35.273423,        1.69,
 139.266126,   35.273423,        1.81,
 139.270631,   35.273423,        1.96,
 139.275135,   35.273423,        2.12,
 139.279640,   35.273423,        2.25,
 139.284144,   35.273423,        2.35,
 139.288649,   35.273423,        2.45,
 139.293153,   35.273423,        2.43,
 139.297658,   35.273423,        2.41,
 139.302162,   35.273423,        2.39,
 139.306667,   35.273423,        2.36,
 139.311171,   35.273423,        2.29,
 139.315676,   35.273423,        2.22,
 139.320180,   35.273423,        2.15,
 139.324685,   35.273423,        2.09,
 139.329189,   35.273423,        2.05,
 139.333694,   35.273423,        2.03,
 139.338198,   35.273423,        2.01,
 139.342703,   35.273423,        2.01,
 139.347207,   35.273423,        2.01,
 139.351712,   35.273423,        2.04,
 139.356216,   35.273423,        2.09,
 139.360721,   35.273423,        2.15,
 139.365225,   35.273423,        2.20,
 139.369730,   35.273423,        2.25,
 139.374234,   35.273423,        2.32,
 139.378739,   35.273423,        2.43,
 139.383243,   35.273423,        2.53,
 139.387748,   35.273423,        2.63,
 139.392252,   35.273423,        2.74,
 139.396757,   35.273423,        2.87,
 139.401261,   35.273423,        2.99,
 139.405766,   35.273423,        3.12,
 139.410270,   35.273423,        3.26,
 139.414775,   35.273423,        3.40,
 139.419279,   35.273423,        3.55,
 139.423784,   35.273423,        3.71,
 139.428288,   35.273423,        3.85,
 139.432793,   35.273423,        4.16,
 139.437297,   35.273423,        4.41,
 139.441802,   35.273423,        4.79,
 139.446306,   35.273423,        5.29,
 139.450811,   35.273423,        5.77,
 139.455315,   35.273423,        6.48,
 139.459820,   35.273423,        7.21,
 139.464324,   35.273423,        7.98,
 139.468829,   35.273423,        8.80,
 139.473333,   35.273423,        9.58,
 139.477838,   35.273423,       10.26,
 139.482342,   35.273423,       10.92,
 139.486847,   35.273423,       11.44,
 139.491351,   35.273423,       11.86,
 139.495856,   35.273423,       12.24,
 139.500360,   35.273423,       12.61,
 139.504865,   35.273423,       12.95,
 139.509369,   35.273423,       13.28,
 139.513874,   35.273423,       13.62,
 139.518378,   35.273423,       13.94,
 139.522883,   35.273423,       14.29,
 139.527387,   35.273423,       14.68,
 139.531892,   35.273423,       15.07,
 139.536396,   35.273423,       15.55,
 139.540901,   35.273423,       16.07,
 139.545405,   35.273423,       16.61,
 139.549910,   35.273423,       17.30,
 139.554414,   35.273423,       18.02,
 139.558919,   35.273423,       18.74,
 139.563423,   35.273423,       19.51,
 139.567928,   35.273423,       20.28,
 139.572432,   35.273423,       21.12,
 139.576937,   35.273423,       23.56,
 139.581441,   35.273423,       26.28,
 139.585946,   35.273423,       29.11,
 139.590450,   35.273423,       31.98,
 139.594955,   35.273423,       34.87,
 139.599459,   35.273423,       37.80,
 139.603964,   35.273423,       44.78,
 139.608468,   35.273423,       57.81,
 139.612973,   35.273423,       75.49,
 139.617477,   35.273423,       95.69,
 139.621982,   35.273423,      115.08,
 139.626486,   35.273423,      133.37,
 139.630991,   35.273423,      133.37,
 139.635495,   35.273423,      133.37,
 139.640000,   35.273423,      133.37,
 139.644505,   35.273423,      133.37,
 139.649009,   35.273423,      133.37,
 139.653514,   35.273423,      121.59,
 139.658018,   35.273423,      121.59,
 139.662523,   35.273423,      121.59,
 139.667027,   35.273423,      121.59,
 139.671532,   35.273423,      121.59,
 139.676036,   35.273423,      121.59,
 139.680541,   35.273423,      102.79,
 139.685045,   35.273423,       84.41,
 139.689550,   35.273423,       68.29,
 139.694054,   35.273423,       66.92,
 139.698559,   35.273423,       65.29,
 139.703063,   35.273423,       63.27,
 139.707568,   35.273423,       61.12,
 139.712072,   35.273423,       58.93,
 139.716577,   35.273423,       55.94,
 139.721081,   35.273423,       52.13,
 139.725586,   35.273423,       47.95,
 139.730090,   35.273423,       44.07,
 139.734595,   35.273423,       39.80,
 139.739099,   35.273423,       35.91,
 139.743604,   35.273423,       33.22,
 139.748108,   35.273423,       30.76,
 139.752613,   35.273423,       28.38,
 139.757117,   35.273423,       26.91,
 139.761622,   35.273423,       25.78,
 139.766126,   35.273423,       24.76,
 139.770631,   35.273423,       24.61,
 139.775135,   35.273423,       24.89,
 139.779640,   35.273423,       25.40,
 139.784144,   35.273423,       26.41,
 139.788649,   35.273423,       27.81,
 139.793153,   35.273423,       29.40,
 139.797658,   35.273423,       31.12,
 139.802162,   35.273423,       33.17,
 139.806667,   35.273423,       35.31,
 139.811171,   35.273423,       37.36,
 139.815676,   35.273423,       39.24,
 139.820180,   35.273423,       41.05,
 139.824685,   35.273423,       42.85,
 139.829189,   35.273423,       44.54,
 139.833694,   35.273423,       45.65,
 139.838198,   35.273423,       46.61,
 139.842703,   35.273423,       47.44,
 139.847207,   35.273423,       47.95,
 139.851712,   35.273423,       48.45,
 139.856216,   35.273423,       48.99,
 139.860721,   35.273423,       50.17,
 139.865225,   35.273423,       51.63,
 139.869730,   35.273423,       52.74,
 139.874234,   35.273423,       53.13,
 139.878739,   35.273423,       53.31,
 139.883243,   35.273423,       53.34,
 139.887748,   35.273423,       53.26,
 139.892252,   35.273423,       53.11,
 139.896757,   35.273423,       52.91,
 139.901261,   35.273423,       52.67,
 139.905766,   35.273423,       52.39,
 139.910270,   35.273423,       52.07,
 139.914775,   35.273423,       51.73,
 139.919279,   35.273423,       51.37,
 139.923784,   35.273423,       50.99,
 139.928288,   35.273423,       50.60,
 139.932793,   35.273423,       50.21,
 139.937297,   35.273423,       49.80,
 139.941802,   35.273423,       49.39,
 139.946306,   35.273423,       48.98,
 139.950811,   35.273423,       48.56,
 139.955315,   35.273423,       48.14,
 139.959820,   35.273423,       47.71,
 139.964324,   35.273423,       47.29,
 139.968829,   35.273423,       46.86,
 139.973333,   35.273423,       46.44,
 139.977838,   35.273423,       46.01,
 139.982342,   35.273423,       45.59,
 139.986847,   35.273423,       45.17,
 139.991351,   35.273423,       44.75,
 139.995856,   35.273423,       44.33,
 140.000360,   35.273423,       43.92,
 140.004865,   35.273423,       43.52,
 140.009369,   35.273423,       43.12,
 140.013874,   35.273423,       42.72,
 140.018378,   35.273423,       42.33,
 140.022883,   35.273423,       41.95,
 140.027387,   35.273423,       41.57,
 140.031892,   35.273423,       41.20,
 140.036396,   35.273423,       40.83,
 140.040901,   35.273423,       40.47,
 140.045405,   35.273423,       40.11,
 140.049910,   35.273423,       39.75,
 140.054414,   35.273423,       39.40,
 140.058919,   35.273423,       39.06,
 140.063423,   35.273423,       38.72,
 140.067928,   35.273423,       38.38,
 140.072432,   35.273423,       38.04,
 140.076937,   35.273423,       37.71,
 140.081441,   35.273423,       37.39,
 140.085946,   35.273423,       37.07,
 140.090450,   35.273423,       36.75,
 140.094955,   35.273423,       36.43,
 140.099459,   35.273423,       36.12,
 140.103964,   35.273423,       35.82,
 140.108468,   35.273423,       35.51,
 140.112973,   35.273423,       35.21,
 140.117477,   35.273423,       34.92,
 140.121982,   35.273423,       34.62,
 140.126486,   35.273423,       34.33,
 140.130991,   35.273423,       34.05,
 140.135495,   35.273423,       33.76,
 140.140000,   35.273423,       33.49,
 140.144505,   35.273423,       33.21,
 140.149009,   35.273423,       32.94,
 140.153514,   35.273423,       32.67,
 140.158018,   35.273423,       32.40,
 140.162523,   35.273423,       32.14,
 140.167027,   35.273423,       31.88,
 140.171532,   35.273423,       31.62,
 140.176036,   35.273423,       31.37,
 140.180541,   35.273423,       31.11,
 140.185045,   35.273423,       30.87,
 140.189550,   35.273423,       30.62,
 140.194054,   35.273423,       30.37,
 140.198559,   35.273423,       30.13,
 140.203063,   35.273423,       29.88,
 140.207568,   35.273423,       29.64,
 140.212072,   35.273423,       29.40,
 140.216577,   35.273423,       29.16,
 140.221081,   35.273423,       28.91,
 140.225586,   35.273423,       28.67,
 140.230090,   35.273423,       28.43,
 140.234595,   35.273423,       28.19,
 140.239099,   35.273423,       27.95,
 140.243604,   35.273423,       27.70,
 140.248108,   35.273423,       27.46,
 140.252613,   35.273423,       27.21,
 140.257117,   35.273423,       26.96,
 140.261622,   35.273423,       26.71,
 140.266126,   35.273423,       26.45,
 140.270631,   35.273423,       26.19,
 140.275135,   35.273423,       25.93,
 140.279640,   35.273423,       25.67,
 140.284144,   35.273423,       25.40,
 140.288649,   35.273423,       25.13,
 140.293153,   35.273423,       24.85,
 140.297658,   35.273423,       24.57,
 140.302162,   35.273423,       24.29,
 140.306667,   35.273423,       24.00,
 140.311171,   35.273423,       23.71,
 140.315676,   35.273423,       23.41,
 140.320180,   35.273423,       23.11,
 140.324685,   35.273423,       22.80,
 140.329189,   35.273423,       22.48,
 140.333694,   35.273423,       22.21,
 140.338198,   35.273423,       21.97,
 140.342703,   35.273423,       21.73,
 140.347207,   35.273423,       21.50,
 140.351712,   35.273423,       21.26,
 140.356216,   35.273423,       21.02,
 140.360721,   35.273423,       20.79,
 140.365225,   35.273423,       20.55,
 140.369730,   35.273423,       20.31,
 140.374234,   35.273423,       20.07,
 140.378739,   35.273423,       19.84,
 140.383243,   35.273423,       19.60,
 140.387748,   35.273423,       19.36,
 139.140000,   35.277928,        2.14,
 139.144505,   35.277928,        2.53,
 139.149009,   35.277928,        2.92,
 139.153514,   35.277928,        3.31,
 139.158018,   35.277928,        3.70,
 139.162523,   35.277928,        4.10,
 139.167027,   35.277928,        4.50,
 139.171532,   35.277928,        4.90,
 139.176036,   35.277928,        5.30,
 139.180541,   35.277928,        5.71,
 139.185045,   35.277928,        6.12,
 139.189550,   35.277928,        6.53,
 139.194054,   35.277928,        6.94,
 139.198559,   35.277928,        7.36,
 139.203063,   35.277928,        0.91,
 139.207568,   35.277928,        0.93,
 139.212072,   35.277928,        0.96,
 139.216577,   35.277928,        0.99,
 139.221081,   35.277928,        1.02,
 139.225586,   35.277928,        1.05,
 139.230090,   35.277928,        1.09,
 139.234595,   35.277928,        1.14,
 139.239099,   35.277928,        1.19,
 139.243604,   35.277928,        1.27,
 139.248108,   35.277928,        1.34,
 139.252613,   35.277928,        1.42,
 139.257117,   35.277928,        1.53,
 139.261622,   35.277928,        1.64,
 139.266126,   35.277928,        1.74,
 139.270631,   35.277928,        1.87,
 139.275135,   35.277928,        2.00,
 139.279640,   35.277928,        2.12,
 139.284144,   35.277928,        2.23,
 139.288649,   35.277928,        2.32,
 139.293153,   35.277928,        2.36,
 139.297658,   35.277928,        2.36,
 139.302162,   35.277928,        2.36,
 139.306667,   35.277928,        2.36,
 139.311171,   35.277928,        2.31,
 139.315676,   35.277928,        2.26,
 139.320180,   35.277928,        2.20,
 139.324685,   35.277928,        2.15,
 139.329189,   35.277928,        2.11,
 139.333694,   35.277928,        2.08,
 139.338198,   35.277928,        2.06,
 139.342703,   35.277928,        2.07,
 139.347207,   35.277928,        2.09,
 139.351712,   35.277928,        2.12,
 139.356216,   35.277928,        2.15,
 139.360721,   35.277928,        2.20,
 139.365225,   35.277928,        2.26,
 139.369730,   35.277928,        2.32,
 139.374234,   35.277928,        2.38,
 139.378739,   35.277928,        2.47,
 139.383243,   35.277928,        2.57,
 139.387748,   35.277928,        2.66,
 139.392252,   35.277928,        2.77,
 139.396757,   35.277928,        2.90,
 139.401261,   35.277928,        3.03,
 139.405766,   35.277928,        3.17,
 139.410270,   35.277928,        3.31,
 139.414775,   35.277928,        3.46,
 139.419279,   35.277928,        3.65,
 139.423784,   35.277928,        3.85,
 139.428288,   35.277928,        4.12,
 139.432793,   35.277928,        4.46,
 139.437297,   35.277928,        4.81,
 139.441802,   35.277928,        5.35,
 139.446306,   35.277928,        5.89,
 139.450811,   35.277928,        6.57,
 139.455315,   35.277928,        7.37,
 139.459820,   35.277928,        8.15,
 139.464324,   35.277928,        9.02,
 139.468829,   35.277928,        9.86,
 139.473333,   35.277928,       10.58,
 139.477838,   35.277928,       11.24,
 139.482342,   35.277928,       11.84,
 139.486847,   35.277928,       12.27,
 139.491351,   35.277928,       12.67,
 139.495856,   35.277928,       13.06,
 139.500360,   35.277928,       13.43,
 139.504865,   35.277928,       13.77,
 139.509369,   35.277928,       14.11,
 139.513874,   35.277928,       14.44,
 139.518378,   35.277928,       14.79,
 139.522883,   35.277928,       15.16,
 139.527387,   35.277928,       15.54,
 139.531892,   35.277928,       15.98,
 139.536396,   35.277928,       16.44,
 139.540901,   35.277928,       16.97,
 139.545405,   35.277928,       17.54,
 139.549910,   35.277928,       18.15,
 139.554414,   35.277928,       18.83,
 139.558919,   35.277928,       19.48,
 139.563423,   35.277928,       20.18,
 139.567928,   35.277928,       20.85,
 139.572432,   35.277928,       22.24,
 139.576937,   35.277928,       25.05,
 139.581441,   35.277928,       27.95,
 139.585946,   35.277928,       30.90,
 139.590450,   35.277928,       33.84,
 139.594955,   35.277928,       36.78,
 139.599459,   35.277928,       39.72,
 139.603964,   35.277928,       43.54,
 139.608468,   35.277928,       51.98,
 139.612973,   35.277928,       64.45,
 139.617477,   35.277928,       80.25,
 139.621982,   35.277928,       96.51,
 139.626486,   35.277928,      111.84,
 139.630991,   35.277928,      111.84,
 139.635495,   35.277928,      111.84,
 139.640000,   35.277928,      111.84,
 139.644505,   35.277928,      111.84,
 139.649009,   35.277928,      111.84,
 139.653514,   35.277928,      106.24,
 139.658018,   35.277928,      106.24,
 139.662523,   35.277928,      106.24,
 139.667027,   35.277928,      106.24,
 139.671532,   35.277928,      106.24,
 139.676036,   35.277928,      106.24,
 139.680541,   35.277928,       88.39,
 139.685045,   35.277928,       69.18,
 139.689550,   35.277928,       66.96,
 139.694054,   35.277928,       65.16,
 139.698559,   35.277928,       61.98,
 139.703063,   35.277928,       59.20,
 139.707568,   35.277928,       55.92,
 139.712072,   35.277928,       52.73,
 139.716577,   35.277928,       49.98,
 139.721081,   35.277928,       47.08,
 139.725586,   35.277928,       43.97,
 139.730090,   35.277928,       40.65,
 139.734595,   35.277928,       37.39,
 139.739099,   35.277928,       34.99,
 139.743604,   35.277928,       32.57,
 139.748108,   35.277928,       30.18,
 139.752613,   35.277928,       28.40,
 139.757117,   35.277928,       27.36,
 139.761622,   35.277928,       26.21,
 139.766126,   35.277928,       25.73,
 139.770631,   35.277928,       25.95,
 139.775135,   35.277928,       26.10,
 139.779640,   35.277928,       27.01,
 139.784144,   35.277928,       28.18,
 139.788649,   35.277928,       29.32,
 139.793153,   35.277928,       31.06,
 139.797658,   35.277928,       32.86,
 139.802162,   35.277928,       34.70,
 139.806667,   35.277928,       36.71,
 139.811171,   35.277928,       38.66,
 139.815676,   35.277928,       40.48,
 139.820180,   35.277928,       42.18,
 139.824685,   35.277928,       43.81,
 139.829189,   35.277928,       45.31,
 139.833694,   35.277928,       46.20,
 139.838198,   35.277928,       47.08,
 139.842703,   35.277928,       47.82,
 139.847207,   35.277928,       48.32,
 139.851712,   35.277928,       48.68,
 139.856216,   35.277928,       49.38,
 139.860721,   35.277928,       50.69,
 139.865225,   35.277928,       52.11,
 139.869730,   35.277928,       53.25,
 139.874234,   35.277928,       53.69,
 139.878739,   35.277928,       53.91,
 139.883243,   35.277928,       53.97,
 139.887748,   35.277928,       53.93,
 139.892252,   35.277928,       53.81,
 139.896757,   35.277928,       53.63,
 139.901261,   35.277928,       53.41,
 139.905766,   35.277928,       53.14,
 139.910270,   35.277928,       52.83,
 139.914775,   35.277928,       52.50,
 139.919279,   35.277928,       52.14,
 139.923784,   35.277928,       51.77,
 139.928288,   35.277928,       51.39,
 139.932793,   35.277928,       51.00,
 139.937297,   35.277928,       50.60,
 139.941802,   35.277928,       50.19,
 139.946306,   35.277928,       49.78,
 139.950811,   35.277928,       49.36,
 139.955315,   35.277928,       48.95,
 139.959820,   35.277928,       48.53,
 139.964324,   35.277928,       48.10,
 139.968829,   35.277928,       47.68,
 139.973333,   35.277928,       47.26,
 139.977838,   35.277928,       46.83,
 139.982342,   35.277928,       46.41,
 139.986847,   35.277928,       45.99,
 139.991351,   35.277928,       45.58,
 139.995856,   35.277928,       45.17,
 140.000360,   35.277928,       44.76,
 140.004865,   35.277928,       44.36,
 140.009369,   35.277928,       43.96,
 140.013874,   35.277928,       43.57,
 140.018378,   35.277928,       43.18,
 140.022883,   35.277928,       42.80,
 140.027387,   35.277928,       42.43,
 140.031892,   35.277928,       42.06,
 140.036396,   35.277928,       41.69,
 140.040901,   35.277928,       41.33,
 140.045405,   35.277928,       40.98,
 140.049910,   35.277928,       40.62,
 140.054414,   35.277928,       40.28,
 140.058919,   35.277928,       39.93,
 140.063423,   35.277928,       39.59,
 140.067928,   35.277928,       39.26,
 140.072432,   35.277928,       38.93,
 140.076937,   35.277928,       38.60,
 140.081441,   35.277928,       38.28,
 140.085946,   35.277928,       37.96,
 140.090450,   35.277928,       37.64,
 140.094955,   35.277928,       37.33,
 140.099459,   35.277928,       37.02,
 140.103964,   35.277928,       36.71,
 140.108468,   35.277928,       36.41,
 140.112973,   35.277928,       36.11,
 140.117477,   35.277928,       35.82,
 140.121982,   35.277928,       35.53,
 140.126486,   35.277928,       35.24,
 140.130991,   35.277928,       34.96,
 140.135495,   35.277928,       34.68,
 140.140000,   35.277928,       34.40,
 140.144505,   35.277928,       34.12,
 140.149009,   35.277928,       33.85,
 140.153514,   35.277928,       33.58,
 140.158018,   35.277928,       33.32,
 140.162523,   35.277928,       33.06,
 140.167027,   35.277928,       32.80,
 140.171532,   35.277928,       32.54,
 140.176036,   35.277928,       32.29,
 140.180541,   35.277928,       32.04,
 140.185045,   35.277928,       31.79,
 140.189550,   35.277928,       31.54,
 140.194054,   35.277928,       31.29,
 140.198559,   35.277928,       31.05,
 140.203063,   35.277928,       30.80,
 140.207568,   35.277928,       30.56,
 140.212072,   35.277928,       30.31,
 140.216577,   35.277928,       30.07,
 140.221081,   35.277928,       29.83,
 140.225586,   35.277928,       29.58,
 140.230090,   35.277928,       29.34,
 140.234595,   35.277928,       29.09,
 140.239099,   35.277928,       28.85,
 140.243604,   35.277928,       28.60,
 140.248108,   35.277928,       28.35,
 140.252613,   35.277928,       28.10,
 140.257117,   35.277928,       27.85,
 140.261622,   35.277928,       27.59,
 140.266126,   35.277928,       27.33,
 140.270631,   35.277928,       27.07,
 140.275135,   35.277928,       26.80,
 140.279640,   35.277928,       26.53,
 140.284144,   35.277928,       26.26,
 140.288649,   35.277928,       25.99,
 140.293153,   35.277928,       25.70,
 140.297658,   35.277928,       25.42,
 140.302162,   35.277928,       25.13,
 140.306667,   35.277928,       24.84,
 140.311171,   35.277928,       24.54,
 140.315676,   35.277928,       24.23,
 140.320180,   35.277928,       23.93,
 140.324685,   35.277928,       23.61,
 140.329189,   35.277928,       23.31,
 140.333694,   35.277928,       23.07,
 140.338198,   35.277928,       22.83,
 140.342703,   35.277928,       22.59,
 140.347207,   35.277928,       22.36,
 140.351712,   35.277928,       22.12,
 140.356216,   35.277928,       21.88,
 140.360721,   35.277928,       21.65,
 140.365225,   35.277928,       21.41,
 140.369730,   35.277928,       21.17,
 140.374234,   35.277928,       20.94,
 140.378739,   35.277928,       20.70,
 140.383243,   35.277928,       20.46,
 140.387748,   35.277928,       20.23,
 139.140000,   35.282432,        2.39,
 139.144505,   35.282432,        2.78,
 139.149009,   35.282432,        3.16,
 139.153514,   35.282432,        3.55,
 139.158018,   35.282432,        3.95,
 139.162523,   35.282432,        4.34,
 139.167027,   35.282432,        4.74,
 139.171532,   35.282432,        5.14,
 139.176036,   35.282432,        5.54,
 139.180541,   35.282432,        5.95,
 139.185045,   35.282432,        6.35,
 139.189550,   35.282432,        6.76,
 139.194054,   35.282432,        7.18,
 139.198559,   35.282432,        7.59,
 139.203063,   35.282432,        8.01,
 139.207568,   35.282432,        5.36,
 139.212072,   35.282432,        1.11,
 139.216577,   35.282432,        0.99,
 139.221081,   35.282432,        1.01,
 139.225586,   35.282432,        1.04,
 139.230090,   35.282432,        1.09,
 139.234595,   35.282432,        1.13,
 139.239099,   35.282432,        1.18,
 139.243604,   35.282432,        1.25,
 139.248108,   35.282432,        1.32,
 139.252613,   35.282432,        1.39,
 139.257117,   35.282432,        1.49,
 139.261622,   35.282432,        1.59,
 139.266126,   35.282432,        1.70,
 139.270631,   35.282432,        1.82,
 139.275135,   35.282432,        1.93,
 139.279640,   35.282432,        2.03,
 139.284144,   35.282432,        2.12,
 139.288649,   35.282432,        2.21,
 139.293153,   35.282432,        2.28,
 139.297658,   35.282432,        2.31,
 139.302162,   35.282432,        2.34,
 139.306667,   35.282432,        2.34,
 139.311171,   35.282432,        2.32,
 139.315676,   35.282432,        2.29,
 139.320180,   35.282432,        2.25,
 139.324685,   35.282432,        2.22,
 139.329189,   35.282432,        2.18,
 139.333694,   35.282432,        2.14,
 139.338198,   35.282432,        2.11,
 139.342703,   35.282432,        2.14,
 139.347207,   35.282432,        2.17,
 139.351712,   35.282432,        2.20,
 139.356216,   35.282432,        2.22,
 139.360721,   35.282432,        2.27,
 139.365225,   35.282432,        2.33,
 139.369730,   35.282432,        2.39,
 139.374234,   35.282432,        2.45,
 139.378739,   35.282432,        2.53,
 139.383243,   35.282432,        2.63,
 139.387748,   35.282432,        2.73,
 139.392252,   35.282432,        2.85,
 139.396757,   35.282432,        2.97,
 139.401261,   35.282432,        3.09,
 139.405766,   35.282432,        3.21,
 139.410270,   35.282432,        3.42,
 139.414775,   35.282432,        3.63,
 139.419279,   35.282432,        3.84,
 139.423784,   35.282432,        4.09,
 139.428288,   35.282432,        4.46,
 139.432793,   35.282432,        4.84,
 139.437297,   35.282432,        5.41,
 139.441802,   35.282432,        5.99,
 139.446306,   35.282432,        6.64,
 139.450811,   35.282432,        7.49,
 139.455315,   35.282432,        8.31,
 139.459820,   35.282432,        9.23,
 139.464324,   35.282432,       10.13,
 139.468829,   35.282432,       10.95,
 139.473333,   35.282432,       11.65,
 139.477838,   35.282432,       12.29,
 139.482342,   35.282432,       12.78,
 139.486847,   35.282432,       13.20,
 139.491351,   35.282432,       13.56,
 139.495856,   35.282432,       13.92,
 139.500360,   35.282432,       14.29,
 139.504865,   35.282432,       14.65,
 139.509369,   35.282432,       15.00,
 139.513874,   35.282432,       15.33,
 139.518378,   35.282432,       15.70,
 139.522883,   35.282432,       16.08,
 139.527387,   35.282432,       16.47,
 139.531892,   35.282432,       16.91,
 139.536396,   35.282432,       17.38,
 139.540901,   35.282432,       17.90,
 139.545405,   35.282432,       18.46,
 139.549910,   35.282432,       19.01,
 139.554414,   35.282432,       19.61,
 139.558919,   35.282432,       20.22,
 139.563423,   35.282432,       20.73,
 139.567928,   35.282432,       21.30,
 139.572432,   35.282432,       23.50,
 139.576937,   35.282432,       26.67,
 139.581441,   35.282432,       29.72,
 139.585946,   35.282432,       32.72,
 139.590450,   35.282432,       35.71,
 139.594955,   35.282432,       38.68,
 139.599459,   35.282432,       41.65,
 139.603964,   35.282432,       44.62,
 139.608468,   35.282432,       49.15,
 139.612973,   35.282432,       57.16,
 139.617477,   35.282432,       67.99,
 139.621982,   35.282432,       81.08,
 139.626486,   35.282432,       93.88,
 139.630991,   35.282432,      105.76,
 139.635495,   35.282432,      105.76,
 139.640000,   35.282432,      105.76,
 139.644505,   35.282432,      105.76,
 139.649009,   35.282432,      105.76,
 139.653514,   35.282432,      102.89,
 139.658018,   35.282432,      102.89,
 139.662523,   35.282432,      102.89,
 139.667027,   35.282432,      102.89,
 139.671532,   35.282432,      102.89,
 139.676036,   35.282432,       86.01,
 139.680541,   35.282432,       71.58,
 139.685045,   35.282432,       68.00,
 139.689550,   35.282432,       65.55,
 139.694054,   35.282432,       62.05,
 139.698559,   35.282432,       58.41,
 139.703063,   35.282432,       54.48,
 139.707568,   35.282432,       50.62,
 139.712072,   35.282432,       47.47,
 139.716577,   35.282432,       44.44,
 139.721081,   35.282432,       41.78,
 139.725586,   35.282432,       39.77,
 139.730090,   35.282432,       37.33,
 139.734595,   35.282432,       35.03,
 139.739099,   35.282432,       33.44,
 139.743604,   35.282432,       31.69,
 139.748108,   35.282432,       29.70,
 139.752613,   35.282432,       28.87,
 139.757117,   35.282432,       28.01,
 139.761622,   35.282432,       27.17,
 139.766126,   35.282432,       27.22,
 139.770631,   35.282432,       27.40,
 139.775135,   35.282432,       27.92,
 139.779640,   35.282432,       28.95,
 139.784144,   35.282432,       30.10,
 139.788649,   35.282432,       31.43,
 139.793153,   35.282432,       33.04,
 139.797658,   35.282432,       34.77,
 139.802162,   35.282432,       36.46,
 139.806667,   35.282432,       38.22,
 139.811171,   35.282432,       40.04,
 139.815676,   35.282432,       41.77,
 139.820180,   35.282432,       43.27,
 139.824685,   35.282432,       44.64,
 139.829189,   35.282432,       45.82,
 139.833694,   35.282432,       46.71,
 139.838198,   35.282432,       47.55,
 139.842703,   35.282432,       48.20,
 139.847207,   35.282432,       48.57,
 139.851712,   35.282432,       48.89,
 139.856216,   35.282432,       49.84,
 139.860721,   35.282432,       51.21,
 139.865225,   35.282432,       52.60,
 139.869730,   35.282432,       53.78,
 139.874234,   35.282432,       54.28,
 139.878739,   35.282432,       54.53,
 139.883243,   35.282432,       54.63,
 139.887748,   35.282432,       54.61,
 139.892252,   35.282432,       54.52,
 139.896757,   35.282432,       54.37,
 139.901261,   35.282432,       54.16,
 139.905766,   35.282432,       53.90,
 139.910270,   35.282432,       53.60,
 139.914775,   35.282432,       53.28,
 139.919279,   35.282432,       52.93,
 139.923784,   35.282432,       52.56,
 139.928288,   35.282432,       52.18,
 139.932793,   35.282432,       51.80,
 139.937297,   35.282432,       51.40,
 139.941802,   35.282432,       50.99,
 139.946306,   35.282432,       50.58,
 139.950811,   35.282432,       50.17,
 139.955315,   35.282432,       49.76,
 139.959820,   35.282432,       49.34,
 139.964324,   35.282432,       48.92,
 139.968829,   35.282432,       48.50,
 139.973333,   35.282432,       48.08,
 139.977838,   35.282432,       47.66,
 139.982342,   35.282432,       47.24,
 139.986847,   35.282432,       46.82,
 139.991351,   35.282432,       46.41,
 139.995856,   35.282432,       46.00,
 140.000360,   35.282432,       45.60,
 140.004865,   35.282432,       45.20,
 140.009369,   35.282432,       44.80,
 140.013874,   35.282432,       44.41,
 140.018378,   35.282432,       44.03,
 140.022883,   35.282432,       43.65,
 140.027387,   35.282432,       43.28,
 140.031892,   35.282432,       42.91,
 140.036396,   35.282432,       42.55,
 140.040901,   35.282432,       42.20,
 140.045405,   35.282432,       41.84,
 140.049910,   35.282432,       41.49,
 140.054414,   35.282432,       41.15,
 140.058919,   35.282432,       40.81,
 140.063423,   35.282432,       40.47,
 140.067928,   35.282432,       40.14,
 140.072432,   35.282432,       39.81,
 140.076937,   35.282432,       39.49,
 140.081441,   35.282432,       39.16,
 140.085946,   35.282432,       38.85,
 140.090450,   35.282432,       38.53,
 140.094955,   35.282432,       38.22,
 140.099459,   35.282432,       37.92,
 140.103964,   35.282432,       37.61,
 140.108468,   35.282432,       37.31,
 140.112973,   35.282432,       37.02,
 140.117477,   35.282432,       36.72,
 140.121982,   35.282432,       36.43,
 140.126486,   35.282432,       36.15,
 140.130991,   35.282432,       35.87,
 140.135495,   35.282432,       35.59,
 140.140000,   35.282432,       35.31,
 140.144505,   35.282432,       35.04,
 140.149009,   35.282432,       34.77,
 140.153514,   35.282432,       34.50,
 140.158018,   35.282432,       34.24,
 140.162523,   35.282432,       33.98,
 140.167027,   35.282432,       33.72,
 140.171532,   35.282432,       33.46,
 140.176036,   35.282432,       33.21,
 140.180541,   35.282432,       32.96,
 140.185045,   35.282432,       32.71,
 140.189550,   35.282432,       32.46,
 140.194054,   35.282432,       32.21,
 140.198559,   35.282432,       31.97,
 140.203063,   35.282432,       31.72,
 140.207568,   35.282432,       31.47,
 140.212072,   35.282432,       31.23,
 140.216577,   35.282432,       30.98,
 140.221081,   35.282432,       30.74,
 140.225586,   35.282432,       30.49,
 140.230090,   35.282432,       30.24,
 140.234595,   35.282432,       30.00,
 140.239099,   35.282432,       29.75,
 140.243604,   35.282432,       29.50,
 140.248108,   35.282432,       29.24,
 140.252613,   35.282432,       28.99,
 140.257117,   35.282432,       28.73,
 140.261622,   35.282432,       28.47,
 140.266126,   35.282432,       28.20,
 140.270631,   35.282432,       27.94,
 140.275135,   35.282432,       27.67,
 140.279640,   35.282432,       27.39,
 140.284144,   35.282432,       27.12,
 140.288649,   35.282432,       26.84,
 140.293153,   35.282432,       26.55,
 140.297658,   35.282432,       26.26,
 140.302162,   35.282432,       25.97,
 140.306667,   35.282432,       25.67,
 140.311171,   35.282432,       25.36,
 140.315676,   35.282432,       25.05,
 140.320180,   35.282432,       24.74,
 140.324685,   35.282432,       24.42,
 140.329189,   35.282432,       24.17,
 140.333694,   35.282432,       23.93,
 140.338198,   35.282432,       23.69,
 140.342703,   35.282432,       23.46,
 140.347207,   35.282432,       23.22,
 140.351712,   35.282432,       22.98,
 140.356216,   35.282432,       22.75,
 140.360721,   35.282432,       22.51,
 140.365225,   35.282432,       22.27,
 140.369730,   35.282432,       22.04,
 140.374234,   35.282432,       21.80,
 140.378739,   35.282432,       21.56,
 140.383243,   35.282432,       21.32,
 140.387748,   35.282432,       21.09,
 139.140000,   35.286937,        2.63,
 139.144505,   35.286937,        3.02,
 139.149009,   35.286937,        3.40,
 139.153514,   35.286937,        3.79,
 139.158018,   35.286937,        4.19,
 139.162523,   35.286937,        4.58,
 139.167027,   35.286937,        4.98,
 139.171532,   35.286937,        5.37,
 139.176036,   35.286937,        5.78,
 139.180541,   35.286937,        6.18,
 139.185045,   35.286937,        6.59,
 139.189550,   35.286937,        7.00,
 139.194054,   35.286937,        7.41,
 139.198559,   35.286937,        7.82,
 139.203063,   35.286937,        8.24,
 139.207568,   35.286937,        8.66,
 139.212072,   35.286937,        9.08,
 139.216577,   35.286937,        3.51,
 139.221081,   35.286937,        1.72,
 139.225586,   35.286937,        1.07,
 139.230090,   35.286937,        1.08,
 139.234595,   35.286937,        1.13,
 139.239099,   35.286937,        1.18,
 139.243604,   35.286937,        1.24,
 139.248108,   35.286937,        1.30,
 139.252613,   35.286937,        1.37,
 139.257117,   35.286937,        1.46,
 139.261622,   35.286937,        1.56,
 139.266126,   35.286937,        1.66,
 139.270631,   35.286937,        1.76,
 139.275135,   35.286937,        1.86,
 139.279640,   35.286937,        1.95,
 139.284144,   35.286937,        2.04,
 139.288649,   35.286937,        2.12,
 139.293153,   35.286937,        2.20,
 139.297658,   35.286937,        2.25,
 139.302162,   35.286937,        2.31,
 139.306667,   35.286937,        2.33,
 139.311171,   35.286937,        2.31,
 139.315676,   35.286937,        2.30,
 139.320180,   35.286937,        2.30,
 139.324685,   35.286937,        2.28,
 139.329189,   35.286937,        2.24,
 139.333694,   35.286937,        2.22,
 139.338198,   35.286937,        2.22,
 139.342703,   35.286937,        2.24,
 139.347207,   35.286937,        2.27,
 139.351712,   35.286937,        2.29,
 139.356216,   35.286937,        2.31,
 139.360721,   35.286937,        2.35,
 139.365225,   35.286937,        2.42,
 139.369730,   35.286937,        2.48,
 139.374234,   35.286937,        2.53,
 139.378739,   35.286937,        2.59,
 139.383243,   35.286937,        2.72,
 139.387748,   35.286937,        2.83,
 139.392252,   35.286937,        2.95,
 139.396757,   35.286937,        3.07,
 139.401261,   35.286937,        3.23,
 139.405766,   35.286937,        3.42,
 139.410270,   35.286937,        3.62,
 139.414775,   35.286937,        3.83,
 139.419279,   35.286937,        4.12,
 139.423784,   35.286937,        4.53,
 139.428288,   35.286937,        4.93,
 139.432793,   35.286937,        5.49,
 139.437297,   35.286937,        6.13,
 139.441802,   35.286937,        6.77,
 139.446306,   35.286937,        7.63,
 139.450811,   35.286937,        8.49,
 139.455315,   35.286937,        9.41,
 139.459820,   35.286937,       10.42,
 139.464324,   35.286937,       11.34,
 139.468829,   35.286937,       12.10,
 139.473333,   35.286937,       12.82,
 139.477838,   35.286937,       13.37,
 139.482342,   35.286937,       13.81,
 139.486847,   35.286937,       14.22,
 139.491351,   35.286937,       14.54,
 139.495856,   35.286937,       14.85,
 139.500360,   35.286937,       15.21,
 139.504865,   35.286937,       15.57,
 139.509369,   35.286937,       15.93,
 139.513874,   35.286937,       16.28,
 139.518378,   35.286937,       16.65,
 139.522883,   35.286937,       17.03,
 139.527387,   35.286937,       17.43,
 139.531892,   35.286937,       17.86,
 139.536396,   35.286937,       18.33,
 139.540901,   35.286937,       18.84,
 139.545405,   35.286937,       19.35,
 139.549910,   35.286937,       19.86,
 139.554414,   35.286937,       20.41,
 139.558919,   35.286937,       20.80,
 139.563423,   35.286937,       21.24,
 139.567928,   35.286937,       21.95,
 139.572432,   35.286937,       25.26,
 139.576937,   35.286937,       28.46,
 139.581441,   35.286937,       31.53,
 139.585946,   35.286937,       34.56,
 139.590450,   35.286937,       37.57,
 139.594955,   35.286937,       40.57,
 139.599459,   35.286937,       43.56,
 139.603964,   35.286937,       46.55,
 139.608468,   35.286937,       49.54,
 139.612973,   35.286937,       53.80,
 139.617477,   35.286937,       60.43,
 139.621982,   35.286937,       68.95,
 139.626486,   35.286937,       79.06,
 139.630991,   35.286937,       88.87,
 139.635495,   35.286937,       97.86,
 139.640000,   35.286937,       97.86,
 139.644505,   35.286937,       97.86,
 139.649009,   35.286937,       97.86,
 139.653514,   35.286937,       93.38,
 139.658018,   35.286937,       93.38,
 139.662523,   35.286937,       93.38,
 139.667027,   35.286937,       93.38,
 139.671532,   35.286937,       80.86,
 139.676036,   35.286937,       72.90,
 139.680541,   35.286937,       70.76,
 139.685045,   35.286937,       67.01,
 139.689550,   35.286937,       63.21,
 139.694054,   35.286937,       58.91,
 139.698559,   35.286937,       54.48,
 139.703063,   35.286937,       50.23,
 139.707568,   35.286937,       46.06,
 139.712072,   35.286937,       43.06,
 139.716577,   35.286937,       40.31,
 139.721081,   35.286937,       38.17,
 139.725586,   35.286937,       36.29,
 139.730090,   35.286937,       34.07,
 139.734595,   35.286937,       33.10,
 139.739099,   35.286937,       32.00,
 139.743604,   35.286937,       30.60,
 139.748108,   35.286937,       29.95,
 139.752613,   35.286937,       29.40,
 139.757117,   35.286937,       28.70,
 139.761622,   35.286937,       28.64,
 139.766126,   35.286937,       29.05,
 139.770631,   35.286937,       29.22,
 139.775135,   35.286937,       30.27,
 139.779640,   35.286937,       31.32,
 139.784144,   35.286937,       32.46,
 139.788649,   35.286937,       33.73,
 139.793153,   35.286937,       35.16,
 139.797658,   35.286937,       36.80,
 139.802162,   35.286937,       38.40,
 139.806667,   35.286937,       40.01,
 139.811171,   35.286937,       41.61,
 139.815676,   35.286937,       43.04,
 139.820180,   35.286937,       44.17,
 139.824685,   35.286937,       45.31,
 139.829189,   35.286937,       46.41,
 139.833694,   35.286937,       47.22,
 139.838198,   35.286937,       47.92,
 139.842703,   35.286937,       48.40,
 139.847207,   35.286937,       48.75,
 139.851712,   35.286937,       49.09,
 139.856216,   35.286937,       50.35,
 139.860721,   35.286937,       51.76,
 139.865225,   35.286937,       53.13,
 139.869730,   35.286937,       54.34,
 139.874234,   35.286937,       54.90,
 139.878739,   35.286937,       55.17,
 139.883243,   35.286937,       55.30,
 139.887748,   35.286937,       55.32,
 139.892252,   35.286937,       55.25,
 139.896757,   35.286937,       55.12,
 139.901261,   35.286937,       54.92,
 139.905766,   35.286937,       54.67,
 139.910270,   35.286937,       54.38,
 139.914775,   35.286937,       54.06,
 139.919279,   35.286937,       53.72,
 139.923784,   35.286937,       53.36,
 139.928288,   35.286937,       52.98,
 139.932793,   35.286937,       52.60,
 139.937297,   35.286937,       52.20,
 139.941802,   35.286937,       51.80,
 139.946306,   35.286937,       51.40,
 139.950811,   35.286937,       50.99,
 139.955315,   35.286937,       50.57,
 139.959820,   35.286937,       50.16,
 139.964324,   35.286937,       49.74,
 139.968829,   35.286937,       49.32,
 139.973333,   35.286937,       48.90,
 139.977838,   35.286937,       48.48,
 139.982342,   35.286937,       48.07,
 139.986847,   35.286937,       47.65,
 139.991351,   35.286937,       47.24,
 139.995856,   35.286937,       46.84,
 140.000360,   35.286937,       46.44,
 140.004865,   35.286937,       46.04,
 140.009369,   35.286937,       45.65,
 140.013874,   35.286937,       45.26,
 140.018378,   35.286937,       44.88,
 140.022883,   35.286937,       44.51,
 140.027387,   35.286937,       44.14,
 140.031892,   35.286937,       43.77,
 140.036396,   35.286937,       43.41,
 140.040901,   35.286937,       43.06,
 140.045405,   35.286937,       42.71,
 140.049910,   35.286937,       42.36,
 140.054414,   35.286937,       42.02,
 140.058919,   35.286937,       41.68,
 140.063423,   35.286937,       41.35,
 140.067928,   35.286937,       41.02,
 140.072432,   35.286937,       40.69,
 140.076937,   35.286937,       40.37,
 140.081441,   35.286937,       40.05,
 140.085946,   35.286937,       39.74,
 140.090450,   35.286937,       39.42,
 140.094955,   35.286937,       39.12,
 140.099459,   35.286937,       38.81,
 140.103964,   35.286937,       38.51,
 140.108468,   35.286937,       38.21,
 140.112973,   35.286937,       37.92,
 140.117477,   35.286937,       37.63,
 140.121982,   35.286937,       37.34,
 140.126486,   35.286937,       37.05,
 140.130991,   35.286937,       36.77,
 140.135495,   35.286937,       36.50,
 140.140000,   35.286937,       36.22,
 140.144505,   35.286937,       35.95,
 140.149009,   35.286937,       35.68,
 140.153514,   35.286937,       35.42,
 140.158018,   35.286937,       35.15,
 140.162523,   35.286937,       34.89,
 140.167027,   35.286937,       34.64,
 140.171532,   35.286937,       34.38,
 140.176036,   35.286937,       34.13,
 140.180541,   35.286937,       33.88,
 140.185045,   35.286937,       33.63,
 140.189550,   35.286937,       33.38,
 140.194054,   35.286937,       33.13,
 140.198559,   35.286937,       32.88,
 140.203063,   35.286937,       32.63,
 140.207568,   35.286937,       32.39,
 140.212072,   35.286937,       32.14,
 140.216577,   35.286937,       31.89,
 140.221081,   35.286937,       31.64,
 140.225586,   35.286937,       31.40,
 140.230090,   35.286937,       31.15,
 140.234595,   35.286937,       30.90,
 140.239099,   35.286937,       30.64,
 140.243604,   35.286937,       30.39,
 140.248108,   35.286937,       30.13,
 140.252613,   35.286937,       29.87,
 140.257117,   35.286937,       29.60,
 140.261622,   35.286937,       29.34,
 140.266126,   35.286937,       29.07,
 140.270631,   35.286937,       28.80,
 140.275135,   35.286937,       28.53,
 140.279640,   35.286937,       28.25,
 140.284144,   35.286937,       27.97,
 140.288649,   35.286937,       27.68,
 140.293153,   35.286937,       27.39,
 140.297658,   35.286937,       27.09,
 140.302162,   35.286937,       26.80,
 140.306667,   35.286937,       26.49,
 140.311171,   35.286937,       26.18,
 140.315676,   35.286937,       25.86,
 140.320180,   35.286937,       25.54,
 140.324685,   35.286937,       25.27,
 140.329189,   35.286937,       25.03,
 140.333694,   35.286937,       24.79,
 140.338198,   35.286937,       24.56,
 140.342703,   35.286937,       24.32,
 140.347207,   35.286937,       24.08,
 140.351712,   35.286937,       23.84,
 140.356216,   35.286937,       23.61,
 140.360721,   35.286937,       23.37,
 140.365225,   35.286937,       23.13,
 140.369730,   35.286937,       22.90,
 140.374234,   35.286937,       22.66,
 140.378739,   35.286937,       22.42,
 140.383243,   35.286937,       22.19,
 140.387748,   35.286937,       21.95,
 139.140000,   35.291441,        2.88,
 139.144505,   35.291441,        3.26,
 139.149009,   35.291441,        3.64,
 139.153514,   35.291441,        4.03,
 139.158018,   35.291441,        4.42,
 139.162523,   35.291441,        4.82,
 139.167027,   35.291441,        5.21,
 139.171532,   35.291441,        5.61,
 139.176036,   35.291441,        6.01,
 139.180541,   35.291441,        6.41,
 139.185045,   35.291441,        6.82,
 139.189550,   35.291441,        7.23,
 139.194054,   35.291441,        7.64,
 139.198559,   35.291441,        8.05,
 139.203063,   35.291441,        8.46,
 139.207568,   35.291441,        8.88,
 139.212072,   35.291441,        9.30,
 139.216577,   35.291441,        9.73,
 139.221081,   35.291441,        7.54,
 139.225586,   35.291441,        3.00,
 139.230090,   35.291441,        2.33,
 139.234595,   35.291441,        1.65,
 139.239099,   35.291441,        1.17,
 139.243604,   35.291441,        1.23,
 139.248108,   35.291441,        1.29,
 139.252613,   35.291441,        1.36,
 139.257117,   35.291441,        1.44,
 139.261622,   35.291441,        1.54,
 139.266126,   35.291441,        1.63,
 139.270631,   35.291441,        1.72,
 139.275135,   35.291441,        1.81,
 139.279640,   35.291441,        1.90,
 139.284144,   35.291441,        1.98,
 139.288649,   35.291441,        2.07,
 139.293153,   35.291441,        2.13,
 139.297658,   35.291441,        2.20,
 139.302162,   35.291441,        2.28,
 139.306667,   35.291441,        2.31,
 139.311171,   35.291441,        2.32,
 139.315676,   35.291441,        2.32,
 139.320180,   35.291441,        2.33,
 139.324685,   35.291441,        2.33,
 139.329189,   35.291441,        2.31,
 139.333694,   35.291441,        2.31,
 139.338198,   35.291441,        2.33,
 139.342703,   35.291441,        2.35,
 139.347207,   35.291441,        2.38,
 139.351712,   35.291441,        2.40,
 139.356216,   35.291441,        2.44,
 139.360721,   35.291441,        2.48,
 139.365225,   35.291441,        2.54,
 139.369730,   35.291441,        2.60,
 139.374234,   35.291441,        2.65,
 139.378739,   35.291441,        2.74,
 139.383243,   35.291441,        2.85,
 139.387748,   35.291441,        2.96,
 139.392252,   35.291441,        3.05,
 139.396757,   35.291441,        3.23,
 139.401261,   35.291441,        3.45,
 139.405766,   35.291441,        3.65,
 139.410270,   35.291441,        3.86,
 139.414775,   35.291441,        4.21,
 139.419279,   35.291441,        4.61,
 139.423784,   35.291441,        5.03,
 139.428288,   35.291441,        5.59,
 139.432793,   35.291441,        6.26,
 139.437297,   35.291441,        6.93,
 139.441802,   35.291441,        7.76,
 139.446306,   35.291441,        8.65,
 139.450811,   35.291441,        9.55,
 139.455315,   35.291441,       10.55,
 139.459820,   35.291441,       11.56,
 139.464324,   35.291441,       12.45,
 139.468829,   35.291441,       13.19,
 139.473333,   35.291441,       13.87,
 139.477838,   35.291441,       14.30,
 139.482342,   35.291441,       14.73,
 139.486847,   35.291441,       15.20,
 139.491351,   35.291441,       15.55,
 139.495856,   35.291441,       15.83,
 139.500360,   35.291441,       16.11,
 139.504865,   35.291441,       16.47,
 139.509369,   35.291441,       16.84,
 139.513874,   35.291441,       17.20,
 139.518378,   35.291441,       17.57,
 139.522883,   35.291441,       17.96,
 139.527387,   35.291441,       18.37,
 139.531892,   35.291441,       18.75,
 139.536396,   35.291441,       19.19,
 139.540901,   35.291441,       19.67,
 139.545405,   35.291441,       20.11,
 139.549910,   35.291441,       20.59,
 139.554414,   35.291441,       20.93,
 139.558919,   35.291441,       21.22,
 139.563423,   35.291441,       21.64,
 139.567928,   35.291441,       24.03,
 139.572432,   35.291441,       27.15,
 139.576937,   35.291441,       30.31,
 139.581441,   35.291441,       33.39,
 139.585946,   35.291441,       36.43,
 139.590450,   35.291441,       39.45,
 139.594955,   35.291441,       42.45,
 139.599459,   35.291441,       45.45,
 139.603964,   35.291441,       48.46,
 139.608468,   35.291441,       51.46,
 139.612973,   35.291441,       54.46,
 139.617477,   35.291441,       57.82,
 139.621982,   35.291441,       62.58,
 139.626486,   35.291441,       68.42,
 139.630991,   35.291441,       75.09,
 139.635495,   35.291441,       82.19,
 139.640000,   35.291441,       88.86,
 139.644505,   35.291441,       88.86,
 139.649009,   35.291441,       90.42,
 139.653514,   35.291441,       90.42,
 139.658018,   35.291441,       90.42,
 139.662523,   35.291441,       81.95,
 139.667027,   35.291441,       75.66,
 139.671532,   35.291441,       74.04,
 139.676036,   35.291441,       72.92,
 139.680541,   35.291441,       70.93,
 139.685045,   35.291441,       65.59,
 139.689550,   35.291441,       60.50,
 139.694054,   35.291441,       55.95,
 139.698559,   35.291441,       51.03,
 139.703063,   35.291441,       46.21,
 139.707568,   35.291441,       42.71,
 139.712072,   35.291441,       39.74,
 139.716577,   35.291441,       36.54,
 139.721081,   35.291441,       35.48,
 139.725586,   35.291441,       34.01,
 139.730090,   35.291441,       32.80,
 139.734595,   35.291441,       32.05,
 139.739099,   35.291441,       31.10,
 139.743604,   35.291441,       30.46,
 139.748108,   35.291441,       30.52,
 139.752613,   35.291441,       30.15,
 139.757117,   35.291441,       30.19,
 139.761622,   35.291441,       30.88,
 139.766126,   35.291441,       31.37,
 139.770631,   35.291441,       32.14,
 139.775135,   35.291441,       33.18,
 139.779640,   35.291441,       34.19,
 139.784144,   35.291441,       35.25,
 139.788649,   35.291441,       36.34,
 139.793153,   35.291441,       37.42,
 139.797658,   35.291441,       38.75,
 139.802162,   35.291441,       40.25,
 139.806667,   35.291441,       41.77,
 139.811171,   35.291441,       42.98,
 139.815676,   35.291441,       44.21,
 139.820180,   35.291441,       45.26,
 139.824685,   35.291441,       46.15,
 139.829189,   35.291441,       46.98,
 139.833694,   35.291441,       47.53,
 139.838198,   35.291441,       48.07,
 139.842703,   35.291441,       48.55,
 139.847207,   35.291441,       48.92,
 139.851712,   35.291441,       49.59,
 139.856216,   35.291441,       51.05,
 139.860721,   35.291441,       52.41,
 139.865225,   35.291441,       53.73,
 139.869730,   35.291441,       54.93,
 139.874234,   35.291441,       55.57,
 139.878739,   35.291441,       55.85,
 139.883243,   35.291441,       56.00,
 139.887748,   35.291441,       56.04,
 139.892252,   35.291441,       56.00,
 139.896757,   35.291441,       55.88,
 139.901261,   35.291441,       55.70,
 139.905766,   35.291441,       55.46,
 139.910270,   35.291441,       55.17,
 139.914775,   35.291441,       54.86,
 139.919279,   35.291441,       54.52,
 139.923784,   35.291441,       54.16,
 139.928288,   35.291441,       53.79,
 139.932793,   35.291441,       53.41,
 139.937297,   35.291441,       53.01,
 139.941802,   35.291441,       52.61,
 139.946306,   35.291441,       52.21,
 139.950811,   35.291441,       51.80,
 139.955315,   35.291441,       51.39,
 139.959820,   35.291441,       50.98,
 139.964324,   35.291441,       50.56,
 139.968829,   35.291441,       50.15,
 139.973333,   35.291441,       49.73,
 139.977838,   35.291441,       49.31,
 139.982342,   35.291441,       48.90,
 139.986847,   35.291441,       48.48,
 139.991351,   35.291441,       48.08,
 139.995856,   35.291441,       47.67,
 140.000360,   35.291441,       47.28,
 140.004865,   35.291441,       46.88,
 140.009369,   35.291441,       46.49,
 140.013874,   35.291441,       46.11,
 140.018378,   35.291441,       45.73,
 140.022883,   35.291441,       45.36,
 140.027387,   35.291441,       44.99,
 140.031892,   35.291441,       44.63,
 140.036396,   35.291441,       44.28,
 140.040901,   35.291441,       43.92,
 140.045405,   35.291441,       43.58,
 140.049910,   35.291441,       43.23,
 140.054414,   35.291441,       42.89,
 140.058919,   35.291441,       42.56,
 140.063423,   35.291441,       42.23,
 140.067928,   35.291441,       41.90,
 140.072432,   35.291441,       41.58,
 140.076937,   35.291441,       41.26,
 140.081441,   35.291441,       40.94,
 140.085946,   35.291441,       40.63,
 140.090450,   35.291441,       40.32,
 140.094955,   35.291441,       40.01,
 140.099459,   35.291441,       39.71,
 140.103964,   35.291441,       39.41,
 140.108468,   35.291441,       39.11,
 140.112973,   35.291441,       38.82,
 140.117477,   35.291441,       38.53,
 140.121982,   35.291441,       38.24,
 140.126486,   35.291441,       37.96,
 140.130991,   35.291441,       37.68,
 140.135495,   35.291441,       37.41,
 140.140000,   35.291441,       37.13,
 140.144505,   35.291441,       36.86,
 140.149009,   35.291441,       36.60,
 140.153514,   35.291441,       36.33,
 140.158018,   35.291441,       36.07,
 140.162523,   35.291441,       35.81,
 140.167027,   35.291441,       35.55,
 140.171532,   35.291441,       35.30,
 140.176036,   35.291441,       35.05,
 140.180541,   35.291441,       34.80,
 140.185045,   35.291441,       34.55,
 140.189550,   35.291441,       34.30,
 140.194054,   35.291441,       34.05,
 140.198559,   35.291441,       33.80,
 140.203063,   35.291441,       33.55,
 140.207568,   35.291441,       33.30,
 140.212072,   35.291441,       33.05,
 140.216577,   35.291441,       32.80,
 140.221081,   35.291441,       32.55,
 140.225586,   35.291441,       32.30,
 140.230090,   35.291441,       32.05,
 140.234595,   35.291441,       31.79,
 140.239099,   35.291441,       31.53,
 140.243604,   35.291441,       31.27,
 140.248108,   35.291441,       31.01,
 140.252613,   35.291441,       30.74,
 140.257117,   35.291441,       30.48,
 140.261622,   35.291441,       30.21,
 140.266126,   35.291441,       29.93,
 140.270631,   35.291441,       29.66,
 140.275135,   35.291441,       29.38,
 140.279640,   35.291441,       29.10,
 140.284144,   35.291441,       28.81,
 140.288649,   35.291441,       28.52,
 140.293153,   35.291441,       28.22,
 140.297658,   35.291441,       27.92,
 140.302162,   35.291441,       27.62,
 140.306667,   35.291441,       27.31,
 140.311171,   35.291441,       26.99,
 140.315676,   35.291441,       26.67,
 140.320180,   35.291441,       26.36,
 140.324685,   35.291441,       26.13,
 140.329189,   35.291441,       25.89,
 140.333694,   35.291441,       25.65,
 140.338198,   35.291441,       25.42,
 140.342703,   35.291441,       25.18,
 140.347207,   35.291441,       24.94,
 140.351712,   35.291441,       24.71,
 140.356216,   35.291441,       24.47,
 140.360721,   35.291441,       24.23,
 140.365225,   35.291441,       24.00,
 140.369730,   35.291441,       23.76,
 140.374234,   35.291441,       23.52,
 140.378739,   35.291441,       23.29,
 140.383243,   35.291441,       23.05,
 140.387748,   35.291441,       22.81,
 139.140000,   35.295946,        3.12,
 139.144505,   35.295946,        3.50,
 139.149009,   35.295946,        3.88,
 139.153514,   35.295946,        4.27,
 139.158018,   35.295946,        4.66,
 139.162523,   35.295946,        5.05,
 139.167027,   35.295946,        5.44,
 139.171532,   35.295946,        5.84,
 139.176036,   35.295946,        6.24,
 139.180541,   35.295946,        6.64,
 139.185045,   35.295946,        7.05,
 139.189550,   35.295946,        7.45,
 139.194054,   35.295946,        7.86,
 139.198559,   35.295946,        8.27,
 139.203063,   35.295946,        8.69,
 139.207568,   35.295946,        9.11,
 139.212072,   35.295946,        9.53,
 139.216577,   35.295946,        9.95,
 139.221081,   35.295946,       10.37,
 139.225586,   35.295946,       10.80,
 139.230090,   35.295946,        6.04,
 139.234595,   35.295946,        3.63,
 139.239099,   35.295946,        2.96,
 139.243604,   35.295946,        2.27,
 139.248108,   35.295946,        1.59,
 139.252613,   35.295946,        1.35,
 139.257117,   35.295946,        1.43,
 139.261622,   35.295946,        1.52,
 139.266126,   35.295946,        1.61,
 139.270631,   35.295946,        1.70,
 139.275135,   35.295946,        1.79,
 139.279640,   35.295946,        1.88,
 139.284144,   35.295946,        1.97,
 139.288649,   35.295946,        2.06,
 139.293153,   35.295946,        2.12,
 139.297658,   35.295946,        2.19,
 139.302162,   35.295946,        2.25,
 139.306667,   35.295946,        2.30,
 139.311171,   35.295946,        2.34,
 139.315676,   35.295946,        2.37,
 139.320180,   35.295946,        2.38,
 139.324685,   35.295946,        2.39,
 139.329189,   35.295946,        2.39,
 139.333694,   35.295946,        2.42,
 139.338198,   35.295946,        2.45,
 139.342703,   35.295946,        2.47,
 139.347207,   35.295946,        2.50,
 139.351712,   35.295946,        2.54,
 139.356216,   35.295946,        2.58,
 139.360721,   35.295946,        2.63,
 139.365225,   35.295946,        2.68,
 139.369730,   35.295946,        2.74,
 139.374234,   35.295946,        2.82,
 139.378739,   35.295946,        2.93,
 139.383243,   35.295946,        3.04,
 139.387748,   35.295946,        3.17,
 139.392252,   35.295946,        3.33,
 139.396757,   35.295946,        3.54,
 139.401261,   35.295946,        3.75,
 139.405766,   35.295946,        3.97,
 139.410270,   35.295946,        4.32,
 139.414775,   35.295946,        4.75,
 139.419279,   35.295946,        5.14,
 139.423784,   35.295946,        5.70,
 139.428288,   35.295946,        6.42,
 139.432793,   35.295946,        7.09,
 139.437297,   35.295946,        7.90,
 139.441802,   35.295946,        8.81,
 139.446306,   35.295946,        9.71,
 139.450811,   35.295946,       10.67,
 139.455315,   35.295946,       11.67,
 139.459820,   35.295946,       12.64,
 139.464324,   35.295946,       13.44,
 139.468829,   35.295946,       14.21,
 139.473333,   35.295946,       14.71,
 139.477838,   35.295946,       15.12,
 139.482342,   35.295946,       15.56,
 139.486847,   35.295946,       16.06,
 139.491351,   35.295946,       16.56,
 139.495856,   35.295946,       16.76,
 139.500360,   35.295946,       17.01,
 139.504865,   35.295946,       17.34,
 139.509369,   35.295946,       17.69,
 139.513874,   35.295946,       18.09,
 139.518378,   35.295946,       18.46,
 139.522883,   35.295946,       18.80,
 139.527387,   35.295946,       19.17,
 139.531892,   35.295946,       19.55,
 139.536396,   35.295946,       19.98,
 139.540901,   35.295946,       20.34,
 139.545405,   35.295946,       20.79,
 139.549910,   35.295946,       21.13,
 139.554414,   35.295946,       21.36,
 139.558919,   35.295946,       21.61,
 139.563423,   35.295946,       23.34,
 139.567928,   35.295946,       26.31,
 139.572432,   35.295946,       29.31,
 139.576937,   35.295946,       32.37,
 139.581441,   35.295946,       35.40,
 139.585946,   35.295946,       38.40,
 139.590450,   35.295946,       41.39,
 139.594955,   35.295946,       44.38,
 139.599459,   35.295946,       47.37,
 139.603964,   35.295946,       50.35,
 139.608468,   35.295946,       53.34,
 139.612973,   35.295946,       56.34,
 139.617477,   35.295946,       59.35,
 139.621982,   35.295946,       62.36,
 139.626486,   35.295946,       65.43,
 139.630991,   35.295946,       68.84,
 139.635495,   35.295946,       72.34,
 139.640000,   35.295946,       75.48,
 139.644505,   35.295946,       77.37,
 139.649009,   35.295946,       78.15,
 139.653514,   35.295946,       77.54,
 139.658018,   35.295946,       76.93,
 139.662523,   35.295946,       76.04,
 139.667027,   35.295946,       74.87,
 139.671532,   35.295946,       73.75,
 139.676036,   35.295946,       72.92,
 139.680541,   35.295946,       68.79,
 139.685045,   35.295946,       63.04,
 139.689550,   35.295946,       57.77,
 139.694054,   35.295946,       52.62,
 139.698559,   35.295946,       47.71,
 139.703063,   35.295946,       43.14,
 139.707568,   35.295946,       39.98,
 139.712072,   35.295946,       37.05,
 139.716577,   35.295946,       34.93,
 139.721081,   35.295946,       33.73,
 139.725586,   35.295946,       32.49,
 139.730090,   35.295946,       31.72,
 139.734595,   35.295946,       31.31,
 139.739099,   35.295946,       30.57,
 139.743604,   35.295946,       30.99,
 139.748108,   35.295946,       31.27,
 139.752613,   35.295946,       31.65,
 139.757117,   35.295946,       32.58,
 139.761622,   35.295946,       33.27,
 139.766126,   35.295946,       34.48,
 139.770631,   35.295946,       35.68,
 139.775135,   35.295946,       36.58,
 139.779640,   35.295946,       37.33,
 139.784144,   35.295946,       38.15,
 139.788649,   35.295946,       39.06,
 139.793153,   35.295946,       39.98,
 139.797658,   35.295946,       40.94,
 139.802162,   35.295946,       42.07,
 139.806667,   35.295946,       43.35,
 139.811171,   35.295946,       44.36,
 139.815676,   35.295946,       45.45,
 139.820180,   35.295946,       46.19,
 139.824685,   35.295946,       46.81,
 139.829189,   35.295946,       47.39,
 139.833694,   35.295946,       47.85,
 139.838198,   35.295946,       48.30,
 139.842703,   35.295946,       48.73,
 139.847207,   35.295946,       49.83,
 139.851712,   35.295946,       50.61,
 139.856216,   35.295946,       51.88,
 139.860721,   35.295946,       53.14,
 139.865225,   35.295946,       54.37,
 139.869730,   35.295946,       55.55,
 139.874234,   35.295946,       56.25,
 139.878739,   35.295946,       56.57,
 139.883243,   35.295946,       56.73,
 139.887748,   35.295946,       56.79,
 139.892252,   35.295946,       56.76,
 139.896757,   35.295946,       56.66,
 139.901261,   35.295946,       56.49,
 139.905766,   35.295946,       56.26,
 139.910270,   35.295946,       55.98,
 139.914775,   35.295946,       55.66,
 139.919279,   35.295946,       55.33,
 139.923784,   35.295946,       54.97,
 139.928288,   35.295946,       54.60,
 139.932793,   35.295946,       54.22,
 139.937297,   35.295946,       53.83,
 139.941802,   35.295946,       53.43,
 139.946306,   35.295946,       53.03,
 139.950811,   35.295946,       52.62,
 139.955315,   35.295946,       52.21,
 139.959820,   35.295946,       51.80,
 139.964324,   35.295946,       51.39,
 139.968829,   35.295946,       50.97,
 139.973333,   35.295946,       50.56,
 139.977838,   35.295946,       50.14,
 139.982342,   35.295946,       49.73,
 139.986847,   35.295946,       49.32,
 139.991351,   35.295946,       48.91,
 139.995856,   35.295946,       48.51,
 140.000360,   35.295946,       48.12,
 140.004865,   35.295946,       47.72,
 140.009369,   35.295946,       47.34,
 140.013874,   35.295946,       46.96,
 140.018378,   35.295946,       46.58,
 140.022883,   35.295946,       46.21,
 140.027387,   35.295946,       45.85,
 140.031892,   35.295946,       45.49,
 140.036396,   35.295946,       45.14,
 140.040901,   35.295946,       44.79,
 140.045405,   35.295946,       44.44,
 140.049910,   35.295946,       44.10,
 140.054414,   35.295946,       43.77,
 140.058919,   35.295946,       43.43,
 140.063423,   35.295946,       43.11,
 140.067928,   35.295946,       42.78,
 140.072432,   35.295946,       42.46,
 140.076937,   35.295946,       42.14,
 140.081441,   35.295946,       41.83,
 140.085946,   35.295946,       41.51,
 140.090450,   35.295946,       41.21,
 140.094955,   35.295946,       40.90,
 140.099459,   35.295946,       40.60,
 140.103964,   35.295946,       40.30,
 140.108468,   35.295946,       40.01,
 140.112973,   35.295946,       39.72,
 140.117477,   35.295946,       39.43,
 140.121982,   35.295946,       39.15,
 140.126486,   35.295946,       38.87,
 140.130991,   35.295946,       38.59,
 140.135495,   35.295946,       38.32,
 140.140000,   35.295946,       38.04,
 140.144505,   35.295946,       37.78,
 140.149009,   35.295946,       37.51,
 140.153514,   35.295946,       37.25,
 140.158018,   35.295946,       36.99,
 140.162523,   35.295946,       36.73,
 140.167027,   35.295946,       36.47,
 140.171532,   35.295946,       36.22,
 140.176036,   35.295946,       35.97,
 140.180541,   35.295946,       35.71,
 140.185045,   35.295946,       35.46,
 140.189550,   35.295946,       35.21,
 140.194054,   35.295946,       34.96,
 140.198559,   35.295946,       34.71,
 140.203063,   35.295946,       34.46,
 140.207568,   35.295946,       34.21,
 140.212072,   35.295946,       33.95,
 140.216577,   35.295946,       33.70,
 140.221081,   35.295946,       33.45,
 140.225586,   35.295946,       33.20,
 140.230090,   35.295946,       32.94,
 140.234595,   35.295946,       32.68,
 140.239099,   35.295946,       32.42,
 140.243604,   35.295946,       32.15,
 140.248108,   35.295946,       31.89,
 140.252613,   35.295946,       31.62,
 140.257117,   35.295946,       31.34,
 140.261622,   35.295946,       31.07,
 140.266126,   35.295946,       30.79,
 140.270631,   35.295946,       30.51,
 140.275135,   35.295946,       30.23,
 140.279640,   35.295946,       29.94,
 140.284144,   35.295946,       29.65,
 140.288649,   35.295946,       29.35,
 140.293153,   35.295946,       29.05,
 140.297658,   35.295946,       28.75,
 140.302162,   35.295946,       28.44,
 140.306667,   35.295946,       28.12,
 140.311171,   35.295946,       27.80,
 140.315676,   35.295946,       27.47,
 140.320180,   35.295946,       27.23,
 140.324685,   35.295946,       26.99,
 140.329189,   35.295946,       26.75,
 140.333694,   35.295946,       26.52,
 140.338198,   35.295946,       26.28,
 140.342703,   35.295946,       26.04,
 140.347207,   35.295946,       25.81,
 140.351712,   35.295946,       25.57,
 140.356216,   35.295946,       25.33,
 140.360721,   35.295946,       25.09,
 140.365225,   35.295946,       24.86,
 140.369730,   35.295946,       24.62,
 140.374234,   35.295946,       24.38,
 140.378739,   35.295946,       24.15,
 140.383243,   35.295946,       23.91,
 140.387748,   35.295946,       23.67,
 139.140000,   35.300450,        3.35,
 139.144505,   35.300450,        3.73,
 139.149009,   35.300450,        4.12,
 139.153514,   35.300450,        4.50,
 139.158018,   35.300450,        4.89,
 139.162523,   35.300450,        5.28,
 139.167027,   35.300450,        5.67,
 139.171532,   35.300450,        6.07,
 139.176036,   35.300450,        6.47,
 139.180541,   35.300450,        6.87,
 139.185045,   35.300450,        7.27,
 139.189550,   35.300450,        7.68,
 139.194054,   35.300450,        8.09,
 139.198559,   35.300450,        8.50,
 139.203063,   35.300450,        8.91,
 139.207568,   35.300450,        9.33,
 139.212072,   35.300450,        9.75,
 139.216577,   35.300450,       10.17,
 139.221081,   35.300450,       10.59,
 139.225586,   35.300450,       11.02,
 139.230090,   35.300450,       11.44,
 139.234595,   35.300450,        9.62,
 139.239099,   35.300450,        5.00,
 139.243604,   35.300450,        4.33,
 139.248108,   35.300450,        3.72,
 139.252613,   35.300450,        3.10,
 139.257117,   35.300450,        2.46,
 139.261622,   35.300450,        1.83,
 139.266126,   35.300450,        1.64,
 139.270631,   35.300450,        1.68,
 139.275135,   35.300450,        1.77,
 139.279640,   35.300450,        1.86,
 139.284144,   35.300450,        1.95,
 139.288649,   35.300450,        2.04,
 139.293153,   35.300450,        2.11,
 139.297658,   35.300450,        2.18,
 139.302162,   35.300450,        2.26,
 139.306667,   35.300450,        2.32,
 139.311171,   35.300450,        2.39,
 139.315676,   35.300450,        2.45,
 139.320180,   35.300450,        2.48,
 139.324685,   35.300450,        2.50,
 139.329189,   35.300450,        2.53,
 139.333694,   35.300450,        2.56,
 139.338198,   35.300450,        2.58,
 139.342703,   35.300450,        2.61,
 139.347207,   35.300450,        2.66,
 139.351712,   35.300450,        2.70,
 139.356216,   35.300450,        2.73,
 139.360721,   35.300450,        2.79,
 139.365225,   35.300450,        2.85,
 139.369730,   35.300450,        2.93,
 139.374234,   35.300450,        3.06,
 139.378739,   35.300450,        3.16,
 139.383243,   35.300450,        3.31,
 139.387748,   35.300450,        3.48,
 139.392252,   35.300450,        3.69,
 139.396757,   35.300450,        3.91,
 139.401261,   35.300450,        4.13,
 139.405766,   35.300450,        4.51,
 139.410270,   35.300450,        4.95,
 139.414775,   35.300450,        5.37,
 139.419279,   35.300450,        5.95,
 139.423784,   35.300450,        6.65,
 139.428288,   35.300450,        7.35,
 139.432793,   35.300450,        8.12,
 139.437297,   35.300450,        8.99,
 139.441802,   35.300450,        9.90,
 139.446306,   35.300450,       10.79,
 139.450811,   35.300450,       11.71,
 139.455315,   35.300450,       12.69,
 139.459820,   35.300450,       13.50,
 139.464324,   35.300450,       14.29,
 139.468829,   35.300450,       15.08,
 139.473333,   35.300450,       15.62,
 139.477838,   35.300450,       16.04,
 139.482342,   35.300450,       16.41,
 139.486847,   35.300450,       16.84,
 139.491351,   35.300450,       17.26,
 139.495856,   35.300450,       17.51,
 139.500360,   35.300450,       17.78,
 139.504865,   35.300450,       18.06,
 139.509369,   35.300450,       18.36,
 139.513874,   35.300450,       18.72,
 139.518378,   35.300450,       19.02,
 139.522883,   35.300450,       19.31,
 139.527387,   35.300450,       19.64,
 139.531892,   35.300450,       20.01,
 139.536396,   35.300450,       20.41,
 139.540901,   35.300450,       20.82,
 139.545405,   35.300450,       21.18,
 139.549910,   35.300450,       21.51,
 139.554414,   35.300450,       21.77,
 139.558919,   35.300450,       23.20,
 139.563423,   35.300450,       25.92,
 139.567928,   35.300450,       28.74,
 139.572432,   35.300450,       31.60,
 139.576937,   35.300450,       34.54,
 139.581441,   35.300450,       37.49,
 139.585946,   35.300450,       40.44,
 139.590450,   35.300450,       43.39,
 139.594955,   35.300450,       46.35,
 139.599459,   35.300450,       49.30,
 139.603964,   35.300450,       52.26,
 139.608468,   35.300450,       55.22,
 139.612973,   35.300450,       58.20,
 139.617477,   35.300450,       61.20,
 139.621982,   35.300450,       64.21,
 139.626486,   35.300450,       67.23,
 139.630991,   35.300450,       70.29,
 139.635495,   35.300450,       73.43,
 139.640000,   35.300450,       76.84,
 139.644505,   35.300450,       78.61,
 139.649009,   35.300450,       77.89,
 139.653514,   35.300450,       77.24,
 139.658018,   35.300450,       76.53,
 139.662523,   35.300450,       75.75,
 139.667027,   35.300450,       74.11,
 139.671532,   35.300450,       72.60,
 139.676036,   35.300450,       70.33,
 139.680541,   35.300450,       66.21,
 139.685045,   35.300450,       60.70,
 139.689550,   35.300450,       55.33,
 139.694054,   35.300450,       50.07,
 139.698559,   35.300450,       45.09,
 139.703063,   35.300450,       40.91,
 139.707568,   35.300450,       37.84,
 139.712072,   35.300450,       34.64,
 139.716577,   35.300450,       33.47,
 139.721081,   35.300450,       32.32,
 139.725586,   35.300450,       31.18,
 139.730090,   35.300450,       31.21,
 139.734595,   35.300450,       31.17,
 139.739099,   35.300450,       31.27,
 139.743604,   35.300450,       32.20,
 139.748108,   35.300450,       32.90,
 139.752613,   35.300450,       34.26,
 139.757117,   35.300450,       35.50,
 139.761622,   35.300450,       36.91,
 139.766126,   35.300450,       38.30,
 139.770631,   35.300450,       39.44,
 139.775135,   35.300450,       40.27,
 139.779640,   35.300450,       40.95,
 139.784144,   35.300450,       41.24,
 139.788649,   35.300450,       41.78,
 139.793153,   35.300450,       42.43,
 139.797658,   35.300450,       43.11,
 139.802162,   35.300450,       43.96,
 139.806667,   35.300450,       44.71,
 139.811171,   35.300450,       45.54,
 139.815676,   35.300450,       46.40,
 139.820180,   35.300450,       46.92,
 139.824685,   35.300450,       47.38,
 139.829189,   35.300450,       47.84,
 139.833694,   35.300450,       48.31,
 139.838198,   35.300450,       49.21,
 139.842703,   35.300450,       50.36,
 139.847207,   35.300450,       51.19,
 139.851712,   35.300450,       51.72,
 139.856216,   35.300450,       52.78,
 139.860721,   35.300450,       53.92,
 139.865225,   35.300450,       55.06,
 139.869730,   35.300450,       56.18,
 139.874234,   35.300450,       56.95,
 139.878739,   35.300450,       57.31,
 139.883243,   35.300450,       57.48,
 139.887748,   35.300450,       57.55,
 139.892252,   35.300450,       57.54,
 139.896757,   35.300450,       57.46,
 139.901261,   35.300450,       57.30,
 139.905766,   35.300450,       57.07,
 139.910270,   35.300450,       56.79,
 139.914775,   35.300450,       56.48,
 139.919279,   35.300450,       56.14,
 139.923784,   35.300450,       55.79,
 139.928288,   35.300450,       55.42,
 139.932793,   35.300450,       55.04,
 139.937297,   35.300450,       54.65,
 139.941802,   35.300450,       54.26,
 139.946306,   35.300450,       53.85,
 139.950811,   35.300450,       53.45,
 139.955315,   35.300450,       53.04,
 139.959820,   35.300450,       52.63,
 139.964324,   35.300450,       52.22,
 139.968829,   35.300450,       51.80,
 139.973333,   35.300450,       51.39,
 139.977838,   35.300450,       50.97,
 139.982342,   35.300450,       50.56,
 139.986847,   35.300450,       50.15,
 139.991351,   35.300450,       49.75,
 139.995856,   35.300450,       49.35,
 140.000360,   35.300450,       48.96,
 140.004865,   35.300450,       48.57,
 140.009369,   35.300450,       48.18,
 140.013874,   35.300450,       47.80,
 140.018378,   35.300450,       47.43,
 140.022883,   35.300450,       47.07,
 140.027387,   35.300450,       46.71,
 140.031892,   35.300450,       46.35,
 140.036396,   35.300450,       46.00,
 140.040901,   35.300450,       45.65,
 140.045405,   35.300450,       45.31,
 140.049910,   35.300450,       44.97,
 140.054414,   35.300450,       44.64,
 140.058919,   35.300450,       44.31,
 140.063423,   35.300450,       43.98,
 140.067928,   35.300450,       43.66,
 140.072432,   35.300450,       43.34,
 140.076937,   35.300450,       43.02,
 140.081441,   35.300450,       42.71,
 140.085946,   35.300450,       42.40,
 140.090450,   35.300450,       42.10,
 140.094955,   35.300450,       41.79,
 140.099459,   35.300450,       41.49,
 140.103964,   35.300450,       41.20,
 140.108468,   35.300450,       40.91,
 140.112973,   35.300450,       40.62,
 140.117477,   35.300450,       40.33,
 140.121982,   35.300450,       40.05,
 140.126486,   35.300450,       39.77,
 140.130991,   35.300450,       39.50,
 140.135495,   35.300450,       39.23,
 140.140000,   35.300450,       38.96,
 140.144505,   35.300450,       38.69,
 140.149009,   35.300450,       38.42,
 140.153514,   35.300450,       38.16,
 140.158018,   35.300450,       37.90,
 140.162523,   35.300450,       37.64,
 140.167027,   35.300450,       37.39,
 140.171532,   35.300450,       37.13,
 140.176036,   35.300450,       36.88,
 140.180541,   35.300450,       36.63,
 140.185045,   35.300450,       36.38,
 140.189550,   35.300450,       36.12,
 140.194054,   35.300450,       35.87,
 140.198559,   35.300450,       35.62,
 140.203063,   35.300450,       35.36,
 140.207568,   35.300450,       35.11,
 140.212072,   35.300450,       34.86,
 140.216577,   35.300450,       34.61,
 140.221081,   35.300450,       34.35,
 140.225586,   35.300450,       34.09,
 140.230090,   35.300450,       33.83,
 140.234595,   35.300450,       33.56,
 140.239099,   35.300450,       33.30,
 140.243604,   35.300450,       33.03,
 140.248108,   35.300450,       32.76,
 140.252613,   35.300450,       32.48,
 140.257117,   35.300450,       32.21,
 140.261622,   35.300450,       31.93,
 140.266126,   35.300450,       31.65,
 140.270631,   35.300450,       31.36,
 140.275135,   35.300450,       31.07,
 140.279640,   35.300450,       30.78,
 140.284144,   35.300450,       30.49,
 140.288649,   35.300450,       30.18,
 140.293153,   35.300450,       29.88,
 140.297658,   35.300450,       29.57,
 140.302162,   35.300450,       29.25,
 140.306667,   35.300450,       28.93,
 140.311171,   35.300450,       28.60,
 140.315676,   35.300450,       28.33,
 140.320180,   35.300450,       28.09,
 140.324685,   35.300450,       27.85,
 140.329189,   35.300450,       27.61,
 140.333694,   35.300450,       27.38,
 140.338198,   35.300450,       27.14,
 140.342703,   35.300450,       26.90,
 140.347207,   35.300450,       26.67,
 140.351712,   35.300450,       26.43,
 140.356216,   35.300450,       26.19,
 140.360721,   35.300450,       25.96,
 140.365225,   35.300450,       25.72,
 140.369730,   35.300450,       25.48,
 140.374234,   35.300450,       25.25,
 140.378739,   35.300450,       25.01,
 140.383243,   35.300450,       24.77,
 140.387748,   35.300450,       24.54,
 139.140000,   35.304955,        3.59,
 139.144505,   35.304955,        3.97,
 139.149009,   35.304955,        4.35,
 139.153514,   35.304955,        4.73,
 139.158018,   35.304955,        5.12,
 139.162523,   35.304955,        5.51,
 139.167027,   35.304955,        5.90,
 139.171532,   35.304955,        6.30,
 139.176036,   35.304955,        6.69,
 139.180541,   35.304955,        7.09,
 139.185045,   35.304955,        7.50,
 139.189550,   35.304955,        7.90,
 139.194054,   35.304955,        8.31,
 139.198559,   35.304955,        8.72,
 139.203063,   35.304955,        9.13,
 139.207568,   35.304955,        9.55,
 139.212072,   35.304955,        9.96,
 139.216577,   35.304955,       10.38,
 139.221081,   35.304955,       10.80,
 139.225586,   35.304955,       11.23,
 139.230090,   35.304955,       11.66,
 139.234595,   35.304955,       12.09,
 139.239099,   35.304955,       12.52,
 139.243604,   35.304955,        8.37,
 139.248108,   35.304955,        5.61,
 139.252613,   35.304955,        5.06,
 139.257117,   35.304955,        4.50,
 139.261622,   35.304955,        3.94,
 139.266126,   35.304955,        3.38,
 139.270631,   35.304955,        2.83,
 139.275135,   35.304955,        2.47,
 139.279640,   35.304955,        2.29,
 139.284144,   35.304955,        2.13,
 139.288649,   35.304955,        2.03,
 139.293153,   35.304955,        2.10,
 139.297658,   35.304955,        2.18,
 139.302162,   35.304955,        2.26,
 139.306667,   35.304955,        2.34,
 139.311171,   35.304955,        2.43,
 139.315676,   35.304955,        2.52,
 139.320180,   35.304955,        2.58,
 139.324685,   35.304955,        2.63,
 139.329189,   35.304955,        2.67,
 139.333694,   35.304955,        2.70,
 139.338198,   35.304955,        2.73,
 139.342703,   35.304955,        2.78,
 139.347207,   35.304955,        2.84,
 139.351712,   35.304955,        2.89,
 139.356216,   35.304955,        2.94,
 139.360721,   35.304955,        3.01,
 139.365225,   35.304955,        3.08,
 139.369730,   35.304955,        3.21,
 139.374234,   35.304955,        3.35,
 139.378739,   35.304955,        3.48,
 139.383243,   35.304955,        3.68,
 139.387748,   35.304955,        3.91,
 139.392252,   35.304955,        4.17,
 139.396757,   35.304955,        4.43,
 139.401261,   35.304955,        4.82,
 139.405766,   35.304955,        5.31,
 139.410270,   35.304955,        5.74,
 139.414775,   35.304955,        6.31,
 139.419279,   35.304955,        7.12,
 139.423784,   35.304955,        7.80,
 139.428288,   35.304955,        8.46,
 139.432793,   35.304955,        9.42,
 139.437297,   35.304955,       10.25,
 139.441802,   35.304955,       11.03,
 139.446306,   35.304955,       11.96,
 139.450811,   35.304955,       12.78,
 139.455315,   35.304955,       13.59,
 139.459820,   35.304955,       14.34,
 139.464324,   35.304955,       15.02,
 139.468829,   35.304955,       15.82,
 139.473333,   35.304955,       16.54,
 139.477838,   35.304955,       17.11,
 139.482342,   35.304955,       17.25,
 139.486847,   35.304955,       17.50,
 139.491351,   35.304955,       17.86,
 139.495856,   35.304955,       18.07,
 139.500360,   35.304955,       18.30,
 139.504865,   35.304955,       18.57,
 139.509369,   35.304955,       18.88,
 139.513874,   35.304955,       19.20,
 139.518378,   35.304955,       19.48,
 139.522883,   35.304955,       19.77,
 139.527387,   35.304955,       20.05,
 139.531892,   35.304955,       20.36,
 139.536396,   35.304955,       20.73,
 139.540901,   35.304955,       21.13,
 139.545405,   35.304955,       21.42,
 139.549910,   35.304955,       21.75,
 139.554414,   35.304955,       23.24,
 139.558919,   35.304955,       25.70,
 139.563423,   35.304955,       28.33,
 139.567928,   35.304955,       31.01,
 139.572432,   35.304955,       33.75,
 139.576937,   35.304955,       36.57,
 139.581441,   35.304955,       39.45,
 139.585946,   35.304955,       42.37,
 139.590450,   35.304955,       45.31,
 139.594955,   35.304955,       48.27,
 139.599459,   35.304955,       51.23,
 139.603964,   35.304955,       54.19,
 139.608468,   35.304955,       57.12,
 139.612973,   35.304955,       60.06,
 139.617477,   35.304955,       63.02,
 139.621982,   35.304955,       66.01,
 139.626486,   35.304955,       69.01,
 139.630991,   35.304955,       72.02,
 139.635495,   35.304955,       75.08,
 139.640000,   35.304955,       78.01,
 139.644505,   35.304955,       78.40,
 139.649009,   35.304955,       77.74,
 139.653514,   35.304955,       77.18,
 139.658018,   35.304955,       76.05,
 139.662523,   35.304955,       74.52,
 139.667027,   35.304955,       72.37,
 139.671532,   35.304955,       69.94,
 139.676036,   35.304955,       67.29,
 139.680541,   35.304955,       63.70,
 139.685045,   35.304955,       58.33,
 139.689550,   35.304955,       52.94,
 139.694054,   35.304955,       47.67,
 139.698559,   35.304955,       42.75,
 139.703063,   35.304955,       39.34,
 139.707568,   35.304955,       36.28,
 139.712072,   35.304955,       33.87,
 139.716577,   35.304955,       32.25,
 139.721081,   35.304955,       31.28,
 139.725586,   35.304955,       31.08,
 139.730090,   35.304955,       31.28,
 139.734595,   35.304955,       31.58,
 139.739099,   35.304955,       32.28,
 139.743604,   35.304955,       33.78,
 139.748108,   35.304955,       35.34,
 139.752613,   35.304955,       37.27,
 139.757117,   35.304955,       38.94,
 139.761622,   35.304955,       40.59,
 139.766126,   35.304955,       41.90,
 139.770631,   35.304955,       43.11,
 139.775135,   35.304955,       43.56,
 139.779640,   35.304955,       43.77,
 139.784144,   35.304955,       44.00,
 139.788649,   35.304955,       44.14,
 139.793153,   35.304955,       44.41,
 139.797658,   35.304955,       44.91,
 139.802162,   35.304955,       45.57,
 139.806667,   35.304955,       46.37,
 139.811171,   35.304955,       46.87,
 139.815676,   35.304955,       47.31,
 139.820180,   35.304955,       47.95,
 139.824685,   35.304955,       49.01,
 139.829189,   35.304955,       49.49,
 139.833694,   35.304955,       50.32,
 139.838198,   35.304955,       51.21,
 139.842703,   35.304955,       52.01,
 139.847207,   35.304955,       52.51,
 139.851712,   35.304955,       52.86,
 139.856216,   35.304955,       53.73,
 139.860721,   35.304955,       54.74,
 139.865225,   35.304955,       55.79,
 139.869730,   35.304955,       56.83,
 139.874234,   35.304955,       57.66,
 139.878739,   35.304955,       58.07,
 139.883243,   35.304955,       58.26,
 139.887748,   35.304955,       58.34,
 139.892252,   35.304955,       58.34,
 139.896757,   35.304955,       58.27,
 139.901261,   35.304955,       58.12,
 139.905766,   35.304955,       57.89,
 139.910270,   35.304955,       57.61,
 139.914775,   35.304955,       57.30,
 139.919279,   35.304955,       56.97,
 139.923784,   35.304955,       56.62,
 139.928288,   35.304955,       56.25,
 139.932793,   35.304955,       55.87,
 139.937297,   35.304955,       55.48,
 139.941802,   35.304955,       55.08,
 139.946306,   35.304955,       54.68,
 139.950811,   35.304955,       54.28,
 139.955315,   35.304955,       53.87,
 139.959820,   35.304955,       53.46,
 139.964324,   35.304955,       53.05,
 139.968829,   35.304955,       52.63,
 139.973333,   35.304955,       52.22,
 139.977838,   35.304955,       51.81,
 139.982342,   35.304955,       51.40,
 139.986847,   35.304955,       50.99,
 139.991351,   35.304955,       50.59,
 139.995856,   35.304955,       50.19,
 140.000360,   35.304955,       49.80,
 140.004865,   35.304955,       49.41,
 140.009369,   35.304955,       49.03,
 140.013874,   35.304955,       48.65,
 140.018378,   35.304955,       48.28,
 140.022883,   35.304955,       47.92,
 140.027387,   35.304955,       47.56,
 140.031892,   35.304955,       47.21,
 140.036396,   35.304955,       46.86,
 140.040901,   35.304955,       46.52,
 140.045405,   35.304955,       46.18,
 140.049910,   35.304955,       45.84,
 140.054414,   35.304955,       45.51,
 140.058919,   35.304955,       45.18,
 140.063423,   35.304955,       44.86,
 140.067928,   35.304955,       44.54,
 140.072432,   35.304955,       44.22,
 140.076937,   35.304955,       43.91,
 140.081441,   35.304955,       43.60,
 140.085946,   35.304955,       43.29,
 140.090450,   35.304955,       42.99,
 140.094955,   35.304955,       42.68,
 140.099459,   35.304955,       42.39,
 140.103964,   35.304955,       42.10,
 140.108468,   35.304955,       41.81,
 140.112973,   35.304955,       41.52,
 140.117477,   35.304955,       41.24,
 140.121982,   35.304955,       40.96,
 140.126486,   35.304955,       40.68,
 140.130991,   35.304955,       40.40,
 140.135495,   35.304955,       40.13,
 140.140000,   35.304955,       39.87,
 140.144505,   35.304955,       39.60,
 140.149009,   35.304955,       39.34,
 140.153514,   35.304955,       39.07,
 140.158018,   35.304955,       38.82,
 140.162523,   35.304955,       38.56,
 140.167027,   35.304955,       38.30,
 140.171532,   35.304955,       38.05,
 140.176036,   35.304955,       37.80,
 140.180541,   35.304955,       37.54,
 140.185045,   35.304955,       37.29,
 140.189550,   35.304955,       37.03,
 140.194054,   35.304955,       36.78,
 140.198559,   35.304955,       36.52,
 140.203063,   35.304955,       36.27,
 140.207568,   35.304955,       36.02,
 140.212072,   35.304955,       35.76,
 140.216577,   35.304955,       35.50,
 140.221081,   35.304955,       35.24,
 140.225586,   35.304955,       34.98,
 140.230090,   35.304955,       34.71,
 140.234595,   35.304955,       34.45,
 140.239099,   35.304955,       34.17,
 140.243604,   35.304955,       33.90,
 140.248108,   35.304955,       33.63,
 140.252613,   35.304955,       33.35,
 140.257117,   35.304955,       33.07,
 140.261622,   35.304955,       32.78,
 140.266126,   35.304955,       32.50,
 140.270631,   35.304955,       32.21,
 140.275135,   35.304955,       31.92,
 140.279640,   35.304955,       31.62,
 140.284144,   35.304955,       31.32,
 140.288649,   35.304955,       31.01,
 140.293153,   35.304955,       30.70,
 140.297658,   35.304955,       30.38,
 140.302162,   35.304955,       30.06,
 140.306667,   35.304955,       29.73,
 140.311171,   35.304955,       29.42,
 140.315676,   35.304955,       29.19,
 140.320180,   35.304955,       28.95,
 140.324685,   35.304955,       28.71,
 140.329189,   35.304955,       28.48,
 140.333694,   35.304955,       28.24,
 140.338198,   35.304955,       28.00,
 140.342703,   35.304955,       27.77,
 140.347207,   35.304955,       27.53,
 140.351712,   35.304955,       27.29,
 140.356216,   35.304955,       27.06,
 140.360721,   35.304955,       26.82,
 140.365225,   35.304955,       26.58,
 140.369730,   35.304955,       26.34,
 140.374234,   35.304955,       26.11,
 140.378739,   35.304955,       25.87,
 140.383243,   35.304955,       25.63,
 140.387748,   35.304955,       25.40,
 139.140000,   35.309459,        3.82,
 139.144505,   35.309459,        4.20,
 139.149009,   35.309459,        4.58,
 139.153514,   35.309459,        4.96,
 139.158018,   35.309459,        5.35,
 139.162523,   35.309459,        5.74,
 139.167027,   35.309459,        6.13,
 139.171532,   35.309459,        6.52,
 139.176036,   35.309459,        6.92,
 139.180541,   35.309459,        7.32,
 139.185045,   35.309459,        7.72,
 139.189550,   35.309459,        8.12,
 139.194054,   35.309459,        8.53,
 139.198559,   35.309459,        8.94,
 139.203063,   35.309459,        9.35,
 139.207568,   35.309459,        9.76,
 139.212072,   35.309459,       10.18,
 139.216577,   35.309459,       10.60,
 139.221081,   35.309459,       11.02,
 139.225586,   35.309459,       11.44,
 139.230090,   35.309459,       11.87,
 139.234595,   35.309459,       12.30,
 139.239099,   35.309459,       12.73,
 139.243604,   35.309459,       13.16,
 139.248108,   35.309459,       11.62,
 139.252613,   35.309459,        7.44,
 139.257117,   35.309459,        6.33,
 139.261622,   35.309459,        5.82,
 139.266126,   35.309459,        5.30,
 139.270631,   35.309459,        4.79,
 139.275135,   35.309459,        4.27,
 139.279640,   35.309459,        3.77,
 139.284144,   35.309459,        3.36,
 139.288649,   35.309459,        3.14,
 139.293153,   35.309459,        2.94,
 139.297658,   35.309459,        2.74,
 139.302162,   35.309459,        2.56,
 139.306667,   35.309459,        2.42,
 139.311171,   35.309459,        2.47,
 139.315676,   35.309459,        2.56,
 139.320180,   35.309459,        2.64,
 139.324685,   35.309459,        2.71,
 139.329189,   35.309459,        2.77,
 139.333694,   35.309459,        2.81,
 139.338198,   35.309459,        2.85,
 139.342703,   35.309459,        2.91,
 139.347207,   35.309459,        2.98,
 139.351712,   35.309459,        3.06,
 139.356216,   35.309459,        3.12,
 139.360721,   35.309459,        3.21,
 139.365225,   35.309459,        3.31,
 139.369730,   35.309459,        3.46,
 139.374234,   35.309459,        3.64,
 139.378739,   35.309459,        3.84,
 139.383243,   35.309459,        4.13,
 139.387748,   35.309459,        4.45,
 139.392252,   35.309459,        4.81,
 139.396757,   35.309459,        5.22,
 139.401261,   35.309459,        5.74,
 139.405766,   35.309459,        6.28,
 139.410270,   35.309459,        6.90,
 139.414775,   35.309459,        7.74,
 139.419279,   35.309459,        8.56,
 139.423784,   35.309459,        9.30,
 139.428288,   35.309459,       10.12,
 139.432793,   35.309459,       10.97,
 139.437297,   35.309459,       11.80,
 139.441802,   35.309459,       12.54,
 139.446306,   35.309459,       13.34,
 139.450811,   35.309459,       14.14,
 139.455315,   35.309459,       14.75,
 139.459820,   35.309459,       15.41,
 139.464324,   35.309459,       15.95,
 139.468829,   35.309459,       16.54,
 139.473333,   35.309459,       17.31,
 139.477838,   35.309459,       17.89,
 139.482342,   35.309459,       17.87,
 139.486847,   35.309459,       17.92,
 139.491351,   35.309459,       18.15,
 139.495856,   35.309459,       18.47,
 139.500360,   35.309459,       18.79,
 139.504865,   35.309459,       19.06,
 139.509369,   35.309459,       19.31,
 139.513874,   35.309459,       19.56,
 139.518378,   35.309459,       19.81,
 139.522883,   35.309459,       20.06,
 139.527387,   35.309459,       20.30,
 139.531892,   35.309459,       20.57,
 139.536396,   35.309459,       20.91,
 139.540901,   35.309459,       21.21,
 139.545405,   35.309459,       21.51,
 139.549910,   35.309459,       22.97,
 139.554414,   35.309459,       25.25,
 139.558919,   35.309459,       27.62,
 139.563423,   35.309459,       30.11,
 139.567928,   35.309459,       32.71,
 139.572432,   35.309459,       35.40,
 139.576937,   35.309459,       38.17,
 139.581441,   35.309459,       41.02,
 139.585946,   35.309459,       43.93,
 139.590450,   35.309459,       46.89,
 139.594955,   35.309459,       49.89,
 139.599459,   35.309459,       52.91,
 139.603964,   35.309459,       55.94,
 139.608468,   35.309459,       58.96,
 139.612973,   35.309459,       61.92,
 139.617477,   35.309459,       64.84,
 139.621982,   35.309459,       67.77,
 139.626486,   35.309459,       70.71,
 139.630991,   35.309459,       73.61,
 139.635495,   35.309459,       76.38,
 139.640000,   35.309459,       78.69,
 139.644505,   35.309459,       78.25,
 139.649009,   35.309459,       77.58,
 139.653514,   35.309459,       76.98,
 139.658018,   35.309459,       75.82,
 139.662523,   35.309459,       73.88,
 139.667027,   35.309459,       71.77,
 139.671532,   35.309459,       68.85,
 139.676036,   35.309459,       65.68,
 139.680541,   35.309459,       61.38,
 139.685045,   35.309459,       55.88,
 139.689550,   35.309459,       50.64,
 139.694054,   35.309459,       45.60,
 139.698559,   35.309459,       41.24,
 139.703063,   35.309459,       38.07,
 139.707568,   35.309459,       34.92,
 139.712072,   35.309459,       33.42,
 139.716577,   35.309459,       31.87,
 139.721081,   35.309459,       31.08,
 139.725586,   35.309459,       31.07,
 139.730090,   35.309459,       31.44,
 139.734595,   35.309459,       32.47,
 139.739099,   35.309459,       33.97,
 139.743604,   35.309459,       35.98,
 139.748108,   35.309459,       38.02,
 139.752613,   35.309459,       40.21,
 139.757117,   35.309459,       42.10,
 139.761622,   35.309459,       43.67,
 139.766126,   35.309459,       44.76,
 139.770631,   35.309459,       45.66,
 139.775135,   35.309459,       45.87,
 139.779640,   35.309459,       46.09,
 139.784144,   35.309459,       46.28,
 139.788649,   35.309459,       46.34,
 139.793153,   35.309459,       46.39,
 139.797658,   35.309459,       46.56,
 139.802162,   35.309459,       47.74,
 139.806667,   35.309459,       49.33,
 139.811171,   35.309459,       49.77,
 139.815676,   35.309459,       49.30,
 139.820180,   35.309459,       51.59,
 139.824685,   35.309459,       52.27,
 139.829189,   35.309459,       52.40,
 139.833694,   35.309459,       52.80,
 139.838198,   35.309459,       53.17,
 139.842703,   35.309459,       53.55,
 139.847207,   35.309459,       53.82,
 139.851712,   35.309459,       54.03,
 139.856216,   35.309459,       54.71,
 139.860721,   35.309459,       55.59,
 139.865225,   35.309459,       56.54,
 139.869730,   35.309459,       57.51,
 139.874234,   35.309459,       58.38,
 139.878739,   35.309459,       58.84,
 139.883243,   35.309459,       59.05,
 139.887748,   35.309459,       59.14,
 139.892252,   35.309459,       59.16,
 139.896757,   35.309459,       59.10,
 139.901261,   35.309459,       58.95,
 139.905766,   35.309459,       58.72,
 139.910270,   35.309459,       58.45,
 139.914775,   35.309459,       58.14,
 139.919279,   35.309459,       57.80,
 139.923784,   35.309459,       57.45,
 139.928288,   35.309459,       57.08,
 139.932793,   35.309459,       56.70,
 139.937297,   35.309459,       56.31,
 139.941802,   35.309459,       55.92,
 139.946306,   35.309459,       55.52,
 139.950811,   35.309459,       55.11,
 139.955315,   35.309459,       54.71,
 139.959820,   35.309459,       54.30,
 139.964324,   35.309459,       53.88,
 139.968829,   35.309459,       53.47,
 139.973333,   35.309459,       53.05,
 139.977838,   35.309459,       52.64,
 139.982342,   35.309459,       52.23,
 139.986847,   35.309459,       51.83,
 139.991351,   35.309459,       51.43,
 139.995856,   35.309459,       51.03,
 140.000360,   35.309459,       50.64,
 140.004865,   35.309459,       50.26,
 140.009369,   35.309459,       49.88,
 140.013874,   35.309459,       49.50,
 140.018378,   35.309459,       49.14,
 140.022883,   35.309459,       48.78,
 140.027387,   35.309459,       48.42,
 140.031892,   35.309459,       48.07,
 140.036396,   35.309459,       47.72,
 140.040901,   35.309459,       47.38,
 140.045405,   35.309459,       47.05,
 140.049910,   35.309459,       46.71,
 140.054414,   35.309459,       46.38,
 140.058919,   35.309459,       46.06,
 140.063423,   35.309459,       45.74,
 140.067928,   35.309459,       45.42,
 140.072432,   35.309459,       45.10,
 140.076937,   35.309459,       44.79,
 140.081441,   35.309459,       44.48,
 140.085946,   35.309459,       44.18,
 140.090450,   35.309459,       43.87,
 140.094955,   35.309459,       43.58,
 140.099459,   35.309459,       43.28,
 140.103964,   35.309459,       42.99,
 140.108468,   35.309459,       42.70,
 140.112973,   35.309459,       42.42,
 140.117477,   35.309459,       42.14,
 140.121982,   35.309459,       41.86,
 140.126486,   35.309459,       41.58,
 140.130991,   35.309459,       41.31,
 140.135495,   35.309459,       41.04,
 140.140000,   35.309459,       40.78,
 140.144505,   35.309459,       40.51,
 140.149009,   35.309459,       40.25,
 140.153514,   35.309459,       39.99,
 140.158018,   35.309459,       39.73,
 140.162523,   35.309459,       39.47,
 140.167027,   35.309459,       39.22,
 140.171532,   35.309459,       38.96,
 140.176036,   35.309459,       38.71,
 140.180541,   35.309459,       38.45,
 140.185045,   35.309459,       38.20,
 140.189550,   35.309459,       37.94,
 140.194054,   35.309459,       37.69,
 140.198559,   35.309459,       37.43,
 140.203063,   35.309459,       37.17,
 140.207568,   35.309459,       36.92,
 140.212072,   35.309459,       36.66,
 140.216577,   35.309459,       36.40,
 140.221081,   35.309459,       36.13,
 140.225586,   35.309459,       35.86,
 140.230090,   35.309459,       35.59,
 140.234595,   35.309459,       35.32,
 140.239099,   35.309459,       35.05,
 140.243604,   35.309459,       34.77,
 140.248108,   35.309459,       34.49,
 140.252613,   35.309459,       34.21,
 140.257117,   35.309459,       33.92,
 140.261622,   35.309459,       33.63,
 140.266126,   35.309459,       33.34,
 140.270631,   35.309459,       33.05,
 140.275135,   35.309459,       32.75,
 140.279640,   35.309459,       32.45,
 140.284144,   35.309459,       32.14,
 140.288649,   35.309459,       31.83,
 140.293153,   35.309459,       31.51,
 140.297658,   35.309459,       31.19,
 140.302162,   35.309459,       30.86,
 140.306667,   35.309459,       30.53,
 140.311171,   35.309459,       30.29,
 140.315676,   35.309459,       30.05,
 140.320180,   35.309459,       29.81,
 140.324685,   35.309459,       29.58,
 140.329189,   35.309459,       29.34,
 140.333694,   35.309459,       29.10,
 140.338198,   35.309459,       28.87,
 140.342703,   35.309459,       28.63,
 140.347207,   35.309459,       28.39,
 140.351712,   35.309459,       28.15,
 140.356216,   35.309459,       27.92,
 140.360721,   35.309459,       27.68,
 140.365225,   35.309459,       27.44,
 140.369730,   35.309459,       27.21,
 140.374234,   35.309459,       26.97,
 140.378739,   35.309459,       26.73,
 140.383243,   35.309459,       26.50,
 140.387748,   35.309459,       26.26,
 139.140000,   35.313964,        4.05,
 139.144505,   35.313964,        4.42,
 139.149009,   35.313964,        4.80,
 139.153514,   35.313964,        5.19,
 139.158018,   35.313964,        5.57,
 139.162523,   35.313964,        5.96,
 139.167027,   35.313964,        6.35,
 139.171532,   35.313964,        6.74,
 139.176036,   35.313964,        7.14,
 139.180541,   35.313964,        7.54,
 139.185045,   35.313964,        7.94,
 139.189550,   35.313964,        8.34,
 139.194054,   35.313964,        8.74,
 139.198559,   35.313964,        9.15,
 139.203063,   35.313964,        9.56,
 139.207568,   35.313964,        9.97,
 139.212072,   35.313964,       10.39,
 139.216577,   35.313964,       10.81,
 139.221081,   35.313964,       11.23,
 139.225586,   35.313964,       11.65,
 139.230090,   35.313964,       12.08,
 139.234595,   35.313964,       12.50,
 139.239099,   35.313964,       12.93,
 139.243604,   35.313964,       13.37,
 139.248108,   35.313964,       13.80,
 139.252613,   35.313964,       14.24,
 139.257117,   35.313964,       10.57,
 139.261622,   35.313964,        7.57,
 139.266126,   35.313964,        7.10,
 139.270631,   35.313964,        6.62,
 139.275135,   35.313964,        6.15,
 139.279640,   35.313964,        5.67,
 139.284144,   35.313964,        5.20,
 139.288649,   35.313964,        4.74,
 139.293153,   35.313964,        4.33,
 139.297658,   35.313964,        4.08,
 139.302162,   35.313964,        3.87,
 139.306667,   35.313964,        3.64,
 139.311171,   35.313964,        3.41,
 139.315676,   35.313964,        3.18,
 139.320180,   35.313964,        2.95,
 139.324685,   35.313964,        2.78,
 139.329189,   35.313964,        2.85,
 139.333694,   35.313964,        2.90,
 139.338198,   35.313964,        2.95,
 139.342703,   35.313964,        3.01,
 139.347207,   35.313964,        3.08,
 139.351712,   35.313964,        3.15,
 139.356216,   35.313964,        3.23,
 139.360721,   35.313964,        3.32,
 139.365225,   35.313964,        3.45,
 139.369730,   35.313964,        3.62,
 139.374234,   35.313964,        3.86,
 139.378739,   35.313964,        4.23,
 139.383243,   35.313964,        4.60,
 139.387748,   35.313964,        4.97,
 139.392252,   35.313964,        5.45,
 139.396757,   35.313964,        6.00,
 139.401261,   35.313964,        6.55,
 139.405766,   35.313964,        7.28,
 139.410270,   35.313964,        8.23,
 139.414775,   35.313964,        9.11,
 139.419279,   35.313964,       10.00,
 139.423784,   35.313964,       10.81,
 139.428288,   35.313964,       11.65,
 139.432793,   35.313964,       12.56,
 139.437297,   35.313964,       13.22,
 139.441802,   35.313964,       13.89,
 139.446306,   35.313964,       14.72,
 139.450811,   35.313964,       15.33,
 139.455315,   35.313964,       15.85,
 139.459820,   35.313964,       16.44,
 139.464324,   35.313964,       16.82,
 139.468829,   35.313964,       17.30,
 139.473333,   35.313964,       17.91,
 139.477838,   35.313964,       18.10,
 139.482342,   35.313964,       18.29,
 139.486847,   35.313964,       18.64,
 139.491351,   35.313964,       19.04,
 139.495856,   35.313964,       19.43,
 139.500360,   35.313964,       19.82,
 139.504865,   35.313964,       20.19,
 139.509369,   35.313964,       20.54,
 139.513874,   35.313964,       20.88,
 139.518378,   35.313964,       21.19,
 139.522883,   35.313964,       21.47,
 139.527387,   35.313964,       21.71,
 139.531892,   35.313964,       21.96,
 139.536396,   35.313964,       22.23,
 139.540901,   35.313964,       22.65,
 139.545405,   35.313964,       23.56,
 139.549910,   35.313964,       25.23,
 139.554414,   35.313964,       27.13,
 139.558919,   35.313964,       29.23,
 139.563423,   35.313964,       31.52,
 139.567928,   35.313964,       33.98,
 139.572432,   35.313964,       36.62,
 139.576937,   35.313964,       39.39,
 139.581441,   35.313964,       42.23,
 139.585946,   35.313964,       45.14,
 139.590450,   35.313964,       48.12,
 139.594955,   35.313964,       51.15,
 139.599459,   35.313964,       54.22,
 139.603964,   35.313964,       57.33,
 139.608468,   35.313964,       60.47,
 139.612973,   35.313964,       63.60,
 139.617477,   35.313964,       66.66,
 139.621982,   35.313964,       69.53,
 139.626486,   35.313964,       72.38,
 139.630991,   35.313964,       75.16,
 139.635495,   35.313964,       77.72,
 139.640000,   35.313964,       79.55,
 139.644505,   35.313964,       78.15,
 139.649009,   35.313964,       77.41,
 139.653514,   35.313964,       76.65,
 139.658018,   35.313964,       75.62,
 139.662523,   35.313964,       73.64,
 139.667027,   35.313964,       71.23,
 139.671532,   35.313964,       67.99,
 139.676036,   35.313964,       63.54,
 139.680541,   35.313964,       58.74,
 139.685045,   35.313964,       53.40,
 139.689550,   35.313964,       48.48,
 139.694054,   35.313964,       43.91,
 139.698559,   35.313964,       40.12,
 139.703063,   35.313964,       37.26,
 139.707568,   35.313964,       34.75,
 139.712072,   35.313964,       33.36,
 139.716577,   35.313964,       32.07,
 139.721081,   35.313964,       31.32,
 139.725586,   35.313964,       31.61,
 139.730090,   35.313964,       32.25,
 139.734595,   35.313964,       33.74,
 139.739099,   35.313964,       35.66,
 139.743604,   35.313964,       38.06,
 139.748108,   35.313964,       40.38,
 139.752613,   35.313964,       42.63,
 139.757117,   35.313964,       44.68,
 139.761622,   35.313964,       45.83,
 139.766126,   35.313964,       47.05,
 139.770631,   35.313964,       47.76,
 139.775135,   35.313964,       47.88,
 139.779640,   35.313964,       48.10,
 139.784144,   35.313964,       48.44,
 139.788649,   35.313964,       48.60,
 139.793153,   35.313964,       48.71,
 139.797658,   35.313964,       49.27,
 139.802162,   35.313964,       52.00,
 139.806667,   35.313964,       54.10,
 139.811171,   35.313964,       55.07,
 139.815676,   35.313964,       55.53,
 139.820180,   35.313964,       56.26,
 139.824685,   35.313964,       55.39,
 139.829189,   35.313964,       55.01,
 139.833694,   35.313964,       54.97,
 139.838198,   35.313964,       54.97,
 139.842703,   35.313964,       55.05,
 139.847207,   35.313964,       55.15,
 139.851712,   35.313964,       55.23,
 139.856216,   35.313964,       55.71,
 139.860721,   35.313964,       56.47,
 139.865225,   35.313964,       57.31,
 139.869730,   35.313964,       58.21,
 139.874234,   35.313964,       59.09,
 139.878739,   35.313964,       59.61,
 139.883243,   35.313964,       59.87,
 139.887748,   35.313964,       59.97,
 139.892252,   35.313964,       59.99,
 139.896757,   35.313964,       59.95,
 139.901261,   35.313964,       59.80,
 139.905766,   35.313964,       59.57,
 139.910270,   35.313964,       59.30,
 139.914775,   35.313964,       58.98,
 139.919279,   35.313964,       58.65,
 139.923784,   35.313964,       58.29,
 139.928288,   35.313964,       57.93,
 139.932793,   35.313964,       57.54,
 139.937297,   35.313964,       57.15,
 139.941802,   35.313964,       56.76,
 139.946306,   35.313964,       56.36,
 139.950811,   35.313964,       55.95,
 139.955315,   35.313964,       55.54,
 139.959820,   35.313964,       55.13,
 139.964324,   35.313964,       54.72,
 139.968829,   35.313964,       54.31,
 139.973333,   35.313964,       53.89,
 139.977838,   35.313964,       53.48,
 139.982342,   35.313964,       53.07,
 139.986847,   35.313964,       52.67,
 139.991351,   35.313964,       52.27,
 139.995856,   35.313964,       51.87,
 140.000360,   35.313964,       51.48,
 140.004865,   35.313964,       51.10,
 140.009369,   35.313964,       50.72,
 140.013874,   35.313964,       50.35,
 140.018378,   35.313964,       49.99,
 140.022883,   35.313964,       49.63,
 140.027387,   35.313964,       49.28,
 140.031892,   35.313964,       48.93,
 140.036396,   35.313964,       48.59,
 140.040901,   35.313964,       48.25,
 140.045405,   35.313964,       47.91,
 140.049910,   35.313964,       47.58,
 140.054414,   35.313964,       47.25,
 140.058919,   35.313964,       46.93,
 140.063423,   35.313964,       46.61,
 140.067928,   35.313964,       46.30,
 140.072432,   35.313964,       45.98,
 140.076937,   35.313964,       45.67,
 140.081441,   35.313964,       45.37,
 140.085946,   35.313964,       45.06,
 140.090450,   35.313964,       44.76,
 140.094955,   35.313964,       44.47,
 140.099459,   35.313964,       44.17,
 140.103964,   35.313964,       43.89,
 140.108468,   35.313964,       43.60,
 140.112973,   35.313964,       43.32,
 140.117477,   35.313964,       43.04,
 140.121982,   35.313964,       42.76,
 140.126486,   35.313964,       42.49,
 140.130991,   35.313964,       42.22,
 140.135495,   35.313964,       41.95,
 140.140000,   35.313964,       41.68,
 140.144505,   35.313964,       41.42,
 140.149009,   35.313964,       41.16,
 140.153514,   35.313964,       40.90,
 140.158018,   35.313964,       40.64,
 140.162523,   35.313964,       40.39,
 140.167027,   35.313964,       40.13,
 140.171532,   35.313964,       39.88,
 140.176036,   35.313964,       39.62,
 140.180541,   35.313964,       39.36,
 140.185045,   35.313964,       39.11,
 140.189550,   35.313964,       38.85,
 140.194054,   35.313964,       38.59,
 140.198559,   35.313964,       38.33,
 140.203063,   35.313964,       38.08,
 140.207568,   35.313964,       37.81,
 140.212072,   35.313964,       37.55,
 140.216577,   35.313964,       37.28,
 140.221081,   35.313964,       37.02,
 140.225586,   35.313964,       36.74,
 140.230090,   35.313964,       36.47,
 140.234595,   35.313964,       36.19,
 140.239099,   35.313964,       35.91,
 140.243604,   35.313964,       35.63,
 140.248108,   35.313964,       35.35,
 140.252613,   35.313964,       35.06,
 140.257117,   35.313964,       34.77,
 140.261622,   35.313964,       34.48,
 140.266126,   35.313964,       34.18,
 140.270631,   35.313964,       33.88,
 140.275135,   35.313964,       33.58,
 140.279640,   35.313964,       33.27,
 140.284144,   35.313964,       32.96,
 140.288649,   35.313964,       32.64,
 140.293153,   35.313964,       32.32,
 140.297658,   35.313964,       31.99,
 140.302162,   35.313964,       31.66,
 140.306667,   35.313964,       31.38,
 140.311171,   35.313964,       31.15,
 140.315676,   35.313964,       30.91,
 140.320180,   35.313964,       30.67,
 140.324685,   35.313964,       30.44,
 140.329189,   35.313964,       30.20,
 140.333694,   35.313964,       29.96,
 140.338198,   35.313964,       29.73,
 140.342703,   35.313964,       29.49,
 140.347207,   35.313964,       29.25,
 140.351712,   35.313964,       29.02,
 140.356216,   35.313964,       28.78,
 140.360721,   35.313964,       28.54,
 140.365225,   35.313964,       28.31,
 140.369730,   35.313964,       28.07,
 140.374234,   35.313964,       27.83,
 140.378739,   35.313964,       27.60,
 140.383243,   35.313964,       27.36,
 140.387748,   35.313964,       27.12,
 139.140000,   35.318468,        4.27,
 139.144505,   35.318468,        4.65,
 139.149009,   35.318468,        5.03,
 139.153514,   35.318468,        5.41,
 139.158018,   35.318468,        5.79,
 139.162523,   35.318468,        6.18,
 139.167027,   35.318468,        6.57,
 139.171532,   35.318468,        6.96,
 139.176036,   35.318468,        7.36,
 139.180541,   35.318468,        7.75,
 139.185045,   35.318468,        8.15,
 139.189550,   35.318468,        8.55,
 139.194054,   35.318468,        8.96,
 139.198559,   35.318468,        9.36,
 139.203063,   35.318468,        9.77,
 139.207568,   35.318468,       10.18,
 139.212072,   35.318468,       10.60,
 139.216577,   35.318468,       11.02,
 139.221081,   35.318468,       11.43,
 139.225586,   35.318468,       11.86,
 139.230090,   35.318468,       12.28,
 139.234595,   35.318468,       12.71,
 139.239099,   35.318468,       13.14,
 139.243604,   35.318468,       13.57,
 139.248108,   35.318468,       14.00,
 139.252613,   35.318468,       14.44,
 139.257117,   35.318468,       14.88,
 139.261622,   35.318468,       13.57,
 139.266126,   35.318468,        9.78,
 139.270631,   35.318468,        8.34,
 139.275135,   35.318468,        7.90,
 139.279640,   35.318468,        7.46,
 139.284144,   35.318468,        7.03,
 139.288649,   35.318468,        6.60,
 139.293153,   35.318468,        6.17,
 139.297658,   35.318468,        5.75,
 139.302162,   35.318468,        5.37,
 139.306667,   35.318468,        5.11,
 139.311171,   35.318468,        4.91,
 139.315676,   35.318468,        4.71,
 139.320180,   35.318468,        4.48,
 139.324685,   35.318468,        4.23,
 139.329189,   35.318468,        3.97,
 139.333694,   35.318468,        3.68,
 139.338198,   35.318468,        3.37,
 139.342703,   35.318468,        3.17,
 139.347207,   35.318468,        3.20,
 139.351712,   35.318468,        3.26,
 139.356216,   35.318468,        3.33,
 139.360721,   35.318468,        3.43,
 139.365225,   35.318468,        3.56,
 139.369730,   35.318468,        3.74,
 139.374234,   35.318468,        4.06,
 139.378739,   35.318468,        4.51,
 139.383243,   35.318468,        5.03,
 139.387748,   35.318468,        5.55,
 139.392252,   35.318468,        6.12,
 139.396757,   35.318468,        6.69,
 139.401261,   35.318468,        7.36,
 139.405766,   35.318468,        8.41,
 139.410270,   35.318468,        9.51,
 139.414775,   35.318468,       10.42,
 139.419279,   35.318468,       11.30,
 139.423784,   35.318468,       12.17,
 139.428288,   35.318468,       13.01,
 139.432793,   35.318468,       13.69,
 139.437297,   35.318468,       14.31,
 139.441802,   35.318468,       14.99,
 139.446306,   35.318468,       15.65,
 139.450811,   35.318468,       16.15,
 139.455315,   35.318468,       16.65,
 139.459820,   35.318468,       17.16,
 139.464324,   35.318468,       17.61,
 139.468829,   35.318468,       18.13,
 139.473333,   35.318468,       18.61,
 139.477838,   35.318468,       19.07,
 139.482342,   35.318468,       19.53,
 139.486847,   35.318468,       19.99,
 139.491351,   35.318468,       20.45,
 139.495856,   35.318468,       20.90,
 139.500360,   35.318468,       21.35,
 139.504865,   35.318468,       21.80,
 139.509369,   35.318468,       22.24,
 139.513874,   35.318468,       22.68,
 139.518378,   35.318468,       23.11,
 139.522883,   35.318468,       23.54,
 139.527387,   35.318468,       23.97,
 139.531892,   35.318468,       24.38,
 139.536396,   35.318468,       24.80,
 139.540901,   35.318468,       25.40,
 139.545405,   35.318468,       26.35,
 139.549910,   35.318468,       27.60,
 139.554414,   35.318468,       29.14,
 139.558919,   35.318468,       31.03,
 139.563423,   35.318468,       33.14,
 139.567928,   35.318468,       35.43,
 139.572432,   35.318468,       37.87,
 139.576937,   35.318468,       40.45,
 139.581441,   35.318468,       43.19,
 139.585946,   35.318468,       46.09,
 139.590450,   35.318468,       49.07,
 139.594955,   35.318468,       52.12,
 139.599459,   35.318468,       55.22,
 139.603964,   35.318468,       58.37,
 139.608468,   35.318468,       61.58,
 139.612973,   35.318468,       64.85,
 139.617477,   35.318468,       68.14,
 139.621982,   35.318468,       71.32,
 139.626486,   35.318468,       74.12,
 139.630991,   35.318468,       76.81,
 139.635495,   35.318468,       79.18,
 139.640000,   35.318468,       80.52,
 139.644505,   35.318468,       78.85,
 139.649009,   35.318468,       77.44,
 139.653514,   35.318468,       76.33,
 139.658018,   35.318468,       74.98,
 139.662523,   35.318468,       72.99,
 139.667027,   35.318468,       70.40,
 139.671532,   35.318468,       66.70,
 139.676036,   35.318468,       61.54,
 139.680541,   35.318468,       56.37,
 139.685045,   35.318468,       51.18,
 139.689550,   35.318468,       46.70,
 139.694054,   35.318468,       42.51,
 139.698559,   35.318468,       39.43,
 139.703063,   35.318468,       36.76,
 139.707568,   35.318468,       34.47,
 139.712072,   35.318468,       33.37,
 139.716577,   35.318468,       32.24,
 139.721081,   35.318468,       31.84,
 139.725586,   35.318468,       32.39,
 139.730090,   35.318468,       33.09,
 139.734595,   35.318468,       35.00,
 139.739099,   35.318468,       37.27,
 139.743604,   35.318468,       40.01,
 139.748108,   35.318468,       42.48,
 139.752613,   35.318468,       44.70,
 139.757117,   35.318468,       46.48,
 139.761622,   35.318468,       47.82,
 139.766126,   35.318468,       48.90,
 139.770631,   35.318468,       49.36,
 139.775135,   35.318468,       49.68,
 139.779640,   35.318468,       49.92,
 139.784144,   35.318468,       50.27,
 139.788649,   35.318468,       50.76,
 139.793153,   35.318468,       51.80,
 139.797658,   35.318468,       55.33,
 139.802162,   35.318468,       59.43,
 139.806667,   35.318468,       60.78,
 139.811171,   35.318468,       61.00,
 139.815676,   35.318468,       61.43,
 139.820180,   35.318468,       60.27,
 139.824685,   35.318468,       58.27,
 139.829189,   35.318468,       57.37,
 139.833694,   35.318468,       56.95,
 139.838198,   35.318468,       56.65,
 139.842703,   35.318468,       56.53,
 139.847207,   35.318468,       56.48,
 139.851712,   35.318468,       56.46,
 139.856216,   35.318468,       56.74,
 139.860721,   35.318468,       57.37,
 139.865225,   35.318468,       58.11,
 139.869730,   35.318468,       58.93,
 139.874234,   35.318468,       59.78,
 139.878739,   35.318468,       60.39,
 139.883243,   35.318468,       60.69,
 139.887748,   35.318468,       60.81,
 139.892252,   35.318468,       60.84,
 139.896757,   35.318468,       60.81,
 139.901261,   35.318468,       60.66,
 139.905766,   35.318468,       60.44,
 139.910270,   35.318468,       60.16,
 139.914775,   35.318468,       59.84,
 139.919279,   35.318468,       59.50,
 139.923784,   35.318468,       59.15,
 139.928288,   35.318468,       58.77,
 139.932793,   35.318468,       58.39,
 139.937297,   35.318468,       58.00,
 139.941802,   35.318468,       57.60,
 139.946306,   35.318468,       57.20,
 139.950811,   35.318468,       56.79,
 139.955315,   35.318468,       56.39,
 139.959820,   35.318468,       55.97,
 139.964324,   35.318468,       55.56,
 139.968829,   35.318468,       55.15,
 139.973333,   35.318468,       54.73,
 139.977838,   35.318468,       54.32,
 139.982342,   35.318468,       53.91,
 139.986847,   35.318468,       53.51,
 139.991351,   35.318468,       53.11,
 139.995856,   35.318468,       52.72,
 140.000360,   35.318468,       52.33,
 140.004865,   35.318468,       51.95,
 140.009369,   35.318468,       51.57,
 140.013874,   35.318468,       51.20,
 140.018378,   35.318468,       50.84,
 140.022883,   35.318468,       50.49,
 140.027387,   35.318468,       50.13,
 140.031892,   35.318468,       49.79,
 140.036396,   35.318468,       49.45,
 140.040901,   35.318468,       49.11,
 140.045405,   35.318468,       48.78,
 140.049910,   35.318468,       48.45,
 140.054414,   35.318468,       48.13,
 140.058919,   35.318468,       47.80,
 140.063423,   35.318468,       47.49,
 140.067928,   35.318468,       47.17,
 140.072432,   35.318468,       46.86,
 140.076937,   35.318468,       46.55,
 140.081441,   35.318468,       46.25,
 140.085946,   35.318468,       45.95,
 140.090450,   35.318468,       45.65,
 140.094955,   35.318468,       45.36,
 140.099459,   35.318468,       45.07,
 140.103964,   35.318468,       44.78,
 140.108468,   35.318468,       44.50,
 140.112973,   35.318468,       44.22,
 140.117477,   35.318468,       43.94,
 140.121982,   35.318468,       43.67,
 140.126486,   35.318468,       43.39,
 140.130991,   35.318468,       43.13,
 140.135495,   35.318468,       42.86,
 140.140000,   35.318468,       42.59,
 140.144505,   35.318468,       42.33,
 140.149009,   35.318468,       42.07,
 140.153514,   35.318468,       41.81,
 140.158018,   35.318468,       41.56,
 140.162523,   35.318468,       41.30,
 140.167027,   35.318468,       41.04,
 140.171532,   35.318468,       40.79,
 140.176036,   35.318468,       40.53,
 140.180541,   35.318468,       40.27,
 140.185045,   35.318468,       40.01,
 140.189550,   35.318468,       39.75,
 140.194054,   35.318468,       39.49,
 140.198559,   35.318468,       39.23,
 140.203063,   35.318468,       38.97,
 140.207568,   35.318468,       38.71,
 140.212072,   35.318468,       38.44,
 140.216577,   35.318468,       38.17,
 140.221081,   35.318468,       37.90,
 140.225586,   35.318468,       37.62,
 140.230090,   35.318468,       37.34,
 140.234595,   35.318468,       37.06,
 140.239099,   35.318468,       36.78,
 140.243604,   35.318468,       36.49,
 140.248108,   35.318468,       36.20,
 140.252613,   35.318468,       35.91,
 140.257117,   35.318468,       35.62,
 140.261622,   35.318468,       35.32,
 140.266126,   35.318468,       35.02,
 140.270631,   35.318468,       34.72,
 140.275135,   35.318468,       34.41,
 140.279640,   35.318468,       34.09,
 140.284144,   35.318468,       33.78,
 140.288649,   35.318468,       33.45,
 140.293153,   35.318468,       33.12,
 140.297658,   35.318468,       32.79,
 140.302162,   35.318468,       32.48,
 140.306667,   35.318468,       32.25,
 140.311171,   35.318468,       32.01,
 140.315676,   35.318468,       31.77,
 140.320180,   35.318468,       31.54,
 140.324685,   35.318468,       31.30,
 140.329189,   35.318468,       31.06,
 140.333694,   35.318468,       30.83,
 140.338198,   35.318468,       30.59,
 140.342703,   35.318468,       30.35,
 140.347207,   35.318468,       30.12,
 140.351712,   35.318468,       29.88,
 140.356216,   35.318468,       29.64,
 140.360721,   35.318468,       29.40,
 140.365225,   35.318468,       29.17,
 140.369730,   35.318468,       28.93,
 140.374234,   35.318468,       28.69,
 140.378739,   35.318468,       28.46,
 140.383243,   35.318468,       28.22,
 140.387748,   35.318468,       27.98,
 139.140000,   35.322973,        4.50,
 139.144505,   35.322973,        4.87,
 139.149009,   35.322973,        5.25,
 139.153514,   35.322973,        5.63,
 139.158018,   35.322973,        6.01,
 139.162523,   35.322973,        6.40,
 139.167027,   35.322973,        6.79,
 139.171532,   35.322973,        7.18,
 139.176036,   35.322973,        7.57,
 139.180541,   35.322973,        7.97,
 139.185045,   35.322973,        8.37,
 139.189550,   35.322973,        8.77,
 139.194054,   35.322973,        9.17,
 139.198559,   35.322973,        9.57,
 139.203063,   35.322973,        9.98,
 139.207568,   35.322973,       10.39,
 139.212072,   35.322973,       10.81,
 139.216577,   35.322973,       11.22,
 139.221081,   35.322973,       11.64,
 139.225586,   35.322973,       12.06,
 139.230090,   35.322973,       12.48,
 139.234595,   35.322973,       12.91,
 139.239099,   35.322973,       13.34,
 139.243604,   35.322973,       13.77,
 139.248108,   35.322973,       14.20,
 139.252613,   35.322973,       14.64,
 139.257117,   35.322973,       15.08,
 139.261622,   35.322973,       15.52,
 139.266126,   35.322973,       15.96,
 139.270631,   35.322973,       12.68,
 139.275135,   35.322973,        9.54,
 139.279640,   35.322973,        9.14,
 139.284144,   35.322973,        8.74,
 139.288649,   35.322973,        8.34,
 139.293153,   35.322973,        7.95,
 139.297658,   35.322973,        7.56,
 139.302162,   35.322973,        7.17,
 139.306667,   35.322973,        6.80,
 139.311171,   35.322973,        6.46,
 139.315676,   35.322973,        6.22,
 139.320180,   35.322973,        6.05,
 139.324685,   35.322973,        5.87,
 139.329189,   35.322973,        5.67,
 139.333694,   35.322973,        5.46,
 139.338198,   35.322973,        5.21,
 139.342703,   35.322973,        4.94,
 139.347207,   35.322973,        4.63,
 139.351712,   35.322973,        4.28,
 139.356216,   35.322973,        3.92,
 139.360721,   35.322973,        3.60,
 139.365225,   35.322973,        3.67,
 139.369730,   35.322973,        3.83,
 139.374234,   35.322973,        4.24,
 139.378739,   35.322973,        4.82,
 139.383243,   35.322973,        5.51,
 139.387748,   35.322973,        6.36,
 139.392252,   35.322973,        7.22,
 139.396757,   35.322973,        8.07,
 139.401261,   35.322973,        8.93,
 139.405766,   35.322973,        9.81,
 139.410270,   35.322973,       10.70,
 139.414775,   35.322973,       11.57,
 139.419279,   35.322973,       12.41,
 139.423784,   35.322973,       13.23,
 139.428288,   35.322973,       14.01,
 139.432793,   35.322973,       14.72,
 139.437297,   35.322973,       15.36,
 139.441802,   35.322973,       15.97,
 139.446306,   35.322973,       16.54,
 139.450811,   35.322973,       17.09,
 139.455315,   35.322973,       17.65,
 139.459820,   35.322973,       18.22,
 139.464324,   35.322973,       18.77,
 139.468829,   35.322973,       19.29,
 139.473333,   35.322973,       19.80,
 139.477838,   35.322973,       20.31,
 139.482342,   35.322973,       20.82,
 139.486847,   35.322973,       21.33,
 139.491351,   35.322973,       21.84,
 139.495856,   35.322973,       22.35,
 139.500360,   35.322973,       22.85,
 139.504865,   35.322973,       23.36,
 139.509369,   35.322973,       23.88,
 139.513874,   35.322973,       24.39,
 139.518378,   35.322973,       24.90,
 139.522883,   35.322973,       25.42,
 139.527387,   35.322973,       25.93,
 139.531892,   35.322973,       26.45,
 139.536396,   35.322973,       27.08,
 139.540901,   35.322973,       27.87,
 139.545405,   35.322973,       28.87,
 139.549910,   35.322973,       30.05,
 139.554414,   35.322973,       31.39,
 139.558919,   35.322973,       32.92,
 139.563423,   35.322973,       34.69,
 139.567928,   35.322973,       36.77,
 139.572432,   35.322973,       39.10,
 139.576937,   35.322973,       41.57,
 139.581441,   35.322973,       44.18,
 139.585946,   35.322973,       46.93,
 139.590450,   35.322973,       49.83,
 139.594955,   35.322973,       52.87,
 139.599459,   35.322973,       55.98,
 139.603964,   35.322973,       59.16,
 139.608468,   35.322973,       62.40,
 139.612973,   35.322973,       65.72,
 139.617477,   35.322973,       69.12,
 139.621982,   35.322973,       72.61,
 139.626486,   35.322973,       75.98,
 139.630991,   35.322973,       78.59,
 139.635495,   35.322973,       80.78,
 139.640000,   35.322973,       81.47,
 139.644505,   35.322973,       79.61,
 139.649009,   35.322973,       78.19,
 139.653514,   35.322973,       76.56,
 139.658018,   35.322973,       74.97,
 139.662523,   35.322973,       72.76,
 139.667027,   35.322973,       69.74,
 139.671532,   35.322973,       65.41,
 139.676036,   35.322973,       60.32,
 139.680541,   35.322973,       54.90,
 139.685045,   35.322973,       49.87,
 139.689550,   35.322973,       45.64,
 139.694054,   35.322973,       41.38,
 139.698559,   35.322973,       38.89,
 139.703063,   35.322973,       36.32,
 139.707568,   35.322973,       34.56,
 139.712072,   35.322973,       33.58,
 139.716577,   35.322973,       32.67,
 139.721081,   35.322973,       32.55,
 139.725586,   35.322973,       33.14,
 139.730090,   35.322973,       34.15,
 139.734595,   35.322973,       36.11,
 139.739099,   35.322973,       38.54,
 139.743604,   35.322973,       41.27,
 139.748108,   35.322973,       43.87,
 139.752613,   35.322973,       46.57,
 139.757117,   35.322973,       47.96,
 139.761622,   35.322973,       49.45,
 139.766126,   35.322973,       50.26,
 139.770631,   35.322973,       50.64,
 139.775135,   35.322973,       51.12,
 139.779640,   35.322973,       51.40,
 139.784144,   35.322973,       51.64,
 139.788649,   35.322973,       52.08,
 139.793153,   35.322973,       53.89,
 139.797658,   35.322973,       56.66,
 139.802162,   35.322973,       59.28,
 139.806667,   35.322973,       60.69,
 139.811171,   35.322973,       61.93,
 139.815676,   35.322973,       62.71,
 139.820180,   35.322973,       62.62,
 139.824685,   35.322973,       60.65,
 139.829189,   35.322973,       59.45,
 139.833694,   35.322973,       58.77,
 139.838198,   35.322973,       58.25,
 139.842703,   35.322973,       57.97,
 139.847207,   35.322973,       57.81,
 139.851712,   35.322973,       57.70,
 139.856216,   35.322973,       57.80,
 139.860721,   35.322973,       58.28,
 139.865225,   35.322973,       58.93,
 139.869730,   35.322973,       59.67,
 139.874234,   35.322973,       60.46,
 139.878739,   35.322973,       61.15,
 139.883243,   35.322973,       61.51,
 139.887748,   35.322973,       61.67,
 139.892252,   35.322973,       61.71,
 139.896757,   35.322973,       61.68,
 139.901261,   35.322973,       61.55,
 139.905766,   35.322973,       61.32,
 139.910270,   35.322973,       61.03,
 139.914775,   35.322973,       60.71,
 139.919279,   35.322973,       60.37,
 139.923784,   35.322973,       60.01,
 139.928288,   35.322973,       59.63,
 139.932793,   35.322973,       59.24,
 139.937297,   35.322973,       58.85,
 139.941802,   35.322973,       58.45,
 139.946306,   35.322973,       58.05,
 139.950811,   35.322973,       57.64,
 139.955315,   35.322973,       57.23,
 139.959820,   35.322973,       56.82,
 139.964324,   35.322973,       56.40,
 139.968829,   35.322973,       55.99,
 139.973333,   35.322973,       55.57,
 139.977838,   35.322973,       55.16,
 139.982342,   35.322973,       54.75,
 139.986847,   35.322973,       54.35,
 139.991351,   35.322973,       53.95,
 139.995856,   35.322973,       53.56,
 140.000360,   35.322973,       53.17,
 140.004865,   35.322973,       52.79,
 140.009369,   35.322973,       52.42,
 140.013874,   35.322973,       52.05,
 140.018378,   35.322973,       51.69,
 140.022883,   35.322973,       51.34,
 140.027387,   35.322973,       50.99,
 140.031892,   35.322973,       50.65,
 140.036396,   35.322973,       50.31,
 140.040901,   35.322973,       49.97,
 140.045405,   35.322973,       49.64,
 140.049910,   35.322973,       49.32,
 140.054414,   35.322973,       49.00,
 140.058919,   35.322973,       48.68,
 140.063423,   35.322973,       48.36,
 140.067928,   35.322973,       48.05,
 140.072432,   35.322973,       47.74,
 140.076937,   35.322973,       47.43,
 140.081441,   35.322973,       47.13,
 140.085946,   35.322973,       46.83,
 140.090450,   35.322973,       46.54,
 140.094955,   35.322973,       46.25,
 140.099459,   35.322973,       45.96,
 140.103964,   35.322973,       45.67,
 140.108468,   35.322973,       45.39,
 140.112973,   35.322973,       45.12,
 140.117477,   35.322973,       44.84,
 140.121982,   35.322973,       44.57,
 140.126486,   35.322973,       44.30,
 140.130991,   35.322973,       44.03,
 140.135495,   35.322973,       43.77,
 140.140000,   35.322973,       43.50,
 140.144505,   35.322973,       43.24,
 140.149009,   35.322973,       42.98,
 140.153514,   35.322973,       42.73,
 140.158018,   35.322973,       42.47,
 140.162523,   35.322973,       42.21,
 140.167027,   35.322973,       41.95,
 140.171532,   35.322973,       41.69,
 140.176036,   35.322973,       41.43,
 140.180541,   35.322973,       41.17,
 140.185045,   35.322973,       40.91,
 140.189550,   35.322973,       40.65,
 140.194054,   35.322973,       40.39,
 140.198559,   35.322973,       40.13,
 140.203063,   35.322973,       39.86,
 140.207568,   35.322973,       39.60,
 140.212072,   35.322973,       39.32,
 140.216577,   35.322973,       39.05,
 140.221081,   35.322973,       38.77,
 140.225586,   35.322973,       38.49,
 140.230090,   35.322973,       38.21,
 140.234595,   35.322973,       37.92,
 140.239099,   35.322973,       37.64,
 140.243604,   35.322973,       37.35,
 140.248108,   35.322973,       37.05,
 140.252613,   35.322973,       36.76,
 140.257117,   35.322973,       36.46,
 140.261622,   35.322973,       36.16,
 140.266126,   35.322973,       35.85,
 140.270631,   35.322973,       35.54,
 140.275135,   35.322973,       35.23,
 140.279640,   35.322973,       34.91,
 140.284144,   35.322973,       34.59,
 140.288649,   35.322973,       34.26,
 140.293153,   35.322973,       33.92,
 140.297658,   35.322973,       33.58,
 140.302162,   35.322973,       33.35,
 140.306667,   35.322973,       33.11,
 140.311171,   35.322973,       32.87,
 140.315676,   35.322973,       32.63,
 140.320180,   35.322973,       32.40,
 140.324685,   35.322973,       32.16,
 140.329189,   35.322973,       31.92,
 140.333694,   35.322973,       31.69,
 140.338198,   35.322973,       31.45,
 140.342703,   35.322973,       31.21,
 140.347207,   35.322973,       30.98,
 140.351712,   35.322973,       30.74,
 140.356216,   35.322973,       30.50,
 140.360721,   35.322973,       30.27,
 140.365225,   35.322973,       30.03,
 140.369730,   35.322973,       29.79,
 140.374234,   35.322973,       29.56,
 140.378739,   35.322973,       29.32,
 140.383243,   35.322973,       29.08,
 140.387748,   35.322973,       28.85,
 139.140000,   35.327477,        4.72,
 139.144505,   35.327477,        5.09,
 139.149009,   35.327477,        5.47,
 139.153514,   35.327477,        5.85,
 139.158018,   35.327477,        6.23,
 139.162523,   35.327477,        6.62,
 139.167027,   35.327477,        7.00,
 139.171532,   35.327477,        7.39,
 139.176036,   35.327477,        7.79,
 139.180541,   35.327477,        8.18,
 139.185045,   35.327477,        8.58,
 139.189550,   35.327477,        8.98,
 139.194054,   35.327477,        9.38,
 139.198559,   35.327477,        9.78,
 139.203063,   35.327477,       10.19,
 139.207568,   35.327477,       10.60,
 139.212072,   35.327477,       11.01,
 139.216577,   35.327477,       11.43,
 139.221081,   35.327477,       11.84,
 139.225586,   35.327477,       12.26,
 139.230090,   35.327477,       12.68,
 139.234595,   35.327477,       13.11,
 139.239099,   35.327477,       13.54,
 139.243604,   35.327477,       13.97,
 139.248108,   35.327477,       14.40,
 139.252613,   35.327477,       14.83,
 139.257117,   35.327477,       15.27,
 139.261622,   35.327477,       15.71,
 139.266126,   35.327477,       16.15,
 139.270631,   35.327477,       16.60,
 139.275135,   35.327477,       15.48,
 139.279640,   35.327477,       12.02,
 139.284144,   35.327477,       10.33,
 139.288649,   35.327477,        9.97,
 139.293153,   35.327477,        9.61,
 139.297658,   35.327477,        9.26,
 139.302162,   35.327477,        8.90,
 139.306667,   35.327477,        8.56,
 139.311171,   35.327477,        8.22,
 139.315676,   35.327477,        7.90,
 139.320180,   35.327477,        7.60,
 139.324685,   35.327477,        7.39,
 139.329189,   35.327477,        7.24,
 139.333694,   35.327477,        7.11,
 139.338198,   35.327477,        6.96,
 139.342703,   35.327477,        6.78,
 139.347207,   35.327477,        6.58,
 139.351712,   35.327477,        6.36,
 139.356216,   35.327477,        6.10,
 139.360721,   35.327477,        5.81,
 139.365225,   35.327477,        5.56,
 139.369730,   35.327477,        5.40,
 139.374234,   35.327477,        5.25,
 139.378739,   35.327477,        5.78,
 139.383243,   35.327477,        6.58,
 139.387748,   35.327477,        7.39,
 139.392252,   35.327477,        8.19,
 139.396757,   35.327477,        9.00,
 139.401261,   35.327477,        9.80,
 139.405766,   35.327477,       10.60,
 139.410270,   35.327477,       11.40,
 139.414775,   35.327477,       12.20,
 139.419279,   35.327477,       13.00,
 139.423784,   35.327477,       13.79,
 139.428288,   35.327477,       14.56,
 139.432793,   35.327477,       15.31,
 139.437297,   35.327477,       16.03,
 139.441802,   35.327477,       16.74,
 139.446306,   35.327477,       17.42,
 139.450811,   35.327477,       18.09,
 139.455315,   35.327477,       18.73,
 139.459820,   35.327477,       19.33,
 139.464324,   35.327477,       19.91,
 139.468829,   35.327477,       20.47,
 139.473333,   35.327477,       21.02,
 139.477838,   35.327477,       21.56,
 139.482342,   35.327477,       22.11,
 139.486847,   35.327477,       22.65,
 139.491351,   35.327477,       23.20,
 139.495856,   35.327477,       23.75,
 139.500360,   35.327477,       24.30,
 139.504865,   35.327477,       24.86,
 139.509369,   35.327477,       25.42,
 139.513874,   35.327477,       25.98,
 139.518378,   35.327477,       26.55,
 139.522883,   35.327477,       27.13,
 139.527387,   35.327477,       27.72,
 139.531892,   35.327477,       28.37,
 139.536396,   35.327477,       29.13,
 139.540901,   35.327477,       30.01,
 139.545405,   35.327477,       31.04,
 139.549910,   35.327477,       32.20,
 139.554414,   35.327477,       33.49,
 139.558919,   35.327477,       34.92,
 139.563423,   35.327477,       36.51,
 139.567928,   35.327477,       38.29,
 139.572432,   35.327477,       40.30,
 139.576937,   35.327477,       42.60,
 139.581441,   35.327477,       45.13,
 139.585946,   35.327477,       47.78,
 139.590450,   35.327477,       50.57,
 139.594955,   35.327477,       53.49,
 139.599459,   35.327477,       56.56,
 139.603964,   35.327477,       59.75,
 139.608468,   35.327477,       63.01,
 139.612973,   35.327477,       66.34,
 139.617477,   35.327477,       69.78,
 139.621982,   35.327477,       73.36,
 139.626486,   35.327477,       77.17,
 139.630991,   35.327477,       80.54,
 139.635495,   35.327477,       82.58,
 139.640000,   35.327477,       81.95,
 139.644505,   35.327477,       80.25,
 139.649009,   35.327477,       78.98,
 139.653514,   35.327477,       77.39,
 139.658018,   35.327477,       75.67,
 139.662523,   35.327477,       73.65,
 139.667027,   35.327477,       69.84,
 139.671532,   35.327477,       65.29,
 139.676036,   35.327477,       59.66,
 139.680541,   35.327477,       54.23,
 139.685045,   35.327477,       49.29,
 139.689550,   35.327477,       44.94,
 139.694054,   35.327477,       41.47,
 139.698559,   35.327477,       38.65,
 139.703063,   35.327477,       36.18,
 139.707568,   35.327477,       34.91,
 139.712072,   35.327477,       33.96,
 139.716577,   35.327477,       33.02,
 139.721081,   35.327477,       33.28,
 139.725586,   35.327477,       34.00,
 139.730090,   35.327477,       35.04,
 139.734595,   35.327477,       36.98,
 139.739099,   35.327477,       39.38,
 139.743604,   35.327477,       42.07,
 139.748108,   35.327477,       44.70,
 139.752613,   35.327477,       47.04,
 139.757117,   35.327477,       49.04,
 139.761622,   35.327477,       50.30,
 139.766126,   35.327477,       51.12,
 139.770631,   35.327477,       51.61,
 139.775135,   35.327477,       51.82,
 139.779640,   35.327477,       52.13,
 139.784144,   35.327477,       52.52,
 139.788649,   35.327477,       53.11,
 139.793153,   35.327477,       54.87,
 139.797658,   35.327477,       57.05,
 139.802162,   35.327477,       58.94,
 139.806667,   35.327477,       60.28,
 139.811171,   35.327477,       61.43,
 139.815676,   35.327477,       62.07,
 139.820180,   35.327477,       62.73,
 139.824685,   35.327477,       62.39,
 139.829189,   35.327477,       61.26,
 139.833694,   35.327477,       60.53,
 139.838198,   35.327477,       59.81,
 139.842703,   35.327477,       59.39,
 139.847207,   35.327477,       59.13,
 139.851712,   35.327477,       58.95,
 139.856216,   35.327477,       58.89,
 139.860721,   35.327477,       59.22,
 139.865225,   35.327477,       59.78,
 139.869730,   35.327477,       60.43,
 139.874234,   35.327477,       61.16,
 139.878739,   35.327477,       61.89,
 139.883243,   35.327477,       62.32,
 139.887748,   35.327477,       62.53,
 139.892252,   35.327477,       62.60,
 139.896757,   35.327477,       62.58,
 139.901261,   35.327477,       62.45,
 139.905766,   35.327477,       62.21,
 139.910270,   35.327477,       61.92,
 139.914775,   35.327477,       61.59,
 139.919279,   35.327477,       61.24,
 139.923784,   35.327477,       60.87,
 139.928288,   35.327477,       60.49,
 139.932793,   35.327477,       60.10,
 139.937297,   35.327477,       59.71,
 139.941802,   35.327477,       59.30,
 139.946306,   35.327477,       58.90,
 139.950811,   35.327477,       58.49,
 139.955315,   35.327477,       58.08,
 139.959820,   35.327477,       57.66,
 139.964324,   35.327477,       57.25,
 139.968829,   35.327477,       56.83,
 139.973333,   35.327477,       56.42,
 139.977838,   35.327477,       56.00,
 139.982342,   35.327477,       55.59,
 139.986847,   35.327477,       55.19,
 139.991351,   35.327477,       54.80,
 139.995856,   35.327477,       54.40,
 140.000360,   35.327477,       54.02,
 140.004865,   35.327477,       53.64,
 140.009369,   35.327477,       53.27,
 140.013874,   35.327477,       52.90,
 140.018378,   35.327477,       52.55,
 140.022883,   35.327477,       52.19,
 140.027387,   35.327477,       51.85,
 140.031892,   35.327477,       51.51,
 140.036396,   35.327477,       51.17,
 140.040901,   35.327477,       50.84,
 140.045405,   35.327477,       50.51,
 140.049910,   35.327477,       50.19,
 140.054414,   35.327477,       49.87,
 140.058919,   35.327477,       49.55,
 140.063423,   35.327477,       49.23,
 140.067928,   35.327477,       48.92,
 140.072432,   35.327477,       48.62,
 140.076937,   35.327477,       48.31,
 140.081441,   35.327477,       48.01,
 140.085946,   35.327477,       47.72,
 140.090450,   35.327477,       47.43,
 140.094955,   35.327477,       47.14,
 140.099459,   35.327477,       46.85,
 140.103964,   35.327477,       46.57,
 140.108468,   35.327477,       46.29,
 140.112973,   35.327477,       46.01,
 140.117477,   35.327477,       45.74,
 140.121982,   35.327477,       45.47,
 140.126486,   35.327477,       45.20,
 140.130991,   35.327477,       44.94,
 140.135495,   35.327477,       44.67,
 140.140000,   35.327477,       44.41,
 140.144505,   35.327477,       44.15,
 140.149009,   35.327477,       43.89,
 140.153514,   35.327477,       43.64,
 140.158018,   35.327477,       43.38,
 140.162523,   35.327477,       43.12,
 140.167027,   35.327477,       42.86,
 140.171532,   35.327477,       42.60,
 140.176036,   35.327477,       42.34,
 140.180541,   35.327477,       42.08,
 140.185045,   35.327477,       41.82,
 140.189550,   35.327477,       41.55,
 140.194054,   35.327477,       41.29,
 140.198559,   35.327477,       41.02,
 140.203063,   35.327477,       40.75,
 140.207568,   35.327477,       40.48,
 140.212072,   35.327477,       40.20,
 140.216577,   35.327477,       39.92,
 140.221081,   35.327477,       39.64,
 140.225586,   35.327477,       39.36,
 140.230090,   35.327477,       39.07,
 140.234595,   35.327477,       38.78,
 140.239099,   35.327477,       38.49,
 140.243604,   35.327477,       38.20,
 140.248108,   35.327477,       37.90,
 140.252613,   35.327477,       37.60,
 140.257117,   35.327477,       37.30,
 140.261622,   35.327477,       36.99,
 140.266126,   35.327477,       36.68,
 140.270631,   35.327477,       36.36,
 140.275135,   35.327477,       36.04,
 140.279640,   35.327477,       35.72,
 140.284144,   35.327477,       35.39,
 140.288649,   35.327477,       35.06,
 140.293153,   35.327477,       34.72,
 140.297658,   35.327477,       34.44,
 140.302162,   35.327477,       34.21,
 140.306667,   35.327477,       33.97,
 140.311171,   35.327477,       33.73,
 140.315676,   35.327477,       33.50,
 140.320180,   35.327477,       33.26,
 140.324685,   35.327477,       33.02,
 140.329189,   35.327477,       32.79,
 140.333694,   35.327477,       32.55,
 140.338198,   35.327477,       32.31,
 140.342703,   35.327477,       32.08,
 140.347207,   35.327477,       31.84,
 140.351712,   35.327477,       31.60,
 140.356216,   35.327477,       31.37,
 140.360721,   35.327477,       31.13,
 140.365225,   35.327477,       30.89,
 140.369730,   35.327477,       30.66,
 140.374234,   35.327477,       30.42,
 140.378739,   35.327477,       30.18,
 140.383243,   35.327477,       29.94,
 140.387748,   35.327477,       29.71,
 139.140000,   35.331982,        4.94,
 139.144505,   35.331982,        5.31,
 139.149009,   35.331982,        5.69,
 139.153514,   35.331982,        6.07,
 139.158018,   35.331982,        6.45,
 139.162523,   35.331982,        6.83,
 139.167027,   35.331982,        7.22,
 139.171532,   35.331982,        7.60,
 139.176036,   35.331982,        8.00,
 139.180541,   35.331982,        8.39,
 139.185045,   35.331982,        8.79,
 139.189550,   35.331982,        9.18,
 139.194054,   35.331982,        9.58,
 139.198559,   35.331982,        9.99,
 139.203063,   35.331982,       10.39,
 139.207568,   35.331982,       10.80,
 139.212072,   35.331982,       11.21,
 139.216577,   35.331982,       11.63,
 139.221081,   35.331982,       12.04,
 139.225586,   35.331982,       12.46,
 139.230090,   35.331982,       12.88,
 139.234595,   35.331982,       13.31,
 139.239099,   35.331982,       13.73,
 139.243604,   35.331982,       14.16,
 139.248108,   35.331982,       14.59,
 139.252613,   35.331982,       15.03,
 139.257117,   35.331982,       15.46,
 139.261622,   35.331982,       15.90,
 139.266126,   35.331982,       16.34,
 139.270631,   35.331982,       16.78,
 139.275135,   35.331982,       17.23,
 139.279640,   35.331982,       17.68,
 139.284144,   35.331982,       14.73,
 139.288649,   35.331982,       11.70,
 139.293153,   35.331982,       11.17,
 139.297658,   35.331982,       10.85,
 139.302162,   35.331982,       10.53,
 139.306667,   35.331982,       10.21,
 139.311171,   35.331982,        9.90,
 139.315676,   35.331982,        9.60,
 139.320180,   35.331982,        9.30,
 139.324685,   35.331982,        9.03,
 139.329189,   35.331982,        8.78,
 139.333694,   35.331982,        8.61,
 139.338198,   35.331982,        8.50,
 139.342703,   35.331982,        8.42,
 139.347207,   35.331982,        8.32,
 139.351712,   35.331982,        8.24,
 139.356216,   35.331982,        8.17,
 139.360721,   35.331982,        8.10,
 139.365225,   35.331982,        8.05,
 139.369730,   35.331982,        8.01,
 139.374234,   35.331982,        7.99,
 139.378739,   35.331982,        8.04,
 139.383243,   35.331982,        8.18,
 139.387748,   35.331982,        8.37,
 139.392252,   35.331982,        8.97,
 139.396757,   35.331982,        9.77,
 139.401261,   35.331982,       10.56,
 139.405766,   35.331982,       11.36,
 139.410270,   35.331982,       12.16,
 139.414775,   35.331982,       12.95,
 139.419279,   35.331982,       13.73,
 139.423784,   35.331982,       14.50,
 139.428288,   35.331982,       15.26,
 139.432793,   35.331982,       16.02,
 139.437297,   35.331982,       16.76,
 139.441802,   35.331982,       17.49,
 139.446306,   35.331982,       18.22,
 139.450811,   35.331982,       18.92,
 139.455315,   35.331982,       19.59,
 139.459820,   35.331982,       20.25,
 139.464324,   35.331982,       20.90,
 139.468829,   35.331982,       21.53,
 139.473333,   35.331982,       22.14,
 139.477838,   35.331982,       22.75,
 139.482342,   35.331982,       23.33,
 139.486847,   35.331982,       23.92,
 139.491351,   35.331982,       24.50,
 139.495856,   35.331982,       25.09,
 139.500360,   35.331982,       25.68,
 139.504865,   35.331982,       26.28,
 139.509369,   35.331982,       26.88,
 139.513874,   35.331982,       27.48,
 139.518378,   35.331982,       28.09,
 139.522883,   35.331982,       28.72,
 139.527387,   35.331982,       29.38,
 139.531892,   35.331982,       30.12,
 139.536396,   35.331982,       30.96,
 139.540901,   35.331982,       31.90,
 139.545405,   35.331982,       32.95,
 139.549910,   35.331982,       34.10,
 139.554414,   35.331982,       35.36,
 139.558919,   35.331982,       36.74,
 139.563423,   35.331982,       38.25,
 139.567928,   35.331982,       39.91,
 139.572432,   35.331982,       41.74,
 139.576937,   35.331982,       43.75,
 139.581441,   35.331982,       46.00,
 139.585946,   35.331982,       48.56,
 139.590450,   35.331982,       51.26,
 139.594955,   35.331982,       54.10,
 139.599459,   35.331982,       57.07,
 139.603964,   35.331982,       60.19,
 139.608468,   35.331982,       63.44,
 139.612973,   35.331982,       66.78,
 139.617477,   35.331982,       70.23,
 139.621982,   35.331982,       73.81,
 139.626486,   35.331982,       77.65,
 139.630991,   35.331982,       82.15,
 139.635495,   35.331982,       84.44,
 139.640000,   35.331982,       82.27,
 139.644505,   35.331982,       80.54,
 139.649009,   35.331982,       79.75,
 139.653514,   35.331982,       78.36,
 139.658018,   35.331982,       76.57,
 139.662523,   35.331982,       73.74,
 139.667027,   35.331982,       69.83,
 139.671532,   35.331982,       64.81,
 139.676036,   35.331982,       59.19,
 139.680541,   35.331982,       53.94,
 139.685045,   35.331982,       49.01,
 139.689550,   35.331982,       44.57,
 139.694054,   35.331982,       41.54,
 139.698559,   35.331982,       38.61,
 139.703063,   35.331982,       36.24,
 139.707568,   35.331982,       35.23,
 139.712072,   35.331982,       34.29,
 139.716577,   35.331982,       33.62,
 139.721081,   35.331982,       34.00,
 139.725586,   35.331982,       34.85,
 139.730090,   35.331982,       35.87,
 139.734595,   35.331982,       37.83,
 139.739099,   35.331982,       40.08,
 139.743604,   35.331982,       42.51,
 139.748108,   35.331982,       45.13,
 139.752613,   35.331982,       47.33,
 139.757117,   35.331982,       49.32,
 139.761622,   35.331982,       50.74,
 139.766126,   35.331982,       51.58,
 139.770631,   35.331982,       52.17,
 139.775135,   35.331982,       52.35,
 139.779640,   35.331982,       52.59,
 139.784144,   35.331982,       53.03,
 139.788649,   35.331982,       53.71,
 139.793153,   35.331982,       55.29,
 139.797658,   35.331982,       57.00,
 139.802162,   35.331982,       58.47,
 139.806667,   35.331982,       59.83,
 139.811171,   35.331982,       60.87,
 139.815676,   35.331982,       61.47,
 139.820180,   35.331982,       62.08,
 139.824685,   35.331982,       62.74,
 139.829189,   35.331982,       63.00,
 139.833694,   35.331982,       62.33,
 139.838198,   35.331982,       61.32,
 139.842703,   35.331982,       60.76,
 139.847207,   35.331982,       60.42,
 139.851712,   35.331982,       60.18,
 139.856216,   35.331982,       60.03,
 139.860721,   35.331982,       60.17,
 139.865225,   35.331982,       60.63,
 139.869730,   35.331982,       61.22,
 139.874234,   35.331982,       61.88,
 139.878739,   35.331982,       62.59,
 139.883243,   35.331982,       63.13,
 139.887748,   35.331982,       63.39,
 139.892252,   35.331982,       63.49,
 139.896757,   35.331982,       63.49,
 139.901261,   35.331982,       63.36,
 139.905766,   35.331982,       63.12,
 139.910270,   35.331982,       62.82,
 139.914775,   35.331982,       62.48,
 139.919279,   35.331982,       62.13,
 139.923784,   35.331982,       61.75,
 139.928288,   35.331982,       61.37,
 139.932793,   35.331982,       60.97,
 139.937297,   35.331982,       60.57,
 139.941802,   35.331982,       60.16,
 139.946306,   35.331982,       59.75,
 139.950811,   35.331982,       59.34,
 139.955315,   35.331982,       58.93,
 139.959820,   35.331982,       58.51,
 139.964324,   35.331982,       58.10,
 139.968829,   35.331982,       57.68,
 139.973333,   35.331982,       57.26,
 139.977838,   35.331982,       56.85,
 139.982342,   35.331982,       56.44,
 139.986847,   35.331982,       56.03,
 139.991351,   35.331982,       55.64,
 139.995856,   35.331982,       55.25,
 140.000360,   35.331982,       54.86,
 140.004865,   35.331982,       54.48,
 140.009369,   35.331982,       54.12,
 140.013874,   35.331982,       53.75,
 140.018378,   35.331982,       53.40,
 140.022883,   35.331982,       53.05,
 140.027387,   35.331982,       52.70,
 140.031892,   35.331982,       52.36,
 140.036396,   35.331982,       52.03,
 140.040901,   35.331982,       51.70,
 140.045405,   35.331982,       51.37,
 140.049910,   35.331982,       51.05,
 140.054414,   35.331982,       50.73,
 140.058919,   35.331982,       50.42,
 140.063423,   35.331982,       50.11,
 140.067928,   35.331982,       49.80,
 140.072432,   35.331982,       49.50,
 140.076937,   35.331982,       49.19,
 140.081441,   35.331982,       48.90,
 140.085946,   35.331982,       48.60,
 140.090450,   35.331982,       48.31,
 140.094955,   35.331982,       48.03,
 140.099459,   35.331982,       47.74,
 140.103964,   35.331982,       47.46,
 140.108468,   35.331982,       47.19,
 140.112973,   35.331982,       46.91,
 140.117477,   35.331982,       46.64,
 140.121982,   35.331982,       46.37,
 140.126486,   35.331982,       46.11,
 140.130991,   35.331982,       45.84,
 140.135495,   35.331982,       45.58,
 140.140000,   35.331982,       45.32,
 140.144505,   35.331982,       45.06,
 140.149009,   35.331982,       44.80,
 140.153514,   35.331982,       44.54,
 140.158018,   35.331982,       44.29,
 140.162523,   35.331982,       44.03,
 140.167027,   35.331982,       43.76,
 140.171532,   35.331982,       43.50,
 140.176036,   35.331982,       43.24,
 140.180541,   35.331982,       42.98,
 140.185045,   35.331982,       42.72,
 140.189550,   35.331982,       42.45,
 140.194054,   35.331982,       42.18,
 140.198559,   35.331982,       41.91,
 140.203063,   35.331982,       41.64,
 140.207568,   35.331982,       41.36,
 140.212072,   35.331982,       41.08,
 140.216577,   35.331982,       40.80,
 140.221081,   35.331982,       40.51,
 140.225586,   35.331982,       40.22,
 140.230090,   35.331982,       39.93,
 140.234595,   35.331982,       39.64,
 140.239099,   35.331982,       39.34,
 140.243604,   35.331982,       39.04,
 140.248108,   35.331982,       38.74,
 140.252613,   35.331982,       38.44,
 140.257117,   35.331982,       38.13,
 140.261622,   35.331982,       37.82,
 140.266126,   35.331982,       37.50,
 140.270631,   35.331982,       37.18,
 140.275135,   35.331982,       36.86,
 140.279640,   35.331982,       36.53,
 140.284144,   35.331982,       36.19,
 140.288649,   35.331982,       35.85,
 140.293153,   35.331982,       35.54,
 140.297658,   35.331982,       35.31,
 140.302162,   35.331982,       35.07,
 140.306667,   35.331982,       34.83,
 140.311171,   35.331982,       34.60,
 140.315676,   35.331982,       34.36,
 140.320180,   35.331982,       34.12,
 140.324685,   35.331982,       33.89,
 140.329189,   35.331982,       33.65,
 140.333694,   35.331982,       33.41,
 140.338198,   35.331982,       33.18,
 140.342703,   35.331982,       32.94,
 140.347207,   35.331982,       32.70,
 140.351712,   35.331982,       32.46,
 140.356216,   35.331982,       32.23,
 140.360721,   35.331982,       31.99,
 140.365225,   35.331982,       31.75,
 140.369730,   35.331982,       31.52,
 140.374234,   35.331982,       31.28,
 140.378739,   35.331982,       31.04,
 140.383243,   35.331982,       30.81,
 140.387748,   35.331982,       30.57,
 139.140000,   35.336486,        5.16,
 139.144505,   35.336486,        5.53,
 139.149009,   35.336486,        5.90,
 139.153514,   35.336486,        6.28,
 139.158018,   35.336486,        6.66,
 139.162523,   35.336486,        7.04,
 139.167027,   35.336486,        7.43,
 139.171532,   35.336486,        7.81,
 139.176036,   35.336486,        8.20,
 139.180541,   35.336486,        8.60,
 139.185045,   35.336486,        8.99,
 139.189550,   35.336486,        9.39,
 139.194054,   35.336486,        9.79,
 139.198559,   35.336486,       10.19,
 139.203063,   35.336486,       10.60,
 139.207568,   35.336486,       11.00,
 139.212072,   35.336486,       11.41,
 139.216577,   35.336486,       11.83,
 139.221081,   35.336486,       12.24,
 139.225586,   35.336486,       12.66,
 139.230090,   35.336486,       13.08,
 139.234595,   35.336486,       13.50,
 139.239099,   35.336486,       13.93,
 139.243604,   35.336486,       14.35,
 139.248108,   35.336486,       14.78,
 139.252613,   35.336486,       15.22,
 139.257117,   35.336486,       15.65,
 139.261622,   35.336486,       16.09,
 139.266126,   35.336486,       16.53,
 139.270631,   35.336486,       16.97,
 139.275135,   35.336486,       17.42,
 139.279640,   35.336486,       17.86,
 139.284144,   35.336486,       18.31,
 139.288649,   35.336486,       17.36,
 139.293153,   35.336486,       14.17,
 139.297658,   35.336486,       12.33,
 139.302162,   35.336486,       12.04,
 139.306667,   35.336486,       11.75,
 139.311171,   35.336486,       11.47,
 139.315676,   35.336486,       11.20,
 139.320180,   35.336486,       10.93,
 139.324685,   35.336486,       10.67,
 139.329189,   35.336486,       10.43,
 139.333694,   35.336486,       10.21,
 139.338198,   35.336486,       10.03,
 139.342703,   35.336486,        9.92,
 139.347207,   35.336486,        9.90,
 139.351712,   35.336486,        9.92,
 139.356216,   35.336486,        9.95,
 139.360721,   35.336486,        9.98,
 139.365225,   35.336486,       10.02,
 139.369730,   35.336486,       10.06,
 139.374234,   35.336486,       10.12,
 139.378739,   35.336486,       10.18,
 139.383243,   35.336486,       10.28,
 139.387748,   35.336486,       10.43,
 139.392252,   35.336486,       10.68,
 139.396757,   35.336486,       11.02,
 139.401261,   35.336486,       11.43,
 139.405766,   35.336486,       12.14,
 139.410270,   35.336486,       12.93,
 139.414775,   35.336486,       13.71,
 139.419279,   35.336486,       14.49,
 139.423784,   35.336486,       15.27,
 139.428288,   35.336486,       16.03,
 139.432793,   35.336486,       16.79,
 139.437297,   35.336486,       17.54,
 139.441802,   35.336486,       18.29,
 139.446306,   35.336486,       19.02,
 139.450811,   35.336486,       19.74,
 139.455315,   35.336486,       20.44,
 139.459820,   35.336486,       21.13,
 139.464324,   35.336486,       21.81,
 139.468829,   35.336486,       22.48,
 139.473333,   35.336486,       23.14,
 139.477838,   35.336486,       23.80,
 139.482342,   35.336486,       24.45,
 139.486847,   35.336486,       25.09,
 139.491351,   35.336486,       25.73,
 139.495856,   35.336486,       26.36,
 139.500360,   35.336486,       26.98,
 139.504865,   35.336486,       27.61,
 139.509369,   35.336486,       28.25,
 139.513874,   35.336486,       28.89,
 139.518378,   35.336486,       29.54,
 139.522883,   35.336486,       30.22,
 139.527387,   35.336486,       30.94,
 139.531892,   35.336486,       31.73,
 139.536396,   35.336486,       32.61,
 139.540901,   35.336486,       33.58,
 139.545405,   35.336486,       34.64,
 139.549910,   35.336486,       35.80,
 139.554414,   35.336486,       37.04,
 139.558919,   35.336486,       38.39,
 139.563423,   35.336486,       39.85,
 139.567928,   35.336486,       41.42,
 139.572432,   35.336486,       43.15,
 139.576937,   35.336486,       45.03,
 139.581441,   35.336486,       47.09,
 139.585946,   35.336486,       49.34,
 139.590450,   35.336486,       51.89,
 139.594955,   35.336486,       54.65,
 139.599459,   35.336486,       57.54,
 139.603964,   35.336486,       60.57,
 139.608468,   35.336486,       63.74,
 139.612973,   35.336486,       67.07,
 139.617477,   35.336486,       70.50,
 139.621982,   35.336486,       74.05,
 139.626486,   35.336486,       77.81,
 139.630991,   35.336486,       82.04,
 139.635495,   35.336486,       84.33,
 139.640000,   35.336486,       81.57,
 139.644505,   35.336486,       80.25,
 139.649009,   35.336486,       79.59,
 139.653514,   35.336486,       78.32,
 139.658018,   35.336486,       76.22,
 139.662523,   35.336486,       73.26,
 139.667027,   35.336486,       69.27,
 139.671532,   35.336486,       64.18,
 139.676036,   35.336486,       58.96,
 139.680541,   35.336486,       53.66,
 139.685045,   35.336486,       48.90,
 139.689550,   35.336486,       44.84,
 139.694054,   35.336486,       41.50,
 139.698559,   35.336486,       38.66,
 139.703063,   35.336486,       36.89,
 139.707568,   35.336486,       35.61,
 139.712072,   35.336486,       34.68,
 139.716577,   35.336486,       34.43,
 139.721081,   35.336486,       34.69,
 139.725586,   35.336486,       35.60,
 139.730090,   35.336486,       37.04,
 139.734595,   35.336486,       38.81,
 139.739099,   35.336486,       40.79,
 139.743604,   35.336486,       43.07,
 139.748108,   35.336486,       45.24,
 139.752613,   35.336486,       47.46,
 139.757117,   35.336486,       49.21,
 139.761622,   35.336486,       50.73,
 139.766126,   35.336486,       51.75,
 139.770631,   35.336486,       52.41,
 139.775135,   35.336486,       52.74,
 139.779640,   35.336486,       52.92,
 139.784144,   35.336486,       53.36,
 139.788649,   35.336486,       53.99,
 139.793153,   35.336486,       55.34,
 139.797658,   35.336486,       56.74,
 139.802162,   35.336486,       58.02,
 139.806667,   35.336486,       59.31,
 139.811171,   35.336486,       60.28,
 139.815676,   35.336486,       60.93,
 139.820180,   35.336486,       61.47,
 139.824685,   35.336486,       62.14,
 139.829189,   35.336486,       62.86,
 139.833694,   35.336486,       63.54,
 139.838198,   35.336486,       62.64,
 139.842703,   35.336486,       62.02,
 139.847207,   35.336486,       61.64,
 139.851712,   35.336486,       61.37,
 139.856216,   35.336486,       61.16,
 139.860721,   35.336486,       61.16,
 139.865225,   35.336486,       61.49,
 139.869730,   35.336486,       62.01,
 139.874234,   35.336486,       62.62,
 139.878739,   35.336486,       63.28,
 139.883243,   35.336486,       63.91,
 139.887748,   35.336486,       64.25,
 139.892252,   35.336486,       64.39,
 139.896757,   35.336486,       64.41,
 139.901261,   35.336486,       64.30,
 139.905766,   35.336486,       64.05,
 139.910270,   35.336486,       63.74,
 139.914775,   35.336486,       63.39,
 139.919279,   35.336486,       63.02,
 139.923784,   35.336486,       62.64,
 139.928288,   35.336486,       62.25,
 139.932793,   35.336486,       61.84,
 139.937297,   35.336486,       61.44,
 139.941802,   35.336486,       61.03,
 139.946306,   35.336486,       60.61,
 139.950811,   35.336486,       60.20,
 139.955315,   35.336486,       59.78,
 139.959820,   35.336486,       59.37,
 139.964324,   35.336486,       58.95,
 139.968829,   35.336486,       58.52,
 139.973333,   35.336486,       58.11,
 139.977838,   35.336486,       57.69,
 139.982342,   35.336486,       57.28,
 139.986847,   35.336486,       56.88,
 139.991351,   35.336486,       56.48,
 139.995856,   35.336486,       56.09,
 140.000360,   35.336486,       55.71,
 140.004865,   35.336486,       55.33,
 140.009369,   35.336486,       54.96,
 140.013874,   35.336486,       54.60,
 140.018378,   35.336486,       54.25,
 140.022883,   35.336486,       53.90,
 140.027387,   35.336486,       53.56,
 140.031892,   35.336486,       53.22,
 140.036396,   35.336486,       52.89,
 140.040901,   35.336486,       52.56,
 140.045405,   35.336486,       52.24,
 140.049910,   35.336486,       51.92,
 140.054414,   35.336486,       51.60,
 140.058919,   35.336486,       51.29,
 140.063423,   35.336486,       50.98,
 140.067928,   35.336486,       50.67,
 140.072432,   35.336486,       50.37,
 140.076937,   35.336486,       50.07,
 140.081441,   35.336486,       49.78,
 140.085946,   35.336486,       49.49,
 140.090450,   35.336486,       49.20,
 140.094955,   35.336486,       48.92,
 140.099459,   35.336486,       48.63,
 140.103964,   35.336486,       48.36,
 140.108468,   35.336486,       48.08,
 140.112973,   35.336486,       47.81,
 140.117477,   35.336486,       47.54,
 140.121982,   35.336486,       47.28,
 140.126486,   35.336486,       47.01,
 140.130991,   35.336486,       46.75,
 140.135495,   35.336486,       46.49,
 140.140000,   35.336486,       46.23,
 140.144505,   35.336486,       45.97,
 140.149009,   35.336486,       45.71,
 140.153514,   35.336486,       45.45,
 140.158018,   35.336486,       45.19,
 140.162523,   35.336486,       44.93,
 140.167027,   35.336486,       44.67,
 140.171532,   35.336486,       44.41,
 140.176036,   35.336486,       44.14,
 140.180541,   35.336486,       43.88,
 140.185045,   35.336486,       43.61,
 140.189550,   35.336486,       43.34,
 140.194054,   35.336486,       43.07,
 140.198559,   35.336486,       42.80,
 140.203063,   35.336486,       42.52,
 140.207568,   35.336486,       42.24,
 140.212072,   35.336486,       41.95,
 140.216577,   35.336486,       41.66,
 140.221081,   35.336486,       41.37,
 140.225586,   35.336486,       41.08,
 140.230090,   35.336486,       40.79,
 140.234595,   35.336486,       40.49,
 140.239099,   35.336486,       40.19,
 140.243604,   35.336486,       39.88,
 140.248108,   35.336486,       39.58,
 140.252613,   35.336486,       39.27,
 140.257117,   35.336486,       38.95,
 140.261622,   35.336486,       38.64,
 140.266126,   35.336486,       38.32,
 140.270631,   35.336486,       37.99,
 140.275135,   35.336486,       37.66,
 140.279640,   35.336486,       37.33,
 140.284144,   35.336486,       36.98,
 140.288649,   35.336486,       36.64,
 140.293153,   35.336486,       36.40,
 140.297658,   35.336486,       36.17,
 140.302162,   35.336486,       35.93,
 140.306667,   35.336486,       35.69,
 140.311171,   35.336486,       35.46,
 140.315676,   35.336486,       35.22,
 140.320180,   35.336486,       34.98,
 140.324685,   35.336486,       34.75,
 140.329189,   35.336486,       34.51,
 140.333694,   35.336486,       34.27,
 140.338198,   35.336486,       34.04,
 140.342703,   35.336486,       33.80,
 140.347207,   35.336486,       33.56,
 140.351712,   35.336486,       33.33,
 140.356216,   35.336486,       33.09,
 140.360721,   35.336486,       32.85,
 140.365225,   35.336486,       32.62,
 140.369730,   35.336486,       32.38,
 140.374234,   35.336486,       32.14,
 140.378739,   35.336486,       31.91,
 140.383243,   35.336486,       31.67,
 140.387748,   35.336486,       31.43,
 139.140000,   35.340991,        5.37,
 139.144505,   35.340991,        5.74,
 139.149009,   35.340991,        6.11,
 139.153514,   35.340991,        6.49,
 139.158018,   35.340991,        6.87,
 139.162523,   35.340991,        7.25,
 139.167027,   35.340991,        7.63,
 139.171532,   35.340991,        8.02,
 139.176036,   35.340991,        8.41,
 139.180541,   35.340991,        8.80,
 139.185045,   35.340991,        9.19,
 139.189550,   35.340991,        9.59,
 139.194054,   35.340991,        9.99,
 139.198559,   35.340991,       10.39,
 139.203063,   35.340991,       10.79,
 139.207568,   35.340991,       11.20,
 139.212072,   35.340991,       11.61,
 139.216577,   35.340991,       12.02,
 139.221081,   35.340991,       12.44,
 139.225586,   35.340991,       12.85,
 139.230090,   35.340991,       13.27,
 139.234595,   35.340991,       13.69,
 139.239099,   35.340991,       14.12,
 139.243604,   35.340991,       14.54,
 139.248108,   35.340991,       14.97,
 139.252613,   35.340991,       15.40,
 139.257117,   35.340991,       15.84,
 139.261622,   35.340991,       16.27,
 139.266126,   35.340991,       16.71,
 139.270631,   35.340991,       17.15,
 139.275135,   35.340991,       17.60,
 139.279640,   35.340991,       18.04,
 139.284144,   35.340991,       18.49,
 139.288649,   35.340991,       18.94,
 139.293153,   35.340991,       19.40,
 139.297658,   35.340991,       16.73,
 139.302162,   35.340991,       13.90,
 139.306667,   35.340991,       13.20,
 139.311171,   35.340991,       12.95,
 139.315676,   35.340991,       12.70,
 139.320180,   35.340991,       12.46,
 139.324685,   35.340991,       12.23,
 139.329189,   35.340991,       12.01,
 139.333694,   35.340991,       11.82,
 139.338198,   35.340991,       11.64,
 139.342703,   35.340991,       11.50,
 139.347207,   35.340991,       11.40,
 139.351712,   35.340991,       11.37,
 139.356216,   35.340991,       11.43,
 139.360721,   35.340991,       11.52,
 139.365225,   35.340991,       11.63,
 139.369730,   35.340991,       11.74,
 139.374234,   35.340991,       11.86,
 139.378739,   35.340991,       11.99,
 139.383243,   35.340991,       12.12,
 139.387748,   35.340991,       12.28,
 139.392252,   35.340991,       12.47,
 139.396757,   35.340991,       12.70,
 139.401261,   35.340991,       13.02,
 139.405766,   35.340991,       13.45,
 139.410270,   35.340991,       13.93,
 139.414775,   35.340991,       14.51,
 139.419279,   35.340991,       15.28,
 139.423784,   35.340991,       16.05,
 139.428288,   35.340991,       16.82,
 139.432793,   35.340991,       17.59,
 139.437297,   35.340991,       18.35,
 139.441802,   35.340991,       19.10,
 139.446306,   35.340991,       19.84,
 139.450811,   35.340991,       20.57,
 139.455315,   35.340991,       21.29,
 139.459820,   35.340991,       22.00,
 139.464324,   35.340991,       22.71,
 139.468829,   35.340991,       23.41,
 139.473333,   35.340991,       24.10,
 139.477838,   35.340991,       24.79,
 139.482342,   35.340991,       25.48,
 139.486847,   35.340991,       26.16,
 139.491351,   35.340991,       26.84,
 139.495856,   35.340991,       27.52,
 139.500360,   35.340991,       28.19,
 139.504865,   35.340991,       28.86,
 139.509369,   35.340991,       29.53,
 139.513874,   35.340991,       30.21,
 139.518378,   35.340991,       30.90,
 139.522883,   35.340991,       31.62,
 139.527387,   35.340991,       32.39,
 139.531892,   35.340991,       33.23,
 139.536396,   35.340991,       34.13,
 139.540901,   35.340991,       35.11,
 139.545405,   35.340991,       36.17,
 139.549910,   35.340991,       37.32,
 139.554414,   35.340991,       38.55,
 139.558919,   35.340991,       39.87,
 139.563423,   35.340991,       41.29,
 139.567928,   35.340991,       42.82,
 139.572432,   35.340991,       44.47,
 139.576937,   35.340991,       46.25,
 139.581441,   35.340991,       48.19,
 139.585946,   35.340991,       50.30,
 139.590450,   35.340991,       52.58,
 139.594955,   35.340991,       55.14,
 139.599459,   35.340991,       57.95,
 139.603964,   35.340991,       60.89,
 139.608468,   35.340991,       63.97,
 139.612973,   35.340991,       67.21,
 139.617477,   35.340991,       70.58,
 139.621982,   35.340991,       74.05,
 139.626486,   35.340991,       77.56,
 139.630991,   35.340991,       80.79,
 139.635495,   35.340991,       82.78,
 139.640000,   35.340991,       81.25,
 139.644505,   35.340991,       80.45,
 139.649009,   35.340991,       79.54,
 139.653514,   35.340991,       78.04,
 139.658018,   35.340991,       75.87,
 139.662523,   35.340991,       72.79,
 139.667027,   35.340991,       68.82,
 139.671532,   35.340991,       64.18,
 139.676036,   35.340991,       59.04,
 139.680541,   35.340991,       53.97,
 139.685045,   35.340991,       48.96,
 139.689550,   35.340991,       45.14,
 139.694054,   35.340991,       41.51,
 139.698559,   35.340991,       38.92,
 139.703063,   35.340991,       37.39,
 139.707568,   35.340991,       36.02,
 139.712072,   35.340991,       35.08,
 139.716577,   35.340991,       35.47,
 139.721081,   35.340991,       35.86,
 139.725586,   35.340991,       36.87,
 139.730090,   35.340991,       38.34,
 139.734595,   35.340991,       40.03,
 139.739099,   35.340991,       41.97,
 139.743604,   35.340991,       43.85,
 139.748108,   35.340991,       45.71,
 139.752613,   35.340991,       47.51,
 139.757117,   35.340991,       49.13,
 139.761622,   35.340991,       50.48,
 139.766126,   35.340991,       51.60,
 139.770631,   35.340991,       52.33,
 139.775135,   35.340991,       52.89,
 139.779640,   35.340991,       53.18,
 139.784144,   35.340991,       53.62,
 139.788649,   35.340991,       54.29,
 139.793153,   35.340991,       55.30,
 139.797658,   35.340991,       56.50,
 139.802162,   35.340991,       57.68,
 139.806667,   35.340991,       58.83,
 139.811171,   35.340991,       59.73,
 139.815676,   35.340991,       60.53,
 139.820180,   35.340991,       61.06,
 139.824685,   35.340991,       61.87,
 139.829189,   35.340991,       62.65,
 139.833694,   35.340991,       63.38,
 139.838198,   35.340991,       63.64,
 139.842703,   35.340991,       63.12,
 139.847207,   35.340991,       62.78,
 139.851712,   35.340991,       62.51,
 139.856216,   35.340991,       62.29,
 139.860721,   35.340991,       62.18,
 139.865225,   35.340991,       62.37,
 139.869730,   35.340991,       62.82,
 139.874234,   35.340991,       63.37,
 139.878739,   35.340991,       63.98,
 139.883243,   35.340991,       64.65,
 139.887748,   35.340991,       65.09,
 139.892252,   35.340991,       65.29,
 139.896757,   35.340991,       65.34,
 139.901261,   35.340991,       65.25,
 139.905766,   35.340991,       65.00,
 139.910270,   35.340991,       64.67,
 139.914775,   35.340991,       64.31,
 139.919279,   35.340991,       63.93,
 139.923784,   35.340991,       63.54,
 139.928288,   35.340991,       63.14,
 139.932793,   35.340991,       62.73,
 139.937297,   35.340991,       62.31,
 139.941802,   35.340991,       61.90,
 139.946306,   35.340991,       61.48,
 139.950811,   35.340991,       61.06,
 139.955315,   35.340991,       60.64,
 139.959820,   35.340991,       60.22,
 139.964324,   35.340991,       59.80,
 139.968829,   35.340991,       59.37,
 139.973333,   35.340991,       58.95,
 139.977838,   35.340991,       58.53,
 139.982342,   35.340991,       58.12,
 139.986847,   35.340991,       57.72,
 139.991351,   35.340991,       57.32,
 139.995856,   35.340991,       56.93,
 140.000360,   35.340991,       56.55,
 140.004865,   35.340991,       56.17,
 140.009369,   35.340991,       55.81,
 140.013874,   35.340991,       55.45,
 140.018378,   35.340991,       55.10,
 140.022883,   35.340991,       54.75,
 140.027387,   35.340991,       54.41,
 140.031892,   35.340991,       54.08,
 140.036396,   35.340991,       53.75,
 140.040901,   35.340991,       53.42,
 140.045405,   35.340991,       53.10,
 140.049910,   35.340991,       52.78,
 140.054414,   35.340991,       52.47,
 140.058919,   35.340991,       52.16,
 140.063423,   35.340991,       51.85,
 140.067928,   35.340991,       51.55,
 140.072432,   35.340991,       51.25,
 140.076937,   35.340991,       50.95,
 140.081441,   35.340991,       50.66,
 140.085946,   35.340991,       50.37,
 140.090450,   35.340991,       50.09,
 140.094955,   35.340991,       49.80,
 140.099459,   35.340991,       49.53,
 140.103964,   35.340991,       49.25,
 140.108468,   35.340991,       48.98,
 140.112973,   35.340991,       48.71,
 140.117477,   35.340991,       48.44,
 140.121982,   35.340991,       48.18,
 140.126486,   35.340991,       47.91,
 140.130991,   35.340991,       47.65,
 140.135495,   35.340991,       47.39,
 140.140000,   35.340991,       47.13,
 140.144505,   35.340991,       46.88,
 140.149009,   35.340991,       46.62,
 140.153514,   35.340991,       46.36,
 140.158018,   35.340991,       46.10,
 140.162523,   35.340991,       45.83,
 140.167027,   35.340991,       45.57,
 140.171532,   35.340991,       45.31,
 140.176036,   35.340991,       45.04,
 140.180541,   35.340991,       44.78,
 140.185045,   35.340991,       44.51,
 140.189550,   35.340991,       44.23,
 140.194054,   35.340991,       43.96,
 140.198559,   35.340991,       43.68,
 140.203063,   35.340991,       43.39,
 140.207568,   35.340991,       43.11,
 140.212072,   35.340991,       42.82,
 140.216577,   35.340991,       42.53,
 140.221081,   35.340991,       42.23,
 140.225586,   35.340991,       41.94,
 140.230090,   35.340991,       41.64,
 140.234595,   35.340991,       41.33,
 140.239099,   35.340991,       41.03,
 140.243604,   35.340991,       40.72,
 140.248108,   35.340991,       40.41,
 140.252613,   35.340991,       40.10,
 140.257117,   35.340991,       39.78,
 140.261622,   35.340991,       39.45,
 140.266126,   35.340991,       39.13,
 140.270631,   35.340991,       38.80,
 140.275135,   35.340991,       38.46,
 140.279640,   35.340991,       38.12,
 140.284144,   35.340991,       37.77,
 140.288649,   35.340991,       37.50,
 140.293153,   35.340991,       37.27,
 140.297658,   35.340991,       37.03,
 140.302162,   35.340991,       36.79,
 140.306667,   35.340991,       36.56,
 140.311171,   35.340991,       36.32,
 140.315676,   35.340991,       36.08,
 140.320180,   35.340991,       35.85,
 140.324685,   35.340991,       35.61,
 140.329189,   35.340991,       35.37,
 140.333694,   35.340991,       35.14,
 140.338198,   35.340991,       34.90,
 140.342703,   35.340991,       34.66,
 140.347207,   35.340991,       34.43,
 140.351712,   35.340991,       34.19,
 140.356216,   35.340991,       33.95,
 140.360721,   35.340991,       33.72,
 140.365225,   35.340991,       33.48,
 140.369730,   35.340991,       33.24,
 140.374234,   35.340991,       33.00,
 140.378739,   35.340991,       32.77,
 140.383243,   35.340991,       32.53,
 140.387748,   35.340991,       32.29,
 139.140000,   35.345495,        5.58,
 139.144505,   35.345495,        5.95,
 139.149009,   35.345495,        6.32,
 139.153514,   35.345495,        6.70,
 139.158018,   35.345495,        7.08,
 139.162523,   35.345495,        7.46,
 139.167027,   35.345495,        7.84,
 139.171532,   35.345495,        8.23,
 139.176036,   35.345495,        8.61,
 139.180541,   35.345495,        9.00,
 139.185045,   35.345495,        9.40,
 139.189550,   35.345495,        9.79,
 139.194054,   35.345495,       10.19,
 139.198559,   35.345495,       10.59,
 139.203063,   35.345495,       10.99,
 139.207568,   35.345495,       11.40,
 139.212072,   35.345495,       11.80,
 139.216577,   35.345495,       12.22,
 139.221081,   35.345495,       12.63,
 139.225586,   35.345495,       13.04,
 139.230090,   35.345495,       13.46,
 139.234595,   35.345495,       13.88,
 139.239099,   35.345495,       14.30,
 139.243604,   35.345495,       14.73,
 139.248108,   35.345495,       15.16,
 139.252613,   35.345495,       15.59,
 139.257117,   35.345495,       16.02,
 139.261622,   35.345495,       16.46,
 139.266126,   35.345495,       16.89,
 139.270631,   35.345495,       17.33,
 139.275135,   35.345495,       17.78,
 139.279640,   35.345495,       18.22,
 139.284144,   35.345495,       18.67,
 139.288649,   35.345495,       19.12,
 139.293153,   35.345495,       19.57,
 139.297658,   35.345495,       20.03,
 139.302162,   35.345495,       19.22,
 139.306667,   35.345495,       16.27,
 139.311171,   35.345495,       14.32,
 139.315676,   35.345495,       14.10,
 139.320180,   35.345495,       13.89,
 139.324685,   35.345495,       13.69,
 139.329189,   35.345495,       13.50,
 139.333694,   35.345495,       13.33,
 139.338198,   35.345495,       13.18,
 139.342703,   35.345495,       13.04,
 139.347207,   35.345495,       12.93,
 139.351712,   35.345495,       12.86,
 139.356216,   35.345495,       12.82,
 139.360721,   35.345495,       12.86,
 139.365225,   35.345495,       12.98,
 139.369730,   35.345495,       13.14,
 139.374234,   35.345495,       13.31,
 139.378739,   35.345495,       13.49,
 139.383243,   35.345495,       13.68,
 139.387748,   35.345495,       13.88,
 139.392252,   35.345495,       14.09,
 139.396757,   35.345495,       14.33,
 139.401261,   35.345495,       14.59,
 139.405766,   35.345495,       14.90,
 139.410270,   35.345495,       15.28,
 139.414775,   35.345495,       15.77,
 139.419279,   35.345495,       16.32,
 139.423784,   35.345495,       16.91,
 139.428288,   35.345495,       17.63,
 139.432793,   35.345495,       18.40,
 139.437297,   35.345495,       19.17,
 139.441802,   35.345495,       19.92,
 139.446306,   35.345495,       20.67,
 139.450811,   35.345495,       21.41,
 139.455315,   35.345495,       22.14,
 139.459820,   35.345495,       22.87,
 139.464324,   35.345495,       23.60,
 139.468829,   35.345495,       24.32,
 139.473333,   35.345495,       25.04,
 139.477838,   35.345495,       25.75,
 139.482342,   35.345495,       26.47,
 139.486847,   35.345495,       27.18,
 139.491351,   35.345495,       27.89,
 139.495856,   35.345495,       28.60,
 139.500360,   35.345495,       29.31,
 139.504865,   35.345495,       30.02,
 139.509369,   35.345495,       30.73,
 139.513874,   35.345495,       31.45,
 139.518378,   35.345495,       32.17,
 139.522883,   35.345495,       32.93,
 139.527387,   35.345495,       33.73,
 139.531892,   35.345495,       34.60,
 139.536396,   35.345495,       35.52,
 139.540901,   35.345495,       36.51,
 139.545405,   35.345495,       37.57,
 139.549910,   35.345495,       38.70,
 139.554414,   35.345495,       39.92,
 139.558919,   35.345495,       41.21,
 139.563423,   35.345495,       42.61,
 139.567928,   35.345495,       44.10,
 139.572432,   35.345495,       45.69,
 139.576937,   35.345495,       47.40,
 139.581441,   35.345495,       49.24,
 139.585946,   35.345495,       51.23,
 139.590450,   35.345495,       53.39,
 139.594955,   35.345495,       55.73,
 139.599459,   35.345495,       58.31,
 139.603964,   35.345495,       61.16,
 139.608468,   35.345495,       64.14,
 139.612973,   35.345495,       67.25,
 139.617477,   35.345495,       70.47,
 139.621982,   35.345495,       73.73,
 139.626486,   35.345495,       76.88,
 139.630991,   35.345495,       79.74,
 139.635495,   35.345495,       81.59,
 139.640000,   35.345495,       81.34,
 139.644505,   35.345495,       80.50,
 139.649009,   35.345495,       79.37,
 139.653514,   35.345495,       77.89,
 139.658018,   35.345495,       75.46,
 139.662523,   35.345495,       72.41,
 139.667027,   35.345495,       68.60,
 139.671532,   35.345495,       64.14,
 139.676036,   35.345495,       59.20,
 139.680541,   35.345495,       54.22,
 139.685045,   35.345495,       49.33,
 139.689550,   35.345495,       45.16,
 139.694054,   35.345495,       41.99,
 139.698559,   35.345495,       39.35,
 139.703063,   35.345495,       37.63,
 139.707568,   35.345495,       36.58,
 139.712072,   35.345495,       36.12,
 139.716577,   35.345495,       36.51,
 139.721081,   35.345495,       37.16,
 139.725586,   35.345495,       38.51,
 139.730090,   35.345495,       40.19,
 139.734595,   35.345495,       41.85,
 139.739099,   35.345495,       43.58,
 139.743604,   35.345495,       45.06,
 139.748108,   35.345495,       46.58,
 139.752613,   35.345495,       47.93,
 139.757117,   35.345495,       49.33,
 139.761622,   35.345495,       50.47,
 139.766126,   35.345495,       51.52,
 139.770631,   35.345495,       52.35,
 139.775135,   35.345495,       52.98,
 139.779640,   35.345495,       53.49,
 139.784144,   35.345495,       54.03,
 139.788649,   35.345495,       54.67,
 139.793153,   35.345495,       55.51,
 139.797658,   35.345495,       56.38,
 139.802162,   35.345495,       57.45,
 139.806667,   35.345495,       58.41,
 139.811171,   35.345495,       59.31,
 139.815676,   35.345495,       60.19,
 139.820180,   35.345495,       60.96,
 139.824685,   35.345495,       61.78,
 139.829189,   35.345495,       62.41,
 139.833694,   35.345495,       63.16,
 139.838198,   35.345495,       63.94,
 139.842703,   35.345495,       64.05,
 139.847207,   35.345495,       63.82,
 139.851712,   35.345495,       63.58,
 139.856216,   35.345495,       63.38,
 139.860721,   35.345495,       63.23,
 139.865225,   35.345495,       63.27,
 139.869730,   35.345495,       63.61,
 139.874234,   35.345495,       64.14,
 139.878739,   35.345495,       64.71,
 139.883243,   35.345495,       65.33,
 139.887748,   35.345495,       65.90,
 139.892252,   35.345495,       66.18,
 139.896757,   35.345495,       66.27,
 139.901261,   35.345495,       66.23,
 139.905766,   35.345495,       65.97,
 139.910270,   35.345495,       65.62,
 139.914775,   35.345495,       65.25,
 139.919279,   35.345495,       64.85,
 139.923784,   35.345495,       64.45,
 139.928288,   35.345495,       64.03,
 139.932793,   35.345495,       63.62,
 139.937297,   35.345495,       63.19,
 139.941802,   35.345495,       62.77,
 139.946306,   35.345495,       62.35,
 139.950811,   35.345495,       61.92,
 139.955315,   35.345495,       61.50,
 139.959820,   35.345495,       61.08,
 139.964324,   35.345495,       60.65,
 139.968829,   35.345495,       60.22,
 139.973333,   35.345495,       59.80,
 139.977838,   35.345495,       59.38,
 139.982342,   35.345495,       58.97,
 139.986847,   35.345495,       58.56,
 139.991351,   35.345495,       58.16,
 139.995856,   35.345495,       57.77,
 140.000360,   35.345495,       57.39,
 140.004865,   35.345495,       57.02,
 140.009369,   35.345495,       56.65,
 140.013874,   35.345495,       56.30,
 140.018378,   35.345495,       55.95,
 140.022883,   35.345495,       55.60,
 140.027387,   35.345495,       55.26,
 140.031892,   35.345495,       54.93,
 140.036396,   35.345495,       54.60,
 140.040901,   35.345495,       54.28,
 140.045405,   35.345495,       53.96,
 140.049910,   35.345495,       53.65,
 140.054414,   35.345495,       53.33,
 140.058919,   35.345495,       53.03,
 140.063423,   35.345495,       52.72,
 140.067928,   35.345495,       52.42,
 140.072432,   35.345495,       52.12,
 140.076937,   35.345495,       51.83,
 140.081441,   35.345495,       51.54,
 140.085946,   35.345495,       51.26,
 140.090450,   35.345495,       50.97,
 140.094955,   35.345495,       50.69,
 140.099459,   35.345495,       50.42,
 140.103964,   35.345495,       50.14,
 140.108468,   35.345495,       49.87,
 140.112973,   35.345495,       49.61,
 140.117477,   35.345495,       49.34,
 140.121982,   35.345495,       49.08,
 140.126486,   35.345495,       48.82,
 140.130991,   35.345495,       48.56,
 140.135495,   35.345495,       48.30,
 140.140000,   35.345495,       48.04,
 140.144505,   35.345495,       47.78,
 140.149009,   35.345495,       47.52,
 140.153514,   35.345495,       47.26,
 140.158018,   35.345495,       47.00,
 140.162523,   35.345495,       46.73,
 140.167027,   35.345495,       46.47,
 140.171532,   35.345495,       46.20,
 140.176036,   35.345495,       45.94,
 140.180541,   35.345495,       45.67,
 140.185045,   35.345495,       45.39,
 140.189550,   35.345495,       45.12,
 140.194054,   35.345495,       44.84,
 140.198559,   35.345495,       44.55,
 140.203063,   35.345495,       44.26,
 140.207568,   35.345495,       43.97,
 140.212072,   35.345495,       43.68,
 140.216577,   35.345495,       43.39,
 140.221081,   35.345495,       43.09,
 140.225586,   35.345495,       42.79,
 140.230090,   35.345495,       42.48,
 140.234595,   35.345495,       42.18,
 140.239099,   35.345495,       41.87,
 140.243604,   35.345495,       41.55,
 140.248108,   35.345495,       41.24,
 140.252613,   35.345495,       40.92,
 140.257117,   35.345495,       40.59,
 140.261622,   35.345495,       40.27,
 140.266126,   35.345495,       39.93,
 140.270631,   35.345495,       39.60,
 140.275135,   35.345495,       39.26,
 140.279640,   35.345495,       38.91,
 140.284144,   35.345495,       38.60,
 140.288649,   35.345495,       38.37,
 140.293153,   35.345495,       38.13,
 140.297658,   35.345495,       37.89,
 140.302162,   35.345495,       37.66,
 140.306667,   35.345495,       37.42,
 140.311171,   35.345495,       37.18,
 140.315676,   35.345495,       36.94,
 140.320180,   35.345495,       36.71,
 140.324685,   35.345495,       36.47,
 140.329189,   35.345495,       36.23,
 140.333694,   35.345495,       36.00,
 140.338198,   35.345495,       35.76,
 140.342703,   35.345495,       35.52,
 140.347207,   35.345495,       35.29,
 140.351712,   35.345495,       35.05,
 140.356216,   35.345495,       34.81,
 140.360721,   35.345495,       34.58,
 140.365225,   35.345495,       34.34,
 140.369730,   35.345495,       34.10,
 140.374234,   35.345495,       33.87,
 140.378739,   35.345495,       33.63,
 140.383243,   35.345495,       33.39,
 140.387748,   35.345495,       33.16,
 139.140000,   35.350000,        5.79,
 139.144505,   35.350000,        6.16,
 139.149009,   35.350000,        6.53,
 139.153514,   35.350000,        6.91,
 139.158018,   35.350000,        7.28,
 139.162523,   35.350000,        7.66,
 139.167027,   35.350000,        8.04,
 139.171532,   35.350000,        8.43,
 139.176036,   35.350000,        8.81,
 139.180541,   35.350000,        9.20,
 139.185045,   35.350000,        9.59,
 139.189550,   35.350000,        9.99,
 139.194054,   35.350000,       10.39,
 139.198559,   35.350000,       10.78,
 139.203063,   35.350000,       11.19,
 139.207568,   35.350000,       11.59,
 139.212072,   35.350000,       12.00,
 139.216577,   35.350000,       12.41,
 139.221081,   35.350000,       12.82,
 139.225586,   35.350000,       13.23,
 139.230090,   35.350000,       13.65,
 139.234595,   35.350000,       14.07,
 139.239099,   35.350000,       14.49,
 139.243604,   35.350000,       14.91,
 139.248108,   35.350000,       15.34,
 139.252613,   35.350000,       15.77,
 139.257117,   35.350000,       16.20,
 139.261622,   35.350000,       16.64,
 139.266126,   35.350000,       17.07,
 139.270631,   35.350000,       17.51,
 139.275135,   35.350000,       17.96,
 139.279640,   35.350000,       18.40,
 139.284144,   35.350000,       18.85,
 139.288649,   35.350000,       19.30,
 139.293153,   35.350000,       19.75,
 139.297658,   35.350000,       20.20,
 139.302162,   35.350000,       20.66,
 139.306667,   35.350000,       21.12,
 139.311171,   35.350000,       18.69,
 139.315676,   35.350000,       16.06,
 139.320180,   35.350000,       15.23,
 139.324685,   35.350000,       15.05,
 139.329189,   35.350000,       14.89,
 139.333694,   35.350000,       14.74,
 139.338198,   35.350000,       14.60,
 139.342703,   35.350000,       14.49,
 139.347207,   35.350000,       14.39,
 139.351712,   35.350000,       14.31,
 139.356216,   35.350000,       14.26,
 139.360721,   35.350000,       14.24,
 139.365225,   35.350000,       14.27,
 139.369730,   35.350000,       14.37,
 139.374234,   35.350000,       14.55,
 139.378739,   35.350000,       14.77,
 139.383243,   35.350000,       15.00,
 139.387748,   35.350000,       15.24,
 139.392252,   35.350000,       15.49,
 139.396757,   35.350000,       15.75,
 139.401261,   35.350000,       16.04,
 139.405766,   35.350000,       16.34,
 139.410270,   35.350000,       16.67,
 139.414775,   35.350000,       17.05,
 139.419279,   35.350000,       17.49,
 139.423784,   35.350000,       18.03,
 139.428288,   35.350000,       18.65,
 139.432793,   35.350000,       19.29,
 139.437297,   35.350000,       19.98,
 139.441802,   35.350000,       20.75,
 139.446306,   35.350000,       21.50,
 139.450811,   35.350000,       22.25,
 139.455315,   35.350000,       23.00,
 139.459820,   35.350000,       23.74,
 139.464324,   35.350000,       24.48,
 139.468829,   35.350000,       25.22,
 139.473333,   35.350000,       25.96,
 139.477838,   35.350000,       26.69,
 139.482342,   35.350000,       27.43,
 139.486847,   35.350000,       28.16,
 139.491351,   35.350000,       28.89,
 139.495856,   35.350000,       29.63,
 139.500360,   35.350000,       30.36,
 139.504865,   35.350000,       31.10,
 139.509369,   35.350000,       31.84,
 139.513874,   35.350000,       32.59,
 139.518378,   35.350000,       33.36,
 139.522883,   35.350000,       34.15,
 139.527387,   35.350000,       34.98,
 139.531892,   35.350000,       35.86,
 139.536396,   35.350000,       36.80,
 139.540901,   35.350000,       37.80,
 139.545405,   35.350000,       38.86,
 139.549910,   35.350000,       39.98,
 139.554414,   35.350000,       41.18,
 139.558919,   35.350000,       42.45,
 139.563423,   35.350000,       43.80,
 139.567928,   35.350000,       45.26,
 139.572432,   35.350000,       46.81,
 139.576937,   35.350000,       48.46,
 139.581441,   35.350000,       50.23,
 139.585946,   35.350000,       52.13,
 139.590450,   35.350000,       54.18,
 139.594955,   35.350000,       56.39,
 139.599459,   35.350000,       58.77,
 139.603964,   35.350000,       61.37,
 139.608468,   35.350000,       64.24,
 139.612973,   35.350000,       67.20,
 139.617477,   35.350000,       70.22,
 139.621982,   35.350000,       73.29,
 139.626486,   35.350000,       76.24,
 139.630991,   35.350000,       78.88,
 139.635495,   35.350000,       80.79,
 139.640000,   35.350000,       81.28,
 139.644505,   35.350000,       80.51,
 139.649009,   35.350000,       79.39,
 139.653514,   35.350000,       77.90,
 139.658018,   35.350000,       75.51,
 139.662523,   35.350000,       72.31,
 139.667027,   35.350000,       68.47,
 139.671532,   35.350000,       64.03,
 139.676036,   35.350000,       59.08,
 139.680541,   35.350000,       54.16,
 139.685045,   35.350000,       49.41,
 139.689550,   35.350000,       45.31,
 139.694054,   35.350000,       42.49,
 139.698559,   35.350000,       39.87,
 139.703063,   35.350000,       37.78,
 139.707568,   35.350000,       37.34,
 139.712072,   35.350000,       37.06,
 139.716577,   35.350000,       37.48,
 139.721081,   35.350000,       38.79,
 139.725586,   35.350000,       40.46,
 139.730090,   35.350000,       42.33,
 139.734595,   35.350000,       44.09,
 139.739099,   35.350000,       45.68,
 139.743604,   35.350000,       46.81,
 139.748108,   35.350000,       47.76,
 139.752613,   35.350000,       48.87,
 139.757117,   35.350000,       49.82,
 139.761622,   35.350000,       50.87,
 139.766126,   35.350000,       51.73,
 139.770631,   35.350000,       52.56,
 139.775135,   35.350000,       53.26,
 139.779640,   35.350000,       53.88,
 139.784144,   35.350000,       54.47,
 139.788649,   35.350000,       55.09,
 139.793153,   35.350000,       55.73,
 139.797658,   35.350000,       56.54,
 139.802162,   35.350000,       57.36,
 139.806667,   35.350000,       58.16,
 139.811171,   35.350000,       58.94,
 139.815676,   35.350000,       59.74,
 139.820180,   35.350000,       60.60,
 139.824685,   35.350000,       61.44,
 139.829189,   35.350000,       62.13,
 139.833694,   35.350000,       62.90,
 139.838198,   35.350000,       63.71,
 139.842703,   35.350000,       64.53,
 139.847207,   35.350000,       64.74,
 139.851712,   35.350000,       64.56,
 139.856216,   35.350000,       64.39,
 139.860721,   35.350000,       64.27,
 139.865225,   35.350000,       64.22,
 139.869730,   35.350000,       64.42,
 139.874234,   35.350000,       64.89,
 139.878739,   35.350000,       65.45,
 139.883243,   35.350000,       66.04,
 139.887748,   35.350000,       66.66,
 139.892252,   35.350000,       67.05,
 139.896757,   35.350000,       67.21,
 139.901261,   35.350000,       67.21,
 139.905766,   35.350000,       66.96,
 139.910270,   35.350000,       66.60,
 139.914775,   35.350000,       66.20,
 139.919279,   35.350000,       65.79,
 139.923784,   35.350000,       65.37,
 139.928288,   35.350000,       64.94,
 139.932793,   35.350000,       64.51,
 139.937297,   35.350000,       64.08,
 139.941802,   35.350000,       63.65,
 139.946306,   35.350000,       63.22,
 139.950811,   35.350000,       62.79,
 139.955315,   35.350000,       62.36,
 139.959820,   35.350000,       61.94,
 139.964324,   35.350000,       61.50,
 139.968829,   35.350000,       61.07,
 139.973333,   35.350000,       60.65,
 139.977838,   35.350000,       60.22,
 139.982342,   35.350000,       59.81,
 139.986847,   35.350000,       59.40,
 139.991351,   35.350000,       59.01,
 139.995856,   35.350000,       58.61,
 140.000360,   35.350000,       58.23,
 140.004865,   35.350000,       57.86,
 140.009369,   35.350000,       57.50,
 140.013874,   35.350000,       57.14,
 140.018378,   35.350000,       56.79,
 140.022883,   35.350000,       56.45,
 140.027387,   35.350000,       56.12,
 140.031892,   35.350000,       55.79,
 140.036396,   35.350000,       55.46,
 140.040901,   35.350000,       55.14,
 140.045405,   35.350000,       54.82,
 140.049910,   35.350000,       54.51,
 140.054414,   35.350000,       54.20,
 140.058919,   35.350000,       53.89,
 140.063423,   35.350000,       53.59,
 140.067928,   35.350000,       53.29,
 140.072432,   35.350000,       53.00,
 140.076937,   35.350000,       52.71,
 140.081441,   35.350000,       52.42,
 140.085946,   35.350000,       52.14,
 140.090450,   35.350000,       51.86,
 140.094955,   35.350000,       51.58,
 140.099459,   35.350000,       51.31,
 140.103964,   35.350000,       51.04,
 140.108468,   35.350000,       50.77,
 140.112973,   35.350000,       50.51,
 140.117477,   35.350000,       50.24,
 140.121982,   35.350000,       49.98,
 140.126486,   35.350000,       49.72,
 140.130991,   35.350000,       49.46,
 140.135495,   35.350000,       49.20,
 140.140000,   35.350000,       48.95,
 140.144505,   35.350000,       48.69,
 140.149009,   35.350000,       48.43,
 140.153514,   35.350000,       48.16,
 140.158018,   35.350000,       47.90,
 140.162523,   35.350000,       47.63,
 140.167027,   35.350000,       47.37,
 140.171532,   35.350000,       47.10,
 140.176036,   35.350000,       46.83,
 140.180541,   35.350000,       46.56,
 140.185045,   35.350000,       46.28,
 140.189550,   35.350000,       46.00,
 140.194054,   35.350000,       45.71,
 140.198559,   35.350000,       45.42,
 140.203063,   35.350000,       45.13,
 140.207568,   35.350000,       44.84,
 140.212072,   35.350000,       44.54,
 140.216577,   35.350000,       44.24,
 140.221081,   35.350000,       43.94,
 140.225586,   35.350000,       43.63,
 140.230090,   35.350000,       43.32,
 140.234595,   35.350000,       43.01,
 140.239099,   35.350000,       42.70,
 140.243604,   35.350000,       42.38,
 140.248108,   35.350000,       42.06,
 140.252613,   35.350000,       41.74,
 140.257117,   35.350000,       41.41,
 140.261622,   35.350000,       41.07,
 140.266126,   35.350000,       40.74,
 140.270631,   35.350000,       40.39,
 140.275135,   35.350000,       40.04,
 140.279640,   35.350000,       39.70,
 140.284144,   35.350000,       39.46,
 140.288649,   35.350000,       39.23,
 140.293153,   35.350000,       38.99,
 140.297658,   35.350000,       38.75,
 140.302162,   35.350000,       38.52,
 140.306667,   35.350000,       38.28,
 140.311171,   35.350000,       38.04,
 140.315676,   35.350000,       37.81,
 140.320180,   35.350000,       37.57,
 140.324685,   35.350000,       37.33,
 140.329189,   35.350000,       37.10,
 140.333694,   35.350000,       36.86,
 140.338198,   35.350000,       36.62,
 140.342703,   35.350000,       36.39,
 140.347207,   35.350000,       36.15,
 140.351712,   35.350000,       35.91,
 140.356216,   35.350000,       35.68,
 140.360721,   35.350000,       35.44,
 140.365225,   35.350000,       35.20,
 140.369730,   35.350000,       34.97,
 140.374234,   35.350000,       34.73,
 140.378739,   35.350000,       34.49,
 140.383243,   35.350000,       34.25,
 140.387748,   35.350000,       34.02,
 139.140000,   35.354505,        6.00,
 139.144505,   35.354505,        6.37,
 139.149009,   35.354505,        6.74,
 139.153514,   35.354505,        7.11,
 139.158018,   35.354505,        7.48,
 139.162523,   35.354505,        7.86,
 139.167027,   35.354505,        8.24,
 139.171532,   35.354505,        8.63,
 139.176036,   35.354505,        9.01,
 139.180541,   35.354505,        9.40,
 139.185045,   35.354505,        9.79,
 139.189550,   35.354505,       10.18,
 139.194054,   35.354505,       10.58,
 139.198559,   35.354505,       10.98,
 139.203063,   35.354505,       11.38,
 139.207568,   35.354505,       11.78,
 139.212072,   35.354505,       12.19,
 139.216577,   35.354505,       12.59,
 139.221081,   35.354505,       13.01,
 139.225586,   35.354505,       13.42,
 139.230090,   35.354505,       13.83,
 139.234595,   35.354505,       14.25,
 139.239099,   35.354505,       14.67,
 139.243604,   35.354505,       15.10,
 139.248108,   35.354505,       15.52,
 139.252613,   35.354505,       15.95,
 139.257117,   35.354505,       16.38,
 139.261622,   35.354505,       16.81,
 139.266126,   35.354505,       17.25,
 139.270631,   35.354505,       17.69,
 139.275135,   35.354505,       18.13,
 139.279640,   35.354505,       18.57,
 139.284144,   35.354505,       19.02,
 139.288649,   35.354505,       19.47,
 139.293153,   35.354505,       19.92,
 139.297658,   35.354505,       20.37,
 139.302162,   35.354505,       20.83,
 139.306667,   35.354505,       21.29,
 139.311171,   35.354505,       21.75,
 139.315676,   35.354505,       21.06,
 139.320180,   35.354505,       18.33,
 139.324685,   35.354505,       16.33,
 139.329189,   35.354505,       16.18,
 139.333694,   35.354505,       16.05,
 139.338198,   35.354505,       15.93,
 139.342703,   35.354505,       15.83,
 139.347207,   35.354505,       15.74,
 139.351712,   35.354505,       15.67,
 139.356216,   35.354505,       15.62,
 139.360721,   35.354505,       15.60,
 139.365225,   35.354505,       15.60,
 139.369730,   35.354505,       15.64,
 139.374234,   35.354505,       15.73,
 139.378739,   35.354505,       15.90,
 139.383243,   35.354505,       16.13,
 139.387748,   35.354505,       16.41,
 139.392252,   35.354505,       16.69,
 139.396757,   35.354505,       16.99,
 139.401261,   35.354505,       17.30,
 139.405766,   35.354505,       17.62,
 139.410270,   35.354505,       17.97,
 139.414775,   35.354505,       18.33,
 139.419279,   35.354505,       18.73,
 139.423784,   35.354505,       19.18,
 139.428288,   35.354505,       19.67,
 139.432793,   35.354505,       20.26,
 139.437297,   35.354505,       20.93,
 139.441802,   35.354505,       21.62,
 139.446306,   35.354505,       22.33,
 139.450811,   35.354505,       23.10,
 139.455315,   35.354505,       23.86,
 139.459820,   35.354505,       24.61,
 139.464324,   35.354505,       25.36,
 139.468829,   35.354505,       26.11,
 139.473333,   35.354505,       26.86,
 139.477838,   35.354505,       27.61,
 139.482342,   35.354505,       28.36,
 139.486847,   35.354505,       29.11,
 139.491351,   35.354505,       29.86,
 139.495856,   35.354505,       30.61,
 139.500360,   35.354505,       31.37,
 139.504865,   35.354505,       32.13,
 139.509369,   35.354505,       32.90,
 139.513874,   35.354505,       33.67,
 139.518378,   35.354505,       34.46,
 139.522883,   35.354505,       35.28,
 139.527387,   35.354505,       36.14,
 139.531892,   35.354505,       37.03,
 139.536396,   35.354505,       37.98,
 139.540901,   35.354505,       38.98,
 139.545405,   35.354505,       40.04,
 139.549910,   35.354505,       41.16,
 139.554414,   35.354505,       42.34,
 139.558919,   35.354505,       43.59,
 139.563423,   35.354505,       44.91,
 139.567928,   35.354505,       46.32,
 139.572432,   35.354505,       47.83,
 139.576937,   35.354505,       49.44,
 139.581441,   35.354505,       51.15,
 139.585946,   35.354505,       52.97,
 139.590450,   35.354505,       54.92,
 139.594955,   35.354505,       57.02,
 139.599459,   35.354505,       59.28,
 139.603964,   35.354505,       61.69,
 139.608468,   35.354505,       64.31,
 139.612973,   35.354505,       67.13,
 139.617477,   35.354505,       70.01,
 139.621982,   35.354505,       72.90,
 139.626486,   35.354505,       75.71,
 139.630991,   35.354505,       78.20,
 139.635495,   35.354505,       80.15,
 139.640000,   35.354505,       81.17,
 139.644505,   35.354505,       80.55,
 139.649009,   35.354505,       79.55,
 139.653514,   35.354505,       78.09,
 139.658018,   35.354505,       75.76,
 139.662523,   35.354505,       72.42,
 139.667027,   35.354505,       68.61,
 139.671532,   35.354505,       63.87,
 139.676036,   35.354505,       58.92,
 139.680541,   35.354505,       53.87,
 139.685045,   35.354505,       49.33,
 139.689550,   35.354505,       45.74,
 139.694054,   35.354505,       42.74,
 139.698559,   35.354505,       40.33,
 139.703063,   35.354505,       38.73,
 139.707568,   35.354505,       38.06,
 139.712072,   35.354505,       38.03,
 139.716577,   35.354505,       38.99,
 139.721081,   35.354505,       40.59,
 139.725586,   35.354505,       42.64,
 139.730090,   35.354505,       45.00,
 139.734595,   35.354505,       46.77,
 139.739099,   35.354505,       48.03,
 139.743604,   35.354505,       48.81,
 139.748108,   35.354505,       49.46,
 139.752613,   35.354505,       50.00,
 139.757117,   35.354505,       50.79,
 139.761622,   35.354505,       51.49,
 139.766126,   35.354505,       52.32,
 139.770631,   35.354505,       53.04,
 139.775135,   35.354505,       53.77,
 139.779640,   35.354505,       54.39,
 139.784144,   35.354505,       54.99,
 139.788649,   35.354505,       55.58,
 139.793153,   35.354505,       56.19,
 139.797658,   35.354505,       56.83,
 139.802162,   35.354505,       57.47,
 139.806667,   35.354505,       58.19,
 139.811171,   35.354505,       58.86,
 139.815676,   35.354505,       59.63,
 139.820180,   35.354505,       60.42,
 139.824685,   35.354505,       61.14,
 139.829189,   35.354505,       61.84,
 139.833694,   35.354505,       62.61,
 139.838198,   35.354505,       63.43,
 139.842703,   35.354505,       64.27,
 139.847207,   35.354505,       65.13,
 139.851712,   35.354505,       65.40,
 139.856216,   35.354505,       65.30,
 139.860721,   35.354505,       65.23,
 139.865225,   35.354505,       65.21,
 139.869730,   35.354505,       65.27,
 139.874234,   35.354505,       65.62,
 139.878739,   35.354505,       66.20,
 139.883243,   35.354505,       66.77,
 139.887748,   35.354505,       67.36,
 139.892252,   35.354505,       67.90,
 139.896757,   35.354505,       68.14,
 139.901261,   35.354505,       68.19,
 139.905766,   35.354505,       67.97,
 139.910270,   35.354505,       67.59,
 139.914775,   35.354505,       67.17,
 139.919279,   35.354505,       66.74,
 139.923784,   35.354505,       66.30,
 139.928288,   35.354505,       65.86,
 139.932793,   35.354505,       65.42,
 139.937297,   35.354505,       64.97,
 139.941802,   35.354505,       64.54,
 139.946306,   35.354505,       64.10,
 139.950811,   35.354505,       63.66,
 139.955315,   35.354505,       63.23,
 139.959820,   35.354505,       62.80,
 139.964324,   35.354505,       62.36,
 139.968829,   35.354505,       61.93,
 139.973333,   35.354505,       61.49,
 139.977838,   35.354505,       61.07,
 139.982342,   35.354505,       60.65,
 139.986847,   35.354505,       60.24,
 139.991351,   35.354505,       59.85,
 139.995856,   35.354505,       59.45,
 140.000360,   35.354505,       59.07,
 140.004865,   35.354505,       58.70,
 140.009369,   35.354505,       58.34,
 140.013874,   35.354505,       57.99,
 140.018378,   35.354505,       57.64,
 140.022883,   35.354505,       57.30,
 140.027387,   35.354505,       56.97,
 140.031892,   35.354505,       56.64,
 140.036396,   35.354505,       56.32,
 140.040901,   35.354505,       56.00,
 140.045405,   35.354505,       55.68,
 140.049910,   35.354505,       55.37,
 140.054414,   35.354505,       55.07,
 140.058919,   35.354505,       54.76,
 140.063423,   35.354505,       54.46,
 140.067928,   35.354505,       54.17,
 140.072432,   35.354505,       53.88,
 140.076937,   35.354505,       53.59,
 140.081441,   35.354505,       53.30,
 140.085946,   35.354505,       53.02,
 140.090450,   35.354505,       52.75,
 140.094955,   35.354505,       52.47,
 140.099459,   35.354505,       52.20,
 140.103964,   35.354505,       51.93,
 140.108468,   35.354505,       51.67,
 140.112973,   35.354505,       51.40,
 140.117477,   35.354505,       51.14,
 140.121982,   35.354505,       50.88,
 140.126486,   35.354505,       50.62,
 140.130991,   35.354505,       50.36,
 140.135495,   35.354505,       50.11,
 140.140000,   35.354505,       49.85,
 140.144505,   35.354505,       49.59,
 140.149009,   35.354505,       49.33,
 140.153514,   35.354505,       49.06,
 140.158018,   35.354505,       48.80,
 140.162523,   35.354505,       48.53,
 140.167027,   35.354505,       48.26,
 140.171532,   35.354505,       47.99,
 140.176036,   35.354505,       47.72,
 140.180541,   35.354505,       47.44,
 140.185045,   35.354505,       47.16,
 140.189550,   35.354505,       46.87,
 140.194054,   35.354505,       46.58,
 140.198559,   35.354505,       46.29,
 140.203063,   35.354505,       46.00,
 140.207568,   35.354505,       45.70,
 140.212072,   35.354505,       45.40,
 140.216577,   35.354505,       45.09,
 140.221081,   35.354505,       44.78,
 140.225586,   35.354505,       44.47,
 140.230090,   35.354505,       44.16,
 140.234595,   35.354505,       43.85,
 140.239099,   35.354505,       43.53,
 140.243604,   35.354505,       43.20,
 140.248108,   35.354505,       42.88,
 140.252613,   35.354505,       42.55,
 140.257117,   35.354505,       42.21,
 140.261622,   35.354505,       41.87,
 140.266126,   35.354505,       41.53,
 140.270631,   35.354505,       41.18,
 140.275135,   35.354505,       40.83,
 140.279640,   35.354505,       40.56,
 140.284144,   35.354505,       40.33,
 140.288649,   35.354505,       40.09,
 140.293153,   35.354505,       39.85,
 140.297658,   35.354505,       39.62,
 140.302162,   35.354505,       39.38,
 140.306667,   35.354505,       39.14,
 140.311171,   35.354505,       38.91,
 140.315676,   35.354505,       38.67,
 140.320180,   35.354505,       38.43,
 140.324685,   35.354505,       38.20,
 140.329189,   35.354505,       37.96,
 140.333694,   35.354505,       37.72,
 140.338198,   35.354505,       37.49,
 140.342703,   35.354505,       37.25,
 140.347207,   35.354505,       37.01,
 140.351712,   35.354505,       36.77,
 140.356216,   35.354505,       36.54,
 140.360721,   35.354505,       36.30,
 140.365225,   35.354505,       36.06,
 140.369730,   35.354505,       35.83,
 140.374234,   35.354505,       35.59,
 140.378739,   35.354505,       35.35,
 140.383243,   35.354505,       35.12,
 140.387748,   35.354505,       34.88,
 139.140000,   35.359009,        6.20,
 139.144505,   35.359009,        6.57,
 139.149009,   35.359009,        6.94,
 139.153514,   35.359009,        7.31,
 139.158018,   35.359009,        7.68,
 139.162523,   35.359009,        8.06,
 139.167027,   35.359009,        8.44,
 139.171532,   35.359009,        8.82,
 139.176036,   35.359009,        9.21,
 139.180541,   35.359009,        9.59,
 139.185045,   35.359009,        9.98,
 139.189550,   35.359009,       10.38,
 139.194054,   35.359009,       10.77,
 139.198559,   35.359009,       11.17,
 139.203063,   35.359009,       11.57,
 139.207568,   35.359009,       11.97,
 139.212072,   35.359009,       12.37,
 139.216577,   35.359009,       12.78,
 139.221081,   35.359009,       13.19,
 139.225586,   35.359009,       13.60,
 139.230090,   35.359009,       14.02,
 139.234595,   35.359009,       14.43,
 139.239099,   35.359009,       14.85,
 139.243604,   35.359009,       15.28,
 139.248108,   35.359009,       15.70,
 139.252613,   35.359009,       16.13,
 139.257117,   35.359009,       16.56,
 139.261622,   35.359009,       16.99,
 139.266126,   35.359009,       17.43,
 139.270631,   35.359009,       17.86,
 139.275135,   35.359009,       18.30,
 139.279640,   35.359009,       18.74,
 139.284144,   35.359009,       19.19,
 139.288649,   35.359009,       19.64,
 139.293153,   35.359009,       20.09,
 139.297658,   35.359009,       20.54,
 139.302162,   35.359009,       20.99,
 139.306667,   35.359009,       21.45,
 139.311171,   35.359009,       21.91,
 139.315676,   35.359009,       22.37,
 139.320180,   35.359009,       22.84,
 139.324685,   35.359009,       20.63,
 139.329189,   35.359009,       18.18,
 139.333694,   35.359009,       17.27,
 139.338198,   35.359009,       17.17,
 139.342703,   35.359009,       17.08,
 139.347207,   35.359009,       17.01,
 139.351712,   35.359009,       16.95,
 139.356216,   35.359009,       16.91,
 139.360721,   35.359009,       16.89,
 139.365225,   35.359009,       16.89,
 139.369730,   35.359009,       16.92,
 139.374234,   35.359009,       16.97,
 139.378739,   35.359009,       17.07,
 139.383243,   35.359009,       17.22,
 139.387748,   35.359009,       17.44,
 139.392252,   35.359009,       17.73,
 139.396757,   35.359009,       18.05,
 139.401261,   35.359009,       18.39,
 139.405766,   35.359009,       18.74,
 139.410270,   35.359009,       19.11,
 139.414775,   35.359009,       19.49,
 139.419279,   35.359009,       19.90,
 139.423784,   35.359009,       20.33,
 139.428288,   35.359009,       20.78,
 139.432793,   35.359009,       21.28,
 139.437297,   35.359009,       21.84,
 139.441802,   35.359009,       22.47,
 139.446306,   35.359009,       23.19,
 139.450811,   35.359009,       23.93,
 139.455315,   35.359009,       24.68,
 139.459820,   35.359009,       25.46,
 139.464324,   35.359009,       26.23,
 139.468829,   35.359009,       26.99,
 139.473333,   35.359009,       27.75,
 139.477838,   35.359009,       28.51,
 139.482342,   35.359009,       29.28,
 139.486847,   35.359009,       30.04,
 139.491351,   35.359009,       30.80,
 139.495856,   35.359009,       31.57,
 139.500360,   35.359009,       32.34,
 139.504865,   35.359009,       33.12,
 139.509369,   35.359009,       33.90,
 139.513874,   35.359009,       34.70,
 139.518378,   35.359009,       35.51,
 139.522883,   35.359009,       36.35,
 139.527387,   35.359009,       37.22,
 139.531892,   35.359009,       38.13,
 139.536396,   35.359009,       39.08,
 139.540901,   35.359009,       40.07,
 139.545405,   35.359009,       41.12,
 139.549910,   35.359009,       42.24,
 139.554414,   35.359009,       43.41,
 139.558919,   35.359009,       44.65,
 139.563423,   35.359009,       45.95,
 139.567928,   35.359009,       47.32,
 139.572432,   35.359009,       48.78,
 139.576937,   35.359009,       50.33,
 139.581441,   35.359009,       51.99,
 139.585946,   35.359009,       53.75,
 139.590450,   35.359009,       55.63,
 139.594955,   35.359009,       57.63,
 139.599459,   35.359009,       59.78,
 139.603964,   35.359009,       62.07,
 139.608468,   35.359009,       64.49,
 139.612973,   35.359009,       67.11,
 139.617477,   35.359009,       69.87,
 139.621982,   35.359009,       72.61,
 139.626486,   35.359009,       75.29,
 139.630991,   35.359009,       77.70,
 139.635495,   35.359009,       79.67,
 139.640000,   35.359009,       81.02,
 139.644505,   35.359009,       80.56,
 139.649009,   35.359009,       79.84,
 139.653514,   35.359009,       78.32,
 139.658018,   35.359009,       75.80,
 139.662523,   35.359009,       72.67,
 139.667027,   35.359009,       68.45,
 139.671532,   35.359009,       63.70,
 139.676036,   35.359009,       58.53,
 139.680541,   35.359009,       53.54,
 139.685045,   35.359009,       49.46,
 139.689550,   35.359009,       46.04,
 139.694054,   35.359009,       42.80,
 139.698559,   35.359009,       40.96,
 139.703063,   35.359009,       39.77,
 139.707568,   35.359009,       38.67,
 139.712072,   35.359009,       39.38,
 139.716577,   35.359009,       40.49,
 139.721081,   35.359009,       42.48,
 139.725586,   35.359009,       45.08,
 139.730090,   35.359009,       47.41,
 139.734595,   35.359009,       49.23,
 139.739099,   35.359009,       50.34,
 139.743604,   35.359009,       50.87,
 139.748108,   35.359009,       51.24,
 139.752613,   35.359009,       51.49,
 139.757117,   35.359009,       51.98,
 139.761622,   35.359009,       52.50,
 139.766126,   35.359009,       53.13,
 139.770631,   35.359009,       53.80,
 139.775135,   35.359009,       54.41,
 139.779640,   35.359009,       55.05,
 139.784144,   35.359009,       55.65,
 139.788649,   35.359009,       56.18,
 139.793153,   35.359009,       56.69,
 139.797658,   35.359009,       57.26,
 139.802162,   35.359009,       57.81,
 139.806667,   35.359009,       58.27,
 139.811171,   35.359009,       58.87,
 139.815676,   35.359009,       59.50,
 139.820180,   35.359009,       60.23,
 139.824685,   35.359009,       60.88,
 139.829189,   35.359009,       61.61,
 139.833694,   35.359009,       62.29,
 139.838198,   35.359009,       63.12,
 139.842703,   35.359009,       63.99,
 139.847207,   35.359009,       64.97,
 139.851712,   35.359009,       65.84,
 139.856216,   35.359009,       66.05,
 139.860721,   35.359009,       66.10,
 139.865225,   35.359009,       66.14,
 139.869730,   35.359009,       66.21,
 139.874234,   35.359009,       66.39,
 139.878739,   35.359009,       66.87,
 139.883243,   35.359009,       67.51,
 139.887748,   35.359009,       68.08,
 139.892252,   35.359009,       68.67,
 139.896757,   35.359009,       69.06,
 139.901261,   35.359009,       69.17,
 139.905766,   35.359009,       69.00,
 139.910270,   35.359009,       68.61,
 139.914775,   35.359009,       68.17,
 139.919279,   35.359009,       67.71,
 139.923784,   35.359009,       67.24,
 139.928288,   35.359009,       66.78,
 139.932793,   35.359009,       66.33,
 139.937297,   35.359009,       65.87,
 139.941802,   35.359009,       65.42,
 139.946306,   35.359009,       64.98,
 139.950811,   35.359009,       64.54,
 139.955315,   35.359009,       64.10,
 139.959820,   35.359009,       63.66,
 139.964324,   35.359009,       63.22,
 139.968829,   35.359009,       62.78,
 139.973333,   35.359009,       62.34,
 139.977838,   35.359009,       61.91,
 139.982342,   35.359009,       61.49,
 139.986847,   35.359009,       61.08,
 139.991351,   35.359009,       60.68,
 139.995856,   35.359009,       60.29,
 140.000360,   35.359009,       59.91,
 140.004865,   35.359009,       59.54,
 140.009369,   35.359009,       59.18,
 140.013874,   35.359009,       58.83,
 140.018378,   35.359009,       58.49,
 140.022883,   35.359009,       58.15,
 140.027387,   35.359009,       57.82,
 140.031892,   35.359009,       57.49,
 140.036396,   35.359009,       57.17,
 140.040901,   35.359009,       56.85,
 140.045405,   35.359009,       56.54,
 140.049910,   35.359009,       56.23,
 140.054414,   35.359009,       55.93,
 140.058919,   35.359009,       55.63,
 140.063423,   35.359009,       55.33,
 140.067928,   35.359009,       55.04,
 140.072432,   35.359009,       54.75,
 140.076937,   35.359009,       54.47,
 140.081441,   35.359009,       54.18,
 140.085946,   35.359009,       53.91,
 140.090450,   35.359009,       53.63,
 140.094955,   35.359009,       53.36,
 140.099459,   35.359009,       53.09,
 140.103964,   35.359009,       52.83,
 140.108468,   35.359009,       52.56,
 140.112973,   35.359009,       52.30,
 140.117477,   35.359009,       52.04,
 140.121982,   35.359009,       51.78,
 140.126486,   35.359009,       51.52,
 140.130991,   35.359009,       51.27,
 140.135495,   35.359009,       51.01,
 140.140000,   35.359009,       50.75,
 140.144505,   35.359009,       50.49,
 140.149009,   35.359009,       50.23,
 140.153514,   35.359009,       49.96,
 140.158018,   35.359009,       49.69,
 140.162523,   35.359009,       49.43,
 140.167027,   35.359009,       49.16,
 140.171532,   35.359009,       48.89,
 140.176036,   35.359009,       48.61,
 140.180541,   35.359009,       48.32,
 140.185045,   35.359009,       48.04,
 140.189550,   35.359009,       47.75,
 140.194054,   35.359009,       47.45,
 140.198559,   35.359009,       47.16,
 140.203063,   35.359009,       46.86,
 140.207568,   35.359009,       46.55,
 140.212072,   35.359009,       46.25,
 140.216577,   35.359009,       45.94,
 140.221081,   35.359009,       45.63,
 140.225586,   35.359009,       45.31,
 140.230090,   35.359009,       44.99,
 140.234595,   35.359009,       44.67,
 140.239099,   35.359009,       44.35,
 140.243604,   35.359009,       44.02,
 140.248108,   35.359009,       43.69,
 140.252613,   35.359009,       43.36,
 140.257117,   35.359009,       43.02,
 140.261622,   35.359009,       42.67,
 140.266126,   35.359009,       42.32,
 140.270631,   35.359009,       41.97,
 140.275135,   35.359009,       41.66,
 140.279640,   35.359009,       41.42,
 140.284144,   35.359009,       41.19,
 140.288649,   35.359009,       40.95,
 140.293153,   35.359009,       40.71,
 140.297658,   35.359009,       40.48,
 140.302162,   35.359009,       40.24,
 140.306667,   35.359009,       40.00,
 140.311171,   35.359009,       39.77,
 140.315676,   35.359009,       39.53,
 140.320180,   35.359009,       39.29,
 140.324685,   35.359009,       39.06,
 140.329189,   35.359009,       38.82,
 140.333694,   35.359009,       38.58,
 140.338198,   35.359009,       38.35,
 140.342703,   35.359009,       38.11,
 140.347207,   35.359009,       37.87,
 140.351712,   35.359009,       37.64,
 140.356216,   35.359009,       37.40,
 140.360721,   35.359009,       37.16,
 140.365225,   35.359009,       36.93,
 140.369730,   35.359009,       36.69,
 140.374234,   35.359009,       36.45,
 140.378739,   35.359009,       36.22,
 140.383243,   35.359009,       35.98,
 140.387748,   35.359009,       35.74,
 139.140000,   35.363514,        6.40,
 139.144505,   35.363514,        6.77,
 139.149009,   35.363514,        7.14,
 139.153514,   35.363514,        7.51,
 139.158018,   35.363514,        7.88,
 139.162523,   35.363514,        8.26,
 139.167027,   35.363514,        8.64,
 139.171532,   35.363514,        9.02,
 139.176036,   35.363514,        9.40,
 139.180541,   35.363514,        9.79,
 139.185045,   35.363514,       10.17,
 139.189550,   35.363514,       10.57,
 139.194054,   35.363514,       10.96,
 139.198559,   35.363514,       11.36,
 139.203063,   35.363514,       11.75,
 139.207568,   35.363514,       12.15,
 139.212072,   35.363514,       12.56,
 139.216577,   35.363514,       12.96,
 139.221081,   35.363514,       13.37,
 139.225586,   35.363514,       13.78,
 139.230090,   35.363514,       14.20,
 139.234595,   35.363514,       14.61,
 139.239099,   35.363514,       15.03,
 139.243604,   35.363514,       15.45,
 139.248108,   35.363514,       15.88,
 139.252613,   35.363514,       16.30,
 139.257117,   35.363514,       16.73,
 139.261622,   35.363514,       17.16,
 139.266126,   35.363514,       17.60,
 139.270631,   35.363514,       18.03,
 139.275135,   35.363514,       18.47,
 139.279640,   35.363514,       18.91,
 139.284144,   35.363514,       19.36,
 139.288649,   35.363514,       19.80,
 139.293153,   35.363514,       20.25,
 139.297658,   35.363514,       20.70,
 139.302162,   35.363514,       21.16,
 139.306667,   35.363514,       21.61,
 139.311171,   35.363514,       22.07,
 139.315676,   35.363514,       22.53,
 139.320180,   35.363514,       23.00,
 139.324685,   35.363514,       23.46,
 139.329189,   35.363514,       22.89,
 139.333694,   35.363514,       20.35,
 139.338198,   35.363514,       18.41,
 139.342703,   35.363514,       18.25,
 139.347207,   35.363514,       18.19,
 139.351712,   35.363514,       18.14,
 139.356216,   35.363514,       18.11,
 139.360721,   35.363514,       18.10,
 139.365225,   35.363514,       18.11,
 139.369730,   35.363514,       18.13,
 139.374234,   35.363514,       18.18,
 139.378739,   35.363514,       18.26,
 139.383243,   35.363514,       18.36,
 139.387748,   35.363514,       18.52,
 139.392252,   35.363514,       18.72,
 139.396757,   35.363514,       19.00,
 139.401261,   35.363514,       19.34,
 139.405766,   35.363514,       19.72,
 139.410270,   35.363514,       20.11,
 139.414775,   35.363514,       20.51,
 139.419279,   35.363514,       20.93,
 139.423784,   35.363514,       21.37,
 139.428288,   35.363514,       21.83,
 139.432793,   35.363514,       22.31,
 139.437297,   35.363514,       22.83,
 139.441802,   35.363514,       23.39,
 139.446306,   35.363514,       24.00,
 139.450811,   35.363514,       24.69,
 139.455315,   35.363514,       25.46,
 139.459820,   35.363514,       26.25,
 139.464324,   35.363514,       27.04,
 139.468829,   35.363514,       27.84,
 139.473333,   35.363514,       28.63,
 139.477838,   35.363514,       29.40,
 139.482342,   35.363514,       30.17,
 139.486847,   35.363514,       30.94,
 139.491351,   35.363514,       31.72,
 139.495856,   35.363514,       32.50,
 139.500360,   35.363514,       33.28,
 139.504865,   35.363514,       34.07,
 139.509369,   35.363514,       34.87,
 139.513874,   35.363514,       35.68,
 139.518378,   35.363514,       36.51,
 139.522883,   35.363514,       37.36,
 139.527387,   35.363514,       38.24,
 139.531892,   35.363514,       39.15,
 139.536396,   35.363514,       40.10,
 139.540901,   35.363514,       41.10,
 139.545405,   35.363514,       42.14,
 139.549910,   35.363514,       43.24,
 139.554414,   35.363514,       44.40,
 139.558919,   35.363514,       45.62,
 139.563423,   35.363514,       46.90,
 139.567928,   35.363514,       48.25,
 139.572432,   35.363514,       49.67,
 139.576937,   35.363514,       51.18,
 139.581441,   35.363514,       52.78,
 139.585946,   35.363514,       54.48,
 139.590450,   35.363514,       56.30,
 139.594955,   35.363514,       58.22,
 139.599459,   35.363514,       60.27,
 139.603964,   35.363514,       62.46,
 139.608468,   35.363514,       64.77,
 139.612973,   35.363514,       67.19,
 139.617477,   35.363514,       69.80,
 139.621982,   35.363514,       72.43,
 139.626486,   35.363514,       74.98,
 139.630991,   35.363514,       77.36,
 139.635495,   35.363514,       79.36,
 139.640000,   35.363514,       80.83,
 139.644505,   35.363514,       80.54,
 139.649009,   35.363514,       80.07,
 139.653514,   35.363514,       78.45,
 139.658018,   35.363514,       75.92,
 139.662523,   35.363514,       72.78,
 139.667027,   35.363514,       68.56,
 139.671532,   35.363514,       63.50,
 139.676036,   35.363514,       58.22,
 139.680541,   35.363514,       53.50,
 139.685045,   35.363514,       49.35,
 139.689550,   35.363514,       46.26,
 139.694054,   35.363514,       43.42,
 139.698559,   35.363514,       41.87,
 139.703063,   35.363514,       40.69,
 139.707568,   35.363514,       39.98,
 139.712072,   35.363514,       40.67,
 139.716577,   35.363514,       42.21,
 139.721081,   35.363514,       44.68,
 139.725586,   35.363514,       47.37,
 139.730090,   35.363514,       49.99,
 139.734595,   35.363514,       51.72,
 139.739099,   35.363514,       52.73,
 139.743604,   35.363514,       53.01,
 139.748108,   35.363514,       53.15,
 139.752613,   35.363514,       53.19,
 139.757117,   35.363514,       53.37,
 139.761622,   35.363514,       53.81,
 139.766126,   35.363514,       54.15,
 139.770631,   35.363514,       54.69,
 139.775135,   35.363514,       55.28,
 139.779640,   35.363514,       55.86,
 139.784144,   35.363514,       56.41,
 139.788649,   35.363514,       56.95,
 139.793153,   35.363514,       57.39,
 139.797658,   35.363514,       57.79,
 139.802162,   35.363514,       58.21,
 139.806667,   35.363514,       58.64,
 139.811171,   35.363514,       59.13,
 139.815676,   35.363514,       59.59,
 139.820180,   35.363514,       60.18,
 139.824685,   35.363514,       60.83,
 139.829189,   35.363514,       61.49,
 139.833694,   35.363514,       62.05,
 139.838198,   35.363514,       62.83,
 139.842703,   35.363514,       63.79,
 139.847207,   35.363514,       64.85,
 139.851712,   35.363514,       65.85,
 139.856216,   35.363514,       66.23,
 139.860721,   35.363514,       66.45,
 139.865225,   35.363514,       66.75,
 139.869730,   35.363514,       67.00,
 139.874234,   35.363514,       67.24,
 139.878739,   35.363514,       67.52,
 139.883243,   35.363514,       68.14,
 139.887748,   35.363514,       68.86,
 139.892252,   35.363514,       69.42,
 139.896757,   35.363514,       69.95,
 139.901261,   35.363514,       70.16,
 139.905766,   35.363514,       70.06,
 139.910270,   35.363514,       69.65,
 139.914775,   35.363514,       69.18,
 139.919279,   35.363514,       68.69,
 139.923784,   35.363514,       68.20,
 139.928288,   35.363514,       67.72,
 139.932793,   35.363514,       67.25,
 139.937297,   35.363514,       66.78,
 139.941802,   35.363514,       66.32,
 139.946306,   35.363514,       65.86,
 139.950811,   35.363514,       65.41,
 139.955315,   35.363514,       64.96,
 139.959820,   35.363514,       64.52,
 139.964324,   35.363514,       64.07,
 139.968829,   35.363514,       63.63,
 139.973333,   35.363514,       63.19,
 139.977838,   35.363514,       62.75,
 139.982342,   35.363514,       62.33,
 139.986847,   35.363514,       61.92,
 139.991351,   35.363514,       61.52,
 139.995856,   35.363514,       61.13,
 140.000360,   35.363514,       60.75,
 140.004865,   35.363514,       60.38,
 140.009369,   35.363514,       60.02,
 140.013874,   35.363514,       59.67,
 140.018378,   35.363514,       59.33,
 140.022883,   35.363514,       58.99,
 140.027387,   35.363514,       58.67,
 140.031892,   35.363514,       58.34,
 140.036396,   35.363514,       58.02,
 140.040901,   35.363514,       57.71,
 140.045405,   35.363514,       57.40,
 140.049910,   35.363514,       57.09,
 140.054414,   35.363514,       56.79,
 140.058919,   35.363514,       56.49,
 140.063423,   35.363514,       56.20,
 140.067928,   35.363514,       55.91,
 140.072432,   35.363514,       55.63,
 140.076937,   35.363514,       55.34,
 140.081441,   35.363514,       55.06,
 140.085946,   35.363514,       54.79,
 140.090450,   35.363514,       54.52,
 140.094955,   35.363514,       54.25,
 140.099459,   35.363514,       53.98,
 140.103964,   35.363514,       53.72,
 140.108468,   35.363514,       53.46,
 140.112973,   35.363514,       53.20,
 140.117477,   35.363514,       52.94,
 140.121982,   35.363514,       52.68,
 140.126486,   35.363514,       52.43,
 140.130991,   35.363514,       52.17,
 140.135495,   35.363514,       51.91,
 140.140000,   35.363514,       51.65,
 140.144505,   35.363514,       51.39,
 140.149009,   35.363514,       51.13,
 140.153514,   35.363514,       50.86,
 140.158018,   35.363514,       50.59,
 140.162523,   35.363514,       50.32,
 140.167027,   35.363514,       50.05,
 140.171532,   35.363514,       49.77,
 140.176036,   35.363514,       49.49,
 140.180541,   35.363514,       49.20,
 140.185045,   35.363514,       48.91,
 140.189550,   35.363514,       48.62,
 140.194054,   35.363514,       48.32,
 140.198559,   35.363514,       48.02,
 140.203063,   35.363514,       47.71,
 140.207568,   35.363514,       47.40,
 140.212072,   35.363514,       47.09,
 140.216577,   35.363514,       46.78,
 140.221081,   35.363514,       46.46,
 140.225586,   35.363514,       46.14,
 140.230090,   35.363514,       45.82,
 140.234595,   35.363514,       45.50,
 140.239099,   35.363514,       45.17,
 140.243604,   35.363514,       44.83,
 140.248108,   35.363514,       44.50,
 140.252613,   35.363514,       44.16,
 140.257117,   35.363514,       43.81,
 140.261622,   35.363514,       43.46,
 140.266126,   35.363514,       43.10,
 140.270631,   35.363514,       42.76,
 140.275135,   35.363514,       42.52,
 140.279640,   35.363514,       42.29,
 140.284144,   35.363514,       42.05,
 140.288649,   35.363514,       41.81,
 140.293153,   35.363514,       41.58,
 140.297658,   35.363514,       41.34,
 140.302162,   35.363514,       41.10,
 140.306667,   35.363514,       40.87,
 140.311171,   35.363514,       40.63,
 140.315676,   35.363514,       40.39,
 140.320180,   35.363514,       40.16,
 140.324685,   35.363514,       39.92,
 140.329189,   35.363514,       39.68,
 140.333694,   35.363514,       39.45,
 140.338198,   35.363514,       39.21,
 140.342703,   35.363514,       38.97,
 140.347207,   35.363514,       38.74,
 140.351712,   35.363514,       38.50,
 140.356216,   35.363514,       38.26,
 140.360721,   35.363514,       38.03,
 140.365225,   35.363514,       37.79,
 140.369730,   35.363514,       37.55,
 140.374234,   35.363514,       37.32,
 140.378739,   35.363514,       37.08,
 140.383243,   35.363514,       36.84,
 140.387748,   35.363514,       36.60,
 139.140000,   35.368018,        6.60,
 139.144505,   35.368018,        6.97,
 139.149009,   35.368018,        7.33,
 139.153514,   35.368018,        7.70,
 139.158018,   35.368018,        8.08,
 139.162523,   35.368018,        8.45,
 139.167027,   35.368018,        8.83,
 139.171532,   35.368018,        9.21,
 139.176036,   35.368018,        9.59,
 139.180541,   35.368018,        9.98,
 139.185045,   35.368018,       10.36,
 139.189550,   35.368018,       10.75,
 139.194054,   35.368018,       11.15,
 139.198559,   35.368018,       11.54,
 139.203063,   35.368018,       11.94,
 139.207568,   35.368018,       12.34,
 139.212072,   35.368018,       12.74,
 139.216577,   35.368018,       13.15,
 139.221081,   35.368018,       13.55,
 139.225586,   35.368018,       13.96,
 139.230090,   35.368018,       14.38,
 139.234595,   35.368018,       14.79,
 139.239099,   35.368018,       15.21,
 139.243604,   35.368018,       15.63,
 139.248108,   35.368018,       16.05,
 139.252613,   35.368018,       16.48,
 139.257117,   35.368018,       16.90,
 139.261622,   35.368018,       17.33,
 139.266126,   35.368018,       17.77,
 139.270631,   35.368018,       18.20,
 139.275135,   35.368018,       18.64,
 139.279640,   35.368018,       19.08,
 139.284144,   35.368018,       19.52,
 139.288649,   35.368018,       19.97,
 139.293153,   35.368018,       20.42,
 139.297658,   35.368018,       20.87,
 139.302162,   35.368018,       21.32,
 139.306667,   35.368018,       21.77,
 139.311171,   35.368018,       22.23,
 139.315676,   35.368018,       22.69,
 139.320180,   35.368018,       23.15,
 139.324685,   35.368018,       23.62,
 139.329189,   35.368018,       24.09,
 139.333694,   35.368018,       24.56,
 139.338198,   35.368018,       22.55,
 139.342703,   35.368018,       20.26,
 139.347207,   35.368018,       19.30,
 139.351712,   35.368018,       19.26,
 139.356216,   35.368018,       19.24,
 139.360721,   35.368018,       19.24,
 139.365225,   35.368018,       19.25,
 139.369730,   35.368018,       19.28,
 139.374234,   35.368018,       19.33,
 139.378739,   35.368018,       19.40,
 139.383243,   35.368018,       19.49,
 139.387748,   35.368018,       19.62,
 139.392252,   35.368018,       19.78,
 139.396757,   35.368018,       19.98,
 139.401261,   35.368018,       20.25,
 139.405766,   35.368018,       20.59,
 139.410270,   35.368018,       20.98,
 139.414775,   35.368018,       21.40,
 139.419279,   35.368018,       21.84,
 139.423784,   35.368018,       22.29,
 139.428288,   35.368018,       22.76,
 139.432793,   35.368018,       23.25,
 139.437297,   35.368018,       23.77,
 139.441802,   35.368018,       24.31,
 139.446306,   35.368018,       24.88,
 139.450811,   35.368018,       25.50,
 139.455315,   35.368018,       26.18,
 139.459820,   35.368018,       26.93,
 139.464324,   35.368018,       27.75,
 139.468829,   35.368018,       28.59,
 139.473333,   35.368018,       29.42,
 139.477838,   35.368018,       30.25,
 139.482342,   35.368018,       31.05,
 139.486847,   35.368018,       31.83,
 139.491351,   35.368018,       32.61,
 139.495856,   35.368018,       33.40,
 139.500360,   35.368018,       34.20,
 139.504865,   35.368018,       35.00,
 139.509369,   35.368018,       35.81,
 139.513874,   35.368018,       36.63,
 139.518378,   35.368018,       37.46,
 139.522883,   35.368018,       38.32,
 139.527387,   35.368018,       39.21,
 139.531892,   35.368018,       40.12,
 139.536396,   35.368018,       41.07,
 139.540901,   35.368018,       42.06,
 139.545405,   35.368018,       43.10,
 139.549910,   35.368018,       44.18,
 139.554414,   35.368018,       45.32,
 139.558919,   35.368018,       46.52,
 139.563423,   35.368018,       47.78,
 139.567928,   35.368018,       49.11,
 139.572432,   35.368018,       50.51,
 139.576937,   35.368018,       51.97,
 139.581441,   35.368018,       53.52,
 139.585946,   35.368018,       55.16,
 139.590450,   35.368018,       56.92,
 139.594955,   35.368018,       58.78,
 139.599459,   35.368018,       60.75,
 139.603964,   35.368018,       62.84,
 139.608468,   35.368018,       65.07,
 139.612973,   35.368018,       67.40,
 139.617477,   35.368018,       69.80,
 139.621982,   35.368018,       72.34,
 139.626486,   35.368018,       74.81,
 139.630991,   35.368018,       77.16,
 139.635495,   35.368018,       79.18,
 139.640000,   35.368018,       80.69,
 139.644505,   35.368018,       80.53,
 139.649009,   35.368018,       80.26,
 139.653514,   35.368018,       78.89,
 139.658018,   35.368018,       76.41,
 139.662523,   35.368018,       72.97,
 139.667027,   35.368018,       68.97,
 139.671532,   35.368018,       63.60,
 139.676036,   35.368018,       58.36,
 139.680541,   35.368018,       53.63,
 139.685045,   35.368018,       49.75,
 139.689550,   35.368018,       46.77,
 139.694054,   35.368018,       44.22,
 139.698559,   35.368018,       42.71,
 139.703063,   35.368018,       41.56,
 139.707568,   35.368018,       41.49,
 139.712072,   35.368018,       42.43,
 139.716577,   35.368018,       44.16,
 139.721081,   35.368018,       46.85,
 139.725586,   35.368018,       49.78,
 139.730090,   35.368018,       52.57,
 139.734595,   35.368018,       54.22,
 139.739099,   35.368018,       55.30,
 139.743604,   35.368018,       55.15,
 139.748108,   35.368018,       55.04,
 139.752613,   35.368018,       54.95,
 139.757117,   35.368018,       54.87,
 139.761622,   35.368018,       55.09,
 139.766126,   35.368018,       55.35,
 139.770631,   35.368018,       55.72,
 139.775135,   35.368018,       56.24,
 139.779640,   35.368018,       56.71,
 139.784144,   35.368018,       57.23,
 139.788649,   35.368018,       57.73,
 139.793153,   35.368018,       58.11,
 139.797658,   35.368018,       58.50,
 139.802162,   35.368018,       58.84,
 139.806667,   35.368018,       59.16,
 139.811171,   35.368018,       59.50,
 139.815676,   35.368018,       59.89,
 139.820180,   35.368018,       60.27,
 139.824685,   35.368018,       60.77,
 139.829189,   35.368018,       61.32,
 139.833694,   35.368018,       61.84,
 139.838198,   35.368018,       62.66,
 139.842703,   35.368018,       63.68,
 139.847207,   35.368018,       64.76,
 139.851712,   35.368018,       65.76,
 139.856216,   35.368018,       66.38,
 139.860721,   35.368018,       66.59,
 139.865225,   35.368018,       66.71,
 139.869730,   35.368018,       66.87,
 139.874234,   35.368018,       67.29,
 139.878739,   35.368018,       67.88,
 139.883243,   35.368018,       68.46,
 139.887748,   35.368018,       69.54,
 139.892252,   35.368018,       70.30,
 139.896757,   35.368018,       70.77,
 139.901261,   35.368018,       71.13,
 139.905766,   35.368018,       71.15,
 139.910270,   35.368018,       70.72,
 139.914775,   35.368018,       70.20,
 139.919279,   35.368018,       69.68,
 139.923784,   35.368018,       69.17,
 139.928288,   35.368018,       68.67,
 139.932793,   35.368018,       68.17,
 139.937297,   35.368018,       67.69,
 139.941802,   35.368018,       67.21,
 139.946306,   35.368018,       66.75,
 139.950811,   35.368018,       66.28,
 139.955315,   35.368018,       65.83,
 139.959820,   35.368018,       65.38,
 139.964324,   35.368018,       64.93,
 139.968829,   35.368018,       64.48,
 139.973333,   35.368018,       64.03,
 139.977838,   35.368018,       63.60,
 139.982342,   35.368018,       63.17,
 139.986847,   35.368018,       62.76,
 139.991351,   35.368018,       62.36,
 139.995856,   35.368018,       61.97,
 140.000360,   35.368018,       61.59,
 140.004865,   35.368018,       61.22,
 140.009369,   35.368018,       60.86,
 140.013874,   35.368018,       60.51,
 140.018378,   35.368018,       60.17,
 140.022883,   35.368018,       59.84,
 140.027387,   35.368018,       59.51,
 140.031892,   35.368018,       59.19,
 140.036396,   35.368018,       58.87,
 140.040901,   35.368018,       58.56,
 140.045405,   35.368018,       58.26,
 140.049910,   35.368018,       57.95,
 140.054414,   35.368018,       57.65,
 140.058919,   35.368018,       57.36,
 140.063423,   35.368018,       57.07,
 140.067928,   35.368018,       56.78,
 140.072432,   35.368018,       56.50,
 140.076937,   35.368018,       56.22,
 140.081441,   35.368018,       55.94,
 140.085946,   35.368018,       55.67,
 140.090450,   35.368018,       55.40,
 140.094955,   35.368018,       55.14,
 140.099459,   35.368018,       54.87,
 140.103964,   35.368018,       54.61,
 140.108468,   35.368018,       54.35,
 140.112973,   35.368018,       54.10,
 140.117477,   35.368018,       53.84,
 140.121982,   35.368018,       53.58,
 140.126486,   35.368018,       53.33,
 140.130991,   35.368018,       53.07,
 140.135495,   35.368018,       52.82,
 140.140000,   35.368018,       52.55,
 140.144505,   35.368018,       52.29,
 140.149009,   35.368018,       52.02,
 140.153514,   35.368018,       51.75,
 140.158018,   35.368018,       51.48,
 140.162523,   35.368018,       51.21,
 140.167027,   35.368018,       50.94,
 140.171532,   35.368018,       50.65,
 140.176036,   35.368018,       50.37,
 140.180541,   35.368018,       50.08,
 140.185045,   35.368018,       49.78,
 140.189550,   35.368018,       49.48,
 140.194054,   35.368018,       49.18,
 140.198559,   35.368018,       48.87,
 140.203063,   35.368018,       48.56,
 140.207568,   35.368018,       48.25,
 140.212072,   35.368018,       47.94,
 140.216577,   35.368018,       47.62,
 140.221081,   35.368018,       47.30,
 140.225586,   35.368018,       46.97,
 140.230090,   35.368018,       46.65,
 140.234595,   35.368018,       46.32,
 140.239099,   35.368018,       45.98,
 140.243604,   35.368018,       45.64,
 140.248108,   35.368018,       45.30,
 140.252613,   35.368018,       44.95,
 140.257117,   35.368018,       44.60,
 140.261622,   35.368018,       44.24,
 140.266126,   35.368018,       43.88,
 140.270631,   35.368018,       43.62,
 140.275135,   35.368018,       43.39,
 140.279640,   35.368018,       43.15,
 140.284144,   35.368018,       42.91,
 140.288649,   35.368018,       42.68,
 140.293153,   35.368018,       42.44,
 140.297658,   35.368018,       42.20,
 140.302162,   35.368018,       41.97,
 140.306667,   35.368018,       41.73,
 140.311171,   35.368018,       41.49,
 140.315676,   35.368018,       41.26,
 140.320180,   35.368018,       41.02,
 140.324685,   35.368018,       40.78,
 140.329189,   35.368018,       40.55,
 140.333694,   35.368018,       40.31,
 140.338198,   35.368018,       40.07,
 140.342703,   35.368018,       39.83,
 140.347207,   35.368018,       39.60,
 140.351712,   35.368018,       39.36,
 140.356216,   35.368018,       39.12,
 140.360721,   35.368018,       38.89,
 140.365225,   35.368018,       38.65,
 140.369730,   35.368018,       38.41,
 140.374234,   35.368018,       38.18,
 140.378739,   35.368018,       37.94,
 140.383243,   35.368018,       37.70,
 140.387748,   35.368018,       37.47,
 139.140000,   35.372523,        6.80,
 139.144505,   35.372523,        7.16,
 139.149009,   35.372523,        7.53,
 139.153514,   35.372523,        7.90,
 139.158018,   35.372523,        8.27,
 139.162523,   35.372523,        8.64,
 139.167027,   35.372523,        9.02,
 139.171532,   35.372523,        9.40,
 139.176036,   35.372523,        9.78,
 139.180541,   35.372523,       10.16,
 139.185045,   35.372523,       10.55,
 139.189550,   35.372523,       10.94,
 139.194054,   35.372523,       11.33,
 139.198559,   35.372523,       11.72,
 139.203063,   35.372523,       12.12,
 139.207568,   35.372523,       12.52,
 139.212072,   35.372523,       12.92,
 139.216577,   35.372523,       13.32,
 139.221081,   35.372523,       13.73,
 139.225586,   35.372523,       14.14,
 139.230090,   35.372523,       14.55,
 139.234595,   35.372523,       14.97,
 139.239099,   35.372523,       15.38,
 139.243604,   35.372523,       15.80,
 139.248108,   35.372523,       16.22,
 139.252613,   35.372523,       16.65,
 139.257117,   35.372523,       17.07,
 139.261622,   35.372523,       17.50,
 139.266126,   35.372523,       17.93,
 139.270631,   35.372523,       18.37,
 139.275135,   35.372523,       18.80,
 139.279640,   35.372523,       19.24,
 139.284144,   35.372523,       19.68,
 139.288649,   35.372523,       20.13,
 139.293153,   35.372523,       20.58,
 139.297658,   35.372523,       21.02,
 139.302162,   35.372523,       21.48,
 139.306667,   35.372523,       21.93,
 139.311171,   35.372523,       22.39,
 139.315676,   35.372523,       22.85,
 139.320180,   35.372523,       23.31,
 139.324685,   35.372523,       23.77,
 139.329189,   35.372523,       24.24,
 139.333694,   35.372523,       24.71,
 139.338198,   35.372523,       25.18,
 139.342703,   35.372523,       24.71,
 139.347207,   35.372523,       22.34,
 139.351712,   35.372523,       20.49,
 139.356216,   35.372523,       20.30,
 139.360721,   35.372523,       20.31,
 139.365225,   35.372523,       20.32,
 139.369730,   35.372523,       20.36,
 139.374234,   35.372523,       20.41,
 139.378739,   35.372523,       20.48,
 139.383243,   35.372523,       20.58,
 139.387748,   35.372523,       20.69,
 139.392252,   35.372523,       20.83,
 139.396757,   35.372523,       21.01,
 139.401261,   35.372523,       21.22,
 139.405766,   35.372523,       21.48,
 139.410270,   35.372523,       21.80,
 139.414775,   35.372523,       22.19,
 139.419279,   35.372523,       22.64,
 139.423784,   35.372523,       23.11,
 139.428288,   35.372523,       23.59,
 139.432793,   35.372523,       24.09,
 139.437297,   35.372523,       24.61,
 139.441802,   35.372523,       25.15,
 139.446306,   35.372523,       25.72,
 139.450811,   35.372523,       26.32,
 139.455315,   35.372523,       26.96,
 139.459820,   35.372523,       27.64,
 139.464324,   35.372523,       28.37,
 139.468829,   35.372523,       29.18,
 139.473333,   35.372523,       30.06,
 139.477838,   35.372523,       30.94,
 139.482342,   35.372523,       31.82,
 139.486847,   35.372523,       32.68,
 139.491351,   35.372523,       33.49,
 139.495856,   35.372523,       34.28,
 139.500360,   35.372523,       35.09,
 139.504865,   35.372523,       35.89,
 139.509369,   35.372523,       36.71,
 139.513874,   35.372523,       37.54,
 139.518378,   35.372523,       38.38,
 139.522883,   35.372523,       39.24,
 139.527387,   35.372523,       40.13,
 139.531892,   35.372523,       41.05,
 139.536396,   35.372523,       42.00,
 139.540901,   35.372523,       42.98,
 139.545405,   35.372523,       44.00,
 139.549910,   35.372523,       45.07,
 139.554414,   35.372523,       46.19,
 139.558919,   35.372523,       47.36,
 139.563423,   35.372523,       48.60,
 139.567928,   35.372523,       49.91,
 139.572432,   35.372523,       51.28,
 139.576937,   35.372523,       52.71,
 139.581441,   35.372523,       54.22,
 139.585946,   35.372523,       55.81,
 139.590450,   35.372523,       57.50,
 139.594955,   35.372523,       59.30,
 139.599459,   35.372523,       61.20,
 139.603964,   35.372523,       63.22,
 139.608468,   35.372523,       65.36,
 139.612973,   35.372523,       67.62,
 139.617477,   35.372523,       69.96,
 139.621982,   35.372523,       72.35,
 139.626486,   35.372523,       74.77,
 139.630991,   35.372523,       77.09,
 139.635495,   35.372523,       79.14,
 139.640000,   35.372523,       80.62,
 139.644505,   35.372523,       80.51,
 139.649009,   35.372523,       80.35,
 139.653514,   35.372523,       79.51,
 139.658018,   35.372523,       77.28,
 139.662523,   35.372523,       73.67,
 139.667027,   35.372523,       69.09,
 139.671532,   35.372523,       63.98,
 139.676036,   35.372523,       58.78,
 139.680541,   35.372523,       53.87,
 139.685045,   35.372523,       50.55,
 139.689550,   35.372523,       47.47,
 139.694054,   35.372523,       44.72,
 139.698559,   35.372523,       43.72,
 139.703063,   35.372523,       42.76,
 139.707568,   35.372523,       42.97,
 139.712072,   35.372523,       44.21,
 139.716577,   35.372523,       46.05,
 139.721081,   35.372523,       49.02,
 139.725586,   35.372523,       52.24,
 139.730090,   35.372523,       54.65,
 139.734595,   35.372523,       56.77,
 139.739099,   35.372523,       57.10,
 139.743604,   35.372523,       57.07,
 139.748108,   35.372523,       56.86,
 139.752613,   35.372523,       56.58,
 139.757117,   35.372523,       56.37,
 139.761622,   35.372523,       56.42,
 139.766126,   35.372523,       56.59,
 139.770631,   35.372523,       56.82,
 139.775135,   35.372523,       57.22,
 139.779640,   35.372523,       57.61,
 139.784144,   35.372523,       58.06,
 139.788649,   35.372523,       58.49,
 139.793153,   35.372523,       58.86,
 139.797658,   35.372523,       59.22,
 139.802162,   35.372523,       59.51,
 139.806667,   35.372523,       59.80,
 139.811171,   35.372523,       60.02,
 139.815676,   35.372523,       60.21,
 139.820180,   35.372523,       60.50,
 139.824685,   35.372523,       60.79,
 139.829189,   35.372523,       61.23,
 139.833694,   35.372523,       61.69,
 139.838198,   35.372523,       62.53,
 139.842703,   35.372523,       63.60,
 139.847207,   35.372523,       64.72,
 139.851712,   35.372523,       65.75,
 139.856216,   35.372523,       66.51,
 139.860721,   35.372523,       66.73,
 139.865225,   35.372523,       66.90,
 139.869730,   35.372523,       67.09,
 139.874234,   35.372523,       67.44,
 139.878739,   35.372523,       67.88,
 139.883243,   35.372523,       68.44,
 139.887748,   35.372523,       69.12,
 139.892252,   35.372523,       70.63,
 139.896757,   35.372523,       71.74,
 139.901261,   35.372523,       72.07,
 139.905766,   35.372523,       72.21,
 139.910270,   35.372523,       71.82,
 139.914775,   35.372523,       71.25,
 139.919279,   35.372523,       70.69,
 139.923784,   35.372523,       70.15,
 139.928288,   35.372523,       69.62,
 139.932793,   35.372523,       69.10,
 139.937297,   35.372523,       68.60,
 139.941802,   35.372523,       68.11,
 139.946306,   35.372523,       67.63,
 139.950811,   35.372523,       67.16,
 139.955315,   35.372523,       66.69,
 139.959820,   35.372523,       66.23,
 139.964324,   35.372523,       65.78,
 139.968829,   35.372523,       65.32,
 139.973333,   35.372523,       64.88,
 139.977838,   35.372523,       64.44,
 139.982342,   35.372523,       64.01,
 139.986847,   35.372523,       63.60,
 139.991351,   35.372523,       63.20,
 139.995856,   35.372523,       62.80,
 140.000360,   35.372523,       62.42,
 140.004865,   35.372523,       62.06,
 140.009369,   35.372523,       61.70,
 140.013874,   35.372523,       61.35,
 140.018378,   35.372523,       61.01,
 140.022883,   35.372523,       60.68,
 140.027387,   35.372523,       60.36,
 140.031892,   35.372523,       60.04,
 140.036396,   35.372523,       59.72,
 140.040901,   35.372523,       59.41,
 140.045405,   35.372523,       59.11,
 140.049910,   35.372523,       58.81,
 140.054414,   35.372523,       58.52,
 140.058919,   35.372523,       58.22,
 140.063423,   35.372523,       57.94,
 140.067928,   35.372523,       57.65,
 140.072432,   35.372523,       57.37,
 140.076937,   35.372523,       57.10,
 140.081441,   35.372523,       56.82,
 140.085946,   35.372523,       56.55,
 140.090450,   35.372523,       56.29,
 140.094955,   35.372523,       56.03,
 140.099459,   35.372523,       55.77,
 140.103964,   35.372523,       55.51,
 140.108468,   35.372523,       55.25,
 140.112973,   35.372523,       54.99,
 140.117477,   35.372523,       54.74,
 140.121982,   35.372523,       54.48,
 140.126486,   35.372523,       54.23,
 140.130991,   35.372523,       53.97,
 140.135495,   35.372523,       53.71,
 140.140000,   35.372523,       53.45,
 140.144505,   35.372523,       53.18,
 140.149009,   35.372523,       52.92,
 140.153514,   35.372523,       52.65,
 140.158018,   35.372523,       52.38,
 140.162523,   35.372523,       52.10,
 140.167027,   35.372523,       51.82,
 140.171532,   35.372523,       51.53,
 140.176036,   35.372523,       51.24,
 140.180541,   35.372523,       50.95,
 140.185045,   35.372523,       50.64,
 140.189550,   35.372523,       50.34,
 140.194054,   35.372523,       50.03,
 140.198559,   35.372523,       49.72,
 140.203063,   35.372523,       49.41,
 140.207568,   35.372523,       49.09,
 140.212072,   35.372523,       48.77,
 140.216577,   35.372523,       48.45,
 140.221081,   35.372523,       48.13,
 140.225586,   35.372523,       47.80,
 140.230090,   35.372523,       47.46,
 140.234595,   35.372523,       47.13,
 140.239099,   35.372523,       46.79,
 140.243604,   35.372523,       46.45,
 140.248108,   35.372523,       46.10,
 140.252613,   35.372523,       45.74,
 140.257117,   35.372523,       45.39,
 140.261622,   35.372523,       45.02,
 140.266126,   35.372523,       44.72,
 140.270631,   35.372523,       44.48,
 140.275135,   35.372523,       44.25,
 140.279640,   35.372523,       44.01,
 140.284144,   35.372523,       43.77,
 140.288649,   35.372523,       43.54,
 140.293153,   35.372523,       43.30,
 140.297658,   35.372523,       43.06,
 140.302162,   35.372523,       42.83,
 140.306667,   35.372523,       42.59,
 140.311171,   35.372523,       42.35,
 140.315676,   35.372523,       42.12,
 140.320180,   35.372523,       41.88,
 140.324685,   35.372523,       41.64,
 140.329189,   35.372523,       41.41,
 140.333694,   35.372523,       41.17,
 140.338198,   35.372523,       40.93,
 140.342703,   35.372523,       40.70,
 140.347207,   35.372523,       40.46,
 140.351712,   35.372523,       40.22,
 140.356216,   35.372523,       39.99,
 140.360721,   35.372523,       39.75,
 140.365225,   35.372523,       39.51,
 140.369730,   35.372523,       39.28,
 140.374234,   35.372523,       39.04,
 140.378739,   35.372523,       38.80,
 140.383243,   35.372523,       38.57,
 140.387748,   35.372523,       38.33,
 139.140000,   35.377027,        6.99,
 139.144505,   35.377027,        7.36,
 139.149009,   35.377027,        7.72,
 139.153514,   35.377027,        8.09,
 139.158018,   35.377027,        8.46,
 139.162523,   35.377027,        8.83,
 139.167027,   35.377027,        9.21,
 139.171532,   35.377027,        9.58,
 139.176036,   35.377027,        9.96,
 139.180541,   35.377027,       10.35,
 139.185045,   35.377027,       10.73,
 139.189550,   35.377027,       11.12,
 139.194054,   35.377027,       11.51,
 139.198559,   35.377027,       11.90,
 139.203063,   35.377027,       12.30,
 139.207568,   35.377027,       12.70,
 139.212072,   35.377027,       13.10,
 139.216577,   35.377027,       13.50,
 139.221081,   35.377027,       13.91,
 139.225586,   35.377027,       14.31,
 139.230090,   35.377027,       14.72,
 139.234595,   35.377027,       15.14,
 139.239099,   35.377027,       15.55,
 139.243604,   35.377027,       15.97,
 139.248108,   35.377027,       16.39,
 139.252613,   35.377027,       16.81,
 139.257117,   35.377027,       17.24,
 139.261622,   35.377027,       17.67,
 139.266126,   35.377027,       18.10,
 139.270631,   35.377027,       18.53,
 139.275135,   35.377027,       18.97,
 139.279640,   35.377027,       19.40,
 139.284144,   35.377027,       19.84,
 139.288649,   35.377027,       20.29,
 139.293153,   35.377027,       20.73,
 139.297658,   35.377027,       21.18,
 139.302162,   35.377027,       21.63,
 139.306667,   35.377027,       22.09,
 139.311171,   35.377027,       22.54,
 139.315676,   35.377027,       23.00,
 139.320180,   35.377027,       23.46,
 139.324685,   35.377027,       23.92,
 139.329189,   35.377027,       24.39,
 139.333694,   35.377027,       24.86,
 139.338198,   35.377027,       25.33,
 139.342703,   35.377027,       25.80,
 139.347207,   35.377027,       26.28,
 139.351712,   35.377027,       24.44,
 139.356216,   35.377027,       22.31,
 139.360721,   35.377027,       21.31,
 139.365225,   35.377027,       21.34,
 139.369730,   35.377027,       21.38,
 139.374234,   35.377027,       21.44,
 139.378739,   35.377027,       21.51,
 139.383243,   35.377027,       21.60,
 139.387748,   35.377027,       21.72,
 139.392252,   35.377027,       21.85,
 139.396757,   35.377027,       22.01,
 139.401261,   35.377027,       22.20,
 139.405766,   35.377027,       22.42,
 139.410270,   35.377027,       22.68,
 139.414775,   35.377027,       23.00,
 139.419279,   35.377027,       23.38,
 139.423784,   35.377027,       23.82,
 139.428288,   35.377027,       24.32,
 139.432793,   35.377027,       24.83,
 139.437297,   35.377027,       25.36,
 139.441802,   35.377027,       25.91,
 139.446306,   35.377027,       26.48,
 139.450811,   35.377027,       27.08,
 139.455315,   35.377027,       27.70,
 139.459820,   35.377027,       28.36,
 139.464324,   35.377027,       29.05,
 139.468829,   35.377027,       29.79,
 139.473333,   35.377027,       30.60,
 139.477838,   35.377027,       31.47,
 139.482342,   35.377027,       32.41,
 139.486847,   35.377027,       33.33,
 139.491351,   35.377027,       34.24,
 139.495856,   35.377027,       35.13,
 139.500360,   35.377027,       35.95,
 139.504865,   35.377027,       36.76,
 139.509369,   35.377027,       37.59,
 139.513874,   35.377027,       38.42,
 139.518378,   35.377027,       39.27,
 139.522883,   35.377027,       40.13,
 139.527387,   35.377027,       41.02,
 139.531892,   35.377027,       41.94,
 139.536396,   35.377027,       42.88,
 139.540901,   35.377027,       43.86,
 139.545405,   35.377027,       44.87,
 139.549910,   35.377027,       45.92,
 139.554414,   35.377027,       47.02,
 139.558919,   35.377027,       48.17,
 139.563423,   35.377027,       49.38,
 139.567928,   35.377027,       50.65,
 139.572432,   35.377027,       51.99,
 139.576937,   35.377027,       53.40,
 139.581441,   35.377027,       54.88,
 139.585946,   35.377027,       56.43,
 139.590450,   35.377027,       58.06,
 139.594955,   35.377027,       59.79,
 139.599459,   35.377027,       61.64,
 139.603964,   35.377027,       63.59,
 139.608468,   35.377027,       65.66,
 139.612973,   35.377027,       67.84,
 139.617477,   35.377027,       70.15,
 139.621982,   35.377027,       72.47,
 139.626486,   35.377027,       74.83,
 139.630991,   35.377027,       77.13,
 139.635495,   35.377027,       79.21,
 139.640000,   35.377027,       80.58,
 139.644505,   35.377027,       80.45,
 139.649009,   35.377027,       80.51,
 139.653514,   35.377027,       79.69,
 139.658018,   35.377027,       78.27,
 139.662523,   35.377027,       74.54,
 139.667027,   35.377027,       69.94,
 139.671532,   35.377027,       64.39,
 139.676036,   35.377027,       59.14,
 139.680541,   35.377027,       54.59,
 139.685045,   35.377027,       51.15,
 139.689550,   35.377027,       48.27,
 139.694054,   35.377027,       46.04,
 139.698559,   35.377027,       44.80,
 139.703063,   35.377027,       43.96,
 139.707568,   35.377027,       44.27,
 139.712072,   35.377027,       45.55,
 139.716577,   35.377027,       47.82,
 139.721081,   35.377027,       50.86,
 139.725586,   35.377027,       54.00,
 139.730090,   35.377027,       57.01,
 139.734595,   35.377027,       58.52,
 139.739099,   35.377027,       59.11,
 139.743604,   35.377027,       58.75,
 139.748108,   35.377027,       58.37,
 139.752613,   35.377027,       58.05,
 139.757117,   35.377027,       57.77,
 139.761622,   35.377027,       57.76,
 139.766126,   35.377027,       57.77,
 139.770631,   35.377027,       57.81,
 139.775135,   35.377027,       58.15,
 139.779640,   35.377027,       58.51,
 139.784144,   35.377027,       58.87,
 139.788649,   35.377027,       59.23,
 139.793153,   35.377027,       59.61,
 139.797658,   35.377027,       59.94,
 139.802162,   35.377027,       60.18,
 139.806667,   35.377027,       60.44,
 139.811171,   35.377027,       60.64,
 139.815676,   35.377027,       60.81,
 139.820180,   35.377027,       60.98,
 139.824685,   35.377027,       61.14,
 139.829189,   35.377027,       61.39,
 139.833694,   35.377027,       61.55,
 139.838198,   35.377027,       62.30,
 139.842703,   35.377027,       63.42,
 139.847207,   35.377027,       64.75,
 139.851712,   35.377027,       65.69,
 139.856216,   35.377027,       66.41,
 139.860721,   35.377027,       66.67,
 139.865225,   35.377027,       66.94,
 139.869730,   35.377027,       67.27,
 139.874234,   35.377027,       67.63,
 139.878739,   35.377027,       68.11,
 139.883243,   35.377027,       68.82,
 139.887748,   35.377027,       69.72,
 139.892252,   35.377027,       71.09,
 139.896757,   35.377027,       72.27,
 139.901261,   35.377027,       73.01,
 139.905766,   35.377027,       73.24,
 139.910270,   35.377027,       72.96,
 139.914775,   35.377027,       72.32,
 139.919279,   35.377027,       71.70,
 139.923784,   35.377027,       71.12,
 139.928288,   35.377027,       70.56,
 139.932793,   35.377027,       70.02,
 139.937297,   35.377027,       69.50,
 139.941802,   35.377027,       69.00,
 139.946306,   35.377027,       68.50,
 139.950811,   35.377027,       68.02,
 139.955315,   35.377027,       67.55,
 139.959820,   35.377027,       67.09,
 139.964324,   35.377027,       66.63,
 139.968829,   35.377027,       66.17,
 139.973333,   35.377027,       65.72,
 139.977838,   35.377027,       65.28,
 139.982342,   35.377027,       64.85,
 139.986847,   35.377027,       64.43,
 139.991351,   35.377027,       64.03,
 139.995856,   35.377027,       63.64,
 140.000360,   35.377027,       63.26,
 140.004865,   35.377027,       62.89,
 140.009369,   35.377027,       62.54,
 140.013874,   35.377027,       62.19,
 140.018378,   35.377027,       61.85,
 140.022883,   35.377027,       61.52,
 140.027387,   35.377027,       61.20,
 140.031892,   35.377027,       60.88,
 140.036396,   35.377027,       60.57,
 140.040901,   35.377027,       60.27,
 140.045405,   35.377027,       59.97,
 140.049910,   35.377027,       59.67,
 140.054414,   35.377027,       59.38,
 140.058919,   35.377027,       59.09,
 140.063423,   35.377027,       58.80,
 140.067928,   35.377027,       58.52,
 140.072432,   35.377027,       58.25,
 140.076937,   35.377027,       57.97,
 140.081441,   35.377027,       57.70,
 140.085946,   35.377027,       57.44,
 140.090450,   35.377027,       57.17,
 140.094955,   35.377027,       56.91,
 140.099459,   35.377027,       56.66,
 140.103964,   35.377027,       56.40,
 140.108468,   35.377027,       56.14,
 140.112973,   35.377027,       55.89,
 140.117477,   35.377027,       55.64,
 140.121982,   35.377027,       55.38,
 140.126486,   35.377027,       55.13,
 140.130991,   35.377027,       54.87,
 140.135495,   35.377027,       54.61,
 140.140000,   35.377027,       54.35,
 140.144505,   35.377027,       54.08,
 140.149009,   35.377027,       53.81,
 140.153514,   35.377027,       53.54,
 140.158018,   35.377027,       53.27,
 140.162523,   35.377027,       52.99,
 140.167027,   35.377027,       52.70,
 140.171532,   35.377027,       52.41,
 140.176036,   35.377027,       52.11,
 140.180541,   35.377027,       51.81,
 140.185045,   35.377027,       51.51,
 140.189550,   35.377027,       51.20,
 140.194054,   35.377027,       50.89,
 140.198559,   35.377027,       50.57,
 140.203063,   35.377027,       50.25,
 140.207568,   35.377027,       49.93,
 140.212072,   35.377027,       49.61,
 140.216577,   35.377027,       49.28,
 140.221081,   35.377027,       48.95,
 140.225586,   35.377027,       48.62,
 140.230090,   35.377027,       48.28,
 140.234595,   35.377027,       47.94,
 140.239099,   35.377027,       47.59,
 140.243604,   35.377027,       47.24,
 140.248108,   35.377027,       46.89,
 140.252613,   35.377027,       46.53,
 140.257117,   35.377027,       46.16,
 140.261622,   35.377027,       45.82,
 140.266126,   35.377027,       45.58,
 140.270631,   35.377027,       45.35,
 140.275135,   35.377027,       45.11,
 140.279640,   35.377027,       44.87,
 140.284144,   35.377027,       44.64,
 140.288649,   35.377027,       44.40,
 140.293153,   35.377027,       44.16,
 140.297658,   35.377027,       43.93,
 140.302162,   35.377027,       43.69,
 140.306667,   35.377027,       43.45,
 140.311171,   35.377027,       43.22,
 140.315676,   35.377027,       42.98,
 140.320180,   35.377027,       42.74,
 140.324685,   35.377027,       42.51,
 140.329189,   35.377027,       42.27,
 140.333694,   35.377027,       42.03,
 140.338198,   35.377027,       41.80,
 140.342703,   35.377027,       41.56,
 140.347207,   35.377027,       41.32,
 140.351712,   35.377027,       41.09,
 140.356216,   35.377027,       40.85,
 140.360721,   35.377027,       40.61,
 140.365225,   35.377027,       40.38,
 140.369730,   35.377027,       40.14,
 140.374234,   35.377027,       39.90,
 140.378739,   35.377027,       39.66,
 140.383243,   35.377027,       39.43,
 140.387748,   35.377027,       39.19,
 139.140000,   35.381532,        7.18,
 139.144505,   35.381532,        7.55,
 139.149009,   35.381532,        7.91,
 139.153514,   35.381532,        8.28,
 139.158018,   35.381532,        8.65,
 139.162523,   35.381532,        9.02,
 139.167027,   35.381532,        9.39,
 139.171532,   35.381532,        9.77,
 139.176036,   35.381532,       10.15,
 139.180541,   35.381532,       10.53,
 139.185045,   35.381532,       10.91,
 139.189550,   35.381532,       11.30,
 139.194054,   35.381532,       11.69,
 139.198559,   35.381532,       12.08,
 139.203063,   35.381532,       12.48,
 139.207568,   35.381532,       12.87,
 139.212072,   35.381532,       13.27,
 139.216577,   35.381532,       13.67,
 139.221081,   35.381532,       14.08,
 139.225586,   35.381532,       14.48,
 139.230090,   35.381532,       14.89,
 139.234595,   35.381532,       15.31,
 139.239099,   35.381532,       15.72,
 139.243604,   35.381532,       16.14,
 139.248108,   35.381532,       16.56,
 139.252613,   35.381532,       16.98,
 139.257117,   35.381532,       17.40,
 139.261622,   35.381532,       17.83,
 139.266126,   35.381532,       18.26,
 139.270631,   35.381532,       18.69,
 139.275135,   35.381532,       19.13,
 139.279640,   35.381532,       19.56,
 139.284144,   35.381532,       20.00,
 139.288649,   35.381532,       20.44,
 139.293153,   35.381532,       20.89,
 139.297658,   35.381532,       21.34,
 139.302162,   35.381532,       21.79,
 139.306667,   35.381532,       22.24,
 139.311171,   35.381532,       22.69,
 139.315676,   35.381532,       23.15,
 139.320180,   35.381532,       23.61,
 139.324685,   35.381532,       24.07,
 139.329189,   35.381532,       24.54,
 139.333694,   35.381532,       25.00,
 139.338198,   35.381532,       25.47,
 139.342703,   35.381532,       25.94,
 139.347207,   35.381532,       26.42,
 139.351712,   35.381532,       26.90,
 139.356216,   35.381532,       26.52,
 139.360721,   35.381532,       24.30,
 139.365225,   35.381532,       22.56,
 139.369730,   35.381532,       22.34,
 139.374234,   35.381532,       22.40,
 139.378739,   35.381532,       22.48,
 139.383243,   35.381532,       22.58,
 139.387748,   35.381532,       22.69,
 139.392252,   35.381532,       22.82,
 139.396757,   35.381532,       22.97,
 139.401261,   35.381532,       23.15,
 139.405766,   35.381532,       23.35,
 139.410270,   35.381532,       23.59,
 139.414775,   35.381532,       23.86,
 139.419279,   35.381532,       24.17,
 139.423784,   35.381532,       24.54,
 139.428288,   35.381532,       24.98,
 139.432793,   35.381532,       25.48,
 139.437297,   35.381532,       26.02,
 139.441802,   35.381532,       26.58,
 139.446306,   35.381532,       27.15,
 139.450811,   35.381532,       27.75,
 139.455315,   35.381532,       28.38,
 139.459820,   35.381532,       29.02,
 139.464324,   35.381532,       29.70,
 139.468829,   35.381532,       30.42,
 139.473333,   35.381532,       31.18,
 139.477838,   35.381532,       31.99,
 139.482342,   35.381532,       32.86,
 139.486847,   35.381532,       33.80,
 139.491351,   35.381532,       34.78,
 139.495856,   35.381532,       35.75,
 139.500360,   35.381532,       36.70,
 139.504865,   35.381532,       37.61,
 139.509369,   35.381532,       38.44,
 139.513874,   35.381532,       39.27,
 139.518378,   35.381532,       40.12,
 139.522883,   35.381532,       40.99,
 139.527387,   35.381532,       41.88,
 139.531892,   35.381532,       42.79,
 139.536396,   35.381532,       43.73,
 139.540901,   35.381532,       44.70,
 139.545405,   35.381532,       45.70,
 139.549910,   35.381532,       46.73,
 139.554414,   35.381532,       47.81,
 139.558919,   35.381532,       48.94,
 139.563423,   35.381532,       50.12,
 139.567928,   35.381532,       51.36,
 139.572432,   35.381532,       52.66,
 139.576937,   35.381532,       54.04,
 139.581441,   35.381532,       55.49,
 139.585946,   35.381532,       57.01,
 139.590450,   35.381532,       58.59,
 139.594955,   35.381532,       60.27,
 139.599459,   35.381532,       62.04,
 139.603964,   35.381532,       63.94,
 139.608468,   35.381532,       65.94,
 139.612973,   35.381532,       68.07,
 139.617477,   35.381532,       70.33,
 139.621982,   35.381532,       72.69,
 139.626486,   35.381532,       74.99,
 139.630991,   35.381532,       77.27,
 139.635495,   35.381532,       79.36,
 139.640000,   35.381532,       80.47,
 139.644505,   35.381532,       80.41,
 139.649009,   35.381532,       80.46,
 139.653514,   35.381532,       79.59,
 139.658018,   35.381532,       78.03,
 139.662523,   35.381532,       74.87,
 139.667027,   35.381532,       70.20,
 139.671532,   35.381532,       64.67,
 139.676036,   35.381532,       59.70,
 139.680541,   35.381532,       55.44,
 139.685045,   35.381532,       51.65,
 139.689550,   35.381532,       49.32,
 139.694054,   35.381532,       47.42,
 139.698559,   35.381532,       45.89,
 139.703063,   35.381532,       45.27,
 139.707568,   35.381532,       45.86,
 139.712072,   35.381532,       46.77,
 139.716577,   35.381532,       49.27,
 139.721081,   35.381532,       52.15,
 139.725586,   35.381532,       55.59,
 139.730090,   35.381532,       58.37,
 139.734595,   35.381532,       60.05,
 139.739099,   35.381532,       60.40,
 139.743604,   35.381532,       60.12,
 139.748108,   35.381532,       59.71,
 139.752613,   35.381532,       59.30,
 139.757117,   35.381532,       58.94,
 139.761622,   35.381532,       58.84,
 139.766126,   35.381532,       58.79,
 139.770631,   35.381532,       58.78,
 139.775135,   35.381532,       59.03,
 139.779640,   35.381532,       59.30,
 139.784144,   35.381532,       59.55,
 139.788649,   35.381532,       59.88,
 139.793153,   35.381532,       60.31,
 139.797658,   35.381532,       60.61,
 139.802162,   35.381532,       60.81,
 139.806667,   35.381532,       61.05,
 139.811171,   35.381532,       61.27,
 139.815676,   35.381532,       61.46,
 139.820180,   35.381532,       61.63,
 139.824685,   35.381532,       61.76,
 139.829189,   35.381532,       61.92,
 139.833694,   35.381532,       62.15,
 139.838198,   35.381532,       62.59,
 139.842703,   35.381532,       63.35,
 139.847207,   35.381532,       64.56,
 139.851712,   35.381532,       65.45,
 139.856216,   35.381532,       66.20,
 139.860721,   35.381532,       66.56,
 139.865225,   35.381532,       66.94,
 139.869730,   35.381532,       67.38,
 139.874234,   35.381532,       67.91,
 139.878739,   35.381532,       68.65,
 139.883243,   35.381532,       69.49,
 139.887748,   35.381532,       70.28,
 139.892252,   35.381532,       71.21,
 139.896757,   35.381532,       72.10,
 139.901261,   35.381532,       72.81,
 139.905766,   35.381532,       73.77,
 139.910270,   35.381532,       74.12,
 139.914775,   35.381532,       73.37,
 139.919279,   35.381532,       72.69,
 139.923784,   35.381532,       72.07,
 139.928288,   35.381532,       71.49,
 139.932793,   35.381532,       70.93,
 139.937297,   35.381532,       70.40,
 139.941802,   35.381532,       69.88,
 139.946306,   35.381532,       69.38,
 139.950811,   35.381532,       68.89,
 139.955315,   35.381532,       68.41,
 139.959820,   35.381532,       67.94,
 139.964324,   35.381532,       67.48,
 139.968829,   35.381532,       67.02,
 139.973333,   35.381532,       66.56,
 139.977838,   35.381532,       66.11,
 139.982342,   35.381532,       65.68,
 139.986847,   35.381532,       65.27,
 139.991351,   35.381532,       64.86,
 139.995856,   35.381532,       64.47,
 140.000360,   35.381532,       64.09,
 140.004865,   35.381532,       63.72,
 140.009369,   35.381532,       63.37,
 140.013874,   35.381532,       63.03,
 140.018378,   35.381532,       62.69,
 140.022883,   35.381532,       62.36,
 140.027387,   35.381532,       62.04,
 140.031892,   35.381532,       61.73,
 140.036396,   35.381532,       61.42,
 140.040901,   35.381532,       61.12,
 140.045405,   35.381532,       60.82,
 140.049910,   35.381532,       60.53,
 140.054414,   35.381532,       60.24,
 140.058919,   35.381532,       59.95,
 140.063423,   35.381532,       59.67,
 140.067928,   35.381532,       59.39,
 140.072432,   35.381532,       59.12,
 140.076937,   35.381532,       58.85,
 140.081441,   35.381532,       58.58,
 140.085946,   35.381532,       58.32,
 140.090450,   35.381532,       58.06,
 140.094955,   35.381532,       57.80,
 140.099459,   35.381532,       57.55,
 140.103964,   35.381532,       57.29,
 140.108468,   35.381532,       57.04,
 140.112973,   35.381532,       56.79,
 140.117477,   35.381532,       56.54,
 140.121982,   35.381532,       56.28,
 140.126486,   35.381532,       56.03,
 140.130991,   35.381532,       55.77,
 140.135495,   35.381532,       55.51,
 140.140000,   35.381532,       55.24,
 140.144505,   35.381532,       54.97,
 140.149009,   35.381532,       54.70,
 140.153514,   35.381532,       54.43,
 140.158018,   35.381532,       54.15,
 140.162523,   35.381532,       53.87,
 140.167027,   35.381532,       53.58,
 140.171532,   35.381532,       53.28,
 140.176036,   35.381532,       52.98,
 140.180541,   35.381532,       52.67,
 140.185045,   35.381532,       52.36,
 140.189550,   35.381532,       52.05,
 140.194054,   35.381532,       51.73,
 140.198559,   35.381532,       51.41,
 140.203063,   35.381532,       51.09,
 140.207568,   35.381532,       50.77,
 140.212072,   35.381532,       50.44,
 140.216577,   35.381532,       50.10,
 140.221081,   35.381532,       49.77,
 140.225586,   35.381532,       49.43,
 140.230090,   35.381532,       49.09,
 140.234595,   35.381532,       48.74,
 140.239099,   35.381532,       48.39,
 140.243604,   35.381532,       48.03,
 140.248108,   35.381532,       47.67,
 140.252613,   35.381532,       47.31,
 140.257117,   35.381532,       46.94,
 140.261622,   35.381532,       46.68,
 140.266126,   35.381532,       46.44,
 140.270631,   35.381532,       46.21,
 140.275135,   35.381532,       45.97,
 140.279640,   35.381532,       45.73,
 140.284144,   35.381532,       45.50,
 140.288649,   35.381532,       45.26,
 140.293153,   35.381532,       45.02,
 140.297658,   35.381532,       44.79,
 140.302162,   35.381532,       44.55,
 140.306667,   35.381532,       44.32,
 140.311171,   35.381532,       44.08,
 140.315676,   35.381532,       43.84,
 140.320180,   35.381532,       43.61,
 140.324685,   35.381532,       43.37,
 140.329189,   35.381532,       43.13,
 140.333694,   35.381532,       42.89,
 140.338198,   35.381532,       42.66,
 140.342703,   35.381532,       42.42,
 140.347207,   35.381532,       42.18,
 140.351712,   35.381532,       41.95,
 140.356216,   35.381532,       41.71,
 140.360721,   35.381532,       41.47,
 140.365225,   35.381532,       41.24,
 140.369730,   35.381532,       41.00,
 140.374234,   35.381532,       40.76,
 140.378739,   35.381532,       40.53,
 140.383243,   35.381532,       40.29,
 140.387748,   35.381532,       40.05,
 139.140000,   35.386036,        7.37,
 139.144505,   35.386036,        7.73,
 139.149009,   35.386036,        8.10,
 139.153514,   35.386036,        8.46,
 139.158018,   35.386036,        8.83,
 139.162523,   35.386036,        9.20,
 139.167027,   35.386036,        9.57,
 139.171532,   35.386036,        9.95,
 139.176036,   35.386036,       10.33,
 139.180541,   35.386036,       10.71,
 139.185045,   35.386036,       11.09,
 139.189550,   35.386036,       11.48,
 139.194054,   35.386036,       11.87,
 139.198559,   35.386036,       12.26,
 139.203063,   35.386036,       12.65,
 139.207568,   35.386036,       13.05,
 139.212072,   35.386036,       13.44,
 139.216577,   35.386036,       13.84,
 139.221081,   35.386036,       14.25,
 139.225586,   35.386036,       14.65,
 139.230090,   35.386036,       15.06,
 139.234595,   35.386036,       15.47,
 139.239099,   35.386036,       15.89,
 139.243604,   35.386036,       16.30,
 139.248108,   35.386036,       16.72,
 139.252613,   35.386036,       17.14,
 139.257117,   35.386036,       17.56,
 139.261622,   35.386036,       17.99,
 139.266126,   35.386036,       18.42,
 139.270631,   35.386036,       18.85,
 139.275135,   35.386036,       19.28,
 139.279640,   35.386036,       19.72,
 139.284144,   35.386036,       20.16,
 139.288649,   35.386036,       20.60,
 139.293153,   35.386036,       21.04,
 139.297658,   35.386036,       21.49,
 139.302162,   35.386036,       21.94,
 139.306667,   35.386036,       22.39,
 139.311171,   35.386036,       22.84,
 139.315676,   35.386036,       23.30,
 139.320180,   35.386036,       23.76,
 139.324685,   35.386036,       24.22,
 139.329189,   35.386036,       24.68,
 139.333694,   35.386036,       25.15,
 139.338198,   35.386036,       25.61,
 139.342703,   35.386036,       26.09,
 139.347207,   35.386036,       26.56,
 139.351712,   35.386036,       27.04,
 139.356216,   35.386036,       27.51,
 139.360721,   35.386036,       28.00,
 139.365225,   35.386036,       26.32,
 139.369730,   35.386036,       24.33,
 139.374234,   35.386036,       23.32,
 139.378739,   35.386036,       23.40,
 139.383243,   35.386036,       23.50,
 139.387748,   35.386036,       23.61,
 139.392252,   35.386036,       23.74,
 139.396757,   35.386036,       23.89,
 139.401261,   35.386036,       24.06,
 139.405766,   35.386036,       24.26,
 139.410270,   35.386036,       24.48,
 139.414775,   35.386036,       24.72,
 139.419279,   35.386036,       25.00,
 139.423784,   35.386036,       25.32,
 139.428288,   35.386036,       25.69,
 139.432793,   35.386036,       26.12,
 139.437297,   35.386036,       26.61,
 139.441802,   35.386036,       27.16,
 139.446306,   35.386036,       27.75,
 139.450811,   35.386036,       28.35,
 139.455315,   35.386036,       28.98,
 139.459820,   35.386036,       29.63,
 139.464324,   35.386036,       30.30,
 139.468829,   35.386036,       31.01,
 139.473333,   35.386036,       31.74,
 139.477838,   35.386036,       32.52,
 139.482342,   35.386036,       33.34,
 139.486847,   35.386036,       34.22,
 139.491351,   35.386036,       35.16,
 139.495856,   35.386036,       36.17,
 139.500360,   35.386036,       37.20,
 139.504865,   35.386036,       38.21,
 139.509369,   35.386036,       39.19,
 139.513874,   35.386036,       40.10,
 139.518378,   35.386036,       40.95,
 139.522883,   35.386036,       41.82,
 139.527387,   35.386036,       42.71,
 139.531892,   35.386036,       43.61,
 139.536396,   35.386036,       44.55,
 139.540901,   35.386036,       45.50,
 139.545405,   35.386036,       46.49,
 139.549910,   35.386036,       47.52,
 139.554414,   35.386036,       48.58,
 139.558919,   35.386036,       49.68,
 139.563423,   35.386036,       50.84,
 139.567928,   35.386036,       52.04,
 139.572432,   35.386036,       53.31,
 139.576937,   35.386036,       54.65,
 139.581441,   35.386036,       56.06,
 139.585946,   35.386036,       57.55,
 139.590450,   35.386036,       59.10,
 139.594955,   35.386036,       60.73,
 139.599459,   35.386036,       62.44,
 139.603964,   35.386036,       64.27,
 139.608468,   35.386036,       66.22,
 139.612973,   35.386036,       68.29,
 139.617477,   35.386036,       70.51,
 139.621982,   35.386036,       72.87,
 139.626486,   35.386036,       75.25,
 139.630991,   35.386036,       77.51,
 139.635495,   35.386036,       79.57,
 139.640000,   35.386036,       80.34,
 139.644505,   35.386036,       80.32,
 139.649009,   35.386036,       79.97,
 139.653514,   35.386036,       79.13,
 139.658018,   35.386036,       77.40,
 139.662523,   35.386036,       74.48,
 139.667027,   35.386036,       69.92,
 139.671532,   35.386036,       64.84,
 139.676036,   35.386036,       60.14,
 139.680541,   35.386036,       56.14,
 139.685045,   35.386036,       52.49,
 139.689550,   35.386036,       50.39,
 139.694054,   35.386036,       48.58,
 139.698559,   35.386036,       46.94,
 139.703063,   35.386036,       46.53,
 139.707568,   35.386036,       47.06,
 139.712072,   35.386036,       47.85,
 139.716577,   35.386036,       50.20,
 139.721081,   35.386036,       52.91,
 139.725586,   35.386036,       56.18,
 139.730090,   35.386036,       58.91,
 139.734595,   35.386036,       60.80,
 139.739099,   35.386036,       61.06,
 139.743604,   35.386036,       61.11,
 139.748108,   35.386036,       60.68,
 139.752613,   35.386036,       60.19,
 139.757117,   35.386036,       59.78,
 139.761622,   35.386036,       59.68,
 139.766126,   35.386036,       59.65,
 139.770631,   35.386036,       59.64,
 139.775135,   35.386036,       59.73,
 139.779640,   35.386036,       59.93,
 139.784144,   35.386036,       60.18,
 139.788649,   35.386036,       60.48,
 139.793153,   35.386036,       60.80,
 139.797658,   35.386036,       61.11,
 139.802162,   35.386036,       61.36,
 139.806667,   35.386036,       61.58,
 139.811171,   35.386036,       61.85,
 139.815676,   35.386036,       62.05,
 139.820180,   35.386036,       62.20,
 139.824685,   35.386036,       62.38,
 139.829189,   35.386036,       62.47,
 139.833694,   35.386036,       62.65,
 139.838198,   35.386036,       63.02,
 139.842703,   35.386036,       63.66,
 139.847207,   35.386036,       64.50,
 139.851712,   35.386036,       65.11,
 139.856216,   35.386036,       65.71,
 139.860721,   35.386036,       66.30,
 139.865225,   35.386036,       66.89,
 139.869730,   35.386036,       67.50,
 139.874234,   35.386036,       68.15,
 139.878739,   35.386036,       68.93,
 139.883243,   35.386036,       69.76,
 139.887748,   35.386036,       70.62,
 139.892252,   35.386036,       71.42,
 139.896757,   35.386036,       72.20,
 139.901261,   35.386036,       72.90,
 139.905766,   35.386036,       73.69,
 139.910270,   35.386036,       74.58,
 139.914775,   35.386036,       74.44,
 139.919279,   35.386036,       73.68,
 139.923784,   35.386036,       73.02,
 139.928288,   35.386036,       72.40,
 139.932793,   35.386036,       71.83,
 139.937297,   35.386036,       71.28,
 139.941802,   35.386036,       70.75,
 139.946306,   35.386036,       70.24,
 139.950811,   35.386036,       69.75,
 139.955315,   35.386036,       69.26,
 139.959820,   35.386036,       68.79,
 139.964324,   35.386036,       68.32,
 139.968829,   35.386036,       67.86,
 139.973333,   35.386036,       67.40,
 139.977838,   35.386036,       66.95,
 139.982342,   35.386036,       66.52,
 139.986847,   35.386036,       66.10,
 139.991351,   35.386036,       65.69,
 139.995856,   35.386036,       65.30,
 140.000360,   35.386036,       64.92,
 140.004865,   35.386036,       64.55,
 140.009369,   35.386036,       64.20,
 140.013874,   35.386036,       63.86,
 140.018378,   35.386036,       63.52,
 140.022883,   35.386036,       63.20,
 140.027387,   35.386036,       62.88,
 140.031892,   35.386036,       62.57,
 140.036396,   35.386036,       62.27,
 140.040901,   35.386036,       61.97,
 140.045405,   35.386036,       61.67,
 140.049910,   35.386036,       61.38,
 140.054414,   35.386036,       61.10,
 140.058919,   35.386036,       60.81,
 140.063423,   35.386036,       60.54,
 140.067928,   35.386036,       60.26,
 140.072432,   35.386036,       59.99,
 140.076937,   35.386036,       59.73,
 140.081441,   35.386036,       59.46,
 140.085946,   35.386036,       59.20,
 140.090450,   35.386036,       58.95,
 140.094955,   35.386036,       58.69,
 140.099459,   35.386036,       58.44,
 140.103964,   35.386036,       58.19,
 140.108468,   35.386036,       57.94,
 140.112973,   35.386036,       57.68,
 140.117477,   35.386036,       57.43,
 140.121982,   35.386036,       57.18,
 140.126486,   35.386036,       56.93,
 140.130991,   35.386036,       56.67,
 140.135495,   35.386036,       56.40,
 140.140000,   35.386036,       56.13,
 140.144505,   35.386036,       55.86,
 140.149009,   35.386036,       55.59,
 140.153514,   35.386036,       55.32,
 140.158018,   35.386036,       55.04,
 140.162523,   35.386036,       54.75,
 140.167027,   35.386036,       54.45,
 140.171532,   35.386036,       54.15,
 140.176036,   35.386036,       53.84,
 140.180541,   35.386036,       53.53,
 140.185045,   35.386036,       53.22,
 140.189550,   35.386036,       52.90,
 140.194054,   35.386036,       52.58,
 140.198559,   35.386036,       52.25,
 140.203063,   35.386036,       51.93,
 140.207568,   35.386036,       51.59,
 140.212072,   35.386036,       51.26,
 140.216577,   35.386036,       50.92,
 140.221081,   35.386036,       50.58,
 140.225586,   35.386036,       50.24,
 140.230090,   35.386036,       49.89,
 140.234595,   35.386036,       49.54,
 140.239099,   35.386036,       49.18,
 140.243604,   35.386036,       48.82,
 140.248108,   35.386036,       48.45,
 140.252613,   35.386036,       48.08,
 140.257117,   35.386036,       47.78,
 140.261622,   35.386036,       47.54,
 140.266126,   35.386036,       47.31,
 140.270631,   35.386036,       47.07,
 140.275135,   35.386036,       46.83,
 140.279640,   35.386036,       46.60,
 140.284144,   35.386036,       46.36,
 140.288649,   35.386036,       46.12,
 140.293153,   35.386036,       45.89,
 140.297658,   35.386036,       45.65,
 140.302162,   35.386036,       45.41,
 140.306667,   35.386036,       45.18,
 140.311171,   35.386036,       44.94,
 140.315676,   35.386036,       44.70,
 140.320180,   35.386036,       44.47,
 140.324685,   35.386036,       44.23,
 140.329189,   35.386036,       43.99,
 140.333694,   35.386036,       43.76,
 140.338198,   35.386036,       43.52,
 140.342703,   35.386036,       43.28,
 140.347207,   35.386036,       43.05,
 140.351712,   35.386036,       42.81,
 140.356216,   35.386036,       42.57,
 140.360721,   35.386036,       42.34,
 140.365225,   35.386036,       42.10,
 140.369730,   35.386036,       41.86,
 140.374234,   35.386036,       41.63,
 140.378739,   35.386036,       41.39,
 140.383243,   35.386036,       41.15,
 140.387748,   35.386036,       40.92,
 139.140000,   35.390541,        7.56,
 139.144505,   35.390541,        7.92,
 139.149009,   35.390541,        8.28,
 139.153514,   35.390541,        8.65,
 139.158018,   35.390541,        9.01,
 139.162523,   35.390541,        9.38,
 139.167027,   35.390541,        9.75,
 139.171532,   35.390541,       10.13,
 139.176036,   35.390541,       10.51,
 139.180541,   35.390541,       10.89,
 139.185045,   35.390541,       11.27,
 139.189550,   35.390541,       11.65,
 139.194054,   35.390541,       12.04,
 139.198559,   35.390541,       12.43,
 139.203063,   35.390541,       12.82,
 139.207568,   35.390541,       13.22,
 139.212072,   35.390541,       13.61,
 139.216577,   35.390541,       14.01,
 139.221081,   35.390541,       14.42,
 139.225586,   35.390541,       14.82,
 139.230090,   35.390541,       15.23,
 139.234595,   35.390541,       15.64,
 139.239099,   35.390541,       16.05,
 139.243604,   35.390541,       16.46,
 139.248108,   35.390541,       16.88,
 139.252613,   35.390541,       17.30,
 139.257117,   35.390541,       17.72,
 139.261622,   35.390541,       18.15,
 139.266126,   35.390541,       18.58,
 139.270631,   35.390541,       19.01,
 139.275135,   35.390541,       19.44,
 139.279640,   35.390541,       19.87,
 139.284144,   35.390541,       20.31,
 139.288649,   35.390541,       20.75,
 139.293153,   35.390541,       21.19,
 139.297658,   35.390541,       21.64,
 139.302162,   35.390541,       22.08,
 139.306667,   35.390541,       22.53,
 139.311171,   35.390541,       22.99,
 139.315676,   35.390541,       23.44,
 139.320180,   35.390541,       23.90,
 139.324685,   35.390541,       24.36,
 139.329189,   35.390541,       24.82,
 139.333694,   35.390541,       25.29,
 139.338198,   35.390541,       25.75,
 139.342703,   35.390541,       26.22,
 139.347207,   35.390541,       26.70,
 139.351712,   35.390541,       27.17,
 139.356216,   35.390541,       27.65,
 139.360721,   35.390541,       28.13,
 139.365225,   35.390541,       28.61,
 139.369730,   35.390541,       28.32,
 139.374234,   35.390541,       26.24,
 139.378739,   35.390541,       24.60,
 139.383243,   35.390541,       24.37,
 139.387748,   35.390541,       24.49,
 139.392252,   35.390541,       24.62,
 139.396757,   35.390541,       24.77,
 139.401261,   35.390541,       24.93,
 139.405766,   35.390541,       25.12,
 139.410270,   35.390541,       25.33,
 139.414775,   35.390541,       25.57,
 139.419279,   35.390541,       25.83,
 139.423784,   35.390541,       26.12,
 139.428288,   35.390541,       26.45,
 139.432793,   35.390541,       26.82,
 139.437297,   35.390541,       27.24,
 139.441802,   35.390541,       27.72,
 139.446306,   35.390541,       28.27,
 139.450811,   35.390541,       28.87,
 139.455315,   35.390541,       29.50,
 139.459820,   35.390541,       30.15,
 139.464324,   35.390541,       30.83,
 139.468829,   35.390541,       31.53,
 139.473333,   35.390541,       32.26,
 139.477838,   35.390541,       33.02,
 139.482342,   35.390541,       33.82,
 139.486847,   35.390541,       34.66,
 139.491351,   35.390541,       35.55,
 139.495856,   35.390541,       36.50,
 139.500360,   35.390541,       37.51,
 139.504865,   35.390541,       38.59,
 139.509369,   35.390541,       39.67,
 139.513874,   35.390541,       40.72,
 139.518378,   35.390541,       41.72,
 139.522883,   35.390541,       42.63,
 139.527387,   35.390541,       43.51,
 139.531892,   35.390541,       44.41,
 139.536396,   35.390541,       45.34,
 139.540901,   35.390541,       46.29,
 139.545405,   35.390541,       47.26,
 139.549910,   35.390541,       48.27,
 139.554414,   35.390541,       49.32,
 139.558919,   35.390541,       50.40,
 139.563423,   35.390541,       51.53,
 139.567928,   35.390541,       52.71,
 139.572432,   35.390541,       53.94,
 139.576937,   35.390541,       55.24,
 139.581441,   35.390541,       56.61,
 139.585946,   35.390541,       58.06,
 139.590450,   35.390541,       59.58,
 139.594955,   35.390541,       61.18,
 139.599459,   35.390541,       62.85,
 139.603964,   35.390541,       64.62,
 139.608468,   35.390541,       66.51,
 139.612973,   35.390541,       68.52,
 139.617477,   35.390541,       70.68,
 139.621982,   35.390541,       73.01,
 139.626486,   35.390541,       75.51,
 139.630991,   35.390541,       77.80,
 139.635495,   35.390541,       79.74,
 139.640000,   35.390541,       79.75,
 139.644505,   35.390541,       79.46,
 139.649009,   35.390541,       79.07,
 139.653514,   35.390541,       78.35,
 139.658018,   35.390541,       76.86,
 139.662523,   35.390541,       73.69,
 139.667027,   35.390541,       69.81,
 139.671532,   35.390541,       65.06,
 139.676036,   35.390541,       60.84,
 139.680541,   35.390541,       57.00,
 139.685045,   35.390541,       53.82,
 139.689550,   35.390541,       51.30,
 139.694054,   35.390541,       49.47,
 139.698559,   35.390541,       47.89,
 139.703063,   35.390541,       47.23,
 139.707568,   35.390541,       47.81,
 139.712072,   35.390541,       48.49,
 139.716577,   35.390541,       50.80,
 139.721081,   35.390541,       53.15,
 139.725586,   35.390541,       56.13,
 139.730090,   35.390541,       58.83,
 139.734595,   35.390541,       60.69,
 139.739099,   35.390541,       61.50,
 139.743604,   35.390541,       61.43,
 139.748108,   35.390541,       61.16,
 139.752613,   35.390541,       60.84,
 139.757117,   35.390541,       60.53,
 139.761622,   35.390541,       60.36,
 139.766126,   35.390541,       60.21,
 139.770631,   35.390541,       60.08,
 139.775135,   35.390541,       60.08,
 139.779640,   35.390541,       60.32,
 139.784144,   35.390541,       60.59,
 139.788649,   35.390541,       60.82,
 139.793153,   35.390541,       61.07,
 139.797658,   35.390541,       61.39,
 139.802162,   35.390541,       61.73,
 139.806667,   35.390541,       61.96,
 139.811171,   35.390541,       62.20,
 139.815676,   35.390541,       62.43,
 139.820180,   35.390541,       62.59,
 139.824685,   35.390541,       62.73,
 139.829189,   35.390541,       62.87,
 139.833694,   35.390541,       63.07,
 139.838198,   35.390541,       63.37,
 139.842703,   35.390541,       63.76,
 139.847207,   35.390541,       64.27,
 139.851712,   35.390541,       64.83,
 139.856216,   35.390541,       65.39,
 139.860721,   35.390541,       66.05,
 139.865225,   35.390541,       66.72,
 139.869730,   35.390541,       67.45,
 139.874234,   35.390541,       68.19,
 139.878739,   35.390541,       69.02,
 139.883243,   35.390541,       69.85,
 139.887748,   35.390541,       70.70,
 139.892252,   35.390541,       71.44,
 139.896757,   35.390541,       72.18,
 139.901261,   35.390541,       72.95,
 139.905766,   35.390541,       73.75,
 139.910270,   35.390541,       74.56,
 139.914775,   35.390541,       75.13,
 139.919279,   35.390541,       74.56,
 139.923784,   35.390541,       73.92,
 139.928288,   35.390541,       73.30,
 139.932793,   35.390541,       72.71,
 139.937297,   35.390541,       72.15,
 139.941802,   35.390541,       71.61,
 139.946306,   35.390541,       71.10,
 139.950811,   35.390541,       70.60,
 139.955315,   35.390541,       70.11,
 139.959820,   35.390541,       69.64,
 139.964324,   35.390541,       69.17,
 139.968829,   35.390541,       68.70,
 139.973333,   35.390541,       68.24,
 139.977838,   35.390541,       67.79,
 139.982342,   35.390541,       67.35,
 139.986847,   35.390541,       66.92,
 139.991351,   35.390541,       66.52,
 139.995856,   35.390541,       66.12,
 140.000360,   35.390541,       65.74,
 140.004865,   35.390541,       65.38,
 140.009369,   35.390541,       65.03,
 140.013874,   35.390541,       64.69,
 140.018378,   35.390541,       64.36,
 140.022883,   35.390541,       64.03,
 140.027387,   35.390541,       63.72,
 140.031892,   35.390541,       63.41,
 140.036396,   35.390541,       63.11,
 140.040901,   35.390541,       62.81,
 140.045405,   35.390541,       62.52,
 140.049910,   35.390541,       62.24,
 140.054414,   35.390541,       61.95,
 140.058919,   35.390541,       61.68,
 140.063423,   35.390541,       61.40,
 140.067928,   35.390541,       61.13,
 140.072432,   35.390541,       60.87,
 140.076937,   35.390541,       60.60,
 140.081441,   35.390541,       60.34,
 140.085946,   35.390541,       60.09,
 140.090450,   35.390541,       59.83,
 140.094955,   35.390541,       59.58,
 140.099459,   35.390541,       59.33,
 140.103964,   35.390541,       59.08,
 140.108468,   35.390541,       58.83,
 140.112973,   35.390541,       58.58,
 140.117477,   35.390541,       58.33,
 140.121982,   35.390541,       58.08,
 140.126486,   35.390541,       57.82,
 140.130991,   35.390541,       57.56,
 140.135495,   35.390541,       57.30,
 140.140000,   35.390541,       57.03,
 140.144505,   35.390541,       56.75,
 140.149009,   35.390541,       56.48,
 140.153514,   35.390541,       56.20,
 140.158018,   35.390541,       55.91,
 140.162523,   35.390541,       55.62,
 140.167027,   35.390541,       55.32,
 140.171532,   35.390541,       55.01,
 140.176036,   35.390541,       54.70,
 140.180541,   35.390541,       54.38,
 140.185045,   35.390541,       54.07,
 140.189550,   35.390541,       53.74,
 140.194054,   35.390541,       53.42,
 140.198559,   35.390541,       53.09,
 140.203063,   35.390541,       52.76,
 140.207568,   35.390541,       52.42,
 140.212072,   35.390541,       52.08,
 140.216577,   35.390541,       51.74,
 140.221081,   35.390541,       51.39,
 140.225586,   35.390541,       51.04,
 140.230090,   35.390541,       50.69,
 140.234595,   35.390541,       50.33,
 140.239099,   35.390541,       49.97,
 140.243604,   35.390541,       49.60,
 140.248108,   35.390541,       49.22,
 140.252613,   35.390541,       48.88,
 140.257117,   35.390541,       48.64,
 140.261622,   35.390541,       48.41,
 140.266126,   35.390541,       48.17,
 140.270631,   35.390541,       47.93,
 140.275135,   35.390541,       47.70,
 140.279640,   35.390541,       47.46,
 140.284144,   35.390541,       47.22,
 140.288649,   35.390541,       46.99,
 140.293153,   35.390541,       46.75,
 140.297658,   35.390541,       46.51,
 140.302162,   35.390541,       46.28,
 140.306667,   35.390541,       46.04,
 140.311171,   35.390541,       45.80,
 140.315676,   35.390541,       45.57,
 140.320180,   35.390541,       45.33,
 140.324685,   35.390541,       45.09,
 140.329189,   35.390541,       44.86,
 140.333694,   35.390541,       44.62,
 140.338198,   35.390541,       44.38,
 140.342703,   35.390541,       44.15,
 140.347207,   35.390541,       43.91,
 140.351712,   35.390541,       43.67,
 140.356216,   35.390541,       43.44,
 140.360721,   35.390541,       43.20,
 140.365225,   35.390541,       42.96,
 140.369730,   35.390541,       42.73,
 140.374234,   35.390541,       42.49,
 140.378739,   35.390541,       42.25,
 140.383243,   35.390541,       42.01,
 140.387748,   35.390541,       41.78,
 139.140000,   35.395045,        7.74,
 139.144505,   35.395045,        8.10,
 139.149009,   35.395045,        8.46,
 139.153514,   35.395045,        8.83,
 139.158018,   35.395045,        9.19,
 139.162523,   35.395045,        9.56,
 139.167027,   35.395045,        9.93,
 139.171532,   35.395045,       10.31,
 139.176036,   35.395045,       10.68,
 139.180541,   35.395045,       11.06,
 139.185045,   35.395045,       11.44,
 139.189550,   35.395045,       11.82,
 139.194054,   35.395045,       12.21,
 139.198559,   35.395045,       12.60,
 139.203063,   35.395045,       12.99,
 139.207568,   35.395045,       13.38,
 139.212072,   35.395045,       13.78,
 139.216577,   35.395045,       14.18,
 139.221081,   35.395045,       14.58,
 139.225586,   35.395045,       14.98,
 139.230090,   35.395045,       15.39,
 139.234595,   35.395045,       15.80,
 139.239099,   35.395045,       16.21,
 139.243604,   35.395045,       16.62,
 139.248108,   35.395045,       17.04,
 139.252613,   35.395045,       17.46,
 139.257117,   35.395045,       17.88,
 139.261622,   35.395045,       18.30,
 139.266126,   35.395045,       18.73,
 139.270631,   35.395045,       19.16,
 139.275135,   35.395045,       19.59,
 139.279640,   35.395045,       20.02,
 139.284144,   35.395045,       20.46,
 139.288649,   35.395045,       20.90,
 139.293153,   35.395045,       21.34,
 139.297658,   35.395045,       21.78,
 139.302162,   35.395045,       22.23,
 139.306667,   35.395045,       22.68,
 139.311171,   35.395045,       23.13,
 139.315676,   35.395045,       23.58,
 139.320180,   35.395045,       24.04,
 139.324685,   35.395045,       24.50,
 139.329189,   35.395045,       24.96,
 139.333694,   35.395045,       25.43,
 139.338198,   35.395045,       25.89,
 139.342703,   35.395045,       26.36,
 139.347207,   35.395045,       26.83,
 139.351712,   35.395045,       27.31,
 139.356216,   35.395045,       27.78,
 139.360721,   35.395045,       28.26,
 139.365225,   35.395045,       28.74,
 139.369730,   35.395045,       29.23,
 139.374234,   35.395045,       29.71,
 139.378739,   35.395045,       28.18,
 139.383243,   35.395045,       26.32,
 139.387748,   35.395045,       25.32,
 139.392252,   35.395045,       25.45,
 139.396757,   35.395045,       25.60,
 139.401261,   35.395045,       25.76,
 139.405766,   35.395045,       25.95,
 139.410270,   35.395045,       26.15,
 139.414775,   35.395045,       26.38,
 139.419279,   35.395045,       26.63,
 139.423784,   35.395045,       26.90,
 139.428288,   35.395045,       27.21,
 139.432793,   35.395045,       27.55,
 139.437297,   35.395045,       27.92,
 139.441802,   35.395045,       28.34,
 139.446306,   35.395045,       28.82,
 139.450811,   35.395045,       29.36,
 139.455315,   35.395045,       29.97,
 139.459820,   35.395045,       30.62,
 139.464324,   35.395045,       31.29,
 139.468829,   35.395045,       31.99,
 139.473333,   35.395045,       32.72,
 139.477838,   35.395045,       33.47,
 139.482342,   35.395045,       34.26,
 139.486847,   35.395045,       35.08,
 139.491351,   35.395045,       35.94,
 139.495856,   35.395045,       36.85,
 139.500360,   35.395045,       37.81,
 139.504865,   35.395045,       38.83,
 139.509369,   35.395045,       39.92,
 139.513874,   35.395045,       41.06,
 139.518378,   35.395045,       42.18,
 139.522883,   35.395045,       43.26,
 139.527387,   35.395045,       44.28,
 139.531892,   35.395045,       45.19,
 139.536396,   35.395045,       46.10,
 139.540901,   35.395045,       47.04,
 139.545405,   35.395045,       48.01,
 139.549910,   35.395045,       49.01,
 139.554414,   35.395045,       50.03,
 139.558919,   35.395045,       51.10,
 139.563423,   35.395045,       52.20,
 139.567928,   35.395045,       53.35,
 139.572432,   35.395045,       54.55,
 139.576937,   35.395045,       55.81,
 139.581441,   35.395045,       57.14,
 139.585946,   35.395045,       58.55,
 139.590450,   35.395045,       60.04,
 139.594955,   35.395045,       61.62,
 139.599459,   35.395045,       63.27,
 139.603964,   35.395045,       64.99,
 139.608468,   35.395045,       66.83,
 139.612973,   35.395045,       68.81,
 139.617477,   35.395045,       70.91,
 139.621982,   35.395045,       73.17,
 139.626486,   35.395045,       75.65,
 139.630991,   35.395045,       78.16,
 139.635495,   35.395045,       79.84,
 139.640000,   35.395045,       79.08,
 139.644505,   35.395045,       78.74,
 139.649009,   35.395045,       78.16,
 139.653514,   35.395045,       77.34,
 139.658018,   35.395045,       75.56,
 139.662523,   35.395045,       73.10,
 139.667027,   35.395045,       69.55,
 139.671532,   35.395045,       65.72,
 139.676036,   35.395045,       61.88,
 139.680541,   35.395045,       58.20,
 139.685045,   35.395045,       55.25,
 139.689550,   35.395045,       52.29,
 139.694054,   35.395045,       50.27,
 139.698559,   35.395045,       48.82,
 139.703063,   35.395045,       47.70,
 139.707568,   35.395045,       48.43,
 139.712072,   35.395045,       49.30,
 139.716577,   35.395045,       51.18,
 139.721081,   35.395045,       53.35,
 139.725586,   35.395045,       55.69,
 139.730090,   35.395045,       58.26,
 139.734595,   35.395045,       60.06,
 139.739099,   35.395045,       61.14,
 139.743604,   35.395045,       61.58,
 139.748108,   35.395045,       61.26,
 139.752613,   35.395045,       61.07,
 139.757117,   35.395045,       60.94,
 139.761622,   35.395045,       60.70,
 139.766126,   35.395045,       60.51,
 139.770631,   35.395045,       60.39,
 139.775135,   35.395045,       60.37,
 139.779640,   35.395045,       60.57,
 139.784144,   35.395045,       60.76,
 139.788649,   35.395045,       60.95,
 139.793153,   35.395045,       61.20,
 139.797658,   35.395045,       61.50,
 139.802162,   35.395045,       61.82,
 139.806667,   35.395045,       62.13,
 139.811171,   35.395045,       62.37,
 139.815676,   35.395045,       62.58,
 139.820180,   35.395045,       62.86,
 139.824685,   35.395045,       63.02,
 139.829189,   35.395045,       63.16,
 139.833694,   35.395045,       63.36,
 139.838198,   35.395045,       63.61,
 139.842703,   35.395045,       63.89,
 139.847207,   35.395045,       64.21,
 139.851712,   35.395045,       64.67,
 139.856216,   35.395045,       65.19,
 139.860721,   35.395045,       65.78,
 139.865225,   35.395045,       66.45,
 139.869730,   35.395045,       67.22,
 139.874234,   35.395045,       67.99,
 139.878739,   35.395045,       68.91,
 139.883243,   35.395045,       69.81,
 139.887748,   35.395045,       70.59,
 139.892252,   35.395045,       71.34,
 139.896757,   35.395045,       72.12,
 139.901261,   35.395045,       73.01,
 139.905766,   35.395045,       73.89,
 139.910270,   35.395045,       74.60,
 139.914775,   35.395045,       75.29,
 139.919279,   35.395045,       75.18,
 139.923784,   35.395045,       74.67,
 139.928288,   35.395045,       74.09,
 139.932793,   35.395045,       73.52,
 139.937297,   35.395045,       72.98,
 139.941802,   35.395045,       72.45,
 139.946306,   35.395045,       71.93,
 139.950811,   35.395045,       71.43,
 139.955315,   35.395045,       70.94,
 139.959820,   35.395045,       70.47,
 139.964324,   35.395045,       70.00,
 139.968829,   35.395045,       69.54,
 139.973333,   35.395045,       69.07,
 139.977838,   35.395045,       68.61,
 139.982342,   35.395045,       68.17,
 139.986847,   35.395045,       67.75,
 139.991351,   35.395045,       67.34,
 139.995856,   35.395045,       66.95,
 140.000360,   35.395045,       66.56,
 140.004865,   35.395045,       66.20,
 140.009369,   35.395045,       65.85,
 140.013874,   35.395045,       65.51,
 140.018378,   35.395045,       65.18,
 140.022883,   35.395045,       64.87,
 140.027387,   35.395045,       64.56,
 140.031892,   35.395045,       64.25,
 140.036396,   35.395045,       63.95,
 140.040901,   35.395045,       63.66,
 140.045405,   35.395045,       63.37,
 140.049910,   35.395045,       63.09,
 140.054414,   35.395045,       62.81,
 140.058919,   35.395045,       62.54,
 140.063423,   35.395045,       62.27,
 140.067928,   35.395045,       62.00,
 140.072432,   35.395045,       61.74,
 140.076937,   35.395045,       61.48,
 140.081441,   35.395045,       61.22,
 140.085946,   35.395045,       60.97,
 140.090450,   35.395045,       60.72,
 140.094955,   35.395045,       60.47,
 140.099459,   35.395045,       60.22,
 140.103964,   35.395045,       59.97,
 140.108468,   35.395045,       59.72,
 140.112973,   35.395045,       59.48,
 140.117477,   35.395045,       59.23,
 140.121982,   35.395045,       58.98,
 140.126486,   35.395045,       58.72,
 140.130991,   35.395045,       58.46,
 140.135495,   35.395045,       58.19,
 140.140000,   35.395045,       57.92,
 140.144505,   35.395045,       57.64,
 140.149009,   35.395045,       57.37,
 140.153514,   35.395045,       57.08,
 140.158018,   35.395045,       56.79,
 140.162523,   35.395045,       56.49,
 140.167027,   35.395045,       56.18,
 140.171532,   35.395045,       55.87,
 140.176036,   35.395045,       55.55,
 140.180541,   35.395045,       55.23,
 140.185045,   35.395045,       54.91,
 140.189550,   35.395045,       54.58,
 140.194054,   35.395045,       54.25,
 140.198559,   35.395045,       53.92,
 140.203063,   35.395045,       53.58,
 140.207568,   35.395045,       53.24,
 140.212072,   35.395045,       52.90,
 140.216577,   35.395045,       52.55,
 140.221081,   35.395045,       52.20,
 140.225586,   35.395045,       51.84,
 140.230090,   35.395045,       51.48,
 140.234595,   35.395045,       51.12,
 140.239099,   35.395045,       50.75,
 140.243604,   35.395045,       50.37,
 140.248108,   35.395045,       49.99,
 140.252613,   35.395045,       49.74,
 140.257117,   35.395045,       49.50,
 140.261622,   35.395045,       49.27,
 140.266126,   35.395045,       49.03,
 140.270631,   35.395045,       48.79,
 140.275135,   35.395045,       48.56,
 140.279640,   35.395045,       48.32,
 140.284144,   35.395045,       48.08,
 140.288649,   35.395045,       47.85,
 140.293153,   35.395045,       47.61,
 140.297658,   35.395045,       47.37,
 140.302162,   35.395045,       47.14,
 140.306667,   35.395045,       46.90,
 140.311171,   35.395045,       46.66,
 140.315676,   35.395045,       46.43,
 140.320180,   35.395045,       46.19,
 140.324685,   35.395045,       45.95,
 140.329189,   35.395045,       45.72,
 140.333694,   35.395045,       45.48,
 140.338198,   35.395045,       45.24,
 140.342703,   35.395045,       45.01,
 140.347207,   35.395045,       44.77,
 140.351712,   35.395045,       44.53,
 140.356216,   35.395045,       44.30,
 140.360721,   35.395045,       44.06,
 140.365225,   35.395045,       43.82,
 140.369730,   35.395045,       43.59,
 140.374234,   35.395045,       43.35,
 140.378739,   35.395045,       43.11,
 140.383243,   35.395045,       42.88,
 140.387748,   35.395045,       42.64,
 139.140000,   35.399550,        7.92,
 139.144505,   35.399550,        8.28,
 139.149009,   35.399550,        8.64,
 139.153514,   35.399550,        9.00,
 139.158018,   35.399550,        9.37,
 139.162523,   35.399550,        9.74,
 139.167027,   35.399550,       10.11,
 139.171532,   35.399550,       10.48,
 139.176036,   35.399550,       10.85,
 139.180541,   35.399550,       11.23,
 139.185045,   35.399550,       11.61,
 139.189550,   35.399550,       11.99,
 139.194054,   35.399550,       12.38,
 139.198559,   35.399550,       12.77,
 139.203063,   35.399550,       13.16,
 139.207568,   35.399550,       13.55,
 139.212072,   35.399550,       13.95,
 139.216577,   35.399550,       14.34,
 139.221081,   35.399550,       14.74,
 139.225586,   35.399550,       15.15,
 139.230090,   35.399550,       15.55,
 139.234595,   35.399550,       15.96,
 139.239099,   35.399550,       16.37,
 139.243604,   35.399550,       16.78,
 139.248108,   35.399550,       17.20,
 139.252613,   35.399550,       17.61,
 139.257117,   35.399550,       18.03,
 139.261622,   35.399550,       18.46,
 139.266126,   35.399550,       18.88,
 139.270631,   35.399550,       19.31,
 139.275135,   35.399550,       19.74,
 139.279640,   35.399550,       20.17,
 139.284144,   35.399550,       20.61,
 139.288649,   35.399550,       21.05,
 139.293153,   35.399550,       21.49,
 139.297658,   35.399550,       21.93,
 139.302162,   35.399550,       22.37,
 139.306667,   35.399550,       22.82,
 139.311171,   35.399550,       23.27,
 139.315676,   35.399550,       23.73,
 139.320180,   35.399550,       24.18,
 139.324685,   35.399550,       24.64,
 139.329189,   35.399550,       25.10,
 139.333694,   35.399550,       25.56,
 139.338198,   35.399550,       26.03,
 139.342703,   35.399550,       26.49,
 139.347207,   35.399550,       26.97,
 139.351712,   35.399550,       27.44,
 139.356216,   35.399550,       27.91,
 139.360721,   35.399550,       28.39,
 139.365225,   35.399550,       28.87,
 139.369730,   35.399550,       29.36,
 139.374234,   35.399550,       29.84,
 139.378739,   35.399550,       30.33,
 139.383243,   35.399550,       30.11,
 139.387748,   35.399550,       28.15,
 139.392252,   35.399550,       26.63,
 139.396757,   35.399550,       26.39,
 139.401261,   35.399550,       26.56,
 139.405766,   35.399550,       26.74,
 139.410270,   35.399550,       26.94,
 139.414775,   35.399550,       27.16,
 139.419279,   35.399550,       27.40,
 139.423784,   35.399550,       27.66,
 139.428288,   35.399550,       27.95,
 139.432793,   35.399550,       28.27,
 139.437297,   35.399550,       28.61,
 139.441802,   35.399550,       29.00,
 139.446306,   35.399550,       29.42,
 139.450811,   35.399550,       29.90,
 139.455315,   35.399550,       30.43,
 139.459820,   35.399550,       31.04,
 139.464324,   35.399550,       31.70,
 139.468829,   35.399550,       32.39,
 139.473333,   35.399550,       33.12,
 139.477838,   35.399550,       33.87,
 139.482342,   35.399550,       34.64,
 139.486847,   35.399550,       35.45,
 139.491351,   35.399550,       36.30,
 139.495856,   35.399550,       37.18,
 139.500360,   35.399550,       38.11,
 139.504865,   35.399550,       39.09,
 139.509369,   35.399550,       40.12,
 139.513874,   35.399550,       41.22,
 139.518378,   35.399550,       42.40,
 139.522883,   35.399550,       43.58,
 139.527387,   35.399550,       44.74,
 139.531892,   35.399550,       45.85,
 139.536396,   35.399550,       46.85,
 139.540901,   35.399550,       47.78,
 139.545405,   35.399550,       48.73,
 139.549910,   35.399550,       49.72,
 139.554414,   35.399550,       50.73,
 139.558919,   35.399550,       51.77,
 139.563423,   35.399550,       52.86,
 139.567928,   35.399550,       53.98,
 139.572432,   35.399550,       55.15,
 139.576937,   35.399550,       56.38,
 139.581441,   35.399550,       57.67,
 139.585946,   35.399550,       59.04,
 139.590450,   35.399550,       60.49,
 139.594955,   35.399550,       62.03,
 139.599459,   35.399550,       63.66,
 139.603964,   35.399550,       65.37,
 139.608468,   35.399550,       67.17,
 139.612973,   35.399550,       69.10,
 139.617477,   35.399550,       71.19,
 139.621982,   35.399550,       73.44,
 139.626486,   35.399550,       75.89,
 139.630991,   35.399550,       78.55,
 139.635495,   35.399550,       79.43,
 139.640000,   35.399550,       78.80,
 139.644505,   35.399550,       78.28,
 139.649009,   35.399550,       77.64,
 139.653514,   35.399550,       76.62,
 139.658018,   35.399550,       75.06,
 139.662523,   35.399550,       72.74,
 139.667027,   35.399550,       70.02,
 139.671532,   35.399550,       66.75,
 139.676036,   35.399550,       63.34,
 139.680541,   35.399550,       59.92,
 139.685045,   35.399550,       56.83,
 139.689550,   35.399550,       53.96,
 139.694054,   35.399550,       51.32,
 139.698559,   35.399550,       49.65,
 139.703063,   35.399550,       48.88,
 139.707568,   35.399550,       49.34,
 139.712072,   35.399550,       49.91,
 139.716577,   35.399550,       51.50,
 139.721081,   35.399550,       53.39,
 139.725586,   35.399550,       55.31,
 139.730090,   35.399550,       57.54,
 139.734595,   35.399550,       59.48,
 139.739099,   35.399550,       60.54,
 139.743604,   35.399550,       61.10,
 139.748108,   35.399550,       61.04,
 139.752613,   35.399550,       60.89,
 139.757117,   35.399550,       60.79,
 139.761622,   35.399550,       60.70,
 139.766126,   35.399550,       60.60,
 139.770631,   35.399550,       60.55,
 139.775135,   35.399550,       60.61,
 139.779640,   35.399550,       60.66,
 139.784144,   35.399550,       60.75,
 139.788649,   35.399550,       60.92,
 139.793153,   35.399550,       61.23,
 139.797658,   35.399550,       61.46,
 139.802162,   35.399550,       61.70,
 139.806667,   35.399550,       62.03,
 139.811171,   35.399550,       62.36,
 139.815676,   35.399550,       62.58,
 139.820180,   35.399550,       62.79,
 139.824685,   35.399550,       63.00,
 139.829189,   35.399550,       63.22,
 139.833694,   35.399550,       63.41,
 139.838198,   35.399550,       63.57,
 139.842703,   35.399550,       63.81,
 139.847207,   35.399550,       64.10,
 139.851712,   35.399550,       64.42,
 139.856216,   35.399550,       64.82,
 139.860721,   35.399550,       65.36,
 139.865225,   35.399550,       66.02,
 139.869730,   35.399550,       66.81,
 139.874234,   35.399550,       67.75,
 139.878739,   35.399550,       68.67,
 139.883243,   35.399550,       69.62,
 139.887748,   35.399550,       70.51,
 139.892252,   35.399550,       71.29,
 139.896757,   35.399550,       72.16,
 139.901261,   35.399550,       73.06,
 139.905766,   35.399550,       73.90,
 139.910270,   35.399550,       74.69,
 139.914775,   35.399550,       75.32,
 139.919279,   35.399550,       75.62,
 139.923784,   35.399550,       75.27,
 139.928288,   35.399550,       74.80,
 139.932793,   35.399550,       74.27,
 139.937297,   35.399550,       73.75,
 139.941802,   35.399550,       73.23,
 139.946306,   35.399550,       72.73,
 139.950811,   35.399550,       72.24,
 139.955315,   35.399550,       71.75,
 139.959820,   35.399550,       71.28,
 139.964324,   35.399550,       70.82,
 139.968829,   35.399550,       70.36,
 139.973333,   35.399550,       69.89,
 139.977838,   35.399550,       69.44,
 139.982342,   35.399550,       68.99,
 139.986847,   35.399550,       68.57,
 139.991351,   35.399550,       68.16,
 139.995856,   35.399550,       67.76,
 140.000360,   35.399550,       67.38,
 140.004865,   35.399550,       67.02,
 140.009369,   35.399550,       66.67,
 140.013874,   35.399550,       66.34,
 140.018378,   35.399550,       66.01,
 140.022883,   35.399550,       65.70,
 140.027387,   35.399550,       65.39,
 140.031892,   35.399550,       65.09,
 140.036396,   35.399550,       64.79,
 140.040901,   35.399550,       64.51,
 140.045405,   35.399550,       64.22,
 140.049910,   35.399550,       63.94,
 140.054414,   35.399550,       63.67,
 140.058919,   35.399550,       63.40,
 140.063423,   35.399550,       63.13,
 140.067928,   35.399550,       62.87,
 140.072432,   35.399550,       62.61,
 140.076937,   35.399550,       62.35,
 140.081441,   35.399550,       62.10,
 140.085946,   35.399550,       61.85,
 140.090450,   35.399550,       61.60,
 140.094955,   35.399550,       61.36,
 140.099459,   35.399550,       61.11,
 140.103964,   35.399550,       60.87,
 140.108468,   35.399550,       60.62,
 140.112973,   35.399550,       60.37,
 140.117477,   35.399550,       60.13,
 140.121982,   35.399550,       59.87,
 140.126486,   35.399550,       59.61,
 140.130991,   35.399550,       59.35,
 140.135495,   35.399550,       59.08,
 140.140000,   35.399550,       58.81,
 140.144505,   35.399550,       58.53,
 140.149009,   35.399550,       58.25,
 140.153514,   35.399550,       57.96,
 140.158018,   35.399550,       57.66,
 140.162523,   35.399550,       57.36,
 140.167027,   35.399550,       57.04,
 140.171532,   35.399550,       56.73,
 140.176036,   35.399550,       56.41,
 140.180541,   35.399550,       56.08,
 140.185045,   35.399550,       55.75,
 140.189550,   35.399550,       55.42,
 140.194054,   35.399550,       55.08,
 140.198559,   35.399550,       54.74,
 140.203063,   35.399550,       54.40,
 140.207568,   35.399550,       54.05,
 140.212072,   35.399550,       53.71,
 140.216577,   35.399550,       53.35,
 140.221081,   35.399550,       52.99,
 140.225586,   35.399550,       52.63,
 140.230090,   35.399550,       52.27,
 140.234595,   35.399550,       51.89,
 140.239099,   35.399550,       51.52,
 140.243604,   35.399550,       51.14,
 140.248108,   35.399550,       50.84,
 140.252613,   35.399550,       50.60,
 140.257117,   35.399550,       50.37,
 140.261622,   35.399550,       50.13,
 140.266126,   35.399550,       49.89,
 140.270631,   35.399550,       49.66,
 140.275135,   35.399550,       49.42,
 140.279640,   35.399550,       49.18,
 140.284144,   35.399550,       48.95,
 140.288649,   35.399550,       48.71,
 140.293153,   35.399550,       48.47,
 140.297658,   35.399550,       48.24,
 140.302162,   35.399550,       48.00,
 140.306667,   35.399550,       47.76,
 140.311171,   35.399550,       47.53,
 140.315676,   35.399550,       47.29,
 140.320180,   35.399550,       47.05,
 140.324685,   35.399550,       46.82,
 140.329189,   35.399550,       46.58,
 140.333694,   35.399550,       46.34,
 140.338198,   35.399550,       46.11,
 140.342703,   35.399550,       45.87,
 140.347207,   35.399550,       45.63,
 140.351712,   35.399550,       45.40,
 140.356216,   35.399550,       45.16,
 140.360721,   35.399550,       44.92,
 140.365225,   35.399550,       44.69,
 140.369730,   35.399550,       44.45,
 140.374234,   35.399550,       44.21,
 140.378739,   35.399550,       43.98,
 140.383243,   35.399550,       43.74,
 140.387748,   35.399550,       43.50,
 139.140000,   35.404054,        8.10,
 139.144505,   35.404054,        8.46,
 139.149009,   35.404054,        8.82,
 139.153514,   35.404054,        9.18,
 139.158018,   35.404054,        9.54,
 139.162523,   35.404054,        9.91,
 139.167027,   35.404054,       10.28,
 139.171532,   35.404054,       10.65,
 139.176036,   35.404054,       11.03,
 139.180541,   35.404054,       11.40,
 139.185045,   35.404054,       11.78,
 139.189550,   35.404054,       12.16,
 139.194054,   35.404054,       12.55,
 139.198559,   35.404054,       12.93,
 139.203063,   35.404054,       13.32,
 139.207568,   35.404054,       13.71,
 139.212072,   35.404054,       14.11,
 139.216577,   35.404054,       14.50,
 139.221081,   35.404054,       14.90,
 139.225586,   35.404054,       15.30,
 139.230090,   35.404054,       15.71,
 139.234595,   35.404054,       16.11,
 139.239099,   35.404054,       16.52,
 139.243604,   35.404054,       16.94,
 139.248108,   35.404054,       17.35,
 139.252613,   35.404054,       17.77,
 139.257117,   35.404054,       18.19,
 139.261622,   35.404054,       18.61,
 139.266126,   35.404054,       19.03,
 139.270631,   35.404054,       19.46,
 139.275135,   35.404054,       19.89,
 139.279640,   35.404054,       20.32,
 139.284144,   35.404054,       20.75,
 139.288649,   35.404054,       21.19,
 139.293153,   35.404054,       21.63,
 139.297658,   35.404054,       22.07,
 139.302162,   35.404054,       22.52,
 139.306667,   35.404054,       22.96,
 139.311171,   35.404054,       23.41,
 139.315676,   35.404054,       23.86,
 139.320180,   35.404054,       24.32,
 139.324685,   35.404054,       24.77,
 139.329189,   35.404054,       25.23,
 139.333694,   35.404054,       25.70,
 139.338198,   35.404054,       26.16,
 139.342703,   35.404054,       26.63,
 139.347207,   35.404054,       27.10,
 139.351712,   35.404054,       27.57,
 139.356216,   35.404054,       28.04,
 139.360721,   35.404054,       28.52,
 139.365225,   35.404054,       29.00,
 139.369730,   35.404054,       29.48,
 139.374234,   35.404054,       29.96,
 139.378739,   35.404054,       30.45,
 139.383243,   35.404054,       30.94,
 139.387748,   35.404054,       31.43,
 139.392252,   35.404054,       30.03,
 139.396757,   35.404054,       28.28,
 139.401261,   35.404054,       27.32,
 139.405766,   35.404054,       27.49,
 139.410270,   35.404054,       27.69,
 139.414775,   35.404054,       27.90,
 139.419279,   35.404054,       28.14,
 139.423784,   35.404054,       28.39,
 139.428288,   35.404054,       28.67,
 139.432793,   35.404054,       28.97,
 139.437297,   35.404054,       29.30,
 139.441802,   35.404054,       29.66,
 139.446306,   35.404054,       30.05,
 139.450811,   35.404054,       30.48,
 139.455315,   35.404054,       30.96,
 139.459820,   35.404054,       31.49,
 139.464324,   35.404054,       32.08,
 139.468829,   35.404054,       32.75,
 139.473333,   35.404054,       33.46,
 139.477838,   35.404054,       34.21,
 139.482342,   35.404054,       34.98,
 139.486847,   35.404054,       35.78,
 139.491351,   35.404054,       36.61,
 139.495856,   35.404054,       37.48,
 139.500360,   35.404054,       38.38,
 139.504865,   35.404054,       39.33,
 139.509369,   35.404054,       40.33,
 139.513874,   35.404054,       41.38,
 139.518378,   35.404054,       42.50,
 139.522883,   35.404054,       43.69,
 139.527387,   35.404054,       44.93,
 139.531892,   35.404054,       46.16,
 139.536396,   35.404054,       47.35,
 139.540901,   35.404054,       48.47,
 139.545405,   35.404054,       49.44,
 139.549910,   35.404054,       50.41,
 139.554414,   35.404054,       51.41,
 139.558919,   35.404054,       52.43,
 139.563423,   35.404054,       53.50,
 139.567928,   35.404054,       54.60,
 139.572432,   35.404054,       55.74,
 139.576937,   35.404054,       56.94,
 139.581441,   35.404054,       58.20,
 139.585946,   35.404054,       59.53,
 139.590450,   35.404054,       60.93,
 139.594955,   35.404054,       62.43,
 139.599459,   35.404054,       64.03,
 139.603964,   35.404054,       65.72,
 139.608468,   35.404054,       67.49,
 139.612973,   35.404054,       69.38,
 139.617477,   35.404054,       71.43,
 139.621982,   35.404054,       73.67,
 139.626486,   35.404054,       76.17,
 139.630991,   35.404054,       79.04,
 139.635495,   35.404054,       83.13,
 139.640000,   35.404054,       79.32,
 139.644505,   35.404054,       78.21,
 139.649009,   35.404054,       77.42,
 139.653514,   35.404054,       76.25,
 139.658018,   35.404054,       74.80,
 139.662523,   35.404054,       72.73,
 139.667027,   35.404054,       70.25,
 139.671532,   35.404054,       67.29,
 139.676036,   35.404054,       64.36,
 139.680541,   35.404054,       61.22,
 139.685045,   35.404054,       58.38,
 139.689550,   35.404054,       55.63,
 139.694054,   35.404054,       52.88,
 139.698559,   35.404054,       51.01,
 139.703063,   35.404054,       50.19,
 139.707568,   35.404054,       50.58,
 139.712072,   35.404054,       51.04,
 139.716577,   35.404054,       51.79,
 139.721081,   35.404054,       53.38,
 139.725586,   35.404054,       55.15,
 139.730090,   35.404054,       56.73,
 139.734595,   35.404054,       58.54,
 139.739099,   35.404054,       59.55,
 139.743604,   35.404054,       60.30,
 139.748108,   35.404054,       60.66,
 139.752613,   35.404054,       60.61,
 139.757117,   35.404054,       60.61,
 139.761622,   35.404054,       60.55,
 139.766126,   35.404054,       60.47,
 139.770631,   35.404054,       60.40,
 139.775135,   35.404054,       60.35,
 139.779640,   35.404054,       60.43,
 139.784144,   35.404054,       60.54,
 139.788649,   35.404054,       60.70,
 139.793153,   35.404054,       60.90,
 139.797658,   35.404054,       61.13,
 139.802162,   35.404054,       61.38,
 139.806667,   35.404054,       61.66,
 139.811171,   35.404054,       62.01,
 139.815676,   35.404054,       62.39,
 139.820180,   35.404054,       62.58,
 139.824685,   35.404054,       62.80,
 139.829189,   35.404054,       62.99,
 139.833694,   35.404054,       63.14,
 139.838198,   35.404054,       63.40,
 139.842703,   35.404054,       63.55,
 139.847207,   35.404054,       63.74,
 139.851712,   35.404054,       63.98,
 139.856216,   35.404054,       64.28,
 139.860721,   35.404054,       64.70,
 139.865225,   35.404054,       65.39,
 139.869730,   35.404054,       66.18,
 139.874234,   35.404054,       67.27,
 139.878739,   35.404054,       68.36,
 139.883243,   35.404054,       69.38,
 139.887748,   35.404054,       70.39,
 139.892252,   35.404054,       71.28,
 139.896757,   35.404054,       72.17,
 139.901261,   35.404054,       73.09,
 139.905766,   35.404054,       74.00,
 139.910270,   35.404054,       74.80,
 139.914775,   35.404054,       75.39,
 139.919279,   35.404054,       75.80,
 139.923784,   35.404054,       75.78,
 139.928288,   35.404054,       75.40,
 139.932793,   35.404054,       74.96,
 139.937297,   35.404054,       74.48,
 139.941802,   35.404054,       73.99,
 139.946306,   35.404054,       73.50,
 139.950811,   35.404054,       73.02,
 139.955315,   35.404054,       72.55,
 139.959820,   35.404054,       72.08,
 139.964324,   35.404054,       71.62,
 139.968829,   35.404054,       71.17,
 139.973333,   35.404054,       70.71,
 139.977838,   35.404054,       70.25,
 139.982342,   35.404054,       69.81,
 139.986847,   35.404054,       69.38,
 139.991351,   35.404054,       68.97,
 139.995856,   35.404054,       68.58,
 140.000360,   35.404054,       68.20,
 140.004865,   35.404054,       67.84,
 140.009369,   35.404054,       67.49,
 140.013874,   35.404054,       67.16,
 140.018378,   35.404054,       66.84,
 140.022883,   35.404054,       66.53,
 140.027387,   35.404054,       66.22,
 140.031892,   35.404054,       65.92,
 140.036396,   35.404054,       65.63,
 140.040901,   35.404054,       65.35,
 140.045405,   35.404054,       65.07,
 140.049910,   35.404054,       64.80,
 140.054414,   35.404054,       64.53,
 140.058919,   35.404054,       64.26,
 140.063423,   35.404054,       64.00,
 140.067928,   35.404054,       63.74,
 140.072432,   35.404054,       63.48,
 140.076937,   35.404054,       63.23,
 140.081441,   35.404054,       62.98,
 140.085946,   35.404054,       62.73,
 140.090450,   35.404054,       62.49,
 140.094955,   35.404054,       62.25,
 140.099459,   35.404054,       62.00,
 140.103964,   35.404054,       61.76,
 140.108468,   35.404054,       61.51,
 140.112973,   35.404054,       61.27,
 140.117477,   35.404054,       61.02,
 140.121982,   35.404054,       60.77,
 140.126486,   35.404054,       60.51,
 140.130991,   35.404054,       60.24,
 140.135495,   35.404054,       59.97,
 140.140000,   35.404054,       59.69,
 140.144505,   35.404054,       59.42,
 140.149009,   35.404054,       59.13,
 140.153514,   35.404054,       58.83,
 140.158018,   35.404054,       58.53,
 140.162523,   35.404054,       58.22,
 140.167027,   35.404054,       57.90,
 140.171532,   35.404054,       57.58,
 140.176036,   35.404054,       57.25,
 140.180541,   35.404054,       56.92,
 140.185045,   35.404054,       56.59,
 140.189550,   35.404054,       56.25,
 140.194054,   35.404054,       55.91,
 140.198559,   35.404054,       55.57,
 140.203063,   35.404054,       55.22,
 140.207568,   35.404054,       54.87,
 140.212072,   35.404054,       54.51,
 140.216577,   35.404054,       54.15,
 140.221081,   35.404054,       53.79,
 140.225586,   35.404054,       53.42,
 140.230090,   35.404054,       53.05,
 140.234595,   35.404054,       52.67,
 140.239099,   35.404054,       52.28,
 140.243604,   35.404054,       51.94,
 140.248108,   35.404054,       51.70,
 140.252613,   35.404054,       51.46,
 140.257117,   35.404054,       51.23,
 140.261622,   35.404054,       50.99,
 140.266126,   35.404054,       50.76,
 140.270631,   35.404054,       50.52,
 140.275135,   35.404054,       50.28,
 140.279640,   35.404054,       50.05,
 140.284144,   35.404054,       49.81,
 140.288649,   35.404054,       49.57,
 140.293153,   35.404054,       49.34,
 140.297658,   35.404054,       49.10,
 140.302162,   35.404054,       48.86,
 140.306667,   35.404054,       48.63,
 140.311171,   35.404054,       48.39,
 140.315676,   35.404054,       48.15,
 140.320180,   35.404054,       47.92,
 140.324685,   35.404054,       47.68,
 140.329189,   35.404054,       47.44,
 140.333694,   35.404054,       47.21,
 140.338198,   35.404054,       46.97,
 140.342703,   35.404054,       46.73,
 140.347207,   35.404054,       46.50,
 140.351712,   35.404054,       46.26,
 140.356216,   35.404054,       46.02,
 140.360721,   35.404054,       45.79,
 140.365225,   35.404054,       45.55,
 140.369730,   35.404054,       45.31,
 140.374234,   35.404054,       45.07,
 140.378739,   35.404054,       44.84,
 140.383243,   35.404054,       44.60,
 140.387748,   35.404054,       44.36,
 139.140000,   35.408559,        8.28,
 139.144505,   35.408559,        8.64,
 139.149009,   35.408559,        8.99,
 139.153514,   35.408559,        9.35,
 139.158018,   35.408559,        9.72,
 139.162523,   35.408559,       10.08,
 139.167027,   35.408559,       10.45,
 139.171532,   35.408559,       10.82,
 139.176036,   35.408559,       11.19,
 139.180541,   35.408559,       11.57,
 139.185045,   35.408559,       11.95,
 139.189550,   35.408559,       12.33,
 139.194054,   35.408559,       12.71,
 139.198559,   35.408559,       13.10,
 139.203063,   35.408559,       13.48,
 139.207568,   35.408559,       13.87,
 139.212072,   35.408559,       14.27,
 139.216577,   35.408559,       14.66,
 139.221081,   35.408559,       15.06,
 139.225586,   35.408559,       15.46,
 139.230090,   35.408559,       15.86,
 139.234595,   35.408559,       16.27,
 139.239099,   35.408559,       16.68,
 139.243604,   35.408559,       17.09,
 139.248108,   35.408559,       17.50,
 139.252613,   35.408559,       17.92,
 139.257117,   35.408559,       18.33,
 139.261622,   35.408559,       18.76,
 139.266126,   35.408559,       19.18,
 139.270631,   35.408559,       19.60,
 139.275135,   35.408559,       20.03,
 139.279640,   35.408559,       20.46,
 139.284144,   35.408559,       20.90,
 139.288649,   35.408559,       21.33,
 139.293153,   35.408559,       21.77,
 139.297658,   35.408559,       22.21,
 139.302162,   35.408559,       22.65,
 139.306667,   35.408559,       23.10,
 139.311171,   35.408559,       23.55,
 139.315676,   35.408559,       24.00,
 139.320180,   35.408559,       24.45,
 139.324685,   35.408559,       24.91,
 139.329189,   35.408559,       25.37,
 139.333694,   35.408559,       25.83,
 139.338198,   35.408559,       26.29,
 139.342703,   35.408559,       26.76,
 139.347207,   35.408559,       27.22,
 139.351712,   35.408559,       27.69,
 139.356216,   35.408559,       28.17,
 139.360721,   35.408559,       28.64,
 139.365225,   35.408559,       29.12,
 139.369730,   35.408559,       29.60,
 139.374234,   35.408559,       30.09,
 139.378739,   35.408559,       30.57,
 139.383243,   35.408559,       31.06,
 139.387748,   35.408559,       31.55,
 139.392252,   35.408559,       32.04,
 139.396757,   35.408559,       31.90,
 139.401261,   35.408559,       30.05,
 139.405766,   35.408559,       28.63,
 139.410270,   35.408559,       28.41,
 139.414775,   35.408559,       28.62,
 139.419279,   35.408559,       28.85,
 139.423784,   35.408559,       29.09,
 139.428288,   35.408559,       29.36,
 139.432793,   35.408559,       29.65,
 139.437297,   35.408559,       29.97,
 139.441802,   35.408559,       30.31,
 139.446306,   35.408559,       30.68,
 139.450811,   35.408559,       31.08,
 139.455315,   35.408559,       31.52,
 139.459820,   35.408559,       32.00,
 139.464324,   35.408559,       32.53,
 139.468829,   35.408559,       33.12,
 139.473333,   35.408559,       33.78,
 139.477838,   35.408559,       34.50,
 139.482342,   35.408559,       35.26,
 139.486847,   35.408559,       36.06,
 139.491351,   35.408559,       36.88,
 139.495856,   35.408559,       37.73,
 139.500360,   35.408559,       38.62,
 139.504865,   35.408559,       39.55,
 139.509369,   35.408559,       40.52,
 139.513874,   35.408559,       41.54,
 139.518378,   35.408559,       42.62,
 139.522883,   35.408559,       43.75,
 139.527387,   35.408559,       44.95,
 139.531892,   35.408559,       46.23,
 139.536396,   35.408559,       47.52,
 139.540901,   35.408559,       48.80,
 139.545405,   35.408559,       50.01,
 139.549910,   35.408559,       51.08,
 139.554414,   35.408559,       52.06,
 139.558919,   35.408559,       53.08,
 139.563423,   35.408559,       54.12,
 139.567928,   35.408559,       55.20,
 139.572432,   35.408559,       56.32,
 139.576937,   35.408559,       57.49,
 139.581441,   35.408559,       58.72,
 139.585946,   35.408559,       60.01,
 139.590450,   35.408559,       61.37,
 139.594955,   35.408559,       62.82,
 139.599459,   35.408559,       64.37,
 139.603964,   35.408559,       66.03,
 139.608468,   35.408559,       67.78,
 139.612973,   35.408559,       69.62,
 139.617477,   35.408559,       71.61,
 139.621982,   35.408559,       73.80,
 139.626486,   35.408559,       76.25,
 139.630991,   35.408559,       79.03,
 139.635495,   35.408559,       84.06,
 139.640000,   35.408559,       88.01,
 139.644505,   35.408559,       80.32,
 139.649009,   35.408559,       77.43,
 139.653514,   35.408559,       76.33,
 139.658018,   35.408559,       74.89,
 139.662523,   35.408559,       73.01,
 139.667027,   35.408559,       71.14,
 139.671532,   35.408559,       69.23,
 139.676036,   35.408559,       66.97,
 139.680541,   35.408559,       64.19,
 139.685045,   35.408559,       60.71,
 139.689550,   35.408559,       57.56,
 139.694054,   35.408559,       54.93,
 139.698559,   35.408559,       53.14,
 139.703063,   35.408559,       52.26,
 139.707568,   35.408559,       51.98,
 139.712072,   35.408559,       52.27,
 139.716577,   35.408559,       52.59,
 139.721081,   35.408559,       53.40,
 139.725586,   35.408559,       54.90,
 139.730090,   35.408559,       56.26,
 139.734595,   35.408559,       57.64,
 139.739099,   35.408559,       58.52,
 139.743604,   35.408559,       59.35,
 139.748108,   35.408559,       59.87,
 139.752613,   35.408559,       60.04,
 139.757117,   35.408559,       60.21,
 139.761622,   35.408559,       60.25,
 139.766126,   35.408559,       60.13,
 139.770631,   35.408559,       60.02,
 139.775135,   35.408559,       59.98,
 139.779640,   35.408559,       60.06,
 139.784144,   35.408559,       60.18,
 139.788649,   35.408559,       60.31,
 139.793153,   35.408559,       60.48,
 139.797658,   35.408559,       60.69,
 139.802162,   35.408559,       60.96,
 139.806667,   35.408559,       61.26,
 139.811171,   35.408559,       61.53,
 139.815676,   35.408559,       61.82,
 139.820180,   35.408559,       62.08,
 139.824685,   35.408559,       62.29,
 139.829189,   35.408559,       62.49,
 139.833694,   35.408559,       62.67,
 139.838198,   35.408559,       62.82,
 139.842703,   35.408559,       62.98,
 139.847207,   35.408559,       63.15,
 139.851712,   35.408559,       63.27,
 139.856216,   35.408559,       63.52,
 139.860721,   35.408559,       63.88,
 139.865225,   35.408559,       64.55,
 139.869730,   35.408559,       65.52,
 139.874234,   35.408559,       66.68,
 139.878739,   35.408559,       67.98,
 139.883243,   35.408559,       69.19,
 139.887748,   35.408559,       70.22,
 139.892252,   35.408559,       71.22,
 139.896757,   35.408559,       72.16,
 139.901261,   35.408559,       73.17,
 139.905766,   35.408559,       74.17,
 139.910270,   35.408559,       74.94,
 139.914775,   35.408559,       75.50,
 139.919279,   35.408559,       75.92,
 139.923784,   35.408559,       76.12,
 139.928288,   35.408559,       75.93,
 139.932793,   35.408559,       75.56,
 139.937297,   35.408559,       75.15,
 139.941802,   35.408559,       74.70,
 139.946306,   35.408559,       74.24,
 139.950811,   35.408559,       73.78,
 139.955315,   35.408559,       73.32,
 139.959820,   35.408559,       72.87,
 139.964324,   35.408559,       72.42,
 139.968829,   35.408559,       71.97,
 139.973333,   35.408559,       71.52,
 139.977838,   35.408559,       71.06,
 139.982342,   35.408559,       70.62,
 139.986847,   35.408559,       70.19,
 139.991351,   35.408559,       69.78,
 139.995856,   35.408559,       69.39,
 140.000360,   35.408559,       69.01,
 140.004865,   35.408559,       68.65,
 140.009369,   35.408559,       68.31,
 140.013874,   35.408559,       67.98,
 140.018378,   35.408559,       67.66,
 140.022883,   35.408559,       67.35,
 140.027387,   35.408559,       67.05,
 140.031892,   35.408559,       66.76,
 140.036396,   35.408559,       66.47,
 140.040901,   35.408559,       66.19,
 140.045405,   35.408559,       65.92,
 140.049910,   35.408559,       65.65,
 140.054414,   35.408559,       65.38,
 140.058919,   35.408559,       65.12,
 140.063423,   35.408559,       64.86,
 140.067928,   35.408559,       64.60,
 140.072432,   35.408559,       64.35,
 140.076937,   35.408559,       64.10,
 140.081441,   35.408559,       63.86,
 140.085946,   35.408559,       63.61,
 140.090450,   35.408559,       63.37,
 140.094955,   35.408559,       63.13,
 140.099459,   35.408559,       62.89,
 140.103964,   35.408559,       62.65,
 140.108468,   35.408559,       62.41,
 140.112973,   35.408559,       62.17,
 140.117477,   35.408559,       61.92,
 140.121982,   35.408559,       61.66,
 140.126486,   35.408559,       61.40,
 140.130991,   35.408559,       61.13,
 140.135495,   35.408559,       60.86,
 140.140000,   35.408559,       60.58,
 140.144505,   35.408559,       60.30,
 140.149009,   35.408559,       60.01,
 140.153514,   35.408559,       59.70,
 140.158018,   35.408559,       59.39,
 140.162523,   35.408559,       59.08,
 140.167027,   35.408559,       58.75,
 140.171532,   35.408559,       58.43,
 140.176036,   35.408559,       58.10,
 140.180541,   35.408559,       57.76,
 140.185045,   35.408559,       57.42,
 140.189550,   35.408559,       57.08,
 140.194054,   35.408559,       56.73,
 140.198559,   35.408559,       56.38,
 140.203063,   35.408559,       56.03,
 140.207568,   35.408559,       55.67,
 140.212072,   35.408559,       55.31,
 140.216577,   35.408559,       54.94,
 140.221081,   35.408559,       54.57,
 140.225586,   35.408559,       54.20,
 140.230090,   35.408559,       53.82,
 140.234595,   35.408559,       53.43,
 140.239099,   35.408559,       53.04,
 140.243604,   35.408559,       52.80,
 140.248108,   35.408559,       52.56,
 140.252613,   35.408559,       52.33,
 140.257117,   35.408559,       52.09,
 140.261622,   35.408559,       51.85,
 140.266126,   35.408559,       51.62,
 140.270631,   35.408559,       51.38,
 140.275135,   35.408559,       51.14,
 140.279640,   35.408559,       50.91,
 140.284144,   35.408559,       50.67,
 140.288649,   35.408559,       50.43,
 140.293153,   35.408559,       50.20,
 140.297658,   35.408559,       49.96,
 140.302162,   35.408559,       49.72,
 140.306667,   35.408559,       49.49,
 140.311171,   35.408559,       49.25,
 140.315676,   35.408559,       49.01,
 140.320180,   35.408559,       48.78,
 140.324685,   35.408559,       48.54,
 140.329189,   35.408559,       48.30,
 140.333694,   35.408559,       48.07,
 140.338198,   35.408559,       47.83,
 140.342703,   35.408559,       47.59,
 140.347207,   35.408559,       47.36,
 140.351712,   35.408559,       47.12,
 140.356216,   35.408559,       46.88,
 140.360721,   35.408559,       46.65,
 140.365225,   35.408559,       46.41,
 140.369730,   35.408559,       46.17,
 140.374234,   35.408559,       45.94,
 140.378739,   35.408559,       45.70,
 140.383243,   35.408559,       45.46,
 140.387748,   35.408559,       45.23,
 139.140000,   35.413063,        8.45,
 139.144505,   35.413063,        8.81,
 139.149009,   35.413063,        9.17,
 139.153514,   35.413063,        9.52,
 139.158018,   35.413063,        9.89,
 139.162523,   35.413063,       10.25,
 139.167027,   35.413063,       10.62,
 139.171532,   35.413063,       10.99,
 139.176036,   35.413063,       11.36,
 139.180541,   35.413063,       11.73,
 139.185045,   35.413063,       12.11,
 139.189550,   35.413063,       12.49,
 139.194054,   35.413063,       12.87,
 139.198559,   35.413063,       13.26,
 139.203063,   35.413063,       13.64,
 139.207568,   35.413063,       14.03,
 139.212072,   35.413063,       14.42,
 139.216577,   35.413063,       14.82,
 139.221081,   35.413063,       15.22,
 139.225586,   35.413063,       15.61,
 139.230090,   35.413063,       16.02,
 139.234595,   35.413063,       16.42,
 139.239099,   35.413063,       16.83,
 139.243604,   35.413063,       17.24,
 139.248108,   35.413063,       17.65,
 139.252613,   35.413063,       18.06,
 139.257117,   35.413063,       18.48,
 139.261622,   35.413063,       18.90,
 139.266126,   35.413063,       19.32,
 139.270631,   35.413063,       19.75,
 139.275135,   35.413063,       20.17,
 139.279640,   35.413063,       20.60,
 139.284144,   35.413063,       21.04,
 139.288649,   35.413063,       21.47,
 139.293153,   35.413063,       21.91,
 139.297658,   35.413063,       22.35,
 139.302162,   35.413063,       22.79,
 139.306667,   35.413063,       23.23,
 139.311171,   35.413063,       23.68,
 139.315676,   35.413063,       24.13,
 139.320180,   35.413063,       24.58,
 139.324685,   35.413063,       25.04,
 139.329189,   35.413063,       25.49,
 139.333694,   35.413063,       25.95,
 139.338198,   35.413063,       26.42,
 139.342703,   35.413063,       26.88,
 139.347207,   35.413063,       27.35,
 139.351712,   35.413063,       27.82,
 139.356216,   35.413063,       28.29,
 139.360721,   35.413063,       28.77,
 139.365225,   35.413063,       29.24,
 139.369730,   35.413063,       29.72,
 139.374234,   35.413063,       30.20,
 139.378739,   35.413063,       30.69,
 139.383243,   35.413063,       31.18,
 139.387748,   35.413063,       31.67,
 139.392252,   35.413063,       32.16,
 139.396757,   35.413063,       32.65,
 139.401261,   35.413063,       33.15,
 139.405766,   35.413063,       31.86,
 139.410270,   35.413063,       30.23,
 139.414775,   35.413063,       29.32,
 139.419279,   35.413063,       29.52,
 139.423784,   35.413063,       29.77,
 139.428288,   35.413063,       30.03,
 139.432793,   35.413063,       30.31,
 139.437297,   35.413063,       30.62,
 139.441802,   35.413063,       30.94,
 139.446306,   35.413063,       31.29,
 139.450811,   35.413063,       31.68,
 139.455315,   35.413063,       32.09,
 139.459820,   35.413063,       32.53,
 139.464324,   35.413063,       33.02,
 139.468829,   35.413063,       33.56,
 139.473333,   35.413063,       34.14,
 139.477838,   35.413063,       34.79,
 139.482342,   35.413063,       35.51,
 139.486847,   35.413063,       36.29,
 139.491351,   35.413063,       37.10,
 139.495856,   35.413063,       37.95,
 139.500360,   35.413063,       38.82,
 139.504865,   35.413063,       39.74,
 139.509369,   35.413063,       40.69,
 139.513874,   35.413063,       41.68,
 139.518378,   35.413063,       42.72,
 139.522883,   35.413063,       43.82,
 139.527387,   35.413063,       44.97,
 139.531892,   35.413063,       46.19,
 139.536396,   35.413063,       47.48,
 139.540901,   35.413063,       48.84,
 139.545405,   35.413063,       50.18,
 139.549910,   35.413063,       51.48,
 139.554414,   35.413063,       52.68,
 139.558919,   35.413063,       53.70,
 139.563423,   35.413063,       54.73,
 139.567928,   35.413063,       55.79,
 139.572432,   35.413063,       56.89,
 139.576937,   35.413063,       58.03,
 139.581441,   35.413063,       59.23,
 139.585946,   35.413063,       60.48,
 139.590450,   35.413063,       61.80,
 139.594955,   35.413063,       63.21,
 139.599459,   35.413063,       64.70,
 139.603964,   35.413063,       66.31,
 139.608468,   35.413063,       68.02,
 139.612973,   35.413063,       69.84,
 139.617477,   35.413063,       71.76,
 139.621982,   35.413063,       73.87,
 139.626486,   35.413063,       76.19,
 139.630991,   35.413063,       78.74,
 139.635495,   35.413063,       81.93,
 139.640000,   35.413063,       87.71,
 139.644505,   35.413063,       80.79,
 139.649009,   35.413063,       77.77,
 139.653514,   35.413063,       76.29,
 139.658018,   35.413063,       75.05,
 139.662523,   35.413063,       74.46,
 139.667027,   35.413063,       73.60,
 139.671532,   35.413063,       72.27,
 139.676036,   35.413063,       70.73,
 139.680541,   35.413063,       69.04,
 139.685045,   35.413063,       67.42,
 139.689550,   35.413063,       63.06,
 139.694054,   35.413063,       58.98,
 139.698559,   35.413063,       56.56,
 139.703063,   35.413063,       54.72,
 139.707568,   35.413063,       53.31,
 139.712072,   35.413063,       53.21,
 139.716577,   35.413063,       53.41,
 139.721081,   35.413063,       53.75,
 139.725586,   35.413063,       54.66,
 139.730090,   35.413063,       55.89,
 139.734595,   35.413063,       57.03,
 139.739099,   35.413063,       57.78,
 139.743604,   35.413063,       58.48,
 139.748108,   35.413063,       59.02,
 139.752613,   35.413063,       59.25,
 139.757117,   35.413063,       59.47,
 139.761622,   35.413063,       59.60,
 139.766126,   35.413063,       59.60,
 139.770631,   35.413063,       59.58,
 139.775135,   35.413063,       59.57,
 139.779640,   35.413063,       59.63,
 139.784144,   35.413063,       59.72,
 139.788649,   35.413063,       59.83,
 139.793153,   35.413063,       59.97,
 139.797658,   35.413063,       60.16,
 139.802162,   35.413063,       60.40,
 139.806667,   35.413063,       60.65,
 139.811171,   35.413063,       60.91,
 139.815676,   35.413063,       61.20,
 139.820180,   35.413063,       61.49,
 139.824685,   35.413063,       61.68,
 139.829189,   35.413063,       61.89,
 139.833694,   35.413063,       62.08,
 139.838198,   35.413063,       62.22,
 139.842703,   35.413063,       62.36,
 139.847207,   35.413063,       62.48,
 139.851712,   35.413063,       62.59,
 139.856216,   35.413063,       62.69,
 139.860721,   35.413063,       63.05,
 139.865225,   35.413063,       63.65,
 139.869730,   35.413063,       64.79,
 139.874234,   35.413063,       66.11,
 139.878739,   35.413063,       67.57,
 139.883243,   35.413063,       69.00,
 139.887748,   35.413063,       70.10,
 139.892252,   35.413063,       71.14,
 139.896757,   35.413063,       72.24,
 139.901261,   35.413063,       73.36,
 139.905766,   35.413063,       74.37,
 139.910270,   35.413063,       75.12,
 139.914775,   35.413063,       75.66,
 139.919279,   35.413063,       76.07,
 139.923784,   35.413063,       76.36,
 139.928288,   35.413063,       76.37,
 139.932793,   35.413063,       76.11,
 139.937297,   35.413063,       75.75,
 139.941802,   35.413063,       75.36,
 139.946306,   35.413063,       74.94,
 139.950811,   35.413063,       74.51,
 139.955315,   35.413063,       74.08,
 139.959820,   35.413063,       73.64,
 139.964324,   35.413063,       73.20,
 139.968829,   35.413063,       72.76,
 139.973333,   35.413063,       72.32,
 139.977838,   35.413063,       71.87,
 139.982342,   35.413063,       71.42,
 139.986847,   35.413063,       70.99,
 139.991351,   35.413063,       70.58,
 139.995856,   35.413063,       70.19,
 140.000360,   35.413063,       69.82,
 140.004865,   35.413063,       69.46,
 140.009369,   35.413063,       69.12,
 140.013874,   35.413063,       68.79,
 140.018378,   35.413063,       68.48,
 140.022883,   35.413063,       68.17,
 140.027387,   35.413063,       67.88,
 140.031892,   35.413063,       67.59,
 140.036396,   35.413063,       67.31,
 140.040901,   35.413063,       67.03,
 140.045405,   35.413063,       66.76,
 140.049910,   35.413063,       66.49,
 140.054414,   35.413063,       66.23,
 140.058919,   35.413063,       65.97,
 140.063423,   35.413063,       65.72,
 140.067928,   35.413063,       65.47,
 140.072432,   35.413063,       65.22,
 140.076937,   35.413063,       64.97,
 140.081441,   35.413063,       64.73,
 140.085946,   35.413063,       64.49,
 140.090450,   35.413063,       64.26,
 140.094955,   35.413063,       64.02,
 140.099459,   35.413063,       63.78,
 140.103964,   35.413063,       63.54,
 140.108468,   35.413063,       63.30,
 140.112973,   35.413063,       63.06,
 140.117477,   35.413063,       62.81,
 140.121982,   35.413063,       62.55,
 140.126486,   35.413063,       62.29,
 140.130991,   35.413063,       62.02,
 140.135495,   35.413063,       61.74,
 140.140000,   35.413063,       61.47,
 140.144505,   35.413063,       61.18,
 140.149009,   35.413063,       60.88,
 140.153514,   35.413063,       60.57,
 140.158018,   35.413063,       60.25,
 140.162523,   35.413063,       59.93,
 140.167027,   35.413063,       59.60,
 140.171532,   35.413063,       59.27,
 140.176036,   35.413063,       58.93,
 140.180541,   35.413063,       58.59,
 140.185045,   35.413063,       58.25,
 140.189550,   35.413063,       57.90,
 140.194054,   35.413063,       57.55,
 140.198559,   35.413063,       57.19,
 140.203063,   35.413063,       56.83,
 140.207568,   35.413063,       56.47,
 140.212072,   35.413063,       56.10,
 140.216577,   35.413063,       55.73,
 140.221081,   35.413063,       55.35,
 140.225586,   35.413063,       54.97,
 140.230090,   35.413063,       54.59,
 140.234595,   35.413063,       54.19,
 140.239099,   35.413063,       53.90,
 140.243604,   35.413063,       53.66,
 140.248108,   35.413063,       53.43,
 140.252613,   35.413063,       53.19,
 140.257117,   35.413063,       52.95,
 140.261622,   35.413063,       52.72,
 140.266126,   35.413063,       52.48,
 140.270631,   35.413063,       52.24,
 140.275135,   35.413063,       52.01,
 140.279640,   35.413063,       51.77,
 140.284144,   35.413063,       51.53,
 140.288649,   35.413063,       51.30,
 140.293153,   35.413063,       51.06,
 140.297658,   35.413063,       50.82,
 140.302162,   35.413063,       50.59,
 140.306667,   35.413063,       50.35,
 140.311171,   35.413063,       50.11,
 140.315676,   35.413063,       49.88,
 140.320180,   35.413063,       49.64,
 140.324685,   35.413063,       49.40,
 140.329189,   35.413063,       49.17,
 140.333694,   35.413063,       48.93,
 140.338198,   35.413063,       48.69,
 140.342703,   35.413063,       48.46,
 140.347207,   35.413063,       48.22,
 140.351712,   35.413063,       47.98,
 140.356216,   35.413063,       47.75,
 140.360721,   35.413063,       47.51,
 140.365225,   35.413063,       47.27,
 140.369730,   35.413063,       47.04,
 140.374234,   35.413063,       46.80,
 140.378739,   35.413063,       46.56,
 140.383243,   35.413063,       46.33,
 140.387748,   35.413063,       46.09,
 139.140000,   35.417568,        8.63,
 139.144505,   35.417568,        8.98,
 139.149009,   35.417568,        9.33,
 139.153514,   35.417568,        9.69,
 139.158018,   35.417568,       10.05,
 139.162523,   35.417568,       10.42,
 139.167027,   35.417568,       10.78,
 139.171532,   35.417568,       11.15,
 139.176036,   35.417568,       11.52,
 139.180541,   35.417568,       11.89,
 139.185045,   35.417568,       12.27,
 139.189550,   35.417568,       12.65,
 139.194054,   35.417568,       13.03,
 139.198559,   35.417568,       13.41,
 139.203063,   35.417568,       13.80,
 139.207568,   35.417568,       14.19,
 139.212072,   35.417568,       14.58,
 139.216577,   35.417568,       14.97,
 139.221081,   35.417568,       15.37,
 139.225586,   35.417568,       15.77,
 139.230090,   35.417568,       16.17,
 139.234595,   35.417568,       16.57,
 139.239099,   35.417568,       16.98,
 139.243604,   35.417568,       17.38,
 139.248108,   35.417568,       17.80,
 139.252613,   35.417568,       18.21,
 139.257117,   35.417568,       18.62,
 139.261622,   35.417568,       19.04,
 139.266126,   35.417568,       19.46,
 139.270631,   35.417568,       19.89,
 139.275135,   35.417568,       20.31,
 139.279640,   35.417568,       20.74,
 139.284144,   35.417568,       21.17,
 139.288649,   35.417568,       21.61,
 139.293153,   35.417568,       22.04,
 139.297658,   35.417568,       22.48,
 139.302162,   35.417568,       22.92,
 139.306667,   35.417568,       23.37,
 139.311171,   35.417568,       23.81,
 139.315676,   35.417568,       24.26,
 139.320180,   35.417568,       24.71,
 139.324685,   35.417568,       25.17,
 139.329189,   35.417568,       25.62,
 139.333694,   35.417568,       26.08,
 139.338198,   35.417568,       26.54,
 139.342703,   35.417568,       27.01,
 139.347207,   35.417568,       27.47,
 139.351712,   35.417568,       27.94,
 139.356216,   35.417568,       28.41,
 139.360721,   35.417568,       28.88,
 139.365225,   35.417568,       29.36,
 139.369730,   35.417568,       29.84,
 139.374234,   35.417568,       30.32,
 139.378739,   35.417568,       30.80,
 139.383243,   35.417568,       31.29,
 139.387748,   35.417568,       31.78,
 139.392252,   35.417568,       32.27,
 139.396757,   35.417568,       32.76,
 139.401261,   35.417568,       33.26,
 139.405766,   35.417568,       33.76,
 139.410270,   35.417568,       33.68,
 139.414775,   35.417568,       31.94,
 139.419279,   35.417568,       30.61,
 139.423784,   35.417568,       30.41,
 139.428288,   35.417568,       30.67,
 139.432793,   35.417568,       30.94,
 139.437297,   35.417568,       31.24,
 139.441802,   35.417568,       31.55,
 139.446306,   35.417568,       31.89,
 139.450811,   35.417568,       32.26,
 139.455315,   35.417568,       32.65,
 139.459820,   35.417568,       33.07,
 139.464324,   35.417568,       33.53,
 139.468829,   35.417568,       34.02,
 139.473333,   35.417568,       34.56,
 139.477838,   35.417568,       35.15,
 139.482342,   35.417568,       35.79,
 139.486847,   35.417568,       36.51,
 139.491351,   35.417568,       37.29,
 139.495856,   35.417568,       38.12,
 139.500360,   35.417568,       38.99,
 139.504865,   35.417568,       39.89,
 139.509369,   35.417568,       40.82,
 139.513874,   35.417568,       41.79,
 139.518378,   35.417568,       42.81,
 139.522883,   35.417568,       43.87,
 139.527387,   35.417568,       44.99,
 139.531892,   35.417568,       46.16,
 139.536396,   35.417568,       47.40,
 139.540901,   35.417568,       48.71,
 139.545405,   35.417568,       50.11,
 139.549910,   35.417568,       51.51,
 139.554414,   35.417568,       52.90,
 139.558919,   35.417568,       54.20,
 139.563423,   35.417568,       55.32,
 139.567928,   35.417568,       56.37,
 139.572432,   35.417568,       57.44,
 139.576937,   35.417568,       58.56,
 139.581441,   35.417568,       59.73,
 139.585946,   35.417568,       60.95,
 139.590450,   35.417568,       62.23,
 139.594955,   35.417568,       63.59,
 139.599459,   35.417568,       65.03,
 139.603964,   35.417568,       66.58,
 139.608468,   35.417568,       68.24,
 139.612973,   35.417568,       70.02,
 139.617477,   35.417568,       71.90,
 139.621982,   35.417568,       73.91,
 139.626486,   35.417568,       76.07,
 139.630991,   35.417568,       78.42,
 139.635495,   35.417568,       81.06,
 139.640000,   35.417568,       84.00,
 139.644505,   35.417568,       80.30,
 139.649009,   35.417568,       78.30,
 139.653514,   35.417568,       76.80,
 139.658018,   35.417568,       76.21,
 139.662523,   35.417568,       75.97,
 139.667027,   35.417568,       75.62,
 139.671532,   35.417568,       75.02,
 139.676036,   35.417568,       74.13,
 139.680541,   35.417568,       73.21,
 139.685045,   35.417568,       73.05,
 139.689550,   35.417568,       68.91,
 139.694054,   35.417568,       63.01,
 139.698559,   35.417568,       59.30,
 139.703063,   35.417568,       56.57,
 139.707568,   35.417568,       54.80,
 139.712072,   35.417568,       54.03,
 139.716577,   35.417568,       53.91,
 139.721081,   35.417568,       54.27,
 139.725586,   35.417568,       54.79,
 139.730090,   35.417568,       55.55,
 139.734595,   35.417568,       56.50,
 139.739099,   35.417568,       57.14,
 139.743604,   35.417568,       57.78,
 139.748108,   35.417568,       58.28,
 139.752613,   35.417568,       58.53,
 139.757117,   35.417568,       58.77,
 139.761622,   35.417568,       58.90,
 139.766126,   35.417568,       58.97,
 139.770631,   35.417568,       59.02,
 139.775135,   35.417568,       59.07,
 139.779640,   35.417568,       59.10,
 139.784144,   35.417568,       59.15,
 139.788649,   35.417568,       59.23,
 139.793153,   35.417568,       59.36,
 139.797658,   35.417568,       59.52,
 139.802162,   35.417568,       59.74,
 139.806667,   35.417568,       59.99,
 139.811171,   35.417568,       60.26,
 139.815676,   35.417568,       60.53,
 139.820180,   35.417568,       60.79,
 139.824685,   35.417568,       61.02,
 139.829189,   35.417568,       61.23,
 139.833694,   35.417568,       61.41,
 139.838198,   35.417568,       61.57,
 139.842703,   35.417568,       61.71,
 139.847207,   35.417568,       61.84,
 139.851712,   35.417568,       61.92,
 139.856216,   35.417568,       62.13,
 139.860721,   35.417568,       62.38,
 139.865225,   35.417568,       63.14,
 139.869730,   35.417568,       64.05,
 139.874234,   35.417568,       65.59,
 139.878739,   35.417568,       67.20,
 139.883243,   35.417568,       68.78,
 139.887748,   35.417568,       70.04,
 139.892252,   35.417568,       71.22,
 139.896757,   35.417568,       72.38,
 139.901261,   35.417568,       73.60,
 139.905766,   35.417568,       74.64,
 139.910270,   35.417568,       75.36,
 139.914775,   35.417568,       75.87,
 139.919279,   35.417568,       76.25,
 139.923784,   35.417568,       76.55,
 139.928288,   35.417568,       76.68,
 139.932793,   35.417568,       76.58,
 139.937297,   35.417568,       76.31,
 139.941802,   35.417568,       75.96,
 139.946306,   35.417568,       75.59,
 139.950811,   35.417568,       75.20,
 139.955315,   35.417568,       74.80,
 139.959820,   35.417568,       74.38,
 139.964324,   35.417568,       73.96,
 139.968829,   35.417568,       73.54,
 139.973333,   35.417568,       73.11,
 139.977838,   35.417568,       72.67,
 139.982342,   35.417568,       72.23,
 139.986847,   35.417568,       71.79,
 139.991351,   35.417568,       71.38,
 139.995856,   35.417568,       70.99,
 140.000360,   35.417568,       70.62,
 140.004865,   35.417568,       70.26,
 140.009369,   35.417568,       69.92,
 140.013874,   35.417568,       69.60,
 140.018378,   35.417568,       69.29,
 140.022883,   35.417568,       68.99,
 140.027387,   35.417568,       68.70,
 140.031892,   35.417568,       68.41,
 140.036396,   35.417568,       68.14,
 140.040901,   35.417568,       67.87,
 140.045405,   35.417568,       67.60,
 140.049910,   35.417568,       67.34,
 140.054414,   35.417568,       67.08,
 140.058919,   35.417568,       66.83,
 140.063423,   35.417568,       66.58,
 140.067928,   35.417568,       66.33,
 140.072432,   35.417568,       66.09,
 140.076937,   35.417568,       65.85,
 140.081441,   35.417568,       65.61,
 140.085946,   35.417568,       65.37,
 140.090450,   35.417568,       65.14,
 140.094955,   35.417568,       64.91,
 140.099459,   35.417568,       64.67,
 140.103964,   35.417568,       64.43,
 140.108468,   35.417568,       64.20,
 140.112973,   35.417568,       63.96,
 140.117477,   35.417568,       63.70,
 140.121982,   35.417568,       63.44,
 140.126486,   35.417568,       63.18,
 140.130991,   35.417568,       62.90,
 140.135495,   35.417568,       62.63,
 140.140000,   35.417568,       62.35,
 140.144505,   35.417568,       62.05,
 140.149009,   35.417568,       61.75,
 140.153514,   35.417568,       61.43,
 140.158018,   35.417568,       61.11,
 140.162523,   35.417568,       60.78,
 140.167027,   35.417568,       60.45,
 140.171532,   35.417568,       60.11,
 140.176036,   35.417568,       59.77,
 140.180541,   35.417568,       59.42,
 140.185045,   35.417568,       59.07,
 140.189550,   35.417568,       58.72,
 140.194054,   35.417568,       58.36,
 140.198559,   35.417568,       58.00,
 140.203063,   35.417568,       57.63,
 140.207568,   35.417568,       57.26,
 140.212072,   35.417568,       56.89,
 140.216577,   35.417568,       56.51,
 140.221081,   35.417568,       56.13,
 140.225586,   35.417568,       55.74,
 140.230090,   35.417568,       55.34,
 140.234595,   35.417568,       55.00,
 140.239099,   35.417568,       54.76,
 140.243604,   35.417568,       54.52,
 140.248108,   35.417568,       54.29,
 140.252613,   35.417568,       54.05,
 140.257117,   35.417568,       53.81,
 140.261622,   35.417568,       53.58,
 140.266126,   35.417568,       53.34,
 140.270631,   35.417568,       53.11,
 140.275135,   35.417568,       52.87,
 140.279640,   35.417568,       52.63,
 140.284144,   35.417568,       52.40,
 140.288649,   35.417568,       52.16,
 140.293153,   35.417568,       51.92,
 140.297658,   35.417568,       51.69,
 140.302162,   35.417568,       51.45,
 140.306667,   35.417568,       51.21,
 140.311171,   35.417568,       50.98,
 140.315676,   35.417568,       50.74,
 140.320180,   35.417568,       50.50,
 140.324685,   35.417568,       50.27,
 140.329189,   35.417568,       50.03,
 140.333694,   35.417568,       49.79,
 140.338198,   35.417568,       49.56,
 140.342703,   35.417568,       49.32,
 140.347207,   35.417568,       49.08,
 140.351712,   35.417568,       48.85,
 140.356216,   35.417568,       48.61,
 140.360721,   35.417568,       48.37,
 140.365225,   35.417568,       48.14,
 140.369730,   35.417568,       47.90,
 140.374234,   35.417568,       47.66,
 140.378739,   35.417568,       47.43,
 140.383243,   35.417568,       47.19,
 140.387748,   35.417568,       46.95,
 139.140000,   35.422072,        8.79,
 139.144505,   35.422072,        9.15,
 139.149009,   35.422072,        9.50,
 139.153514,   35.422072,        9.86,
 139.158018,   35.422072,       10.22,
 139.162523,   35.422072,       10.58,
 139.167027,   35.422072,       10.95,
 139.171532,   35.422072,       11.31,
 139.176036,   35.422072,       11.68,
 139.180541,   35.422072,       12.05,
 139.185045,   35.422072,       12.43,
 139.189550,   35.422072,       12.81,
 139.194054,   35.422072,       13.19,
 139.198559,   35.422072,       13.57,
 139.203063,   35.422072,       13.95,
 139.207568,   35.422072,       14.34,
 139.212072,   35.422072,       14.73,
 139.216577,   35.422072,       15.12,
 139.221081,   35.422072,       15.52,
 139.225586,   35.422072,       15.91,
 139.230090,   35.422072,       16.31,
 139.234595,   35.422072,       16.72,
 139.239099,   35.422072,       17.12,
 139.243604,   35.422072,       17.53,
 139.248108,   35.422072,       17.94,
 139.252613,   35.422072,       18.35,
 139.257117,   35.422072,       18.77,
 139.261622,   35.422072,       19.18,
 139.266126,   35.422072,       19.60,
 139.270631,   35.422072,       20.03,
 139.275135,   35.422072,       20.45,
 139.279640,   35.422072,       20.88,
 139.284144,   35.422072,       21.31,
 139.288649,   35.422072,       21.74,
 139.293153,   35.422072,       22.18,
 139.297658,   35.422072,       22.61,
 139.302162,   35.422072,       23.05,
 139.306667,   35.422072,       23.50,
 139.311171,   35.422072,       23.94,
 139.315676,   35.422072,       24.39,
 139.320180,   35.422072,       24.84,
 139.324685,   35.422072,       25.29,
 139.329189,   35.422072,       25.75,
 139.333694,   35.422072,       26.20,
 139.338198,   35.422072,       26.66,
 139.342703,   35.422072,       27.13,
 139.347207,   35.422072,       27.59,
 139.351712,   35.422072,       28.06,
 139.356216,   35.422072,       28.53,
 139.360721,   35.422072,       29.00,
 139.365225,   35.422072,       29.48,
 139.369730,   35.422072,       29.95,
 139.374234,   35.422072,       30.43,
 139.378739,   35.422072,       30.92,
 139.383243,   35.422072,       31.40,
 139.387748,   35.422072,       31.89,
 139.392252,   35.422072,       32.38,
 139.396757,   35.422072,       32.87,
 139.401261,   35.422072,       33.37,
 139.405766,   35.422072,       33.87,
 139.410270,   35.422072,       34.37,
 139.414775,   35.422072,       34.87,
 139.419279,   35.422072,       33.69,
 139.423784,   35.422072,       32.16,
 139.428288,   35.422072,       31.32,
 139.432793,   35.422072,       31.55,
 139.437297,   35.422072,       31.84,
 139.441802,   35.422072,       32.15,
 139.446306,   35.422072,       32.47,
 139.450811,   35.422072,       32.82,
 139.455315,   35.422072,       33.20,
 139.459820,   35.422072,       33.60,
 139.464324,   35.422072,       34.03,
 139.468829,   35.422072,       34.50,
 139.473333,   35.422072,       35.00,
 139.477838,   35.422072,       35.54,
 139.482342,   35.422072,       36.14,
 139.486847,   35.422072,       36.78,
 139.491351,   35.422072,       37.49,
 139.495856,   35.422072,       38.27,
 139.500360,   35.422072,       39.12,
 139.504865,   35.422072,       40.00,
 139.509369,   35.422072,       40.92,
 139.513874,   35.422072,       41.87,
 139.518378,   35.422072,       42.86,
 139.522883,   35.422072,       43.90,
 139.527387,   35.422072,       44.99,
 139.531892,   35.422072,       46.13,
 139.536396,   35.422072,       47.32,
 139.540901,   35.422072,       48.58,
 139.545405,   35.422072,       49.92,
 139.549910,   35.422072,       51.33,
 139.554414,   35.422072,       52.80,
 139.558919,   35.422072,       54.26,
 139.563423,   35.422072,       55.66,
 139.567928,   35.422072,       56.92,
 139.572432,   35.422072,       57.98,
 139.576937,   35.422072,       59.08,
 139.581441,   35.422072,       60.22,
 139.585946,   35.422072,       61.41,
 139.590450,   35.422072,       62.65,
 139.594955,   35.422072,       63.96,
 139.599459,   35.422072,       65.36,
 139.603964,   35.422072,       66.84,
 139.608468,   35.422072,       68.45,
 139.612973,   35.422072,       70.18,
 139.617477,   35.422072,       72.01,
 139.621982,   35.422072,       73.91,
 139.626486,   35.422072,       75.95,
 139.630991,   35.422072,       78.12,
 139.635495,   35.422072,       80.47,
 139.640000,   35.422072,       82.65,
 139.644505,   35.422072,       81.38,
 139.649009,   35.422072,       78.62,
 139.653514,   35.422072,       77.63,
 139.658018,   35.422072,       77.05,
 139.662523,   35.422072,       76.92,
 139.667027,   35.422072,       77.02,
 139.671532,   35.422072,       77.05,
 139.676036,   35.422072,       76.96,
 139.680541,   35.422072,       76.43,
 139.685045,   35.422072,       74.27,
 139.689550,   35.422072,       69.54,
 139.694054,   35.422072,       64.61,
 139.698559,   35.422072,       60.80,
 139.703063,   35.422072,       57.89,
 139.707568,   35.422072,       56.31,
 139.712072,   35.422072,       55.24,
 139.716577,   35.422072,       54.47,
 139.721081,   35.422072,       54.85,
 139.725586,   35.422072,       55.23,
 139.730090,   35.422072,       55.56,
 139.734595,   35.422072,       56.06,
 139.739099,   35.422072,       56.65,
 139.743604,   35.422072,       57.13,
 139.748108,   35.422072,       57.59,
 139.752613,   35.422072,       57.86,
 139.757117,   35.422072,       58.09,
 139.761622,   35.422072,       58.27,
 139.766126,   35.422072,       58.37,
 139.770631,   35.422072,       58.43,
 139.775135,   35.422072,       58.46,
 139.779640,   35.422072,       58.49,
 139.784144,   35.422072,       58.52,
 139.788649,   35.422072,       58.63,
 139.793153,   35.422072,       58.78,
 139.797658,   35.422072,       58.92,
 139.802162,   35.422072,       59.15,
 139.806667,   35.422072,       59.39,
 139.811171,   35.422072,       59.60,
 139.815676,   35.422072,       59.89,
 139.820180,   35.422072,       60.16,
 139.824685,   35.422072,       60.38,
 139.829189,   35.422072,       60.59,
 139.833694,   35.422072,       60.81,
 139.838198,   35.422072,       60.99,
 139.842703,   35.422072,       61.15,
 139.847207,   35.422072,       61.29,
 139.851712,   35.422072,       61.44,
 139.856216,   35.422072,       61.62,
 139.860721,   35.422072,       61.98,
 139.865225,   35.422072,       62.66,
 139.869730,   35.422072,       63.75,
 139.874234,   35.422072,       65.16,
 139.878739,   35.422072,       66.88,
 139.883243,   35.422072,       68.60,
 139.887748,   35.422072,       70.14,
 139.892252,   35.422072,       71.40,
 139.896757,   35.422072,       72.56,
 139.901261,   35.422072,       73.90,
 139.905766,   35.422072,       74.98,
 139.910270,   35.422072,       75.66,
 139.914775,   35.422072,       76.14,
 139.919279,   35.422072,       76.49,
 139.923784,   35.422072,       76.76,
 139.928288,   35.422072,       76.97,
 139.932793,   35.422072,       76.94,
 139.937297,   35.422072,       76.80,
 139.941802,   35.422072,       76.53,
 139.946306,   35.422072,       76.20,
 139.950811,   35.422072,       75.85,
 139.955315,   35.422072,       75.48,
 139.959820,   35.422072,       75.09,
 139.964324,   35.422072,       74.70,
 139.968829,   35.422072,       74.30,
 139.973333,   35.422072,       73.89,
 139.977838,   35.422072,       73.46,
 139.982342,   35.422072,       73.02,
 139.986847,   35.422072,       72.59,
 139.991351,   35.422072,       72.18,
 139.995856,   35.422072,       71.79,
 140.000360,   35.422072,       71.42,
 140.004865,   35.422072,       71.06,
 140.009369,   35.422072,       70.72,
 140.013874,   35.422072,       70.40,
 140.018378,   35.422072,       70.10,
 140.022883,   35.422072,       69.80,
 140.027387,   35.422072,       69.52,
 140.031892,   35.422072,       69.24,
 140.036396,   35.422072,       68.96,
 140.040901,   35.422072,       68.70,
 140.045405,   35.422072,       68.44,
 140.049910,   35.422072,       68.18,
 140.054414,   35.422072,       67.93,
 140.058919,   35.422072,       67.68,
 140.063423,   35.422072,       67.43,
 140.067928,   35.422072,       67.19,
 140.072432,   35.422072,       66.95,
 140.076937,   35.422072,       66.72,
 140.081441,   35.422072,       66.48,
 140.085946,   35.422072,       66.25,
 140.090450,   35.422072,       66.03,
 140.094955,   35.422072,       65.79,
 140.099459,   35.422072,       65.56,
 140.103964,   35.422072,       65.33,
 140.108468,   35.422072,       65.09,
 140.112973,   35.422072,       64.85,
 140.117477,   35.422072,       64.60,
 140.121982,   35.422072,       64.33,
 140.126486,   35.422072,       64.06,
 140.130991,   35.422072,       63.79,
 140.135495,   35.422072,       63.51,
 140.140000,   35.422072,       63.23,
 140.144505,   35.422072,       62.93,
 140.149009,   35.422072,       62.61,
 140.153514,   35.422072,       62.29,
 140.158018,   35.422072,       61.96,
 140.162523,   35.422072,       61.63,
 140.167027,   35.422072,       61.29,
 140.171532,   35.422072,       60.95,
 140.176036,   35.422072,       60.60,
 140.180541,   35.422072,       60.25,
 140.185045,   35.422072,       59.89,
 140.189550,   35.422072,       59.53,
 140.194054,   35.422072,       59.17,
 140.198559,   35.422072,       58.80,
 140.203063,   35.422072,       58.43,
 140.207568,   35.422072,       58.05,
 140.212072,   35.422072,       57.67,
 140.216577,   35.422072,       57.28,
 140.221081,   35.422072,       56.89,
 140.225586,   35.422072,       56.50,
 140.230090,   35.422072,       56.10,
 140.234595,   35.422072,       55.86,
 140.239099,   35.422072,       55.62,
 140.243604,   35.422072,       55.39,
 140.248108,   35.422072,       55.15,
 140.252613,   35.422072,       54.91,
 140.257117,   35.422072,       54.68,
 140.261622,   35.422072,       54.44,
 140.266126,   35.422072,       54.20,
 140.270631,   35.422072,       53.97,
 140.275135,   35.422072,       53.73,
 140.279640,   35.422072,       53.49,
 140.284144,   35.422072,       53.26,
 140.288649,   35.422072,       53.02,
 140.293153,   35.422072,       52.78,
 140.297658,   35.422072,       52.55,
 140.302162,   35.422072,       52.31,
 140.306667,   35.422072,       52.07,
 140.311171,   35.422072,       51.84,
 140.315676,   35.422072,       51.60,
 140.320180,   35.422072,       51.36,
 140.324685,   35.422072,       51.13,
 140.329189,   35.422072,       50.89,
 140.333694,   35.422072,       50.65,
 140.338198,   35.422072,       50.42,
 140.342703,   35.422072,       50.18,
 140.347207,   35.422072,       49.94,
 140.351712,   35.422072,       49.71,
 140.356216,   35.422072,       49.47,
 140.360721,   35.422072,       49.23,
 140.365225,   35.422072,       49.00,
 140.369730,   35.422072,       48.76,
 140.374234,   35.422072,       48.52,
 140.378739,   35.422072,       48.29,
 140.383243,   35.422072,       48.05,
 140.387748,   35.422072,       47.81,
 139.140000,   35.426577,        8.96,
 139.144505,   35.426577,        9.31,
 139.149009,   35.426577,        9.67,
 139.153514,   35.426577,       10.02,
 139.158018,   35.426577,       10.38,
 139.162523,   35.426577,       10.74,
 139.167027,   35.426577,       11.11,
 139.171532,   35.426577,       11.47,
 139.176036,   35.426577,       11.84,
 139.180541,   35.426577,       12.21,
 139.185045,   35.426577,       12.58,
 139.189550,   35.426577,       12.96,
 139.194054,   35.426577,       13.34,
 139.198559,   35.426577,       13.72,
 139.203063,   35.426577,       14.10,
 139.207568,   35.426577,       14.49,
 139.212072,   35.426577,       14.88,
 139.216577,   35.426577,       15.27,
 139.221081,   35.426577,       15.66,
 139.225586,   35.426577,       16.06,
 139.230090,   35.426577,       16.46,
 139.234595,   35.426577,       16.86,
 139.239099,   35.426577,       17.26,
 139.243604,   35.426577,       17.67,
 139.248108,   35.426577,       18.08,
 139.252613,   35.426577,       18.49,
 139.257117,   35.426577,       18.91,
 139.261622,   35.426577,       19.32,
 139.266126,   35.426577,       19.74,
 139.270631,   35.426577,       20.16,
 139.275135,   35.426577,       20.59,
 139.279640,   35.426577,       21.01,
 139.284144,   35.426577,       21.44,
 139.288649,   35.426577,       21.87,
 139.293153,   35.426577,       22.31,
 139.297658,   35.426577,       22.74,
 139.302162,   35.426577,       23.18,
 139.306667,   35.426577,       23.62,
 139.311171,   35.426577,       24.07,
 139.315676,   35.426577,       24.51,
 139.320180,   35.426577,       24.96,
 139.324685,   35.426577,       25.41,
 139.329189,   35.426577,       25.87,
 139.333694,   35.426577,       26.32,
 139.338198,   35.426577,       26.78,
 139.342703,   35.426577,       27.25,
 139.347207,   35.426577,       27.71,
 139.351712,   35.426577,       28.18,
 139.356216,   35.426577,       28.64,
 139.360721,   35.426577,       29.12,
 139.365225,   35.426577,       29.59,
 139.369730,   35.426577,       30.07,
 139.374234,   35.426577,       30.55,
 139.378739,   35.426577,       31.03,
 139.383243,   35.426577,       31.51,
 139.387748,   35.426577,       32.00,
 139.392252,   35.426577,       32.49,
 139.396757,   35.426577,       32.98,
 139.401261,   35.426577,       33.47,
 139.405766,   35.426577,       33.97,
 139.410270,   35.426577,       34.47,
 139.414775,   35.426577,       34.97,
 139.419279,   35.426577,       35.48,
 139.423784,   35.426577,       35.46,
 139.428288,   35.426577,       33.82,
 139.432793,   35.426577,       32.59,
 139.437297,   35.426577,       32.42,
 139.441802,   35.426577,       32.72,
 139.446306,   35.426577,       33.03,
 139.450811,   35.426577,       33.37,
 139.455315,   35.426577,       33.73,
 139.459820,   35.426577,       34.12,
 139.464324,   35.426577,       34.53,
 139.468829,   35.426577,       34.98,
 139.473333,   35.426577,       35.45,
 139.477838,   35.426577,       35.96,
 139.482342,   35.426577,       36.51,
 139.486847,   35.426577,       37.10,
 139.491351,   35.426577,       37.75,
 139.495856,   35.426577,       38.46,
 139.500360,   35.426577,       39.24,
 139.504865,   35.426577,       40.09,
 139.509369,   35.426577,       40.99,
 139.513874,   35.426577,       41.92,
 139.518378,   35.426577,       42.90,
 139.522883,   35.426577,       43.91,
 139.527387,   35.426577,       44.97,
 139.531892,   35.426577,       46.08,
 139.536396,   35.426577,       47.24,
 139.540901,   35.426577,       48.45,
 139.545405,   35.426577,       49.74,
 139.549910,   35.426577,       51.10,
 139.554414,   35.426577,       52.53,
 139.558919,   35.426577,       54.05,
 139.563423,   35.426577,       55.57,
 139.567928,   35.426577,       57.06,
 139.572432,   35.426577,       58.44,
 139.576937,   35.426577,       59.59,
 139.581441,   35.426577,       60.70,
 139.585946,   35.426577,       61.85,
 139.590450,   35.426577,       63.06,
 139.594955,   35.426577,       64.34,
 139.599459,   35.426577,       65.68,
 139.603964,   35.426577,       67.11,
 139.608468,   35.426577,       68.65,
 139.612973,   35.426577,       70.30,
 139.617477,   35.426577,       72.07,
 139.621982,   35.426577,       73.91,
 139.626486,   35.426577,       75.83,
 139.630991,   35.426577,       77.85,
 139.635495,   35.426577,       79.99,
 139.640000,   35.426577,       81.80,
 139.644505,   35.426577,       81.41,
 139.649009,   35.426577,       78.75,
 139.653514,   35.426577,       78.09,
 139.658018,   35.426577,       77.67,
 139.662523,   35.426577,       77.60,
 139.667027,   35.426577,       77.92,
 139.671532,   35.426577,       78.41,
 139.676036,   35.426577,       79.02,
 139.680541,   35.426577,       78.76,
 139.685045,   35.426577,       74.23,
 139.689550,   35.426577,       69.77,
 139.694054,   35.426577,       65.82,
 139.698559,   35.426577,       62.45,
 139.703063,   35.426577,       59.79,
 139.707568,   35.426577,       57.77,
 139.712072,   35.426577,       56.67,
 139.716577,   35.426577,       55.61,
 139.721081,   35.426577,       55.49,
 139.725586,   35.426577,       55.76,
 139.730090,   35.426577,       55.95,
 139.734595,   35.426577,       56.15,
 139.739099,   35.426577,       56.51,
 139.743604,   35.426577,       56.80,
 139.748108,   35.426577,       56.95,
 139.752613,   35.426577,       57.31,
 139.757117,   35.426577,       57.56,
 139.761622,   35.426577,       57.69,
 139.766126,   35.426577,       57.79,
 139.770631,   35.426577,       57.86,
 139.775135,   35.426577,       57.92,
 139.779640,   35.426577,       57.96,
 139.784144,   35.426577,       57.98,
 139.788649,   35.426577,       58.13,
 139.793153,   35.426577,       58.28,
 139.797658,   35.426577,       58.44,
 139.802162,   35.426577,       58.65,
 139.806667,   35.426577,       58.89,
 139.811171,   35.426577,       59.14,
 139.815676,   35.426577,       59.40,
 139.820180,   35.426577,       59.66,
 139.824685,   35.426577,       59.90,
 139.829189,   35.426577,       60.12,
 139.833694,   35.426577,       60.33,
 139.838198,   35.426577,       60.52,
 139.842703,   35.426577,       60.70,
 139.847207,   35.426577,       60.82,
 139.851712,   35.426577,       61.03,
 139.856216,   35.426577,       61.23,
 139.860721,   35.426577,       61.75,
 139.865225,   35.426577,       62.44,
 139.869730,   35.426577,       63.57,
 139.874234,   35.426577,       65.04,
 139.878739,   35.426577,       66.91,
 139.883243,   35.426577,       68.70,
 139.887748,   35.426577,       70.31,
 139.892252,   35.426577,       71.71,
 139.896757,   35.426577,       73.00,
 139.901261,   35.426577,       74.39,
 139.905766,   35.426577,       75.45,
 139.910270,   35.426577,       76.05,
 139.914775,   35.426577,       76.47,
 139.919279,   35.426577,       76.78,
 139.923784,   35.426577,       77.01,
 139.928288,   35.426577,       77.20,
 139.932793,   35.426577,       77.30,
 139.937297,   35.426577,       77.19,
 139.941802,   35.426577,       77.02,
 139.946306,   35.426577,       76.76,
 139.950811,   35.426577,       76.46,
 139.955315,   35.426577,       76.13,
 139.959820,   35.426577,       75.77,
 139.964324,   35.426577,       75.41,
 139.968829,   35.426577,       75.03,
 139.973333,   35.426577,       74.64,
 139.977838,   35.426577,       74.24,
 139.982342,   35.426577,       73.81,
 139.986847,   35.426577,       73.38,
 139.991351,   35.426577,       72.97,
 139.995856,   35.426577,       72.58,
 140.000360,   35.426577,       72.21,
 140.004865,   35.426577,       71.85,
 140.009369,   35.426577,       71.52,
 140.013874,   35.426577,       71.20,
 140.018378,   35.426577,       70.90,
 140.022883,   35.426577,       70.61,
 140.027387,   35.426577,       70.33,
 140.031892,   35.426577,       70.06,
 140.036396,   35.426577,       69.79,
 140.040901,   35.426577,       69.53,
 140.045405,   35.426577,       69.27,
 140.049910,   35.426577,       69.02,
 140.054414,   35.426577,       68.77,
 140.058919,   35.426577,       68.53,
 140.063423,   35.426577,       68.29,
 140.067928,   35.426577,       68.05,
 140.072432,   35.426577,       67.82,
 140.076937,   35.426577,       67.59,
 140.081441,   35.426577,       67.36,
 140.085946,   35.426577,       67.13,
 140.090450,   35.426577,       66.91,
 140.094955,   35.426577,       66.68,
 140.099459,   35.426577,       66.45,
 140.103964,   35.426577,       66.22,
 140.108468,   35.426577,       65.99,
 140.112973,   35.426577,       65.74,
 140.117477,   35.426577,       65.49,
 140.121982,   35.426577,       65.22,
 140.126486,   35.426577,       64.95,
 140.130991,   35.426577,       64.68,
 140.135495,   35.426577,       64.40,
 140.140000,   35.426577,       64.10,
 140.144505,   35.426577,       63.79,
 140.149009,   35.426577,       63.47,
 140.153514,   35.426577,       63.15,
 140.158018,   35.426577,       62.81,
 140.162523,   35.426577,       62.47,
 140.167027,   35.426577,       62.13,
 140.171532,   35.426577,       61.78,
 140.176036,   35.426577,       61.42,
 140.180541,   35.426577,       61.07,
 140.185045,   35.426577,       60.70,
 140.189550,   35.426577,       60.34,
 140.194054,   35.426577,       59.97,
 140.198559,   35.426577,       59.59,
 140.203063,   35.426577,       59.22,
 140.207568,   35.426577,       58.83,
 140.212072,   35.426577,       58.44,
 140.216577,   35.426577,       58.05,
 140.221081,   35.426577,       57.65,
 140.225586,   35.426577,       57.25,
 140.230090,   35.426577,       56.96,
 140.234595,   35.426577,       56.72,
 140.239099,   35.426577,       56.48,
 140.243604,   35.426577,       56.25,
 140.248108,   35.426577,       56.01,
 140.252613,   35.426577,       55.78,
 140.257117,   35.426577,       55.54,
 140.261622,   35.426577,       55.30,
 140.266126,   35.426577,       55.07,
 140.270631,   35.426577,       54.83,
 140.275135,   35.426577,       54.59,
 140.279640,   35.426577,       54.36,
 140.284144,   35.426577,       54.12,
 140.288649,   35.426577,       53.88,
 140.293153,   35.426577,       53.65,
 140.297658,   35.426577,       53.41,
 140.302162,   35.426577,       53.17,
 140.306667,   35.426577,       52.94,
 140.311171,   35.426577,       52.70,
 140.315676,   35.426577,       52.46,
 140.320180,   35.426577,       52.23,
 140.324685,   35.426577,       51.99,
 140.329189,   35.426577,       51.75,
 140.333694,   35.426577,       51.52,
 140.338198,   35.426577,       51.28,
 140.342703,   35.426577,       51.04,
 140.347207,   35.426577,       50.81,
 140.351712,   35.426577,       50.57,
 140.356216,   35.426577,       50.33,
 140.360721,   35.426577,       50.10,
 140.365225,   35.426577,       49.86,
 140.369730,   35.426577,       49.62,
 140.374234,   35.426577,       49.39,
 140.378739,   35.426577,       49.15,
 140.383243,   35.426577,       48.91,
 140.387748,   35.426577,       48.68,
 139.140000,   35.431081,        9.13,
 139.144505,   35.431081,        9.48,
 139.149009,   35.431081,        9.83,
 139.153514,   35.431081,       10.18,
 139.158018,   35.431081,       10.54,
 139.162523,   35.431081,       10.90,
 139.167027,   35.431081,       11.26,
 139.171532,   35.431081,       11.63,
 139.176036,   35.431081,       12.00,
 139.180541,   35.431081,       12.37,
 139.185045,   35.431081,       12.74,
 139.189550,   35.431081,       13.11,
 139.194054,   35.431081,       13.49,
 139.198559,   35.431081,       13.87,
 139.203063,   35.431081,       14.25,
 139.207568,   35.431081,       14.64,
 139.212072,   35.431081,       15.03,
 139.216577,   35.431081,       15.42,
 139.221081,   35.431081,       15.81,
 139.225586,   35.431081,       16.20,
 139.230090,   35.431081,       16.60,
 139.234595,   35.431081,       17.00,
 139.239099,   35.431081,       17.41,
 139.243604,   35.431081,       17.81,
 139.248108,   35.431081,       18.22,
 139.252613,   35.431081,       18.63,
 139.257117,   35.431081,       19.04,
 139.261622,   35.431081,       19.46,
 139.266126,   35.431081,       19.87,
 139.270631,   35.431081,       20.29,
 139.275135,   35.431081,       20.72,
 139.279640,   35.431081,       21.14,
 139.284144,   35.431081,       21.57,
 139.288649,   35.431081,       22.00,
 139.293153,   35.431081,       22.43,
 139.297658,   35.431081,       22.87,
 139.302162,   35.431081,       23.31,
 139.306667,   35.431081,       23.75,
 139.311171,   35.431081,       24.19,
 139.315676,   35.431081,       24.64,
 139.320180,   35.431081,       25.08,
 139.324685,   35.431081,       25.53,
 139.329189,   35.431081,       25.99,
 139.333694,   35.431081,       26.44,
 139.338198,   35.431081,       26.90,
 139.342703,   35.431081,       27.36,
 139.347207,   35.431081,       27.82,
 139.351712,   35.431081,       28.29,
 139.356216,   35.431081,       28.76,
 139.360721,   35.431081,       29.23,
 139.365225,   35.431081,       29.70,
 139.369730,   35.431081,       30.18,
 139.374234,   35.431081,       30.66,
 139.378739,   35.431081,       31.14,
 139.383243,   35.431081,       31.62,
 139.387748,   35.431081,       32.10,
 139.392252,   35.431081,       32.59,
 139.396757,   35.431081,       33.08,
 139.401261,   35.431081,       33.58,
 139.405766,   35.431081,       34.07,
 139.410270,   35.431081,       34.57,
 139.414775,   35.431081,       35.07,
 139.419279,   35.431081,       35.57,
 139.423784,   35.431081,       36.08,
 139.428288,   35.431081,       36.59,
 139.432793,   35.431081,       35.51,
 139.437297,   35.431081,       34.08,
 139.441802,   35.431081,       33.31,
 139.446306,   35.431081,       33.57,
 139.450811,   35.431081,       33.90,
 139.455315,   35.431081,       34.25,
 139.459820,   35.431081,       34.63,
 139.464324,   35.431081,       35.02,
 139.468829,   35.431081,       35.45,
 139.473333,   35.431081,       35.90,
 139.477838,   35.431081,       36.38,
 139.482342,   35.431081,       36.90,
 139.486847,   35.431081,       37.46,
 139.491351,   35.431081,       38.06,
 139.495856,   35.431081,       38.71,
 139.500360,   35.431081,       39.41,
 139.504865,   35.431081,       40.19,
 139.509369,   35.431081,       41.04,
 139.513874,   35.431081,       41.95,
 139.518378,   35.431081,       42.90,
 139.522883,   35.431081,       43.90,
 139.527387,   35.431081,       44.93,
 139.531892,   35.431081,       46.01,
 139.536396,   35.431081,       47.14,
 139.540901,   35.431081,       48.32,
 139.545405,   35.431081,       49.56,
 139.549910,   35.431081,       50.87,
 139.554414,   35.431081,       52.24,
 139.558919,   35.431081,       53.70,
 139.563423,   35.431081,       55.25,
 139.567928,   35.431081,       56.84,
 139.572432,   35.431081,       58.41,
 139.576937,   35.431081,       59.90,
 139.581441,   35.431081,       61.17,
 139.585946,   35.431081,       62.29,
 139.590450,   35.431081,       63.47,
 139.594955,   35.431081,       64.70,
 139.599459,   35.431081,       66.00,
 139.603964,   35.431081,       67.37,
 139.608468,   35.431081,       68.84,
 139.612973,   35.431081,       70.42,
 139.617477,   35.431081,       72.12,
 139.621982,   35.431081,       73.90,
 139.626486,   35.431081,       75.72,
 139.630991,   35.431081,       77.62,
 139.635495,   35.431081,       79.59,
 139.640000,   35.431081,       81.19,
 139.644505,   35.431081,       81.01,
 139.649009,   35.431081,       78.80,
 139.653514,   35.431081,       78.31,
 139.658018,   35.431081,       78.02,
 139.662523,   35.431081,       78.04,
 139.667027,   35.431081,       78.47,
 139.671532,   35.431081,       79.20,
 139.676036,   35.431081,       80.20,
 139.680541,   35.431081,       79.38,
 139.685045,   35.431081,       74.61,
 139.689550,   35.431081,       70.43,
 139.694054,   35.431081,       67.07,
 139.698559,   35.431081,       64.15,
 139.703063,   35.431081,       61.60,
 139.707568,   35.431081,       59.31,
 139.712072,   35.431081,       58.09,
 139.716577,   35.431081,       56.97,
 139.721081,   35.431081,       56.14,
 139.725586,   35.431081,       56.33,
 139.730090,   35.431081,       56.35,
 139.734595,   35.431081,       56.44,
 139.739099,   35.431081,       56.64,
 139.743604,   35.431081,       56.81,
 139.748108,   35.431081,       56.92,
 139.752613,   35.431081,       57.07,
 139.757117,   35.431081,       57.24,
 139.761622,   35.431081,       57.32,
 139.766126,   35.431081,       57.32,
 139.770631,   35.431081,       57.40,
 139.775135,   35.431081,       57.48,
 139.779640,   35.431081,       57.52,
 139.784144,   35.431081,       57.60,
 139.788649,   35.431081,       57.73,
 139.793153,   35.431081,       57.87,
 139.797658,   35.431081,       57.98,
 139.802162,   35.431081,       58.18,
 139.806667,   35.431081,       58.48,
 139.811171,   35.431081,       58.75,
 139.815676,   35.431081,       58.99,
 139.820180,   35.431081,       59.22,
 139.824685,   35.431081,       59.47,
 139.829189,   35.431081,       59.73,
 139.833694,   35.431081,       59.95,
 139.838198,   35.431081,       60.17,
 139.842703,   35.431081,       60.42,
 139.847207,   35.431081,       60.66,
 139.851712,   35.431081,       60.84,
 139.856216,   35.431081,       61.12,
 139.860721,   35.431081,       61.68,
 139.865225,   35.431081,       62.50,
 139.869730,   35.431081,       63.60,
 139.874234,   35.431081,       65.11,
 139.878739,   35.431081,       67.04,
 139.883243,   35.431081,       69.09,
 139.887748,   35.431081,       70.76,
 139.892252,   35.431081,       72.30,
 139.896757,   35.431081,       73.79,
 139.901261,   35.431081,       75.07,
 139.905766,   35.431081,       76.11,
 139.910270,   35.431081,       76.56,
 139.914775,   35.431081,       76.89,
 139.919279,   35.431081,       77.13,
 139.923784,   35.431081,       77.32,
 139.928288,   35.431081,       77.47,
 139.932793,   35.431081,       77.59,
 139.937297,   35.431081,       77.59,
 139.941802,   35.431081,       77.43,
 139.946306,   35.431081,       77.25,
 139.950811,   35.431081,       77.01,
 139.955315,   35.431081,       76.73,
 139.959820,   35.431081,       76.42,
 139.964324,   35.431081,       76.09,
 139.968829,   35.431081,       75.74,
 139.973333,   35.431081,       75.38,
 139.977838,   35.431081,       75.00,
 139.982342,   35.431081,       74.59,
 139.986847,   35.431081,       74.17,
 139.991351,   35.431081,       73.75,
 139.995856,   35.431081,       73.36,
 140.000360,   35.431081,       73.00,
 140.004865,   35.431081,       72.64,
 140.009369,   35.431081,       72.31,
 140.013874,   35.431081,       72.00,
 140.018378,   35.431081,       71.70,
 140.022883,   35.431081,       71.41,
 140.027387,   35.431081,       71.14,
 140.031892,   35.431081,       70.87,
 140.036396,   35.431081,       70.61,
 140.040901,   35.431081,       70.35,
 140.045405,   35.431081,       70.10,
 140.049910,   35.431081,       69.86,
 140.054414,   35.431081,       69.62,
 140.058919,   35.431081,       69.38,
 140.063423,   35.431081,       69.14,
 140.067928,   35.431081,       68.91,
 140.072432,   35.431081,       68.68,
 140.076937,   35.431081,       68.46,
 140.081441,   35.431081,       68.23,
 140.085946,   35.431081,       68.01,
 140.090450,   35.431081,       67.79,
 140.094955,   35.431081,       67.57,
 140.099459,   35.431081,       67.34,
 140.103964,   35.431081,       67.11,
 140.108468,   35.431081,       66.88,
 140.112973,   35.431081,       66.63,
 140.117477,   35.431081,       66.38,
 140.121982,   35.431081,       66.11,
 140.126486,   35.431081,       65.84,
 140.130991,   35.431081,       65.56,
 140.135495,   35.431081,       65.28,
 140.140000,   35.431081,       64.97,
 140.144505,   35.431081,       64.66,
 140.149009,   35.431081,       64.33,
 140.153514,   35.431081,       64.00,
 140.158018,   35.431081,       63.66,
 140.162523,   35.431081,       63.31,
 140.167027,   35.431081,       62.96,
 140.171532,   35.431081,       62.61,
 140.176036,   35.431081,       62.24,
 140.180541,   35.431081,       61.88,
 140.185045,   35.431081,       61.51,
 140.189550,   35.431081,       61.14,
 140.194054,   35.431081,       60.76,
 140.198559,   35.431081,       60.38,
 140.203063,   35.431081,       60.00,
 140.207568,   35.431081,       59.61,
 140.212072,   35.431081,       59.21,
 140.216577,   35.431081,       58.81,
 140.221081,   35.431081,       58.40,
 140.225586,   35.431081,       58.06,
 140.230090,   35.431081,       57.82,
 140.234595,   35.431081,       57.58,
 140.239099,   35.431081,       57.35,
 140.243604,   35.431081,       57.11,
 140.248108,   35.431081,       56.87,
 140.252613,   35.431081,       56.64,
 140.257117,   35.431081,       56.40,
 140.261622,   35.431081,       56.16,
 140.266126,   35.431081,       55.93,
 140.270631,   35.431081,       55.69,
 140.275135,   35.431081,       55.46,
 140.279640,   35.431081,       55.22,
 140.284144,   35.431081,       54.98,
 140.288649,   35.431081,       54.75,
 140.293153,   35.431081,       54.51,
 140.297658,   35.431081,       54.27,
 140.302162,   35.431081,       54.04,
 140.306667,   35.431081,       53.80,
 140.311171,   35.431081,       53.56,
 140.315676,   35.431081,       53.33,
 140.320180,   35.431081,       53.09,
 140.324685,   35.431081,       52.85,
 140.329189,   35.431081,       52.62,
 140.333694,   35.431081,       52.38,
 140.338198,   35.431081,       52.14,
 140.342703,   35.431081,       51.91,
 140.347207,   35.431081,       51.67,
 140.351712,   35.431081,       51.43,
 140.356216,   35.431081,       51.20,
 140.360721,   35.431081,       50.96,
 140.365225,   35.431081,       50.72,
 140.369730,   35.431081,       50.49,
 140.374234,   35.431081,       50.25,
 140.378739,   35.431081,       50.01,
 140.383243,   35.431081,       49.78,
 140.387748,   35.431081,       49.54,
 139.140000,   35.435586,        9.29,
 139.144505,   35.435586,        9.64,
 139.149009,   35.435586,        9.99,
 139.153514,   35.435586,       10.34,
 139.158018,   35.435586,       10.70,
 139.162523,   35.435586,       11.06,
 139.167027,   35.435586,       11.42,
 139.171532,   35.435586,       11.78,
 139.176036,   35.435586,       12.15,
 139.180541,   35.435586,       12.52,
 139.185045,   35.435586,       12.89,
 139.189550,   35.435586,       13.26,
 139.194054,   35.435586,       13.64,
 139.198559,   35.435586,       14.02,
 139.203063,   35.435586,       14.40,
 139.207568,   35.435586,       14.78,
 139.212072,   35.435586,       15.17,
 139.216577,   35.435586,       15.56,
 139.221081,   35.435586,       15.95,
 139.225586,   35.435586,       16.35,
 139.230090,   35.435586,       16.74,
 139.234595,   35.435586,       17.14,
 139.239099,   35.435586,       17.54,
 139.243604,   35.435586,       17.95,
 139.248108,   35.435586,       18.35,
 139.252613,   35.435586,       18.76,
 139.257117,   35.435586,       19.18,
 139.261622,   35.435586,       19.59,
 139.266126,   35.435586,       20.01,
 139.270631,   35.435586,       20.43,
 139.275135,   35.435586,       20.85,
 139.279640,   35.435586,       21.27,
 139.284144,   35.435586,       21.70,
 139.288649,   35.435586,       22.13,
 139.293153,   35.435586,       22.56,
 139.297658,   35.435586,       22.99,
 139.302162,   35.435586,       23.43,
 139.306667,   35.435586,       23.87,
 139.311171,   35.435586,       24.31,
 139.315676,   35.435586,       24.76,
 139.320180,   35.435586,       25.20,
 139.324685,   35.435586,       25.65,
 139.329189,   35.435586,       26.10,
 139.333694,   35.435586,       26.56,
 139.338198,   35.435586,       27.02,
 139.342703,   35.435586,       27.48,
 139.347207,   35.435586,       27.94,
 139.351712,   35.435586,       28.40,
 139.356216,   35.435586,       28.87,
 139.360721,   35.435586,       29.34,
 139.365225,   35.435586,       29.81,
 139.369730,   35.435586,       30.28,
 139.374234,   35.435586,       30.76,
 139.378739,   35.435586,       31.24,
 139.383243,   35.435586,       31.72,
 139.387748,   35.435586,       32.21,
 139.392252,   35.435586,       32.69,
 139.396757,   35.435586,       33.18,
 139.401261,   35.435586,       33.68,
 139.405766,   35.435586,       34.17,
 139.410270,   35.435586,       34.67,
 139.414775,   35.435586,       35.17,
 139.419279,   35.435586,       35.67,
 139.423784,   35.435586,       36.17,
 139.428288,   35.435586,       36.68,
 139.432793,   35.435586,       37.19,
 139.437297,   35.435586,       37.23,
 139.441802,   35.435586,       35.68,
 139.446306,   35.435586,       34.54,
 139.450811,   35.435586,       34.42,
 139.455315,   35.435586,       34.76,
 139.459820,   35.435586,       35.12,
 139.464324,   35.435586,       35.50,
 139.468829,   35.435586,       35.91,
 139.473333,   35.435586,       36.34,
 139.477838,   35.435586,       36.80,
 139.482342,   35.435586,       37.29,
 139.486847,   35.435586,       37.82,
 139.491351,   35.435586,       38.38,
 139.495856,   35.435586,       38.99,
 139.500360,   35.435586,       39.64,
 139.504865,   35.435586,       40.35,
 139.509369,   35.435586,       41.12,
 139.513874,   35.435586,       41.97,
 139.518378,   35.435586,       42.89,
 139.522883,   35.435586,       43.86,
 139.527387,   35.435586,       44.87,
 139.531892,   35.435586,       45.92,
 139.536396,   35.435586,       47.02,
 139.540901,   35.435586,       48.17,
 139.545405,   35.435586,       49.37,
 139.549910,   35.435586,       50.63,
 139.554414,   35.435586,       51.96,
 139.558919,   35.435586,       53.37,
 139.563423,   35.435586,       54.85,
 139.567928,   35.435586,       56.43,
 139.572432,   35.435586,       58.07,
 139.576937,   35.435586,       59.72,
 139.581441,   35.435586,       61.31,
 139.585946,   35.435586,       62.72,
 139.590450,   35.435586,       63.87,
 139.594955,   35.435586,       65.06,
 139.599459,   35.435586,       66.31,
 139.603964,   35.435586,       67.63,
 139.608468,   35.435586,       69.04,
 139.612973,   35.435586,       70.53,
 139.617477,   35.435586,       72.15,
 139.621982,   35.435586,       73.87,
 139.626486,   35.435586,       75.64,
 139.630991,   35.435586,       77.43,
 139.635495,   35.435586,       79.25,
 139.640000,   35.435586,       80.72,
 139.644505,   35.435586,       80.55,
 139.649009,   35.435586,       78.78,
 139.653514,   35.435586,       78.38,
 139.658018,   35.435586,       78.18,
 139.662523,   35.435586,       78.25,
 139.667027,   35.435586,       78.73,
 139.671532,   35.435586,       79.47,
 139.676036,   35.435586,       80.04,
 139.680541,   35.435586,       78.59,
 139.685045,   35.435586,       74.77,
 139.689550,   35.435586,       71.23,
 139.694054,   35.435586,       68.58,
 139.698559,   35.435586,       66.00,
 139.703063,   35.435586,       63.50,
 139.707568,   35.435586,       61.29,
 139.712072,   35.435586,       59.50,
 139.716577,   35.435586,       58.42,
 139.721081,   35.435586,       57.48,
 139.725586,   35.435586,       57.20,
 139.730090,   35.435586,       57.00,
 139.734595,   35.435586,       56.74,
 139.739099,   35.435586,       56.92,
 139.743604,   35.435586,       57.01,
 139.748108,   35.435586,       56.97,
 139.752613,   35.435586,       56.99,
 139.757117,   35.435586,       57.08,
 139.761622,   35.435586,       57.15,
 139.766126,   35.435586,       57.20,
 139.770631,   35.435586,       57.19,
 139.775135,   35.435586,       57.18,
 139.779640,   35.435586,       57.17,
 139.784144,   35.435586,       57.23,
 139.788649,   35.435586,       57.39,
 139.793153,   35.435586,       57.53,
 139.797658,   35.435586,       57.65,
 139.802162,   35.435586,       57.87,
 139.806667,   35.435586,       58.18,
 139.811171,   35.435586,       58.45,
 139.815676,   35.435586,       58.66,
 139.820180,   35.435586,       58.84,
 139.824685,   35.435586,       59.17,
 139.829189,   35.435586,       59.48,
 139.833694,   35.435586,       59.76,
 139.838198,   35.435586,       60.05,
 139.842703,   35.435586,       60.30,
 139.847207,   35.435586,       60.55,
 139.851712,   35.435586,       60.93,
 139.856216,   35.435586,       61.35,
 139.860721,   35.435586,       61.94,
 139.865225,   35.435586,       62.75,
 139.869730,   35.435586,       63.84,
 139.874234,   35.435586,       65.34,
 139.878739,   35.435586,       67.30,
 139.883243,   35.435586,       69.68,
 139.887748,   35.435586,       71.70,
 139.892252,   35.435586,       73.29,
 139.896757,   35.435586,       74.94,
 139.901261,   35.435586,       76.15,
 139.905766,   35.435586,       77.32,
 139.910270,   35.435586,       77.32,
 139.914775,   35.435586,       77.41,
 139.919279,   35.435586,       77.54,
 139.923784,   35.435586,       77.67,
 139.928288,   35.435586,       77.78,
 139.932793,   35.435586,       77.87,
 139.937297,   35.435586,       77.94,
 139.941802,   35.435586,       77.84,
 139.946306,   35.435586,       77.65,
 139.950811,   35.435586,       77.49,
 139.955315,   35.435586,       77.28,
 139.959820,   35.435586,       77.03,
 139.964324,   35.435586,       76.74,
 139.968829,   35.435586,       76.43,
 139.973333,   35.435586,       76.09,
 139.977838,   35.435586,       75.74,
 139.982342,   35.435586,       75.36,
 139.986847,   35.435586,       74.95,
 139.991351,   35.435586,       74.53,
 139.995856,   35.435586,       74.14,
 140.000360,   35.435586,       73.78,
 140.004865,   35.435586,       73.43,
 140.009369,   35.435586,       73.09,
 140.013874,   35.435586,       72.78,
 140.018378,   35.435586,       72.49,
 140.022883,   35.435586,       72.21,
 140.027387,   35.435586,       71.94,
 140.031892,   35.435586,       71.68,
 140.036396,   35.435586,       71.43,
 140.040901,   35.435586,       71.18,
 140.045405,   35.435586,       70.93,
 140.049910,   35.435586,       70.69,
 140.054414,   35.435586,       70.46,
 140.058919,   35.435586,       70.22,
 140.063423,   35.435586,       69.99,
 140.067928,   35.435586,       69.77,
 140.072432,   35.435586,       69.55,
 140.076937,   35.435586,       69.33,
 140.081441,   35.435586,       69.11,
 140.085946,   35.435586,       68.89,
 140.090450,   35.435586,       68.68,
 140.094955,   35.435586,       68.45,
 140.099459,   35.435586,       68.23,
 140.103964,   35.435586,       68.01,
 140.108468,   35.435586,       67.77,
 140.112973,   35.435586,       67.53,
 140.117477,   35.435586,       67.27,
 140.121982,   35.435586,       67.00,
 140.126486,   35.435586,       66.72,
 140.130991,   35.435586,       66.45,
 140.135495,   35.435586,       66.15,
 140.140000,   35.435586,       65.84,
 140.144505,   35.435586,       65.52,
 140.149009,   35.435586,       65.19,
 140.153514,   35.435586,       64.85,
 140.158018,   35.435586,       64.50,
 140.162523,   35.435586,       64.15,
 140.167027,   35.435586,       63.79,
 140.171532,   35.435586,       63.43,
 140.176036,   35.435586,       63.06,
 140.180541,   35.435586,       62.69,
 140.185045,   35.435586,       62.31,
 140.189550,   35.435586,       61.94,
 140.194054,   35.435586,       61.55,
 140.198559,   35.435586,       61.16,
 140.203063,   35.435586,       60.77,
 140.207568,   35.435586,       60.37,
 140.212072,   35.435586,       59.97,
 140.216577,   35.435586,       59.56,
 140.221081,   35.435586,       59.15,
 140.225586,   35.435586,       58.92,
 140.230090,   35.435586,       58.68,
 140.234595,   35.435586,       58.45,
 140.239099,   35.435586,       58.21,
 140.243604,   35.435586,       57.97,
 140.248108,   35.435586,       57.74,
 140.252613,   35.435586,       57.50,
 140.257117,   35.435586,       57.26,
 140.261622,   35.435586,       57.03,
 140.266126,   35.435586,       56.79,
 140.270631,   35.435586,       56.55,
 140.275135,   35.435586,       56.32,
 140.279640,   35.435586,       56.08,
 140.284144,   35.435586,       55.84,
 140.288649,   35.435586,       55.61,
 140.293153,   35.435586,       55.37,
 140.297658,   35.435586,       55.13,
 140.302162,   35.435586,       54.90,
 140.306667,   35.435586,       54.66,
 140.311171,   35.435586,       54.42,
 140.315676,   35.435586,       54.19,
 140.320180,   35.435586,       53.95,
 140.324685,   35.435586,       53.72,
 140.329189,   35.435586,       53.48,
 140.333694,   35.435586,       53.24,
 140.338198,   35.435586,       53.01,
 140.342703,   35.435586,       52.77,
 140.347207,   35.435586,       52.53,
 140.351712,   35.435586,       52.29,
 140.356216,   35.435586,       52.06,
 140.360721,   35.435586,       51.82,
 140.365225,   35.435586,       51.58,
 140.369730,   35.435586,       51.35,
 140.374234,   35.435586,       51.11,
 140.378739,   35.435586,       50.87,
 140.383243,   35.435586,       50.64,
 140.387748,   35.435586,       50.40,
 139.140000,   35.440090,        9.45,
 139.144505,   35.440090,        9.79,
 139.149009,   35.440090,       10.14,
 139.153514,   35.440090,       10.50,
 139.158018,   35.440090,       10.85,
 139.162523,   35.440090,       11.21,
 139.167027,   35.440090,       11.57,
 139.171532,   35.440090,       11.93,
 139.176036,   35.440090,       12.30,
 139.180541,   35.440090,       12.67,
 139.185045,   35.440090,       13.04,
 139.189550,   35.440090,       13.41,
 139.194054,   35.440090,       13.79,
 139.198559,   35.440090,       14.16,
 139.203063,   35.440090,       14.54,
 139.207568,   35.440090,       14.93,
 139.212072,   35.440090,       15.31,
 139.216577,   35.440090,       15.70,
 139.221081,   35.440090,       16.09,
 139.225586,   35.440090,       16.48,
 139.230090,   35.440090,       16.88,
 139.234595,   35.440090,       17.28,
 139.239099,   35.440090,       17.68,
 139.243604,   35.440090,       18.08,
 139.248108,   35.440090,       18.49,
 139.252613,   35.440090,       18.90,
 139.257117,   35.440090,       19.31,
 139.261622,   35.440090,       19.72,
 139.266126,   35.440090,       20.14,
 139.270631,   35.440090,       20.55,
 139.275135,   35.440090,       20.97,
 139.279640,   35.440090,       21.40,
 139.284144,   35.440090,       21.82,
 139.288649,   35.440090,       22.25,
 139.293153,   35.440090,       22.68,
 139.297658,   35.440090,       23.12,
 139.302162,   35.440090,       23.55,
 139.306667,   35.440090,       23.99,
 139.311171,   35.440090,       24.43,
 139.315676,   35.440090,       24.87,
 139.320180,   35.440090,       25.32,
 139.324685,   35.440090,       25.77,
 139.329189,   35.440090,       26.22,
 139.333694,   35.440090,       26.67,
 139.338198,   35.440090,       27.13,
 139.342703,   35.440090,       27.59,
 139.347207,   35.440090,       28.05,
 139.351712,   35.440090,       28.51,
 139.356216,   35.440090,       28.98,
 139.360721,   35.440090,       29.44,
 139.365225,   35.440090,       29.92,
 139.369730,   35.440090,       30.39,
 139.374234,   35.440090,       30.87,
 139.378739,   35.440090,       31.34,
 139.383243,   35.440090,       31.82,
 139.387748,   35.440090,       32.31,
 139.392252,   35.440090,       32.79,
 139.396757,   35.440090,       33.28,
 139.401261,   35.440090,       33.77,
 139.405766,   35.440090,       34.27,
 139.410270,   35.440090,       34.76,
 139.414775,   35.440090,       35.26,
 139.419279,   35.440090,       35.76,
 139.423784,   35.440090,       36.27,
 139.428288,   35.440090,       36.77,
 139.432793,   35.440090,       37.28,
 139.437297,   35.440090,       37.79,
 139.441802,   35.440090,       38.31,
 139.446306,   35.440090,       37.33,
 139.450811,   35.440090,       35.99,
 139.455315,   35.440090,       35.29,
 139.459820,   35.440090,       35.59,
 139.464324,   35.440090,       35.96,
 139.468829,   35.440090,       36.36,
 139.473333,   35.440090,       36.77,
 139.477838,   35.440090,       37.22,
 139.482342,   35.440090,       37.69,
 139.486847,   35.440090,       38.19,
 139.491351,   35.440090,       38.72,
 139.495856,   35.440090,       39.29,
 139.500360,   35.440090,       39.91,
 139.504865,   35.440090,       40.56,
 139.509369,   35.440090,       41.28,
 139.513874,   35.440090,       42.05,
 139.518378,   35.440090,       42.89,
 139.522883,   35.440090,       43.81,
 139.527387,   35.440090,       44.79,
 139.531892,   35.440090,       45.82,
 139.536396,   35.440090,       46.89,
 139.540901,   35.440090,       48.01,
 139.545405,   35.440090,       49.18,
 139.549910,   35.440090,       50.40,
 139.554414,   35.440090,       51.68,
 139.558919,   35.440090,       53.04,
 139.563423,   35.440090,       54.46,
 139.567928,   35.440090,       55.97,
 139.572432,   35.440090,       57.57,
 139.576937,   35.440090,       59.26,
 139.581441,   35.440090,       60.98,
 139.585946,   35.440090,       62.66,
 139.590450,   35.440090,       64.20,
 139.594955,   35.440090,       65.42,
 139.599459,   35.440090,       66.62,
 139.603964,   35.440090,       67.89,
 139.608468,   35.440090,       69.24,
 139.612973,   35.440090,       70.66,
 139.617477,   35.440090,       72.19,
 139.621982,   35.440090,       73.84,
 139.626486,   35.440090,       75.57,
 139.630991,   35.440090,       77.27,
 139.635495,   35.440090,       78.95,
 139.640000,   35.440090,       80.33,
 139.644505,   35.440090,       80.06,
 139.649009,   35.440090,       78.73,
 139.653514,   35.440090,       78.38,
 139.658018,   35.440090,       78.19,
 139.662523,   35.440090,       78.28,
 139.667027,   35.440090,       78.75,
 139.671532,   35.440090,       79.29,
 139.676036,   35.440090,       79.39,
 139.680541,   35.440090,       77.97,
 139.685045,   35.440090,       75.23,
 139.689550,   35.440090,       73.06,
 139.694054,   35.440090,       70.65,
 139.698559,   35.440090,       68.20,
 139.703063,   35.440090,       65.77,
 139.707568,   35.440090,       63.54,
 139.712072,   35.440090,       61.42,
 139.716577,   35.440090,       60.12,
 139.721081,   35.440090,       58.87,
 139.725586,   35.440090,       58.52,
 139.730090,   35.440090,       58.22,
 139.734595,   35.440090,       57.77,
 139.739099,   35.440090,       57.48,
 139.743604,   35.440090,       57.43,
 139.748108,   35.440090,       57.26,
 139.752613,   35.440090,       56.96,
 139.757117,   35.440090,       57.08,
 139.761622,   35.440090,       57.10,
 139.766126,   35.440090,       57.10,
 139.770631,   35.440090,       57.08,
 139.775135,   35.440090,       57.04,
 139.779640,   35.440090,       57.00,
 139.784144,   35.440090,       56.99,
 139.788649,   35.440090,       57.14,
 139.793153,   35.440090,       57.29,
 139.797658,   35.440090,       57.47,
 139.802162,   35.440090,       57.72,
 139.806667,   35.440090,       57.97,
 139.811171,   35.440090,       58.22,
 139.815676,   35.440090,       58.47,
 139.820180,   35.440090,       58.74,
 139.824685,   35.440090,       59.03,
 139.829189,   35.440090,       59.34,
 139.833694,   35.440090,       59.65,
 139.838198,   35.440090,       59.95,
 139.842703,   35.440090,       60.33,
 139.847207,   35.440090,       60.73,
 139.851712,   35.440090,       61.17,
 139.856216,   35.440090,       61.63,
 139.860721,   35.440090,       62.24,
 139.865225,   35.440090,       63.02,
 139.869730,   35.440090,       64.05,
 139.874234,   35.440090,       65.52,
 139.878739,   35.440090,       67.50,
 139.883243,   35.440090,       69.89,
 139.887748,   35.440090,       72.23,
 139.892252,   35.440090,       74.12,
 139.896757,   35.440090,       75.65,
 139.901261,   35.440090,       76.64,
 139.905766,   35.440090,       77.54,
 139.910270,   35.440090,       77.84,
 139.914775,   35.440090,       78.01,
 139.919279,   35.440090,       77.99,
 139.923784,   35.440090,       78.04,
 139.928288,   35.440090,       78.10,
 139.932793,   35.440090,       78.15,
 139.937297,   35.440090,       78.20,
 139.941802,   35.440090,       78.25,
 139.946306,   35.440090,       78.07,
 139.950811,   35.440090,       77.87,
 139.955315,   35.440090,       77.74,
 139.959820,   35.440090,       77.57,
 139.964324,   35.440090,       77.34,
 139.968829,   35.440090,       77.08,
 139.973333,   35.440090,       76.78,
 139.977838,   35.440090,       76.46,
 139.982342,   35.440090,       76.12,
 139.986847,   35.440090,       75.72,
 139.991351,   35.440090,       75.31,
 139.995856,   35.440090,       74.92,
 140.000360,   35.440090,       74.55,
 140.004865,   35.440090,       74.20,
 140.009369,   35.440090,       73.87,
 140.013874,   35.440090,       73.57,
 140.018378,   35.440090,       73.28,
 140.022883,   35.440090,       73.00,
 140.027387,   35.440090,       72.74,
 140.031892,   35.440090,       72.48,
 140.036396,   35.440090,       72.24,
 140.040901,   35.440090,       71.99,
 140.045405,   35.440090,       71.76,
 140.049910,   35.440090,       71.52,
 140.054414,   35.440090,       71.29,
 140.058919,   35.440090,       71.07,
 140.063423,   35.440090,       70.84,
 140.067928,   35.440090,       70.62,
 140.072432,   35.440090,       70.41,
 140.076937,   35.440090,       70.19,
 140.081441,   35.440090,       69.98,
 140.085946,   35.440090,       69.77,
 140.090450,   35.440090,       69.56,
 140.094955,   35.440090,       69.34,
 140.099459,   35.440090,       69.12,
 140.103964,   35.440090,       68.90,
 140.108468,   35.440090,       68.67,
 140.112973,   35.440090,       68.42,
 140.117477,   35.440090,       68.16,
 140.121982,   35.440090,       67.89,
 140.126486,   35.440090,       67.61,
 140.130991,   35.440090,       67.33,
 140.135495,   35.440090,       67.03,
 140.140000,   35.440090,       66.71,
 140.144505,   35.440090,       66.38,
 140.149009,   35.440090,       66.04,
 140.153514,   35.440090,       65.69,
 140.158018,   35.440090,       65.34,
 140.162523,   35.440090,       64.98,
 140.167027,   35.440090,       64.61,
 140.171532,   35.440090,       64.24,
 140.176036,   35.440090,       63.87,
 140.180541,   35.440090,       63.49,
 140.185045,   35.440090,       63.11,
 140.189550,   35.440090,       62.73,
 140.194054,   35.440090,       62.33,
 140.198559,   35.440090,       61.94,
 140.203063,   35.440090,       61.54,
 140.207568,   35.440090,       61.13,
 140.212072,   35.440090,       60.72,
 140.216577,   35.440090,       60.30,
 140.221081,   35.440090,       60.02,
 140.225586,   35.440090,       59.78,
 140.230090,   35.440090,       59.54,
 140.234595,   35.440090,       59.31,
 140.239099,   35.440090,       59.07,
 140.243604,   35.440090,       58.84,
 140.248108,   35.440090,       58.60,
 140.252613,   35.440090,       58.36,
 140.257117,   35.440090,       58.13,
 140.261622,   35.440090,       57.89,
 140.266126,   35.440090,       57.65,
 140.270631,   35.440090,       57.42,
 140.275135,   35.440090,       57.18,
 140.279640,   35.440090,       56.94,
 140.284144,   35.440090,       56.71,
 140.288649,   35.440090,       56.47,
 140.293153,   35.440090,       56.23,
 140.297658,   35.440090,       56.00,
 140.302162,   35.440090,       55.76,
 140.306667,   35.440090,       55.52,
 140.311171,   35.440090,       55.29,
 140.315676,   35.440090,       55.05,
 140.320180,   35.440090,       54.81,
 140.324685,   35.440090,       54.58,
 140.329189,   35.440090,       54.34,
 140.333694,   35.440090,       54.10,
 140.338198,   35.440090,       53.87,
 140.342703,   35.440090,       53.63,
 140.347207,   35.440090,       53.39,
 140.351712,   35.440090,       53.16,
 140.356216,   35.440090,       52.92,
 140.360721,   35.440090,       52.68,
 140.365225,   35.440090,       52.45,
 140.369730,   35.440090,       52.21,
 140.374234,   35.440090,       51.97,
 140.378739,   35.440090,       51.74,
 140.383243,   35.440090,       51.50,
 140.387748,   35.440090,       51.26,
 139.140000,   35.444595,        9.60,
 139.144505,   35.444595,        9.95,
 139.149009,   35.444595,       10.30,
 139.153514,   35.444595,       10.65,
 139.158018,   35.444595,       11.00,
 139.162523,   35.444595,       11.36,
 139.167027,   35.444595,       11.72,
 139.171532,   35.444595,       12.08,
 139.176036,   35.444595,       12.45,
 139.180541,   35.444595,       12.81,
 139.185045,   35.444595,       13.18,
 139.189550,   35.444595,       13.56,
 139.194054,   35.444595,       13.93,
 139.198559,   35.444595,       14.31,
 139.203063,   35.444595,       14.69,
 139.207568,   35.444595,       15.07,
 139.212072,   35.444595,       15.45,
 139.216577,   35.444595,       15.84,
 139.221081,   35.444595,       16.23,
 139.225586,   35.444595,       16.62,
 139.230090,   35.444595,       17.02,
 139.234595,   35.444595,       17.41,
 139.239099,   35.444595,       17.81,
 139.243604,   35.444595,       18.21,
 139.248108,   35.444595,       18.62,
 139.252613,   35.444595,       19.03,
 139.257117,   35.444595,       19.44,
 139.261622,   35.444595,       19.85,
 139.266126,   35.444595,       20.26,
 139.270631,   35.444595,       20.68,
 139.275135,   35.444595,       21.10,
 139.279640,   35.444595,       21.52,
 139.284144,   35.444595,       21.95,
 139.288649,   35.444595,       22.37,
 139.293153,   35.444595,       22.80,
 139.297658,   35.444595,       23.23,
 139.302162,   35.444595,       23.67,
 139.306667,   35.444595,       24.11,
 139.311171,   35.444595,       24.55,
 139.315676,   35.444595,       24.99,
 139.320180,   35.444595,       25.43,
 139.324685,   35.444595,       25.88,
 139.329189,   35.444595,       26.33,
 139.333694,   35.444595,       26.78,
 139.338198,   35.444595,       27.24,
 139.342703,   35.444595,       27.70,
 139.347207,   35.444595,       28.15,
 139.351712,   35.444595,       28.62,
 139.356216,   35.444595,       29.08,
 139.360721,   35.444595,       29.55,
 139.365225,   35.444595,       30.02,
 139.369730,   35.444595,       30.49,
 139.374234,   35.444595,       30.97,
 139.378739,   35.444595,       31.44,
 139.383243,   35.444595,       31.92,
 139.387748,   35.444595,       32.41,
 139.392252,   35.444595,       32.89,
 139.396757,   35.444595,       33.38,
 139.401261,   35.444595,       33.87,
 139.405766,   35.444595,       34.36,
 139.410270,   35.444595,       34.86,
 139.414775,   35.444595,       35.35,
 139.419279,   35.444595,       35.85,
 139.423784,   35.444595,       36.36,
 139.428288,   35.444595,       36.86,
 139.432793,   35.444595,       37.37,
 139.437297,   35.444595,       37.88,
 139.441802,   35.444595,       38.39,
 139.446306,   35.444595,       38.91,
 139.450811,   35.444595,       39.00,
 139.455315,   35.444595,       37.53,
 139.459820,   35.444595,       36.49,
 139.464324,   35.444595,       36.42,
 139.468829,   35.444595,       36.80,
 139.473333,   35.444595,       37.20,
 139.477838,   35.444595,       37.62,
 139.482342,   35.444595,       38.07,
 139.486847,   35.444595,       38.55,
 139.491351,   35.444595,       39.06,
 139.495856,   35.444595,       39.61,
 139.500360,   35.444595,       40.18,
 139.504865,   35.444595,       40.80,
 139.509369,   35.444595,       41.47,
 139.513874,   35.444595,       42.18,
 139.518378,   35.444595,       42.96,
 139.522883,   35.444595,       43.80,
 139.527387,   35.444595,       44.71,
 139.531892,   35.444595,       45.70,
 139.536396,   35.444595,       46.75,
 139.540901,   35.444595,       47.84,
 139.545405,   35.444595,       48.97,
 139.549910,   35.444595,       50.16,
 139.554414,   35.444595,       51.40,
 139.558919,   35.444595,       52.71,
 139.563423,   35.444595,       54.08,
 139.567928,   35.444595,       55.53,
 139.572432,   35.444595,       57.07,
 139.576937,   35.444595,       58.69,
 139.581441,   35.444595,       60.42,
 139.585946,   35.444595,       62.19,
 139.590450,   35.444595,       63.96,
 139.594955,   35.444595,       65.62,
 139.599459,   35.444595,       66.93,
 139.603964,   35.444595,       68.16,
 139.608468,   35.444595,       69.44,
 139.612973,   35.444595,       70.80,
 139.617477,   35.444595,       72.25,
 139.621982,   35.444595,       73.81,
 139.626486,   35.444595,       75.48,
 139.630991,   35.444595,       77.15,
 139.635495,   35.444595,       78.71,
 139.640000,   35.444595,       79.99,
 139.644505,   35.444595,       79.49,
 139.649009,   35.444595,       78.68,
 139.653514,   35.444595,       78.39,
 139.658018,   35.444595,       78.14,
 139.662523,   35.444595,       78.19,
 139.667027,   35.444595,       78.61,
 139.671532,   35.444595,       78.89,
 139.676036,   35.444595,       78.66,
 139.680541,   35.444595,       78.14,
 139.685045,   35.444595,       76.38,
 139.689550,   35.444595,       74.70,
 139.694054,   35.444595,       72.57,
 139.698559,   35.444595,       70.59,
 139.703063,   35.444595,       68.30,
 139.707568,   35.444595,       66.11,
 139.712072,   35.444595,       63.99,
 139.716577,   35.444595,       62.39,
 139.721081,   35.444595,       61.20,
 139.725586,   35.444595,       60.15,
 139.730090,   35.444595,       59.61,
 139.734595,   35.444595,       59.02,
 139.739099,   35.444595,       58.42,
 139.743604,   35.444595,       58.14,
 139.748108,   35.444595,       57.93,
 139.752613,   35.444595,       57.66,
 139.757117,   35.444595,       57.45,
 139.761622,   35.444595,       57.31,
 139.766126,   35.444595,       57.08,
 139.770631,   35.444595,       57.05,
 139.775135,   35.444595,       57.08,
 139.779640,   35.444595,       57.10,
 139.784144,   35.444595,       57.11,
 139.788649,   35.444595,       57.10,
 139.793153,   35.444595,       57.11,
 139.797658,   35.444595,       57.35,
 139.802162,   35.444595,       57.62,
 139.806667,   35.444595,       57.83,
 139.811171,   35.444595,       58.08,
 139.815676,   35.444595,       58.37,
 139.820180,   35.444595,       58.65,
 139.824685,   35.444595,       58.94,
 139.829189,   35.444595,       59.28,
 139.833694,   35.444595,       59.65,
 139.838198,   35.444595,       60.08,
 139.842703,   35.444595,       60.52,
 139.847207,   35.444595,       60.95,
 139.851712,   35.444595,       61.39,
 139.856216,   35.444595,       61.92,
 139.860721,   35.444595,       62.53,
 139.865225,   35.444595,       63.23,
 139.869730,   35.444595,       64.25,
 139.874234,   35.444595,       65.59,
 139.878739,   35.444595,       67.51,
 139.883243,   35.444595,       69.88,
 139.887748,   35.444595,       72.16,
 139.892252,   35.444595,       74.38,
 139.896757,   35.444595,       75.95,
 139.901261,   35.444595,       76.84,
 139.905766,   35.444595,       77.58,
 139.910270,   35.444595,       77.96,
 139.914775,   35.444595,       78.18,
 139.919279,   35.444595,       78.29,
 139.923784,   35.444595,       78.34,
 139.928288,   35.444595,       78.39,
 139.932793,   35.444595,       78.42,
 139.937297,   35.444595,       78.45,
 139.941802,   35.444595,       78.49,
 139.946306,   35.444595,       78.55,
 139.950811,   35.444595,       78.29,
 139.955315,   35.444595,       78.07,
 139.959820,   35.444595,       77.99,
 139.964324,   35.444595,       77.87,
 139.968829,   35.444595,       77.68,
 139.973333,   35.444595,       77.44,
 139.977838,   35.444595,       77.16,
 139.982342,   35.444595,       76.86,
 139.986847,   35.444595,       76.50,
 139.991351,   35.444595,       76.10,
 139.995856,   35.444595,       75.69,
 140.000360,   35.444595,       75.32,
 140.004865,   35.444595,       74.98,
 140.009369,   35.444595,       74.65,
 140.013874,   35.444595,       74.34,
 140.018378,   35.444595,       74.06,
 140.022883,   35.444595,       73.79,
 140.027387,   35.444595,       73.53,
 140.031892,   35.444595,       73.28,
 140.036396,   35.444595,       73.04,
 140.040901,   35.444595,       72.81,
 140.045405,   35.444595,       72.58,
 140.049910,   35.444595,       72.35,
 140.054414,   35.444595,       72.13,
 140.058919,   35.444595,       71.91,
 140.063423,   35.444595,       71.69,
 140.067928,   35.444595,       71.48,
 140.072432,   35.444595,       71.27,
 140.076937,   35.444595,       71.06,
 140.081441,   35.444595,       70.86,
 140.085946,   35.444595,       70.65,
 140.090450,   35.444595,       70.44,
 140.094955,   35.444595,       70.23,
 140.099459,   35.444595,       70.01,
 140.103964,   35.444595,       69.80,
 140.108468,   35.444595,       69.56,
 140.112973,   35.444595,       69.31,
 140.117477,   35.444595,       69.05,
 140.121982,   35.444595,       68.77,
 140.126486,   35.444595,       68.49,
 140.130991,   35.444595,       68.21,
 140.135495,   35.444595,       67.90,
 140.140000,   35.444595,       67.57,
 140.144505,   35.444595,       67.23,
 140.149009,   35.444595,       66.88,
 140.153514,   35.444595,       66.53,
 140.158018,   35.444595,       66.17,
 140.162523,   35.444595,       65.80,
 140.167027,   35.444595,       65.43,
 140.171532,   35.444595,       65.06,
 140.176036,   35.444595,       64.68,
 140.180541,   35.444595,       64.29,
 140.185045,   35.444595,       63.90,
 140.189550,   35.444595,       63.51,
 140.194054,   35.444595,       63.11,
 140.198559,   35.444595,       62.71,
 140.203063,   35.444595,       62.30,
 140.207568,   35.444595,       61.88,
 140.212072,   35.444595,       61.46,
 140.216577,   35.444595,       61.12,
 140.221081,   35.444595,       60.88,
 140.225586,   35.444595,       60.64,
 140.230090,   35.444595,       60.41,
 140.234595,   35.444595,       60.17,
 140.239099,   35.444595,       59.93,
 140.243604,   35.444595,       59.70,
 140.248108,   35.444595,       59.46,
 140.252613,   35.444595,       59.22,
 140.257117,   35.444595,       58.99,
 140.261622,   35.444595,       58.75,
 140.266126,   35.444595,       58.52,
 140.270631,   35.444595,       58.28,
 140.275135,   35.444595,       58.04,
 140.279640,   35.444595,       57.81,
 140.284144,   35.444595,       57.57,
 140.288649,   35.444595,       57.33,
 140.293153,   35.444595,       57.10,
 140.297658,   35.444595,       56.86,
 140.302162,   35.444595,       56.62,
 140.306667,   35.444595,       56.39,
 140.311171,   35.444595,       56.15,
 140.315676,   35.444595,       55.91,
 140.320180,   35.444595,       55.68,
 140.324685,   35.444595,       55.44,
 140.329189,   35.444595,       55.20,
 140.333694,   35.444595,       54.97,
 140.338198,   35.444595,       54.73,
 140.342703,   35.444595,       54.49,
 140.347207,   35.444595,       54.26,
 140.351712,   35.444595,       54.02,
 140.356216,   35.444595,       53.78,
 140.360721,   35.444595,       53.55,
 140.365225,   35.444595,       53.31,
 140.369730,   35.444595,       53.07,
 140.374234,   35.444595,       52.84,
 140.378739,   35.444595,       52.60,
 140.383243,   35.444595,       52.36,
 140.387748,   35.444595,       52.13,
 139.140000,   35.449099,        9.76,
 139.144505,   35.449099,       10.10,
 139.149009,   35.449099,       10.45,
 139.153514,   35.449099,       10.80,
 139.158018,   35.449099,       11.15,
 139.162523,   35.449099,       11.51,
 139.167027,   35.449099,       11.87,
 139.171532,   35.449099,       12.23,
 139.176036,   35.449099,       12.59,
 139.180541,   35.449099,       12.96,
 139.185045,   35.449099,       13.33,
 139.189550,   35.449099,       13.70,
 139.194054,   35.449099,       14.07,
 139.198559,   35.449099,       14.45,
 139.203063,   35.449099,       14.83,
 139.207568,   35.449099,       15.21,
 139.212072,   35.449099,       15.59,
 139.216577,   35.449099,       15.98,
 139.221081,   35.449099,       16.36,
 139.225586,   35.449099,       16.75,
 139.230090,   35.449099,       17.15,
 139.234595,   35.449099,       17.54,
 139.239099,   35.449099,       17.94,
 139.243604,   35.449099,       18.34,
 139.248108,   35.449099,       18.75,
 139.252613,   35.449099,       19.15,
 139.257117,   35.449099,       19.56,
 139.261622,   35.449099,       19.97,
 139.266126,   35.449099,       20.39,
 139.270631,   35.449099,       20.80,
 139.275135,   35.449099,       21.22,
 139.279640,   35.449099,       21.64,
 139.284144,   35.449099,       22.07,
 139.288649,   35.449099,       22.49,
 139.293153,   35.449099,       22.92,
 139.297658,   35.449099,       23.35,
 139.302162,   35.449099,       23.79,
 139.306667,   35.449099,       24.22,
 139.311171,   35.449099,       24.66,
 139.315676,   35.449099,       25.10,
 139.320180,   35.449099,       25.55,
 139.324685,   35.449099,       25.99,
 139.329189,   35.449099,       26.44,
 139.333694,   35.449099,       26.89,
 139.338198,   35.449099,       27.35,
 139.342703,   35.449099,       27.80,
 139.347207,   35.449099,       28.26,
 139.351712,   35.449099,       28.72,
 139.356216,   35.449099,       29.19,
 139.360721,   35.449099,       29.65,
 139.365225,   35.449099,       30.12,
 139.369730,   35.449099,       30.59,
 139.374234,   35.449099,       31.07,
 139.378739,   35.449099,       31.54,
 139.383243,   35.449099,       32.02,
 139.387748,   35.449099,       32.50,
 139.392252,   35.449099,       32.99,
 139.396757,   35.449099,       33.47,
 139.401261,   35.449099,       33.96,
 139.405766,   35.449099,       34.45,
 139.410270,   35.449099,       34.95,
 139.414775,   35.449099,       35.44,
 139.419279,   35.449099,       35.94,
 139.423784,   35.449099,       36.44,
 139.428288,   35.449099,       36.95,
 139.432793,   35.449099,       37.45,
 139.437297,   35.449099,       37.96,
 139.441802,   35.449099,       38.47,
 139.446306,   35.449099,       38.99,
 139.450811,   35.449099,       39.50,
 139.455315,   35.449099,       40.02,
 139.459820,   35.449099,       39.13,
 139.464324,   35.449099,       37.88,
 139.468829,   35.449099,       37.27,
 139.473333,   35.449099,       37.61,
 139.477838,   35.449099,       38.02,
 139.482342,   35.449099,       38.46,
 139.486847,   35.449099,       38.92,
 139.491351,   35.449099,       39.40,
 139.495856,   35.449099,       39.92,
 139.500360,   35.449099,       40.47,
 139.504865,   35.449099,       41.06,
 139.509369,   35.449099,       41.68,
 139.513874,   35.449099,       42.35,
 139.518378,   35.449099,       43.07,
 139.522883,   35.449099,       43.85,
 139.527387,   35.449099,       44.69,
 139.531892,   35.449099,       45.60,
 139.536396,   35.449099,       46.60,
 139.540901,   35.449099,       47.65,
 139.545405,   35.449099,       48.76,
 139.549910,   35.449099,       49.91,
 139.554414,   35.449099,       51.12,
 139.558919,   35.449099,       52.38,
 139.563423,   35.449099,       53.71,
 139.567928,   35.449099,       55.10,
 139.572432,   35.449099,       56.58,
 139.576937,   35.449099,       58.13,
 139.581441,   35.449099,       59.78,
 139.585946,   35.449099,       61.54,
 139.590450,   35.449099,       63.37,
 139.594955,   35.449099,       65.21,
 139.599459,   35.449099,       66.98,
 139.603964,   35.449099,       68.42,
 139.608468,   35.449099,       69.65,
 139.612973,   35.449099,       70.95,
 139.617477,   35.449099,       72.33,
 139.621982,   35.449099,       73.80,
 139.626486,   35.449099,       75.40,
 139.630991,   35.449099,       77.05,
 139.635495,   35.449099,       78.53,
 139.640000,   35.449099,       79.66,
 139.644505,   35.449099,       78.95,
 139.649009,   35.449099,       78.58,
 139.653514,   35.449099,       78.34,
 139.658018,   35.449099,       78.26,
 139.662523,   35.449099,       78.30,
 139.667027,   35.449099,       78.53,
 139.671532,   35.449099,       78.77,
 139.676036,   35.449099,       78.75,
 139.680541,   35.449099,       78.19,
 139.685045,   35.449099,       77.25,
 139.689550,   35.449099,       75.76,
 139.694054,   35.449099,       74.16,
 139.698559,   35.449099,       72.48,
 139.703063,   35.449099,       70.92,
 139.707568,   35.449099,       69.01,
 139.712072,   35.449099,       67.13,
 139.716577,   35.449099,       65.33,
 139.721081,   35.449099,       63.81,
 139.725586,   35.449099,       62.58,
 139.730090,   35.449099,       61.31,
 139.734595,   35.449099,       60.58,
 139.739099,   35.449099,       59.73,
 139.743604,   35.449099,       59.14,
 139.748108,   35.449099,       58.83,
 139.752613,   35.449099,       58.41,
 139.757117,   35.449099,       58.14,
 139.761622,   35.449099,       57.89,
 139.766126,   35.449099,       57.64,
 139.770631,   35.449099,       57.45,
 139.775135,   35.449099,       57.37,
 139.779640,   35.449099,       57.28,
 139.784144,   35.449099,       57.27,
 139.788649,   35.449099,       57.33,
 139.793153,   35.449099,       57.41,
 139.797658,   35.449099,       57.59,
 139.802162,   35.449099,       57.82,
 139.806667,   35.449099,       58.00,
 139.811171,   35.449099,       58.19,
 139.815676,   35.449099,       58.46,
 139.820180,   35.449099,       58.71,
 139.824685,   35.449099,       58.97,
 139.829189,   35.449099,       59.41,
 139.833694,   35.449099,       59.87,
 139.838198,   35.449099,       60.33,
 139.842703,   35.449099,       60.77,
 139.847207,   35.449099,       61.20,
 139.851712,   35.449099,       61.65,
 139.856216,   35.449099,       62.18,
 139.860721,   35.449099,       62.75,
 139.865225,   35.449099,       63.42,
 139.869730,   35.449099,       64.26,
 139.874234,   35.449099,       65.62,
 139.878739,   35.449099,       67.32,
 139.883243,   35.449099,       69.51,
 139.887748,   35.449099,       71.74,
 139.892252,   35.449099,       73.86,
 139.896757,   35.449099,       75.48,
 139.901261,   35.449099,       76.80,
 139.905766,   35.449099,       77.46,
 139.910270,   35.449099,       78.14,
 139.914775,   35.449099,       78.30,
 139.919279,   35.449099,       78.51,
 139.923784,   35.449099,       78.55,
 139.928288,   35.449099,       78.57,
 139.932793,   35.449099,       78.56,
 139.937297,   35.449099,       78.56,
 139.941802,   35.449099,       78.40,
 139.946306,   35.449099,       78.42,
 139.950811,   35.449099,       78.55,
 139.955315,   35.449099,       78.40,
 139.959820,   35.449099,       78.22,
 139.964324,   35.449099,       78.25,
 139.968829,   35.449099,       78.19,
 139.973333,   35.449099,       78.04,
 139.977838,   35.449099,       77.83,
 139.982342,   35.449099,       77.56,
 139.986847,   35.449099,       77.27,
 139.991351,   35.449099,       76.89,
 139.995856,   35.449099,       76.48,
 140.000360,   35.449099,       76.10,
 140.004865,   35.449099,       75.75,
 140.009369,   35.449099,       75.43,
 140.013874,   35.449099,       75.12,
 140.018378,   35.449099,       74.84,
 140.022883,   35.449099,       74.57,
 140.027387,   35.449099,       74.32,
 140.031892,   35.449099,       74.08,
 140.036396,   35.449099,       73.85,
 140.040901,   35.449099,       73.62,
 140.045405,   35.449099,       73.39,
 140.049910,   35.449099,       73.17,
 140.054414,   35.449099,       72.96,
 140.058919,   35.449099,       72.75,
 140.063423,   35.449099,       72.54,
 140.067928,   35.449099,       72.33,
 140.072432,   35.449099,       72.13,
 140.076937,   35.449099,       71.93,
 140.081441,   35.449099,       71.73,
 140.085946,   35.449099,       71.53,
 140.090450,   35.449099,       71.33,
 140.094955,   35.449099,       71.12,
 140.099459,   35.449099,       70.91,
 140.103964,   35.449099,       70.69,
 140.108468,   35.449099,       70.45,
 140.112973,   35.449099,       70.20,
 140.117477,   35.449099,       69.93,
 140.121982,   35.449099,       69.66,
 140.126486,   35.449099,       69.38,
 140.130991,   35.449099,       69.08,
 140.135495,   35.449099,       68.76,
 140.140000,   35.449099,       68.43,
 140.144505,   35.449099,       68.08,
 140.149009,   35.449099,       67.73,
 140.153514,   35.449099,       67.37,
 140.158018,   35.449099,       67.00,
 140.162523,   35.449099,       66.62,
 140.167027,   35.449099,       66.25,
 140.171532,   35.449099,       65.86,
 140.176036,   35.449099,       65.48,
 140.180541,   35.449099,       65.08,
 140.185045,   35.449099,       64.69,
 140.189550,   35.449099,       64.29,
 140.194054,   35.449099,       63.88,
 140.198559,   35.449099,       63.47,
 140.203063,   35.449099,       63.05,
 140.207568,   35.449099,       62.63,
 140.212072,   35.449099,       62.21,
 140.216577,   35.449099,       61.98,
 140.221081,   35.449099,       61.74,
 140.225586,   35.449099,       61.51,
 140.230090,   35.449099,       61.27,
 140.234595,   35.449099,       61.03,
 140.239099,   35.449099,       60.80,
 140.243604,   35.449099,       60.56,
 140.248108,   35.449099,       60.32,
 140.252613,   35.449099,       60.09,
 140.257117,   35.449099,       59.85,
 140.261622,   35.449099,       59.61,
 140.266126,   35.449099,       59.38,
 140.270631,   35.449099,       59.14,
 140.275135,   35.449099,       58.90,
 140.279640,   35.449099,       58.67,
 140.284144,   35.449099,       58.43,
 140.288649,   35.449099,       58.19,
 140.293153,   35.449099,       57.96,
 140.297658,   35.449099,       57.72,
 140.302162,   35.449099,       57.49,
 140.306667,   35.449099,       57.25,
 140.311171,   35.449099,       57.01,
 140.315676,   35.449099,       56.78,
 140.320180,   35.449099,       56.54,
 140.324685,   35.449099,       56.30,
 140.329189,   35.449099,       56.07,
 140.333694,   35.449099,       55.83,
 140.338198,   35.449099,       55.59,
 140.342703,   35.449099,       55.36,
 140.347207,   35.449099,       55.12,
 140.351712,   35.449099,       54.88,
 140.356216,   35.449099,       54.65,
 140.360721,   35.449099,       54.41,
 140.365225,   35.449099,       54.17,
 140.369730,   35.449099,       53.94,
 140.374234,   35.449099,       53.70,
 140.378739,   35.449099,       53.46,
 140.383243,   35.449099,       53.22,
 140.387748,   35.449099,       52.99,
 139.140000,   35.453604,        9.91,
 139.144505,   35.453604,       10.25,
 139.149009,   35.453604,       10.60,
 139.153514,   35.453604,       10.95,
 139.158018,   35.453604,       11.30,
 139.162523,   35.453604,       11.66,
 139.167027,   35.453604,       12.01,
 139.171532,   35.453604,       12.37,
 139.176036,   35.453604,       12.74,
 139.180541,   35.453604,       13.10,
 139.185045,   35.453604,       13.47,
 139.189550,   35.453604,       13.84,
 139.194054,   35.453604,       14.21,
 139.198559,   35.453604,       14.58,
 139.203063,   35.453604,       14.96,
 139.207568,   35.453604,       15.34,
 139.212072,   35.453604,       15.72,
 139.216577,   35.453604,       16.11,
 139.221081,   35.453604,       16.50,
 139.225586,   35.453604,       16.89,
 139.230090,   35.453604,       17.28,
 139.234595,   35.453604,       17.67,
 139.239099,   35.453604,       18.07,
 139.243604,   35.453604,       18.47,
 139.248108,   35.453604,       18.87,
 139.252613,   35.453604,       19.28,
 139.257117,   35.453604,       19.69,
 139.261622,   35.453604,       20.10,
 139.266126,   35.453604,       20.51,
 139.270631,   35.453604,       20.92,
 139.275135,   35.453604,       21.34,
 139.279640,   35.453604,       21.76,
 139.284144,   35.453604,       22.18,
 139.288649,   35.453604,       22.61,
 139.293153,   35.453604,       23.04,
 139.297658,   35.453604,       23.47,
 139.302162,   35.453604,       23.90,
 139.306667,   35.453604,       24.33,
 139.311171,   35.453604,       24.77,
 139.315676,   35.453604,       25.21,
 139.320180,   35.453604,       25.65,
 139.324685,   35.453604,       26.10,
 139.329189,   35.453604,       26.55,
 139.333694,   35.453604,       27.00,
 139.338198,   35.453604,       27.45,
 139.342703,   35.453604,       27.91,
 139.347207,   35.453604,       28.36,
 139.351712,   35.453604,       28.82,
 139.356216,   35.453604,       29.29,
 139.360721,   35.453604,       29.75,
 139.365225,   35.453604,       30.22,
 139.369730,   35.453604,       30.69,
 139.374234,   35.453604,       31.16,
 139.378739,   35.453604,       31.64,
 139.383243,   35.453604,       32.11,
 139.387748,   35.453604,       32.60,
 139.392252,   35.453604,       33.08,
 139.396757,   35.453604,       33.56,
 139.401261,   35.453604,       34.05,
 139.405766,   35.453604,       34.54,
 139.410270,   35.453604,       35.03,
 139.414775,   35.453604,       35.53,
 139.419279,   35.453604,       36.03,
 139.423784,   35.453604,       36.53,
 139.428288,   35.453604,       37.03,
 139.432793,   35.453604,       37.54,
 139.437297,   35.453604,       38.04,
 139.441802,   35.453604,       38.55,
 139.446306,   35.453604,       39.07,
 139.450811,   35.453604,       39.58,
 139.455315,   35.453604,       40.10,
 139.459820,   35.453604,       40.62,
 139.464324,   35.453604,       40.76,
 139.468829,   35.453604,       39.38,
 139.473333,   35.453604,       38.43,
 139.477838,   35.453604,       38.41,
 139.482342,   35.453604,       38.83,
 139.486847,   35.453604,       39.28,
 139.491351,   35.453604,       39.74,
 139.495856,   35.453604,       40.24,
 139.500360,   35.453604,       40.76,
 139.504865,   35.453604,       41.32,
 139.509369,   35.453604,       41.92,
 139.513874,   35.453604,       42.55,
 139.518378,   35.453604,       43.22,
 139.522883,   35.453604,       43.95,
 139.527387,   35.453604,       44.73,
 139.531892,   35.453604,       45.57,
 139.536396,   35.453604,       46.48,
 139.540901,   35.453604,       47.47,
 139.545405,   35.453604,       48.54,
 139.549910,   35.453604,       49.66,
 139.554414,   35.453604,       50.83,
 139.558919,   35.453604,       52.06,
 139.563423,   35.453604,       53.34,
 139.567928,   35.453604,       54.68,
 139.572432,   35.453604,       56.10,
 139.576937,   35.453604,       57.59,
 139.581441,   35.453604,       59.17,
 139.585946,   35.453604,       60.85,
 139.590450,   35.453604,       62.63,
 139.594955,   35.453604,       64.51,
 139.599459,   35.453604,       66.41,
 139.603964,   35.453604,       68.28,
 139.608468,   35.453604,       69.87,
 139.612973,   35.453604,       71.12,
 139.617477,   35.453604,       72.43,
 139.621982,   35.453604,       73.82,
 139.626486,   35.453604,       75.33,
 139.630991,   35.453604,       76.94,
 139.635495,   35.453604,       78.39,
 139.640000,   35.453604,       79.29,
 139.644505,   35.453604,       78.67,
 139.649009,   35.453604,       78.44,
 139.653514,   35.453604,       78.37,
 139.658018,   35.453604,       78.40,
 139.662523,   35.453604,       78.48,
 139.667027,   35.453604,       78.64,
 139.671532,   35.453604,       78.79,
 139.676036,   35.453604,       78.85,
 139.680541,   35.453604,       78.41,
 139.685045,   35.453604,       77.70,
 139.689550,   35.453604,       76.97,
 139.694054,   35.453604,       75.56,
 139.698559,   35.453604,       73.79,
 139.703063,   35.453604,       73.01,
 139.707568,   35.453604,       71.80,
 139.712072,   35.453604,       70.20,
 139.716577,   35.453604,       68.51,
 139.721081,   35.453604,       66.77,
 139.725586,   35.453604,       65.31,
 139.730090,   35.453604,       63.87,
 139.734595,   35.453604,       62.69,
 139.739099,   35.453604,       61.68,
 139.743604,   35.453604,       60.71,
 139.748108,   35.453604,       60.06,
 139.752613,   35.453604,       59.37,
 139.757117,   35.453604,       58.92,
 139.761622,   35.453604,       58.67,
 139.766126,   35.453604,       58.32,
 139.770631,   35.453604,       58.07,
 139.775135,   35.453604,       57.93,
 139.779640,   35.453604,       57.78,
 139.784144,   35.453604,       57.76,
 139.788649,   35.453604,       57.85,
 139.793153,   35.453604,       57.92,
 139.797658,   35.453604,       58.06,
 139.802162,   35.453604,       58.25,
 139.806667,   35.453604,       58.42,
 139.811171,   35.453604,       58.57,
 139.815676,   35.453604,       58.76,
 139.820180,   35.453604,       59.02,
 139.824685,   35.453604,       59.36,
 139.829189,   35.453604,       59.74,
 139.833694,   35.453604,       60.14,
 139.838198,   35.453604,       60.58,
 139.842703,   35.453604,       61.03,
 139.847207,   35.453604,       61.48,
 139.851712,   35.453604,       61.94,
 139.856216,   35.453604,       62.44,
 139.860721,   35.453604,       62.97,
 139.865225,   35.453604,       63.59,
 139.869730,   35.453604,       64.34,
 139.874234,   35.453604,       65.61,
 139.878739,   35.453604,       67.20,
 139.883243,   35.453604,       69.04,
 139.887748,   35.453604,       71.10,
 139.892252,   35.453604,       73.07,
 139.896757,   35.453604,       74.73,
 139.901261,   35.453604,       76.07,
 139.905766,   35.453604,       77.06,
 139.910270,   35.453604,       77.74,
 139.914775,   35.453604,       78.26,
 139.919279,   35.453604,       78.44,
 139.923784,   35.453604,       78.71,
 139.928288,   35.453604,       78.71,
 139.932793,   35.453604,       78.65,
 139.937297,   35.453604,       78.59,
 139.941802,   35.453604,       78.31,
 139.946306,   35.453604,       78.15,
 139.950811,   35.453604,       78.30,
 139.955315,   35.453604,       78.18,
 139.959820,   35.453604,       78.40,
 139.964324,   35.453604,       78.33,
 139.968829,   35.453604,       78.53,
 139.973333,   35.453604,       78.55,
 139.977838,   35.453604,       78.43,
 139.982342,   35.453604,       78.24,
 139.986847,   35.453604,       77.99,
 139.991351,   35.453604,       77.68,
 139.995856,   35.453604,       77.28,
 140.000360,   35.453604,       76.88,
 140.004865,   35.453604,       76.53,
 140.009369,   35.453604,       76.20,
 140.013874,   35.453604,       75.89,
 140.018378,   35.453604,       75.61,
 140.022883,   35.453604,       75.35,
 140.027387,   35.453604,       75.11,
 140.031892,   35.453604,       74.87,
 140.036396,   35.453604,       74.64,
 140.040901,   35.453604,       74.42,
 140.045405,   35.453604,       74.21,
 140.049910,   35.453604,       74.00,
 140.054414,   35.453604,       73.79,
 140.058919,   35.453604,       73.59,
 140.063423,   35.453604,       73.39,
 140.067928,   35.453604,       73.19,
 140.072432,   35.453604,       72.99,
 140.076937,   35.453604,       72.80,
 140.081441,   35.453604,       72.61,
 140.085946,   35.453604,       72.42,
 140.090450,   35.453604,       72.22,
 140.094955,   35.453604,       72.01,
 140.099459,   35.453604,       71.80,
 140.103964,   35.453604,       71.59,
 140.108468,   35.453604,       71.35,
 140.112973,   35.453604,       71.09,
 140.117477,   35.453604,       70.82,
 140.121982,   35.453604,       70.55,
 140.126486,   35.453604,       70.26,
 140.130991,   35.453604,       69.95,
 140.135495,   35.453604,       69.62,
 140.140000,   35.453604,       69.28,
 140.144505,   35.453604,       68.93,
 140.149009,   35.453604,       68.57,
 140.153514,   35.453604,       68.20,
 140.158018,   35.453604,       67.82,
 140.162523,   35.453604,       67.44,
 140.167027,   35.453604,       67.05,
 140.171532,   35.453604,       66.66,
 140.176036,   35.453604,       66.27,
 140.180541,   35.453604,       65.87,
 140.185045,   35.453604,       65.46,
 140.189550,   35.453604,       65.05,
 140.194054,   35.453604,       64.64,
 140.198559,   35.453604,       64.22,
 140.203063,   35.453604,       63.79,
 140.207568,   35.453604,       63.36,
 140.212072,   35.453604,       63.08,
 140.216577,   35.453604,       62.84,
 140.221081,   35.453604,       62.60,
 140.225586,   35.453604,       62.37,
 140.230090,   35.453604,       62.13,
 140.234595,   35.453604,       61.89,
 140.239099,   35.453604,       61.66,
 140.243604,   35.453604,       61.42,
 140.248108,   35.453604,       61.19,
 140.252613,   35.453604,       60.95,
 140.257117,   35.453604,       60.71,
 140.261622,   35.453604,       60.48,
 140.266126,   35.453604,       60.24,
 140.270631,   35.453604,       60.00,
 140.275135,   35.453604,       59.77,
 140.279640,   35.453604,       59.53,
 140.284144,   35.453604,       59.29,
 140.288649,   35.453604,       59.06,
 140.293153,   35.453604,       58.82,
 140.297658,   35.453604,       58.58,
 140.302162,   35.453604,       58.35,
 140.306667,   35.453604,       58.11,
 140.311171,   35.453604,       57.87,
 140.315676,   35.453604,       57.64,
 140.320180,   35.453604,       57.40,
 140.324685,   35.453604,       57.16,
 140.329189,   35.453604,       56.93,
 140.333694,   35.453604,       56.69,
 140.338198,   35.453604,       56.45,
 140.342703,   35.453604,       56.22,
 140.347207,   35.453604,       55.98,
 140.351712,   35.453604,       55.74,
 140.356216,   35.453604,       55.51,
 140.360721,   35.453604,       55.27,
 140.365225,   35.453604,       55.03,
 140.369730,   35.453604,       54.80,
 140.374234,   35.453604,       54.56,
 140.378739,   35.453604,       54.32,
 140.383243,   35.453604,       54.09,
 140.387748,   35.453604,       53.85,
 139.140000,   35.458108,       10.06,
 139.144505,   35.458108,       10.40,
 139.149009,   35.458108,       10.75,
 139.153514,   35.458108,       11.09,
 139.158018,   35.458108,       11.45,
 139.162523,   35.458108,       11.80,
 139.167027,   35.458108,       12.16,
 139.171532,   35.458108,       12.51,
 139.176036,   35.458108,       12.88,
 139.180541,   35.458108,       13.24,
 139.185045,   35.458108,       13.61,
 139.189550,   35.458108,       13.97,
 139.194054,   35.458108,       14.35,
 139.198559,   35.458108,       14.72,
 139.203063,   35.458108,       15.10,
 139.207568,   35.458108,       15.47,
 139.212072,   35.458108,       15.86,
 139.216577,   35.458108,       16.24,
 139.221081,   35.458108,       16.63,
 139.225586,   35.458108,       17.01,
 139.230090,   35.458108,       17.41,
 139.234595,   35.458108,       17.80,
 139.239099,   35.458108,       18.20,
 139.243604,   35.458108,       18.60,
 139.248108,   35.458108,       19.00,
 139.252613,   35.458108,       19.40,
 139.257117,   35.458108,       19.81,
 139.261622,   35.458108,       20.22,
 139.266126,   35.458108,       20.63,
 139.270631,   35.458108,       21.04,
 139.275135,   35.458108,       21.46,
 139.279640,   35.458108,       21.88,
 139.284144,   35.458108,       22.30,
 139.288649,   35.458108,       22.72,
 139.293153,   35.458108,       23.15,
 139.297658,   35.458108,       23.58,
 139.302162,   35.458108,       24.01,
 139.306667,   35.458108,       24.44,
 139.311171,   35.458108,       24.88,
 139.315676,   35.458108,       25.32,
 139.320180,   35.458108,       25.76,
 139.324685,   35.458108,       26.20,
 139.329189,   35.458108,       26.65,
 139.333694,   35.458108,       27.10,
 139.338198,   35.458108,       27.55,
 139.342703,   35.458108,       28.01,
 139.347207,   35.458108,       28.46,
 139.351712,   35.458108,       28.92,
 139.356216,   35.458108,       29.38,
 139.360721,   35.458108,       29.85,
 139.365225,   35.458108,       30.31,
 139.369730,   35.458108,       30.78,
 139.374234,   35.458108,       31.26,
 139.378739,   35.458108,       31.73,
 139.383243,   35.458108,       32.21,
 139.387748,   35.458108,       32.69,
 139.392252,   35.458108,       33.17,
 139.396757,   35.458108,       33.65,
 139.401261,   35.458108,       34.14,
 139.405766,   35.458108,       34.63,
 139.410270,   35.458108,       35.12,
 139.414775,   35.458108,       35.61,
 139.419279,   35.458108,       36.11,
 139.423784,   35.458108,       36.61,
 139.428288,   35.458108,       37.11,
 139.432793,   35.458108,       37.62,
 139.437297,   35.458108,       38.12,
 139.441802,   35.458108,       38.63,
 139.446306,   35.458108,       39.14,
 139.450811,   35.458108,       39.66,
 139.455315,   35.458108,       40.18,
 139.459820,   35.458108,       40.69,
 139.464324,   35.458108,       41.22,
 139.468829,   35.458108,       41.74,
 139.473333,   35.458108,       40.94,
 139.477838,   35.458108,       39.77,
 139.482342,   35.458108,       39.24,
 139.486847,   35.458108,       39.63,
 139.491351,   35.458108,       40.08,
 139.495856,   35.458108,       40.55,
 139.500360,   35.458108,       41.06,
 139.504865,   35.458108,       41.59,
 139.509369,   35.458108,       42.16,
 139.513874,   35.458108,       42.76,
 139.518378,   35.458108,       43.40,
 139.522883,   35.458108,       44.08,
 139.527387,   35.458108,       44.81,
 139.531892,   35.458108,       45.59,
 139.536396,   35.458108,       46.43,
 139.540901,   35.458108,       47.34,
 139.545405,   35.458108,       48.33,
 139.549910,   35.458108,       49.41,
 139.554414,   35.458108,       50.54,
 139.558919,   35.458108,       51.73,
 139.563423,   35.458108,       52.97,
 139.567928,   35.458108,       54.27,
 139.572432,   35.458108,       55.64,
 139.576937,   35.458108,       57.07,
 139.581441,   35.458108,       58.58,
 139.585946,   35.458108,       60.19,
 139.590450,   35.458108,       61.89,
 139.594955,   35.458108,       63.69,
 139.599459,   35.458108,       65.61,
 139.603964,   35.458108,       67.58,
 139.608468,   35.458108,       69.54,
 139.612973,   35.458108,       71.29,
 139.617477,   35.458108,       72.55,
 139.621982,   35.458108,       73.87,
 139.626486,   35.458108,       75.28,
 139.630991,   35.458108,       76.83,
 139.635495,   35.458108,       78.30,
 139.640000,   35.458108,       78.73,
 139.644505,   35.458108,       78.56,
 139.649009,   35.458108,       78.42,
 139.653514,   35.458108,       78.45,
 139.658018,   35.458108,       78.50,
 139.662523,   35.458108,       78.61,
 139.667027,   35.458108,       78.78,
 139.671532,   35.458108,       78.96,
 139.676036,   35.458108,       78.93,
 139.680541,   35.458108,       78.71,
 139.685045,   35.458108,       78.30,
 139.689550,   35.458108,       78.04,
 139.694054,   35.458108,       77.40,
 139.698559,   35.458108,       75.88,
 139.703063,   35.458108,       75.09,
 139.707568,   35.458108,       74.35,
 139.712072,   35.458108,       72.97,
 139.716577,   35.458108,       71.49,
 139.721081,   35.458108,       69.83,
 139.725586,   35.458108,       68.28,
 139.730090,   35.458108,       66.77,
 139.734595,   35.458108,       65.21,
 139.739099,   35.458108,       63.89,
 139.743604,   35.458108,       62.50,
 139.748108,   35.458108,       61.70,
 139.752613,   35.458108,       60.92,
 139.757117,   35.458108,       60.19,
 139.761622,   35.458108,       59.71,
 139.766126,   35.458108,       59.20,
 139.770631,   35.458108,       58.83,
 139.775135,   35.458108,       58.74,
 139.779640,   35.458108,       58.64,
 139.784144,   35.458108,       58.59,
 139.788649,   35.458108,       58.58,
 139.793153,   35.458108,       58.55,
 139.797658,   35.458108,       58.52,
 139.802162,   35.458108,       58.72,
 139.806667,   35.458108,       58.89,
 139.811171,   35.458108,       59.02,
 139.815676,   35.458108,       59.11,
 139.820180,   35.458108,       59.41,
 139.824685,   35.458108,       59.80,
 139.829189,   35.458108,       60.16,
 139.833694,   35.458108,       60.51,
 139.838198,   35.458108,       60.88,
 139.842703,   35.458108,       61.36,
 139.847207,   35.458108,       61.83,
 139.851712,   35.458108,       62.27,
 139.856216,   35.458108,       62.73,
 139.860721,   35.458108,       63.29,
 139.865225,   35.458108,       63.83,
 139.869730,   35.458108,       64.73,
 139.874234,   35.458108,       65.85,
 139.878739,   35.458108,       67.21,
 139.883243,   35.458108,       68.77,
 139.887748,   35.458108,       70.50,
 139.892252,   35.458108,       72.17,
 139.896757,   35.458108,       73.85,
 139.901261,   35.458108,       75.15,
 139.905766,   35.458108,       76.25,
 139.910270,   35.458108,       77.02,
 139.914775,   35.458108,       77.73,
 139.919279,   35.458108,       78.09,
 139.923784,   35.458108,       78.44,
 139.928288,   35.458108,       78.60,
 139.932793,   35.458108,       78.57,
 139.937297,   35.458108,       78.51,
 139.941802,   35.458108,       78.41,
 139.946306,   35.458108,       78.09,
 139.950811,   35.458108,       77.64,
 139.955315,   35.458108,       77.51,
 139.959820,   35.458108,       77.64,
 139.964324,   35.458108,       78.03,
 139.968829,   35.458108,       78.38,
 139.973333,   35.458108,       78.83,
 139.977838,   35.458108,       78.93,
 139.982342,   35.458108,       78.85,
 139.986847,   35.458108,       78.68,
 139.991351,   35.458108,       78.45,
 139.995856,   35.458108,       78.10,
 140.000360,   35.458108,       77.69,
 140.004865,   35.458108,       77.31,
 140.009369,   35.458108,       76.98,
 140.013874,   35.458108,       76.67,
 140.018378,   35.458108,       76.39,
 140.022883,   35.458108,       76.13,
 140.027387,   35.458108,       75.89,
 140.031892,   35.458108,       75.66,
 140.036396,   35.458108,       75.44,
 140.040901,   35.458108,       75.23,
 140.045405,   35.458108,       75.02,
 140.049910,   35.458108,       74.82,
 140.054414,   35.458108,       74.62,
 140.058919,   35.458108,       74.42,
 140.063423,   35.458108,       74.23,
 140.067928,   35.458108,       74.04,
 140.072432,   35.458108,       73.85,
 140.076937,   35.458108,       73.67,
 140.081441,   35.458108,       73.48,
 140.085946,   35.458108,       73.30,
 140.090450,   35.458108,       73.10,
 140.094955,   35.458108,       72.90,
 140.099459,   35.458108,       72.70,
 140.103964,   35.458108,       72.48,
 140.108468,   35.458108,       72.24,
 140.112973,   35.458108,       71.98,
 140.117477,   35.458108,       71.71,
 140.121982,   35.458108,       71.43,
 140.126486,   35.458108,       71.14,
 140.130991,   35.458108,       70.82,
 140.135495,   35.458108,       70.48,
 140.140000,   35.458108,       70.13,
 140.144505,   35.458108,       69.77,
 140.149009,   35.458108,       69.40,
 140.153514,   35.458108,       69.02,
 140.158018,   35.458108,       68.64,
 140.162523,   35.458108,       68.25,
 140.167027,   35.458108,       67.86,
 140.171532,   35.458108,       67.46,
 140.176036,   35.458108,       67.05,
 140.180541,   35.458108,       66.65,
 140.185045,   35.458108,       66.23,
 140.189550,   35.458108,       65.81,
 140.194054,   35.458108,       65.39,
 140.198559,   35.458108,       64.96,
 140.203063,   35.458108,       64.52,
 140.207568,   35.458108,       64.17,
 140.212072,   35.458108,       63.94,
 140.216577,   35.458108,       63.70,
 140.221081,   35.458108,       63.47,
 140.225586,   35.458108,       63.23,
 140.230090,   35.458108,       62.99,
 140.234595,   35.458108,       62.76,
 140.239099,   35.458108,       62.52,
 140.243604,   35.458108,       62.28,
 140.248108,   35.458108,       62.05,
 140.252613,   35.458108,       61.81,
 140.257117,   35.458108,       61.57,
 140.261622,   35.458108,       61.34,
 140.266126,   35.458108,       61.10,
 140.270631,   35.458108,       60.87,
 140.275135,   35.458108,       60.63,
 140.279640,   35.458108,       60.39,
 140.284144,   35.458108,       60.16,
 140.288649,   35.458108,       59.92,
 140.293153,   35.458108,       59.68,
 140.297658,   35.458108,       59.45,
 140.302162,   35.458108,       59.21,
 140.306667,   35.458108,       58.97,
 140.311171,   35.458108,       58.74,
 140.315676,   35.458108,       58.50,
 140.320180,   35.458108,       58.26,
 140.324685,   35.458108,       58.03,
 140.329189,   35.458108,       57.79,
 140.333694,   35.458108,       57.55,
 140.338198,   35.458108,       57.32,
 140.342703,   35.458108,       57.08,
 140.347207,   35.458108,       56.84,
 140.351712,   35.458108,       56.61,
 140.356216,   35.458108,       56.37,
 140.360721,   35.458108,       56.13,
 140.365225,   35.458108,       55.90,
 140.369730,   35.458108,       55.66,
 140.374234,   35.458108,       55.42,
 140.378739,   35.458108,       55.19,
 140.383243,   35.458108,       54.95,
 140.387748,   35.458108,       54.71,
 139.140000,   35.462613,       10.20,
 139.144505,   35.462613,       10.54,
 139.149009,   35.462613,       10.89,
 139.153514,   35.462613,       11.24,
 139.158018,   35.462613,       11.59,
 139.162523,   35.462613,       11.94,
 139.167027,   35.462613,       12.30,
 139.171532,   35.462613,       12.65,
 139.176036,   35.462613,       13.01,
 139.180541,   35.462613,       13.38,
 139.185045,   35.462613,       13.74,
 139.189550,   35.462613,       14.11,
 139.194054,   35.462613,       14.48,
 139.198559,   35.462613,       14.85,
 139.203063,   35.462613,       15.23,
 139.207568,   35.462613,       15.60,
 139.212072,   35.462613,       15.99,
 139.216577,   35.462613,       16.37,
 139.221081,   35.462613,       16.75,
 139.225586,   35.462613,       17.14,
 139.230090,   35.462613,       17.53,
 139.234595,   35.462613,       17.92,
 139.239099,   35.462613,       18.32,
 139.243604,   35.462613,       18.72,
 139.248108,   35.462613,       19.12,
 139.252613,   35.462613,       19.52,
 139.257117,   35.462613,       19.93,
 139.261622,   35.462613,       20.33,
 139.266126,   35.462613,       20.74,
 139.270631,   35.462613,       21.16,
 139.275135,   35.462613,       21.57,
 139.279640,   35.462613,       21.99,
 139.284144,   35.462613,       22.41,
 139.288649,   35.462613,       22.83,
 139.293153,   35.462613,       23.26,
 139.297658,   35.462613,       23.69,
 139.302162,   35.462613,       24.12,
 139.306667,   35.462613,       24.55,
 139.311171,   35.462613,       24.99,
 139.315676,   35.462613,       25.42,
 139.320180,   35.462613,       25.86,
 139.324685,   35.462613,       26.31,
 139.329189,   35.462613,       26.75,
 139.333694,   35.462613,       27.20,
 139.338198,   35.462613,       27.65,
 139.342703,   35.462613,       28.10,
 139.347207,   35.462613,       28.56,
 139.351712,   35.462613,       29.02,
 139.356216,   35.462613,       29.48,
 139.360721,   35.462613,       29.94,
 139.365225,   35.462613,       30.41,
 139.369730,   35.462613,       30.88,
 139.374234,   35.462613,       31.35,
 139.378739,   35.462613,       31.82,
 139.383243,   35.462613,       32.30,
 139.387748,   35.462613,       32.77,
 139.392252,   35.462613,       33.25,
 139.396757,   35.462613,       33.74,
 139.401261,   35.462613,       34.22,
 139.405766,   35.462613,       34.71,
 139.410270,   35.462613,       35.20,
 139.414775,   35.462613,       35.70,
 139.419279,   35.462613,       36.19,
 139.423784,   35.462613,       36.69,
 139.428288,   35.462613,       37.19,
 139.432793,   35.462613,       37.69,
 139.437297,   35.462613,       38.20,
 139.441802,   35.462613,       38.71,
 139.446306,   35.462613,       39.22,
 139.450811,   35.462613,       39.73,
 139.455315,   35.462613,       40.25,
 139.459820,   35.462613,       40.77,
 139.464324,   35.462613,       41.29,
 139.468829,   35.462613,       41.81,
 139.473333,   35.462613,       42.34,
 139.477838,   35.462613,       42.52,
 139.482342,   35.462613,       41.22,
 139.486847,   35.462613,       40.35,
 139.491351,   35.462613,       40.41,
 139.495856,   35.462613,       40.87,
 139.500360,   35.462613,       41.35,
 139.504865,   35.462613,       41.86,
 139.509369,   35.462613,       42.40,
 139.513874,   35.462613,       42.97,
 139.518378,   35.462613,       43.58,
 139.522883,   35.462613,       44.23,
 139.527387,   35.462613,       44.91,
 139.531892,   35.462613,       45.65,
 139.536396,   35.462613,       46.43,
 139.540901,   35.462613,       47.28,
 139.545405,   35.462613,       48.19,
 139.549910,   35.462613,       49.18,
 139.554414,   35.462613,       50.25,
 139.558919,   35.462613,       51.40,
 139.563423,   35.462613,       52.60,
 139.567928,   35.462613,       53.86,
 139.572432,   35.462613,       55.18,
 139.576937,   35.462613,       56.56,
 139.581441,   35.462613,       58.02,
 139.585946,   35.462613,       59.55,
 139.590450,   35.462613,       61.17,
 139.594955,   35.462613,       62.90,
 139.599459,   35.462613,       64.73,
 139.603964,   35.462613,       66.68,
 139.608468,   35.462613,       68.71,
 139.612973,   35.462613,       70.74,
 139.617477,   35.462613,       72.64,
 139.621982,   35.462613,       73.95,
 139.626486,   35.462613,       75.28,
 139.630991,   35.462613,       76.71,
 139.635495,   35.462613,       78.24,
 139.640000,   35.462613,       78.78,
 139.644505,   35.462613,       78.65,
 139.649009,   35.462613,       78.50,
 139.653514,   35.462613,       78.46,
 139.658018,   35.462613,       78.44,
 139.662523,   35.462613,       78.51,
 139.667027,   35.462613,       78.80,
 139.671532,   35.462613,       79.10,
 139.676036,   35.462613,       79.13,
 139.680541,   35.462613,       79.91,
 139.685045,   35.462613,       80.33,
 139.689550,   35.462613,       80.08,
 139.694054,   35.462613,       79.29,
 139.698559,   35.462613,       78.59,
 139.703063,   35.462613,       77.26,
 139.707568,   35.462613,       76.26,
 139.712072,   35.462613,       75.20,
 139.716577,   35.462613,       73.81,
 139.721081,   35.462613,       72.61,
 139.725586,   35.462613,       71.15,
 139.730090,   35.462613,       69.74,
 139.734595,   35.462613,       68.14,
 139.739099,   35.462613,       66.63,
 139.743604,   35.462613,       65.12,
 139.748108,   35.462613,       63.73,
 139.752613,   35.462613,       62.63,
 139.757117,   35.462613,       61.71,
 139.761622,   35.462613,       61.09,
 139.766126,   35.462613,       60.57,
 139.770631,   35.462613,       60.13,
 139.775135,   35.462613,       59.83,
 139.779640,   35.462613,       59.54,
 139.784144,   35.462613,       59.47,
 139.788649,   35.462613,       59.43,
 139.793153,   35.462613,       59.39,
 139.797658,   35.462613,       59.30,
 139.802162,   35.462613,       59.32,
 139.806667,   35.462613,       59.43,
 139.811171,   35.462613,       59.56,
 139.815676,   35.462613,       59.68,
 139.820180,   35.462613,       59.92,
 139.824685,   35.462613,       60.27,
 139.829189,   35.462613,       60.64,
 139.833694,   35.462613,       61.01,
 139.838198,   35.462613,       61.40,
 139.842703,   35.462613,       61.82,
 139.847207,   35.462613,       62.26,
 139.851712,   35.462613,       62.71,
 139.856216,   35.462613,       63.20,
 139.860721,   35.462613,       63.74,
 139.865225,   35.462613,       64.35,
 139.869730,   35.462613,       65.23,
 139.874234,   35.462613,       66.15,
 139.878739,   35.462613,       67.37,
 139.883243,   35.462613,       68.59,
 139.887748,   35.462613,       70.06,
 139.892252,   35.462613,       71.42,
 139.896757,   35.462613,       72.84,
 139.901261,   35.462613,       74.14,
 139.905766,   35.462613,       75.18,
 139.910270,   35.462613,       76.12,
 139.914775,   35.462613,       76.84,
 139.919279,   35.462613,       77.50,
 139.923784,   35.462613,       77.97,
 139.928288,   35.462613,       78.21,
 139.932793,   35.462613,       78.32,
 139.937297,   35.462613,       78.32,
 139.941802,   35.462613,       78.28,
 139.946306,   35.462613,       77.97,
 139.950811,   35.462613,       77.54,
 139.955315,   35.462613,       77.00,
 139.959820,   35.462613,       76.67,
 139.964324,   35.462613,       77.19,
 139.968829,   35.462613,       77.84,
 139.973333,   35.462613,       78.88,
 139.977838,   35.462613,       79.19,
 139.982342,   35.462613,       79.35,
 139.986847,   35.462613,       79.31,
 139.991351,   35.462613,       79.16,
 139.995856,   35.462613,       78.92,
 140.000360,   35.462613,       78.52,
 140.004865,   35.462613,       78.11,
 140.009369,   35.462613,       77.76,
 140.013874,   35.462613,       77.45,
 140.018378,   35.462613,       77.16,
 140.022883,   35.462613,       76.90,
 140.027387,   35.462613,       76.67,
 140.031892,   35.462613,       76.44,
 140.036396,   35.462613,       76.23,
 140.040901,   35.462613,       76.03,
 140.045405,   35.462613,       75.83,
 140.049910,   35.462613,       75.63,
 140.054414,   35.462613,       75.44,
 140.058919,   35.462613,       75.26,
 140.063423,   35.462613,       75.07,
 140.067928,   35.462613,       74.89,
 140.072432,   35.462613,       74.71,
 140.076937,   35.462613,       74.53,
 140.081441,   35.462613,       74.36,
 140.085946,   35.462613,       74.18,
 140.090450,   35.462613,       73.99,
 140.094955,   35.462613,       73.80,
 140.099459,   35.462613,       73.59,
 140.103964,   35.462613,       73.38,
 140.108468,   35.462613,       73.14,
 140.112973,   35.462613,       72.88,
 140.117477,   35.462613,       72.60,
 140.121982,   35.462613,       72.32,
 140.126486,   35.462613,       72.02,
 140.130991,   35.462613,       71.69,
 140.135495,   35.462613,       71.34,
 140.140000,   35.462613,       70.98,
 140.144505,   35.462613,       70.61,
 140.149009,   35.462613,       70.23,
 140.153514,   35.462613,       69.84,
 140.158018,   35.462613,       69.45,
 140.162523,   35.462613,       69.06,
 140.167027,   35.462613,       68.65,
 140.171532,   35.462613,       68.25,
 140.176036,   35.462613,       67.83,
 140.180541,   35.462613,       67.42,
 140.185045,   35.462613,       66.99,
 140.189550,   35.462613,       66.57,
 140.194054,   35.462613,       66.13,
 140.198559,   35.462613,       65.69,
 140.203063,   35.462613,       65.27,
 140.207568,   35.462613,       65.04,
 140.212072,   35.462613,       64.80,
 140.216577,   35.462613,       64.56,
 140.221081,   35.462613,       64.33,
 140.225586,   35.462613,       64.09,
 140.230090,   35.462613,       63.86,
 140.234595,   35.462613,       63.62,
 140.239099,   35.462613,       63.38,
 140.243604,   35.462613,       63.15,
 140.248108,   35.462613,       62.91,
 140.252613,   35.462613,       62.67,
 140.257117,   35.462613,       62.44,
 140.261622,   35.462613,       62.20,
 140.266126,   35.462613,       61.96,
 140.270631,   35.462613,       61.73,
 140.275135,   35.462613,       61.49,
 140.279640,   35.462613,       61.25,
 140.284144,   35.462613,       61.02,
 140.288649,   35.462613,       60.78,
 140.293153,   35.462613,       60.55,
 140.297658,   35.462613,       60.31,
 140.302162,   35.462613,       60.07,
 140.306667,   35.462613,       59.84,
 140.311171,   35.462613,       59.60,
 140.315676,   35.462613,       59.36,
 140.320180,   35.462613,       59.13,
 140.324685,   35.462613,       58.89,
 140.329189,   35.462613,       58.65,
 140.333694,   35.462613,       58.42,
 140.338198,   35.462613,       58.18,
 140.342703,   35.462613,       57.94,
 140.347207,   35.462613,       57.71,
 140.351712,   35.462613,       57.47,
 140.356216,   35.462613,       57.23,
 140.360721,   35.462613,       57.00,
 140.365225,   35.462613,       56.76,
 140.369730,   35.462613,       56.52,
 140.374234,   35.462613,       56.29,
 140.378739,   35.462613,       56.05,
 140.383243,   35.462613,       55.81,
 140.387748,   35.462613,       55.58,
 139.140000,   35.467117,       10.35,
 139.144505,   35.467117,       10.69,
 139.149009,   35.467117,       11.03,
 139.153514,   35.467117,       11.38,
 139.158018,   35.467117,       11.73,
 139.162523,   35.467117,       12.08,
 139.167027,   35.467117,       12.43,
 139.171532,   35.467117,       12.79,
 139.176036,   35.467117,       13.15,
 139.180541,   35.467117,       13.51,
 139.185045,   35.467117,       13.87,
 139.189550,   35.467117,       14.24,
 139.194054,   35.467117,       14.61,
 139.198559,   35.467117,       14.98,
 139.203063,   35.467117,       15.36,
 139.207568,   35.467117,       15.73,
 139.212072,   35.467117,       16.11,
 139.216577,   35.467117,       16.49,
 139.221081,   35.467117,       16.88,
 139.225586,   35.467117,       17.26,
 139.230090,   35.467117,       17.65,
 139.234595,   35.467117,       18.05,
 139.239099,   35.467117,       18.44,
 139.243604,   35.467117,       18.84,
 139.248108,   35.467117,       19.24,
 139.252613,   35.467117,       19.64,
 139.257117,   35.467117,       20.04,
 139.261622,   35.467117,       20.45,
 139.266126,   35.467117,       20.86,
 139.270631,   35.467117,       21.27,
 139.275135,   35.467117,       21.68,
 139.279640,   35.467117,       22.10,
 139.284144,   35.467117,       22.52,
 139.288649,   35.467117,       22.94,
 139.293153,   35.467117,       23.37,
 139.297658,   35.467117,       23.79,
 139.302162,   35.467117,       24.22,
 139.306667,   35.467117,       24.66,
 139.311171,   35.467117,       25.09,
 139.315676,   35.467117,       25.53,
 139.320180,   35.467117,       25.97,
 139.324685,   35.467117,       26.41,
 139.329189,   35.467117,       26.85,
 139.333694,   35.467117,       27.30,
 139.338198,   35.467117,       27.75,
 139.342703,   35.467117,       28.20,
 139.347207,   35.467117,       28.66,
 139.351712,   35.467117,       29.11,
 139.356216,   35.467117,       29.57,
 139.360721,   35.467117,       30.03,
 139.365225,   35.467117,       30.50,
 139.369730,   35.467117,       30.97,
 139.374234,   35.467117,       31.44,
 139.378739,   35.467117,       31.91,
 139.383243,   35.467117,       32.38,
 139.387748,   35.467117,       32.86,
 139.392252,   35.467117,       33.34,
 139.396757,   35.467117,       33.82,
 139.401261,   35.467117,       34.31,
 139.405766,   35.467117,       34.79,
 139.410270,   35.467117,       35.28,
 139.414775,   35.467117,       35.77,
 139.419279,   35.467117,       36.27,
 139.423784,   35.467117,       36.77,
 139.428288,   35.467117,       37.27,
 139.432793,   35.467117,       37.77,
 139.437297,   35.467117,       38.27,
 139.441802,   35.467117,       38.78,
 139.446306,   35.467117,       39.29,
 139.450811,   35.467117,       39.80,
 139.455315,   35.467117,       40.32,
 139.459820,   35.467117,       40.83,
 139.464324,   35.467117,       41.35,
 139.468829,   35.467117,       41.88,
 139.473333,   35.467117,       42.40,
 139.477838,   35.467117,       42.93,
 139.482342,   35.467117,       43.46,
 139.486847,   35.467117,       42.73,
 139.491351,   35.467117,       41.65,
 139.495856,   35.467117,       41.21,
 139.500360,   35.467117,       41.64,
 139.504865,   35.467117,       42.13,
 139.509369,   35.467117,       42.65,
 139.513874,   35.467117,       43.20,
 139.518378,   35.467117,       43.78,
 139.522883,   35.467117,       44.39,
 139.527387,   35.467117,       45.04,
 139.531892,   35.467117,       45.73,
 139.536396,   35.467117,       46.47,
 139.540901,   35.467117,       47.26,
 139.545405,   35.467117,       48.11,
 139.549910,   35.467117,       49.02,
 139.554414,   35.467117,       50.01,
 139.558919,   35.467117,       51.08,
 139.563423,   35.467117,       52.24,
 139.567928,   35.467117,       53.46,
 139.572432,   35.467117,       54.73,
 139.576937,   35.467117,       56.06,
 139.581441,   35.467117,       57.46,
 139.585946,   35.467117,       58.93,
 139.590450,   35.467117,       60.49,
 139.594955,   35.467117,       62.13,
 139.599459,   35.467117,       63.88,
 139.603964,   35.467117,       65.74,
 139.608468,   35.467117,       67.72,
 139.612973,   35.467117,       69.80,
 139.617477,   35.467117,       71.91,
 139.621982,   35.467117,       73.94,
 139.626486,   35.467117,       75.31,
 139.630991,   35.467117,       76.65,
 139.635495,   35.467117,       78.18,
 139.640000,   35.467117,       78.94,
 139.644505,   35.467117,       78.74,
 139.649009,   35.467117,       78.54,
 139.653514,   35.467117,       78.33,
 139.658018,   35.467117,       78.25,
 139.662523,   35.467117,       78.24,
 139.667027,   35.467117,       78.46,
 139.671532,   35.467117,       78.91,
 139.676036,   35.467117,       80.33,
 139.680541,   35.467117,       81.87,
 139.685045,   35.467117,       82.73,
 139.689550,   35.467117,       82.55,
 139.694054,   35.467117,       81.30,
 139.698559,   35.467117,       79.82,
 139.703063,   35.467117,       78.57,
 139.707568,   35.467117,       77.44,
 139.712072,   35.467117,       76.49,
 139.716577,   35.467117,       75.39,
 139.721081,   35.467117,       74.49,
 139.725586,   35.467117,       73.46,
 139.730090,   35.467117,       72.43,
 139.734595,   35.467117,       71.05,
 139.739099,   35.467117,       69.57,
 139.743604,   35.467117,       67.80,
 139.748108,   35.467117,       66.36,
 139.752613,   35.467117,       65.07,
 139.757117,   35.467117,       63.90,
 139.761622,   35.467117,       62.86,
 139.766126,   35.467117,       62.11,
 139.770631,   35.467117,       61.57,
 139.775135,   35.467117,       61.24,
 139.779640,   35.467117,       60.88,
 139.784144,   35.467117,       60.52,
 139.788649,   35.467117,       60.36,
 139.793153,   35.467117,       60.30,
 139.797658,   35.467117,       60.18,
 139.802162,   35.467117,       60.07,
 139.806667,   35.467117,       60.07,
 139.811171,   35.467117,       60.19,
 139.815676,   35.467117,       60.36,
 139.820180,   35.467117,       60.54,
 139.824685,   35.467117,       60.79,
 139.829189,   35.467117,       61.15,
 139.833694,   35.467117,       61.54,
 139.838198,   35.467117,       61.93,
 139.842703,   35.467117,       62.33,
 139.847207,   35.467117,       62.75,
 139.851712,   35.467117,       63.21,
 139.856216,   35.467117,       63.72,
 139.860721,   35.467117,       64.25,
 139.865225,   35.467117,       64.83,
 139.869730,   35.467117,       65.67,
 139.874234,   35.467117,       66.51,
 139.878739,   35.467117,       67.58,
 139.883243,   35.467117,       68.62,
 139.887748,   35.467117,       69.78,
 139.892252,   35.467117,       70.99,
 139.896757,   35.467117,       72.06,
 139.901261,   35.467117,       73.17,
 139.905766,   35.467117,       74.24,
 139.910270,   35.467117,       75.21,
 139.914775,   35.467117,       76.00,
 139.919279,   35.467117,       76.72,
 139.923784,   35.467117,       77.26,
 139.928288,   35.467117,       77.69,
 139.932793,   35.467117,       77.86,
 139.937297,   35.467117,       77.98,
 139.941802,   35.467117,       77.88,
 139.946306,   35.467117,       77.62,
 139.950811,   35.467117,       77.17,
 139.955315,   35.467117,       76.47,
 139.959820,   35.467117,       76.29,
 139.964324,   35.467117,       76.68,
 139.968829,   35.467117,       77.47,
 139.973333,   35.467117,       78.64,
 139.977838,   35.467117,       79.70,
 139.982342,   35.467117,       79.78,
 139.986847,   35.467117,       79.88,
 139.991351,   35.467117,       79.84,
 139.995856,   35.467117,       79.69,
 140.000360,   35.467117,       79.39,
 140.004865,   35.467117,       78.95,
 140.009369,   35.467117,       78.56,
 140.013874,   35.467117,       78.24,
 140.018378,   35.467117,       77.95,
 140.022883,   35.467117,       77.68,
 140.027387,   35.467117,       77.44,
 140.031892,   35.467117,       77.22,
 140.036396,   35.467117,       77.02,
 140.040901,   35.467117,       76.82,
 140.045405,   35.467117,       76.63,
 140.049910,   35.467117,       76.45,
 140.054414,   35.467117,       76.27,
 140.058919,   35.467117,       76.09,
 140.063423,   35.467117,       75.92,
 140.067928,   35.467117,       75.74,
 140.072432,   35.467117,       75.57,
 140.076937,   35.467117,       75.40,
 140.081441,   35.467117,       75.23,
 140.085946,   35.467117,       75.06,
 140.090450,   35.467117,       74.88,
 140.094955,   35.467117,       74.69,
 140.099459,   35.467117,       74.49,
 140.103964,   35.467117,       74.28,
 140.108468,   35.467117,       74.03,
 140.112973,   35.467117,       73.77,
 140.117477,   35.467117,       73.49,
 140.121982,   35.467117,       73.20,
 140.126486,   35.467117,       72.89,
 140.130991,   35.467117,       72.55,
 140.135495,   35.467117,       72.19,
 140.140000,   35.467117,       71.82,
 140.144505,   35.467117,       71.44,
 140.149009,   35.467117,       71.05,
 140.153514,   35.467117,       70.66,
 140.158018,   35.467117,       70.26,
 140.162523,   35.467117,       69.85,
 140.167027,   35.467117,       69.44,
 140.171532,   35.467117,       69.03,
 140.176036,   35.467117,       68.60,
 140.180541,   35.467117,       68.18,
 140.185045,   35.467117,       67.75,
 140.189550,   35.467117,       67.31,
 140.194054,   35.467117,       66.86,
 140.198559,   35.467117,       66.41,
 140.203063,   35.467117,       66.14,
 140.207568,   35.467117,       65.90,
 140.212072,   35.467117,       65.66,
 140.216577,   35.467117,       65.43,
 140.221081,   35.467117,       65.19,
 140.225586,   35.467117,       64.95,
 140.230090,   35.467117,       64.72,
 140.234595,   35.467117,       64.48,
 140.239099,   35.467117,       64.25,
 140.243604,   35.467117,       64.01,
 140.248108,   35.467117,       63.77,
 140.252613,   35.467117,       63.54,
 140.257117,   35.467117,       63.30,
 140.261622,   35.467117,       63.06,
 140.266126,   35.467117,       62.83,
 140.270631,   35.467117,       62.59,
 140.275135,   35.467117,       62.35,
 140.279640,   35.467117,       62.12,
 140.284144,   35.467117,       61.88,
 140.288649,   35.467117,       61.64,
 140.293153,   35.467117,       61.41,
 140.297658,   35.467117,       61.17,
 140.302162,   35.467117,       60.93,
 140.306667,   35.467117,       60.70,
 140.311171,   35.467117,       60.46,
 140.315676,   35.467117,       60.22,
 140.320180,   35.467117,       59.99,
 140.324685,   35.467117,       59.75,
 140.329189,   35.467117,       59.51,
 140.333694,   35.467117,       59.28,
 140.338198,   35.467117,       59.04,
 140.342703,   35.467117,       58.80,
 140.347207,   35.467117,       58.57,
 140.351712,   35.467117,       58.33,
 140.356216,   35.467117,       58.09,
 140.360721,   35.467117,       57.86,
 140.365225,   35.467117,       57.62,
 140.369730,   35.467117,       57.38,
 140.374234,   35.467117,       57.15,
 140.378739,   35.467117,       56.91,
 140.383243,   35.467117,       56.67,
 140.387748,   35.467117,       56.44,
 139.140000,   35.471622,       10.49,
 139.144505,   35.471622,       10.83,
 139.149009,   35.471622,       11.17,
 139.153514,   35.471622,       11.52,
 139.158018,   35.471622,       11.86,
 139.162523,   35.471622,       12.21,
 139.167027,   35.471622,       12.57,
 139.171532,   35.471622,       12.92,
 139.176036,   35.471622,       13.28,
 139.180541,   35.471622,       13.64,
 139.185045,   35.471622,       14.01,
 139.189550,   35.471622,       14.37,
 139.194054,   35.471622,       14.74,
 139.198559,   35.471622,       15.11,
 139.203063,   35.471622,       15.48,
 139.207568,   35.471622,       15.86,
 139.212072,   35.471622,       16.24,
 139.216577,   35.471622,       16.62,
 139.221081,   35.471622,       17.00,
 139.225586,   35.471622,       17.39,
 139.230090,   35.471622,       17.77,
 139.234595,   35.471622,       18.16,
 139.239099,   35.471622,       18.56,
 139.243604,   35.471622,       18.95,
 139.248108,   35.471622,       19.35,
 139.252613,   35.471622,       19.75,
 139.257117,   35.471622,       20.16,
 139.261622,   35.471622,       20.56,
 139.266126,   35.471622,       20.97,
 139.270631,   35.471622,       21.38,
 139.275135,   35.471622,       21.79,
 139.279640,   35.471622,       22.21,
 139.284144,   35.471622,       22.63,
 139.288649,   35.471622,       23.05,
 139.293153,   35.471622,       23.47,
 139.297658,   35.471622,       23.90,
 139.302162,   35.471622,       24.33,
 139.306667,   35.471622,       24.76,
 139.311171,   35.471622,       25.19,
 139.315676,   35.471622,       25.63,
 139.320180,   35.471622,       26.07,
 139.324685,   35.471622,       26.51,
 139.329189,   35.471622,       26.95,
 139.333694,   35.471622,       27.40,
 139.338198,   35.471622,       27.84,
 139.342703,   35.471622,       28.29,
 139.347207,   35.471622,       28.75,
 139.351712,   35.471622,       29.20,
 139.356216,   35.471622,       29.66,
 139.360721,   35.471622,       30.12,
 139.365225,   35.471622,       30.59,
 139.369730,   35.471622,       31.05,
 139.374234,   35.471622,       31.52,
 139.378739,   35.471622,       31.99,
 139.383243,   35.471622,       32.47,
 139.387748,   35.471622,       32.94,
 139.392252,   35.471622,       33.42,
 139.396757,   35.471622,       33.90,
 139.401261,   35.471622,       34.39,
 139.405766,   35.471622,       34.87,
 139.410270,   35.471622,       35.36,
 139.414775,   35.471622,       35.85,
 139.419279,   35.471622,       36.35,
 139.423784,   35.471622,       36.84,
 139.428288,   35.471622,       37.34,
 139.432793,   35.471622,       37.84,
 139.437297,   35.471622,       38.34,
 139.441802,   35.471622,       38.85,
 139.446306,   35.471622,       39.36,
 139.450811,   35.471622,       39.87,
 139.455315,   35.471622,       40.38,
 139.459820,   35.471622,       40.90,
 139.464324,   35.471622,       41.42,
 139.468829,   35.471622,       41.94,
 139.473333,   35.471622,       42.46,
 139.477838,   35.471622,       42.99,
 139.482342,   35.471622,       43.52,
 139.486847,   35.471622,       44.05,
 139.491351,   35.471622,       44.28,
 139.495856,   35.471622,       43.06,
 139.500360,   35.471622,       42.28,
 139.504865,   35.471622,       42.40,
 139.509369,   35.471622,       42.90,
 139.513874,   35.471622,       43.43,
 139.518378,   35.471622,       43.98,
 139.522883,   35.471622,       44.56,
 139.527387,   35.471622,       45.18,
 139.531892,   35.471622,       45.84,
 139.536396,   35.471622,       46.54,
 139.540901,   35.471622,       47.28,
 139.545405,   35.471622,       48.08,
 139.549910,   35.471622,       48.93,
 139.554414,   35.471622,       49.84,
 139.558919,   35.471622,       50.83,
 139.563423,   35.471622,       51.90,
 139.567928,   35.471622,       53.06,
 139.572432,   35.471622,       54.29,
 139.576937,   35.471622,       55.57,
 139.581441,   35.471622,       56.92,
 139.585946,   35.471622,       58.34,
 139.590450,   35.471622,       59.83,
 139.594955,   35.471622,       61.40,
 139.599459,   35.471622,       63.06,
 139.603964,   35.471622,       64.83,
 139.608468,   35.471622,       66.71,
 139.612973,   35.471622,       68.73,
 139.617477,   35.471622,       70.85,
 139.621982,   35.471622,       73.03,
 139.626486,   35.471622,       75.19,
 139.630991,   35.471622,       76.66,
 139.635495,   35.471622,       78.09,
 139.640000,   35.471622,       79.00,
 139.644505,   35.471622,       78.67,
 139.649009,   35.471622,       78.36,
 139.653514,   35.471622,       77.98,
 139.658018,   35.471622,       77.76,
 139.662523,   35.471622,       77.50,
 139.667027,   35.471622,       77.67,
 139.671532,   35.471622,       78.90,
 139.676036,   35.471622,       81.14,
 139.680541,   35.471622,       83.27,
 139.685045,   35.471622,       85.13,
 139.689550,   35.471622,       85.62,
 139.694054,   35.471622,       83.43,
 139.698559,   35.471622,       80.18,
 139.703063,   35.471622,       78.88,
 139.707568,   35.471622,       77.95,
 139.712072,   35.471622,       77.11,
 139.716577,   35.471622,       76.32,
 139.721081,   35.471622,       75.51,
 139.725586,   35.471622,       74.57,
 139.730090,   35.471622,       73.70,
 139.734595,   35.471622,       73.23,
 139.739099,   35.471622,       71.84,
 139.743604,   35.471622,       70.52,
 139.748108,   35.471622,       69.00,
 139.752613,   35.471622,       67.64,
 139.757117,   35.471622,       66.31,
 139.761622,   35.471622,       65.05,
 139.766126,   35.471622,       64.23,
 139.770631,   35.471622,       63.40,
 139.775135,   35.471622,       62.82,
 139.779640,   35.471622,       62.40,
 139.784144,   35.471622,       61.90,
 139.788649,   35.471622,       61.43,
 139.793153,   35.471622,       61.21,
 139.797658,   35.471622,       61.09,
 139.802162,   35.471622,       60.94,
 139.806667,   35.471622,       60.76,
 139.811171,   35.471622,       60.88,
 139.815676,   35.471622,       61.07,
 139.820180,   35.471622,       61.23,
 139.824685,   35.471622,       61.38,
 139.829189,   35.471622,       61.68,
 139.833694,   35.471622,       62.10,
 139.838198,   35.471622,       62.51,
 139.842703,   35.471622,       62.89,
 139.847207,   35.471622,       63.25,
 139.851712,   35.471622,       63.72,
 139.856216,   35.471622,       64.25,
 139.860721,   35.471622,       64.77,
 139.865225,   35.471622,       65.33,
 139.869730,   35.471622,       66.11,
 139.874234,   35.471622,       66.92,
 139.878739,   35.471622,       67.77,
 139.883243,   35.471622,       68.75,
 139.887748,   35.471622,       69.67,
 139.892252,   35.471622,       70.64,
 139.896757,   35.471622,       71.64,
 139.901261,   35.471622,       72.62,
 139.905766,   35.471622,       73.62,
 139.910270,   35.471622,       74.52,
 139.914775,   35.471622,       75.35,
 139.919279,   35.471622,       76.01,
 139.923784,   35.471622,       76.61,
 139.928288,   35.471622,       77.05,
 139.932793,   35.471622,       77.39,
 139.937297,   35.471622,       77.53,
 139.941802,   35.471622,       77.57,
 139.946306,   35.471622,       77.35,
 139.950811,   35.471622,       76.99,
 139.955315,   35.471622,       76.36,
 139.959820,   35.471622,       75.57,
 139.964324,   35.471622,       76.17,
 139.968829,   35.471622,       77.07,
 139.973333,   35.471622,       78.23,
 139.977838,   35.471622,       79.48,
 139.982342,   35.471622,       80.75,
 139.986847,   35.471622,       80.87,
 139.991351,   35.471622,       80.52,
 139.995856,   35.471622,       80.43,
 140.000360,   35.471622,       80.27,
 140.004865,   35.471622,       79.88,
 140.009369,   35.471622,       79.41,
 140.013874,   35.471622,       79.04,
 140.018378,   35.471622,       78.74,
 140.022883,   35.471622,       78.46,
 140.027387,   35.471622,       78.22,
 140.031892,   35.471622,       78.00,
 140.036396,   35.471622,       77.80,
 140.040901,   35.471622,       77.61,
 140.045405,   35.471622,       77.43,
 140.049910,   35.471622,       77.26,
 140.054414,   35.471622,       77.09,
 140.058919,   35.471622,       76.92,
 140.063423,   35.471622,       76.76,
 140.067928,   35.471622,       76.59,
 140.072432,   35.471622,       76.43,
 140.076937,   35.471622,       76.27,
 140.081441,   35.471622,       76.11,
 140.085946,   35.471622,       75.95,
 140.090450,   35.471622,       75.78,
 140.094955,   35.471622,       75.59,
 140.099459,   35.471622,       75.40,
 140.103964,   35.471622,       75.18,
 140.108468,   35.471622,       74.93,
 140.112973,   35.471622,       74.66,
 140.117477,   35.471622,       74.38,
 140.121982,   35.471622,       74.09,
 140.126486,   35.471622,       73.76,
 140.130991,   35.471622,       73.41,
 140.135495,   35.471622,       73.04,
 140.140000,   35.471622,       72.66,
 140.144505,   35.471622,       72.27,
 140.149009,   35.471622,       71.88,
 140.153514,   35.471622,       71.47,
 140.158018,   35.471622,       71.06,
 140.162523,   35.471622,       70.65,
 140.167027,   35.471622,       70.23,
 140.171532,   35.471622,       69.80,
 140.176036,   35.471622,       69.37,
 140.180541,   35.471622,       68.93,
 140.185045,   35.471622,       68.49,
 140.189550,   35.471622,       68.04,
 140.194054,   35.471622,       67.58,
 140.198559,   35.471622,       67.23,
 140.203063,   35.471622,       67.00,
 140.207568,   35.471622,       66.76,
 140.212072,   35.471622,       66.53,
 140.216577,   35.471622,       66.29,
 140.221081,   35.471622,       66.05,
 140.225586,   35.471622,       65.82,
 140.230090,   35.471622,       65.58,
 140.234595,   35.471622,       65.34,
 140.239099,   35.471622,       65.11,
 140.243604,   35.471622,       64.87,
 140.248108,   35.471622,       64.63,
 140.252613,   35.471622,       64.40,
 140.257117,   35.471622,       64.16,
 140.261622,   35.471622,       63.93,
 140.266126,   35.471622,       63.69,
 140.270631,   35.471622,       63.45,
 140.275135,   35.471622,       63.22,
 140.279640,   35.471622,       62.98,
 140.284144,   35.471622,       62.74,
 140.288649,   35.471622,       62.51,
 140.293153,   35.471622,       62.27,
 140.297658,   35.471622,       62.03,
 140.302162,   35.471622,       61.80,
 140.306667,   35.471622,       61.56,
 140.311171,   35.471622,       61.32,
 140.315676,   35.471622,       61.09,
 140.320180,   35.471622,       60.85,
 140.324685,   35.471622,       60.61,
 140.329189,   35.471622,       60.38,
 140.333694,   35.471622,       60.14,
 140.338198,   35.471622,       59.90,
 140.342703,   35.471622,       59.67,
 140.347207,   35.471622,       59.43,
 140.351712,   35.471622,       59.19,
 140.356216,   35.471622,       58.96,
 140.360721,   35.471622,       58.72,
 140.365225,   35.471622,       58.48,
 140.369730,   35.471622,       58.25,
 140.374234,   35.471622,       58.01,
 140.378739,   35.471622,       57.77,
 140.383243,   35.471622,       57.54,
 140.387748,   35.471622,       57.30,
 139.140000,   35.476126,       10.63,
 139.144505,   35.476126,       10.97,
 139.149009,   35.476126,       11.31,
 139.153514,   35.476126,       11.65,
 139.158018,   35.476126,       12.00,
 139.162523,   35.476126,       12.35,
 139.167027,   35.476126,       12.70,
 139.171532,   35.476126,       13.05,
 139.176036,   35.476126,       13.41,
 139.180541,   35.476126,       13.77,
 139.185045,   35.476126,       14.13,
 139.189550,   35.476126,       14.50,
 139.194054,   35.476126,       14.86,
 139.198559,   35.476126,       15.23,
 139.203063,   35.476126,       15.61,
 139.207568,   35.476126,       15.98,
 139.212072,   35.476126,       16.36,
 139.216577,   35.476126,       16.74,
 139.221081,   35.476126,       17.12,
 139.225586,   35.476126,       17.50,
 139.230090,   35.476126,       17.89,
 139.234595,   35.476126,       18.28,
 139.239099,   35.476126,       18.67,
 139.243604,   35.476126,       19.07,
 139.248108,   35.476126,       19.47,
 139.252613,   35.476126,       19.86,
 139.257117,   35.476126,       20.27,
 139.261622,   35.476126,       20.67,
 139.266126,   35.476126,       21.08,
 139.270631,   35.476126,       21.49,
 139.275135,   35.476126,       21.90,
 139.279640,   35.476126,       22.32,
 139.284144,   35.476126,       22.73,
 139.288649,   35.476126,       23.15,
 139.293153,   35.476126,       23.58,
 139.297658,   35.476126,       24.00,
 139.302162,   35.476126,       24.43,
 139.306667,   35.476126,       24.86,
 139.311171,   35.476126,       25.29,
 139.315676,   35.476126,       25.72,
 139.320180,   35.476126,       26.16,
 139.324685,   35.476126,       26.60,
 139.329189,   35.476126,       27.04,
 139.333694,   35.476126,       27.49,
 139.338198,   35.476126,       27.94,
 139.342703,   35.476126,       28.39,
 139.347207,   35.476126,       28.84,
 139.351712,   35.476126,       29.29,
 139.356216,   35.476126,       29.75,
 139.360721,   35.476126,       30.21,
 139.365225,   35.476126,       30.67,
 139.369730,   35.476126,       31.14,
 139.374234,   35.476126,       31.61,
 139.378739,   35.476126,       32.08,
 139.383243,   35.476126,       32.55,
 139.387748,   35.476126,       33.02,
 139.392252,   35.476126,       33.50,
 139.396757,   35.476126,       33.98,
 139.401261,   35.476126,       34.46,
 139.405766,   35.476126,       34.95,
 139.410270,   35.476126,       35.44,
 139.414775,   35.476126,       35.93,
 139.419279,   35.476126,       36.42,
 139.423784,   35.476126,       36.91,
 139.428288,   35.476126,       37.41,
 139.432793,   35.476126,       37.91,
 139.437297,   35.476126,       38.41,
 139.441802,   35.476126,       38.92,
 139.446306,   35.476126,       39.43,
 139.450811,   35.476126,       39.94,
 139.455315,   35.476126,       40.45,
 139.459820,   35.476126,       40.96,
 139.464324,   35.476126,       41.48,
 139.468829,   35.476126,       42.00,
 139.473333,   35.476126,       42.53,
 139.477838,   35.476126,       43.05,
 139.482342,   35.476126,       43.58,
 139.486847,   35.476126,       44.11,
 139.491351,   35.476126,       44.64,
 139.495856,   35.476126,       45.18,
 139.500360,   35.476126,       44.53,
 139.504865,   35.476126,       43.53,
 139.509369,   35.476126,       43.18,
 139.513874,   35.476126,       43.66,
 139.518378,   35.476126,       44.19,
 139.522883,   35.476126,       44.75,
 139.527387,   35.476126,       45.34,
 139.531892,   35.476126,       45.96,
 139.536396,   35.476126,       46.62,
 139.540901,   35.476126,       47.33,
 139.545405,   35.476126,       48.07,
 139.549910,   35.476126,       48.87,
 139.554414,   35.476126,       49.73,
 139.558919,   35.476126,       50.64,
 139.563423,   35.476126,       51.63,
 139.567928,   35.476126,       52.70,
 139.572432,   35.476126,       53.86,
 139.576937,   35.476126,       55.10,
 139.581441,   35.476126,       56.40,
 139.585946,   35.476126,       57.76,
 139.590450,   35.476126,       59.19,
 139.594955,   35.476126,       60.70,
 139.599459,   35.476126,       62.28,
 139.603964,   35.476126,       63.96,
 139.608468,   35.476126,       65.75,
 139.612973,   35.476126,       67.66,
 139.617477,   35.476126,       69.70,
 139.621982,   35.476126,       71.86,
 139.626486,   35.476126,       74.11,
 139.630991,   35.476126,       76.39,
 139.635495,   35.476126,       78.03,
 139.640000,   35.476126,       79.09,
 139.644505,   35.476126,       78.59,
 139.649009,   35.476126,       78.08,
 139.653514,   35.476126,       77.59,
 139.658018,   35.476126,       76.45,
 139.662523,   35.476126,       75.90,
 139.667027,   35.476126,       76.40,
 139.671532,   35.476126,       78.70,
 139.676036,   35.476126,       81.04,
 139.680541,   35.476126,       82.72,
 139.685045,   35.476126,       84.18,
 139.689550,   35.476126,       85.66,
 139.694054,   35.476126,       84.59,
 139.698559,   35.476126,       80.47,
 139.703063,   35.476126,       78.76,
 139.707568,   35.476126,       78.12,
 139.712072,   35.476126,       77.45,
 139.716577,   35.476126,       76.77,
 139.721081,   35.476126,       76.07,
 139.725586,   35.476126,       75.33,
 139.730090,   35.476126,       74.56,
 139.734595,   35.476126,       73.90,
 139.739099,   35.476126,       73.02,
 139.743604,   35.476126,       72.49,
 139.748108,   35.476126,       71.61,
 139.752613,   35.476126,       70.36,
 139.757117,   35.476126,       69.11,
 139.761622,   35.476126,       67.80,
 139.766126,   35.476126,       66.51,
 139.770631,   35.476126,       65.62,
 139.775135,   35.476126,       64.66,
 139.779640,   35.476126,       63.94,
 139.784144,   35.476126,       63.40,
 139.788649,   35.476126,       62.87,
 139.793153,   35.476126,       62.33,
 139.797658,   35.476126,       62.07,
 139.802162,   35.476126,       61.92,
 139.806667,   35.476126,       61.75,
 139.811171,   35.476126,       61.69,
 139.815676,   35.476126,       61.82,
 139.820180,   35.476126,       61.98,
 139.824685,   35.476126,       62.14,
 139.829189,   35.476126,       62.37,
 139.833694,   35.476126,       62.73,
 139.838198,   35.476126,       63.13,
 139.842703,   35.476126,       63.51,
 139.847207,   35.476126,       63.87,
 139.851712,   35.476126,       64.27,
 139.856216,   35.476126,       64.78,
 139.860721,   35.476126,       65.30,
 139.865225,   35.476126,       65.81,
 139.869730,   35.476126,       66.54,
 139.874234,   35.476126,       67.32,
 139.878739,   35.476126,       68.08,
 139.883243,   35.476126,       68.97,
 139.887748,   35.476126,       69.80,
 139.892252,   35.476126,       70.61,
 139.896757,   35.476126,       71.50,
 139.901261,   35.476126,       72.41,
 139.905766,   35.476126,       73.31,
 139.910270,   35.476126,       74.14,
 139.914775,   35.476126,       74.85,
 139.919279,   35.476126,       75.49,
 139.923784,   35.476126,       76.05,
 139.928288,   35.476126,       76.48,
 139.932793,   35.476126,       76.87,
 139.937297,   35.476126,       77.10,
 139.941802,   35.476126,       77.20,
 139.946306,   35.476126,       77.22,
 139.950811,   35.476126,       76.95,
 139.955315,   35.476126,       76.60,
 139.959820,   35.476126,       76.20,
 139.964324,   35.476126,       76.53,
 139.968829,   35.476126,       77.17,
 139.973333,   35.476126,       77.96,
 139.977838,   35.476126,       78.91,
 139.982342,   35.476126,       80.47,
 139.986847,   35.476126,       81.59,
 139.991351,   35.476126,       81.61,
 139.995856,   35.476126,       81.49,
 140.000360,   35.476126,       81.09,
 140.004865,   35.476126,       80.91,
 140.009369,   35.476126,       80.36,
 140.013874,   35.476126,       79.88,
 140.018378,   35.476126,       79.55,
 140.022883,   35.476126,       79.26,
 140.027387,   35.476126,       79.01,
 140.031892,   35.476126,       78.78,
 140.036396,   35.476126,       78.59,
 140.040901,   35.476126,       78.40,
 140.045405,   35.476126,       78.23,
 140.049910,   35.476126,       78.07,
 140.054414,   35.476126,       77.91,
 140.058919,   35.476126,       77.75,
 140.063423,   35.476126,       77.59,
 140.067928,   35.476126,       77.44,
 140.072432,   35.476126,       77.29,
 140.076937,   35.476126,       77.14,
 140.081441,   35.476126,       76.99,
 140.085946,   35.476126,       76.84,
 140.090450,   35.476126,       76.67,
 140.094955,   35.476126,       76.49,
 140.099459,   35.476126,       76.30,
 140.103964,   35.476126,       76.08,
 140.108468,   35.476126,       75.83,
 140.112973,   35.476126,       75.56,
 140.117477,   35.476126,       75.27,
 140.121982,   35.476126,       74.97,
 140.126486,   35.476126,       74.63,
 140.130991,   35.476126,       74.27,
 140.135495,   35.476126,       73.89,
 140.140000,   35.476126,       73.50,
 140.144505,   35.476126,       73.10,
 140.149009,   35.476126,       72.69,
 140.153514,   35.476126,       72.28,
 140.158018,   35.476126,       71.86,
 140.162523,   35.476126,       71.43,
 140.167027,   35.476126,       71.00,
 140.171532,   35.476126,       70.56,
 140.176036,   35.476126,       70.12,
 140.180541,   35.476126,       69.67,
 140.185045,   35.476126,       69.22,
 140.189550,   35.476126,       68.76,
 140.194054,   35.476126,       68.33,
 140.198559,   35.476126,       68.10,
 140.203063,   35.476126,       67.86,
 140.207568,   35.476126,       67.62,
 140.212072,   35.476126,       67.39,
 140.216577,   35.476126,       67.15,
 140.221081,   35.476126,       66.92,
 140.225586,   35.476126,       66.68,
 140.230090,   35.476126,       66.44,
 140.234595,   35.476126,       66.21,
 140.239099,   35.476126,       65.97,
 140.243604,   35.476126,       65.73,
 140.248108,   35.476126,       65.50,
 140.252613,   35.476126,       65.26,
 140.257117,   35.476126,       65.02,
 140.261622,   35.476126,       64.79,
 140.266126,   35.476126,       64.55,
 140.270631,   35.476126,       64.31,
 140.275135,   35.476126,       64.08,
 140.279640,   35.476126,       63.84,
 140.284144,   35.476126,       63.61,
 140.288649,   35.476126,       63.37,
 140.293153,   35.476126,       63.13,
 140.297658,   35.476126,       62.90,
 140.302162,   35.476126,       62.66,
 140.306667,   35.476126,       62.42,
 140.311171,   35.476126,       62.19,
 140.315676,   35.476126,       61.95,
 140.320180,   35.476126,       61.71,
 140.324685,   35.476126,       61.48,
 140.329189,   35.476126,       61.24,
 140.333694,   35.476126,       61.00,
 140.338198,   35.476126,       60.77,
 140.342703,   35.476126,       60.53,
 140.347207,   35.476126,       60.29,
 140.351712,   35.476126,       60.06,
 140.356216,   35.476126,       59.82,
 140.360721,   35.476126,       59.58,
 140.365225,   35.476126,       59.35,
 140.369730,   35.476126,       59.11,
 140.374234,   35.476126,       58.87,
 140.378739,   35.476126,       58.64,
 140.383243,   35.476126,       58.40,
 140.387748,   35.476126,       58.16,
 139.140000,   35.480631,       10.76,
 139.144505,   35.480631,       11.10,
 139.149009,   35.480631,       11.44,
 139.153514,   35.480631,       11.79,
 139.158018,   35.480631,       12.13,
 139.162523,   35.480631,       12.48,
 139.167027,   35.480631,       12.83,
 139.171532,   35.480631,       13.18,
 139.176036,   35.480631,       13.54,
 139.180541,   35.480631,       13.90,
 139.185045,   35.480631,       14.26,
 139.189550,   35.480631,       14.62,
 139.194054,   35.480631,       14.99,
 139.198559,   35.480631,       15.36,
 139.203063,   35.480631,       15.73,
 139.207568,   35.480631,       16.10,
 139.212072,   35.480631,       16.48,
 139.216577,   35.480631,       16.86,
 139.221081,   35.480631,       17.24,
 139.225586,   35.480631,       17.62,
 139.230090,   35.480631,       18.01,
 139.234595,   35.480631,       18.40,
 139.239099,   35.480631,       18.79,
 139.243604,   35.480631,       19.18,
 139.248108,   35.480631,       19.58,
 139.252613,   35.480631,       19.97,
 139.257117,   35.480631,       20.38,
 139.261622,   35.480631,       20.78,
 139.266126,   35.480631,       21.19,
 139.270631,   35.480631,       21.59,
 139.275135,   35.480631,       22.01,
 139.279640,   35.480631,       22.42,
 139.284144,   35.480631,       22.84,
 139.288649,   35.480631,       23.25,
 139.293153,   35.480631,       23.68,
 139.297658,   35.480631,       24.10,
 139.302162,   35.480631,       24.53,
 139.306667,   35.480631,       24.95,
 139.311171,   35.480631,       25.39,
 139.315676,   35.480631,       25.82,
 139.320180,   35.480631,       26.26,
 139.324685,   35.480631,       26.69,
 139.329189,   35.480631,       27.14,
 139.333694,   35.480631,       27.58,
 139.338198,   35.480631,       28.03,
 139.342703,   35.480631,       28.47,
 139.347207,   35.480631,       28.93,
 139.351712,   35.480631,       29.38,
 139.356216,   35.480631,       29.84,
 139.360721,   35.480631,       30.29,
 139.365225,   35.480631,       30.76,
 139.369730,   35.480631,       31.22,
 139.374234,   35.480631,       31.69,
 139.378739,   35.480631,       32.16,
 139.383243,   35.480631,       32.63,
 139.387748,   35.480631,       33.10,
 139.392252,   35.480631,       33.58,
 139.396757,   35.480631,       34.06,
 139.401261,   35.480631,       34.54,
 139.405766,   35.480631,       35.02,
 139.410270,   35.480631,       35.51,
 139.414775,   35.480631,       36.00,
 139.419279,   35.480631,       36.49,
 139.423784,   35.480631,       36.98,
 139.428288,   35.480631,       37.48,
 139.432793,   35.480631,       37.98,
 139.437297,   35.480631,       38.48,
 139.441802,   35.480631,       38.98,
 139.446306,   35.480631,       39.49,
 139.450811,   35.480631,       40.00,
 139.455315,   35.480631,       40.51,
 139.459820,   35.480631,       41.03,
 139.464324,   35.480631,       41.54,
 139.468829,   35.480631,       42.06,
 139.473333,   35.480631,       42.58,
 139.477838,   35.480631,       43.11,
 139.482342,   35.480631,       43.63,
 139.486847,   35.480631,       44.16,
 139.491351,   35.480631,       44.69,
 139.495856,   35.480631,       45.23,
 139.500360,   35.480631,       45.77,
 139.504865,   35.480631,       46.04,
 139.509369,   35.480631,       44.89,
 139.513874,   35.480631,       44.19,
 139.518378,   35.480631,       44.40,
 139.522883,   35.480631,       44.93,
 139.527387,   35.480631,       45.50,
 139.531892,   35.480631,       46.10,
 139.536396,   35.480631,       46.73,
 139.540901,   35.480631,       47.39,
 139.545405,   35.480631,       48.10,
 139.549910,   35.480631,       48.85,
 139.554414,   35.480631,       49.65,
 139.558919,   35.480631,       50.51,
 139.563423,   35.480631,       51.43,
 139.567928,   35.480631,       52.42,
 139.572432,   35.480631,       53.49,
 139.576937,   35.480631,       54.64,
 139.581441,   35.480631,       55.89,
 139.585946,   35.480631,       57.20,
 139.590450,   35.480631,       58.58,
 139.594955,   35.480631,       60.02,
 139.599459,   35.480631,       61.54,
 139.603964,   35.480631,       63.14,
 139.608468,   35.480631,       64.84,
 139.612973,   35.480631,       66.64,
 139.617477,   35.480631,       68.57,
 139.621982,   35.480631,       70.63,
 139.626486,   35.480631,       72.83,
 139.630991,   35.480631,       75.13,
 139.635495,   35.480631,       77.54,
 139.640000,   35.480631,       79.25,
 139.644505,   35.480631,       78.57,
 139.649009,   35.480631,       77.74,
 139.653514,   35.480631,       76.87,
 139.658018,   35.480631,       75.14,
 139.662523,   35.480631,       73.28,
 139.667027,   35.480631,       74.97,
 139.671532,   35.480631,       76.37,
 139.676036,   35.480631,       77.54,
 139.680541,   35.480631,       78.56,
 139.685045,   35.480631,       77.40,
 139.689550,   35.480631,       61.33,
 139.694054,   35.480631,       35.79,
 139.698559,   35.480631,       13.93,
 139.703063,   35.480631,       -9.10,
 139.707568,   35.480631,       -9.10,
 139.712072,   35.480631,      -11.85,
 139.716577,   35.480631,      -11.85,
 139.721081,   35.480631,      -11.85,
 139.725586,   35.480631,       50.27,
 139.730090,   35.480631,       75.24,
 139.734595,   35.480631,       74.54,
 139.739099,   35.480631,       74.22,
 139.743604,   35.480631,       74.29,
 139.748108,   35.480631,       73.91,
 139.752613,   35.480631,       73.08,
 139.757117,   35.480631,       71.87,
 139.761622,   35.480631,       70.65,
 139.766126,   35.480631,       69.27,
 139.770631,   35.480631,       68.00,
 139.775135,   35.480631,       66.93,
 139.779640,   35.480631,       65.84,
 139.784144,   35.480631,       64.97,
 139.788649,   35.480631,       64.34,
 139.793153,   35.480631,       63.69,
 139.797658,   35.480631,       63.16,
 139.802162,   35.480631,       62.95,
 139.806667,   35.480631,       62.77,
 139.811171,   35.480631,       62.60,
 139.815676,   35.480631,       62.62,
 139.820180,   35.480631,       62.79,
 139.824685,   35.480631,       62.96,
 139.829189,   35.480631,       63.15,
 139.833694,   35.480631,       63.44,
 139.838198,   35.480631,       63.80,
 139.842703,   35.480631,       64.17,
 139.847207,   35.480631,       64.52,
 139.851712,   35.480631,       64.88,
 139.856216,   35.480631,       65.33,
 139.860721,   35.480631,       65.84,
 139.865225,   35.480631,       66.37,
 139.869730,   35.480631,       67.02,
 139.874234,   35.480631,       67.77,
 139.878739,   35.480631,       68.51,
 139.883243,   35.480631,       69.21,
 139.887748,   35.480631,       69.98,
 139.892252,   35.480631,       70.78,
 139.896757,   35.480631,       71.57,
 139.901261,   35.480631,       72.36,
 139.905766,   35.480631,       73.16,
 139.910270,   35.480631,       73.86,
 139.914775,   35.480631,       74.50,
 139.919279,   35.480631,       75.12,
 139.923784,   35.480631,       75.61,
 139.928288,   35.480631,       76.03,
 139.932793,   35.480631,       76.39,
 139.937297,   35.480631,       76.67,
 139.941802,   35.480631,       76.89,
 139.946306,   35.480631,       77.05,
 139.950811,   35.480631,       77.06,
 139.955315,   35.480631,       76.90,
 139.959820,   35.480631,       76.88,
 139.964324,   35.480631,       77.15,
 139.968829,   35.480631,       77.66,
 139.973333,   35.480631,       78.48,
 139.977838,   35.480631,       79.87,
 139.982342,   35.480631,       80.86,
 139.986847,   35.480631,       81.37,
 139.991351,   35.480631,       81.46,
 139.995856,   35.480631,       81.46,
 140.000360,   35.480631,       81.54,
 140.004865,   35.480631,       81.65,
 140.009369,   35.480631,       81.52,
 140.013874,   35.480631,       80.83,
 140.018378,   35.480631,       80.38,
 140.022883,   35.480631,       80.07,
 140.027387,   35.480631,       79.80,
 140.031892,   35.480631,       79.56,
 140.036396,   35.480631,       79.37,
 140.040901,   35.480631,       79.19,
 140.045405,   35.480631,       79.03,
 140.049910,   35.480631,       78.87,
 140.054414,   35.480631,       78.72,
 140.058919,   35.480631,       78.58,
 140.063423,   35.480631,       78.43,
 140.067928,   35.480631,       78.29,
 140.072432,   35.480631,       78.15,
 140.076937,   35.480631,       78.01,
 140.081441,   35.480631,       77.87,
 140.085946,   35.480631,       77.73,
 140.090450,   35.480631,       77.57,
 140.094955,   35.480631,       77.39,
 140.099459,   35.480631,       77.21,
 140.103964,   35.480631,       76.99,
 140.108468,   35.480631,       76.73,
 140.112973,   35.480631,       76.46,
 140.117477,   35.480631,       76.17,
 140.121982,   35.480631,       75.85,
 140.126486,   35.480631,       75.50,
 140.130991,   35.480631,       75.12,
 140.135495,   35.480631,       74.73,
 140.140000,   35.480631,       74.33,
 140.144505,   35.480631,       73.92,
 140.149009,   35.480631,       73.50,
 140.153514,   35.480631,       73.07,
 140.158018,   35.480631,       72.64,
 140.162523,   35.480631,       72.21,
 140.167027,   35.480631,       71.76,
 140.171532,   35.480631,       71.32,
 140.176036,   35.480631,       70.86,
 140.180541,   35.480631,       70.40,
 140.185045,   35.480631,       69.94,
 140.189550,   35.480631,       69.46,
 140.194054,   35.480631,       69.20,
 140.198559,   35.480631,       68.96,
 140.203063,   35.480631,       68.72,
 140.207568,   35.480631,       68.49,
 140.212072,   35.480631,       68.25,
 140.216577,   35.480631,       68.01,
 140.221081,   35.480631,       67.78,
 140.225586,   35.480631,       67.54,
 140.230090,   35.480631,       67.30,
 140.234595,   35.480631,       67.07,
 140.239099,   35.480631,       66.83,
 140.243604,   35.480631,       66.60,
 140.248108,   35.480631,       66.36,
 140.252613,   35.480631,       66.12,
 140.257117,   35.480631,       65.89,
 140.261622,   35.480631,       65.65,
 140.266126,   35.480631,       65.41,
 140.270631,   35.480631,       65.18,
 140.275135,   35.480631,       64.94,
 140.279640,   35.480631,       64.70,
 140.284144,   35.480631,       64.47,
 140.288649,   35.480631,       64.23,
 140.293153,   35.480631,       63.99,
 140.297658,   35.480631,       63.76,
 140.302162,   35.480631,       63.52,
 140.306667,   35.480631,       63.29,
 140.311171,   35.480631,       63.05,
 140.315676,   35.480631,       62.81,
 140.320180,   35.480631,       62.58,
 140.324685,   35.480631,       62.34,
 140.329189,   35.480631,       62.10,
 140.333694,   35.480631,       61.87,
 140.338198,   35.480631,       61.63,
 140.342703,   35.480631,       61.39,
 140.347207,   35.480631,       61.16,
 140.351712,   35.480631,       60.92,
 140.356216,   35.480631,       60.68,
 140.360721,   35.480631,       60.45,
 140.365225,   35.480631,       60.21,
 140.369730,   35.480631,       59.97,
 140.374234,   35.480631,       59.74,
 140.378739,   35.480631,       59.50,
 140.383243,   35.480631,       59.26,
 140.387748,   35.480631,       59.03,
 139.140000,   35.485135,       10.90,
 139.144505,   35.485135,       11.23,
 139.149009,   35.485135,       11.57,
 139.153514,   35.485135,       11.92,
 139.158018,   35.485135,       12.26,
 139.162523,   35.485135,       12.61,
 139.167027,   35.485135,       12.96,
 139.171532,   35.485135,       13.31,
 139.176036,   35.485135,       13.67,
 139.180541,   35.485135,       14.02,
 139.185045,   35.485135,       14.38,
 139.189550,   35.485135,       14.74,
 139.194054,   35.485135,       15.11,
 139.198559,   35.485135,       15.48,
 139.203063,   35.485135,       15.85,
 139.207568,   35.485135,       16.22,
 139.212072,   35.485135,       16.59,
 139.216577,   35.485135,       16.97,
 139.221081,   35.485135,       17.35,
 139.225586,   35.485135,       17.73,
 139.230090,   35.485135,       18.12,
 139.234595,   35.485135,       18.51,
 139.239099,   35.485135,       18.90,
 139.243604,   35.485135,       19.29,
 139.248108,   35.485135,       19.68,
 139.252613,   35.485135,       20.08,
 139.257117,   35.485135,       20.48,
 139.261622,   35.485135,       20.88,
 139.266126,   35.485135,       21.29,
 139.270631,   35.485135,       21.70,
 139.275135,   35.485135,       22.11,
 139.279640,   35.485135,       22.52,
 139.284144,   35.485135,       22.94,
 139.288649,   35.485135,       23.35,
 139.293153,   35.485135,       23.77,
 139.297658,   35.485135,       24.20,
 139.302162,   35.485135,       24.62,
 139.306667,   35.485135,       25.05,
 139.311171,   35.485135,       25.48,
 139.315676,   35.485135,       25.91,
 139.320180,   35.485135,       26.35,
 139.324685,   35.485135,       26.78,
 139.329189,   35.485135,       27.22,
 139.333694,   35.485135,       27.67,
 139.338198,   35.485135,       28.11,
 139.342703,   35.485135,       28.56,
 139.347207,   35.485135,       29.01,
 139.351712,   35.485135,       29.46,
 139.356216,   35.485135,       29.92,
 139.360721,   35.485135,       30.38,
 139.365225,   35.485135,       30.84,
 139.369730,   35.485135,       31.30,
 139.374234,   35.485135,       31.77,
 139.378739,   35.485135,       32.23,
 139.383243,   35.485135,       32.70,
 139.387748,   35.485135,       33.18,
 139.392252,   35.485135,       33.65,
 139.396757,   35.485135,       34.13,
 139.401261,   35.485135,       34.61,
 139.405766,   35.485135,       35.09,
 139.410270,   35.485135,       35.58,
 139.414775,   35.485135,       36.07,
 139.419279,   35.485135,       36.56,
 139.423784,   35.485135,       37.05,
 139.428288,   35.485135,       37.55,
 139.432793,   35.485135,       38.04,
 139.437297,   35.485135,       38.54,
 139.441802,   35.485135,       39.05,
 139.446306,   35.485135,       39.55,
 139.450811,   35.485135,       40.06,
 139.455315,   35.485135,       40.57,
 139.459820,   35.485135,       41.08,
 139.464324,   35.485135,       41.60,
 139.468829,   35.485135,       42.12,
 139.473333,   35.485135,       42.64,
 139.477838,   35.485135,       43.16,
 139.482342,   35.485135,       43.69,
 139.486847,   35.485135,       44.22,
 139.491351,   35.485135,       44.75,
 139.495856,   35.485135,       45.28,
 139.500360,   35.485135,       45.81,
 139.504865,   35.485135,       46.35,
 139.509369,   35.485135,       46.89,
 139.513874,   35.485135,       46.32,
 139.518378,   35.485135,       45.39,
 139.522883,   35.485135,       45.14,
 139.527387,   35.485135,       45.67,
 139.531892,   35.485135,       46.24,
 139.536396,   35.485135,       46.84,
 139.540901,   35.485135,       47.48,
 139.545405,   35.485135,       48.15,
 139.549910,   35.485135,       48.86,
 139.554414,   35.485135,       49.62,
 139.558919,   35.485135,       50.42,
 139.563423,   35.485135,       51.28,
 139.567928,   35.485135,       52.20,
 139.572432,   35.485135,       53.19,
 139.576937,   35.485135,       54.26,
 139.581441,   35.485135,       55.41,
 139.585946,   35.485135,       56.66,
 139.590450,   35.485135,       57.98,
 139.594955,   35.485135,       59.37,
 139.599459,   35.485135,       60.82,
 139.603964,   35.485135,       62.35,
 139.608468,   35.485135,       63.97,
 139.612973,   35.485135,       65.67,
 139.617477,   35.485135,       67.49,
 139.621982,   35.485135,       69.43,
 139.626486,   35.485135,       71.50,
 139.630991,   35.485135,       73.71,
 139.635495,   35.485135,       76.00,
 139.640000,   35.485135,       78.38,
 139.644505,   35.485135,       78.96,
 139.649009,   35.485135,       78.15,
 139.653514,   35.485135,       77.12,
 139.658018,   35.485135,       76.37,
 139.662523,   35.485135,       76.29,
 139.667027,   35.485135,       76.58,
 139.671532,   35.485135,       77.04,
 139.676036,   35.485135,       73.78,
 139.680541,   35.485135,       56.55,
 139.685045,   35.485135,       28.30,
 139.689550,   35.485135,       -2.65,
 139.694054,   35.485135,      -35.45,
 139.698559,   35.485135,      -71.04,
 139.703063,   35.485135,      -71.04,
 139.707568,   35.485135,      -71.04,
 139.712072,   35.485135,      -71.04,
 139.716577,   35.485135,      -12.14,
 139.721081,   35.485135,      -12.14,
 139.725586,   35.485135,      -12.14,
 139.730090,   35.485135,      -12.14,
 139.734595,   35.485135,      -12.14,
 139.739099,   35.485135,       74.71,
 139.743604,   35.485135,       75.34,
 139.748108,   35.485135,       75.44,
 139.752613,   35.485135,       75.28,
 139.757117,   35.485135,       74.37,
 139.761622,   35.485135,       73.24,
 139.766126,   35.485135,       72.11,
 139.770631,   35.485135,       70.68,
 139.775135,   35.485135,       69.23,
 139.779640,   35.485135,       68.07,
 139.784144,   35.485135,       66.91,
 139.788649,   35.485135,       65.86,
 139.793153,   35.485135,       65.19,
 139.797658,   35.485135,       64.48,
 139.802162,   35.485135,       64.03,
 139.806667,   35.485135,       63.84,
 139.811171,   35.485135,       63.62,
 139.815676,   35.485135,       63.43,
 139.820180,   35.485135,       63.61,
 139.824685,   35.485135,       63.78,
 139.829189,   35.485135,       63.95,
 139.833694,   35.485135,       64.16,
 139.838198,   35.485135,       64.49,
 139.842703,   35.485135,       64.84,
 139.847207,   35.485135,       65.18,
 139.851712,   35.485135,       65.50,
 139.856216,   35.485135,       65.88,
 139.860721,   35.485135,       66.43,
 139.865225,   35.485135,       66.98,
 139.869730,   35.485135,       67.59,
 139.874234,   35.485135,       68.28,
 139.878739,   35.485135,       68.98,
 139.883243,   35.485135,       69.62,
 139.887748,   35.485135,       70.27,
 139.892252,   35.485135,       71.00,
 139.896757,   35.485135,       71.74,
 139.901261,   35.485135,       72.42,
 139.905766,   35.485135,       73.10,
 139.910270,   35.485135,       73.72,
 139.914775,   35.485135,       74.33,
 139.919279,   35.485135,       74.85,
 139.923784,   35.485135,       75.28,
 139.928288,   35.485135,       75.72,
 139.932793,   35.485135,       76.09,
 139.937297,   35.485135,       76.41,
 139.941802,   35.485135,       76.68,
 139.946306,   35.485135,       76.91,
 139.950811,   35.485135,       77.10,
 139.955315,   35.485135,       77.12,
 139.959820,   35.485135,       77.31,
 139.964324,   35.485135,       77.73,
 139.968829,   35.485135,       78.23,
 139.973333,   35.485135,       78.95,
 139.977838,   35.485135,       80.10,
 139.982342,   35.485135,       80.75,
 139.986847,   35.485135,       81.06,
 139.991351,   35.485135,       81.30,
 139.995856,   35.485135,       81.30,
 140.000360,   35.485135,       81.29,
 140.004865,   35.485135,       81.34,
 140.009369,   35.485135,       81.35,
 140.013874,   35.485135,       81.73,
 140.018378,   35.485135,       81.20,
 140.022883,   35.485135,       80.88,
 140.027387,   35.485135,       80.60,
 140.031892,   35.485135,       80.35,
 140.036396,   35.485135,       80.14,
 140.040901,   35.485135,       79.97,
 140.045405,   35.485135,       79.81,
 140.049910,   35.485135,       79.67,
 140.054414,   35.485135,       79.53,
 140.058919,   35.485135,       79.40,
 140.063423,   35.485135,       79.27,
 140.067928,   35.485135,       79.14,
 140.072432,   35.485135,       79.01,
 140.076937,   35.485135,       78.88,
 140.081441,   35.485135,       78.76,
 140.085946,   35.485135,       78.63,
 140.090450,   35.485135,       78.47,
 140.094955,   35.485135,       78.30,
 140.099459,   35.485135,       78.12,
 140.103964,   35.485135,       77.90,
 140.108468,   35.485135,       77.64,
 140.112973,   35.485135,       77.36,
 140.117477,   35.485135,       77.06,
 140.121982,   35.485135,       76.73,
 140.126486,   35.485135,       76.36,
 140.130991,   35.485135,       75.97,
 140.135495,   35.485135,       75.57,
 140.140000,   35.485135,       75.15,
 140.144505,   35.485135,       74.73,
 140.149009,   35.485135,       74.30,
 140.153514,   35.485135,       73.86,
 140.158018,   35.485135,       73.42,
 140.162523,   35.485135,       72.97,
 140.167027,   35.485135,       72.52,
 140.171532,   35.485135,       72.06,
 140.176036,   35.485135,       71.59,
 140.180541,   35.485135,       71.12,
 140.185045,   35.485135,       70.64,
 140.189550,   35.485135,       70.29,
 140.194054,   35.485135,       70.06,
 140.198559,   35.485135,       69.82,
 140.203063,   35.485135,       69.58,
 140.207568,   35.485135,       69.35,
 140.212072,   35.485135,       69.11,
 140.216577,   35.485135,       68.88,
 140.221081,   35.485135,       68.64,
 140.225586,   35.485135,       68.40,
 140.230090,   35.485135,       68.17,
 140.234595,   35.485135,       67.93,
 140.239099,   35.485135,       67.69,
 140.243604,   35.485135,       67.46,
 140.248108,   35.485135,       67.22,
 140.252613,   35.485135,       66.99,
 140.257117,   35.485135,       66.75,
 140.261622,   35.485135,       66.51,
 140.266126,   35.485135,       66.28,
 140.270631,   35.485135,       66.04,
 140.275135,   35.485135,       65.80,
 140.279640,   35.485135,       65.57,
 140.284144,   35.485135,       65.33,
 140.288649,   35.485135,       65.09,
 140.293153,   35.485135,       64.86,
 140.297658,   35.485135,       64.62,
 140.302162,   35.485135,       64.38,
 140.306667,   35.485135,       64.15,
 140.311171,   35.485135,       63.91,
 140.315676,   35.485135,       63.67,
 140.320180,   35.485135,       63.44,
 140.324685,   35.485135,       63.20,
 140.329189,   35.485135,       62.96,
 140.333694,   35.485135,       62.73,
 140.338198,   35.485135,       62.49,
 140.342703,   35.485135,       62.25,
 140.347207,   35.485135,       62.02,
 140.351712,   35.485135,       61.78,
 140.356216,   35.485135,       61.54,
 140.360721,   35.485135,       61.31,
 140.365225,   35.485135,       61.07,
 140.369730,   35.485135,       60.83,
 140.374234,   35.485135,       60.60,
 140.378739,   35.485135,       60.36,
 140.383243,   35.485135,       60.12,
 140.387748,   35.485135,       59.89,
 139.140000,   35.489640,       11.03,
 139.144505,   35.489640,       11.36,
 139.149009,   35.489640,       11.70,
 139.153514,   35.489640,       12.04,
 139.158018,   35.489640,       12.39,
 139.162523,   35.489640,       12.73,
 139.167027,   35.489640,       13.08,
 139.171532,   35.489640,       13.43,
 139.176036,   35.489640,       13.79,
 139.180541,   35.489640,       14.14,
 139.185045,   35.489640,       14.50,
 139.189550,   35.489640,       14.86,
 139.194054,   35.489640,       15.23,
 139.198559,   35.489640,       15.59,
 139.203063,   35.489640,       15.96,
 139.207568,   35.489640,       16.33,
 139.212072,   35.489640,       16.71,
 139.216577,   35.489640,       17.09,
 139.221081,   35.489640,       17.46,
 139.225586,   35.489640,       17.85,
 139.230090,   35.489640,       18.23,
 139.234595,   35.489640,       18.62,
 139.239099,   35.489640,       19.00,
 139.243604,   35.489640,       19.40,
 139.248108,   35.489640,       19.79,
 139.252613,   35.489640,       20.19,
 139.257117,   35.489640,       20.59,
 139.261622,   35.489640,       20.99,
 139.266126,   35.489640,       21.39,
 139.270631,   35.489640,       21.80,
 139.275135,   35.489640,       22.21,
 139.279640,   35.489640,       22.62,
 139.284144,   35.489640,       23.03,
 139.288649,   35.489640,       23.45,
 139.293153,   35.489640,       23.87,
 139.297658,   35.489640,       24.29,
 139.302162,   35.489640,       24.71,
 139.306667,   35.489640,       25.14,
 139.311171,   35.489640,       25.57,
 139.315676,   35.489640,       26.00,
 139.320180,   35.489640,       26.44,
 139.324685,   35.489640,       26.87,
 139.329189,   35.489640,       27.31,
 139.333694,   35.489640,       27.75,
 139.338198,   35.489640,       28.20,
 139.342703,   35.489640,       28.64,
 139.347207,   35.489640,       29.09,
 139.351712,   35.489640,       29.55,
 139.356216,   35.489640,       30.00,
 139.360721,   35.489640,       30.46,
 139.365225,   35.489640,       30.92,
 139.369730,   35.489640,       31.38,
 139.374234,   35.489640,       31.84,
 139.378739,   35.489640,       32.31,
 139.383243,   35.489640,       32.78,
 139.387748,   35.489640,       33.25,
 139.392252,   35.489640,       33.72,
 139.396757,   35.489640,       34.20,
 139.401261,   35.489640,       34.68,
 139.405766,   35.489640,       35.16,
 139.410270,   35.489640,       35.65,
 139.414775,   35.489640,       36.13,
 139.419279,   35.489640,       36.62,
 139.423784,   35.489640,       37.11,
 139.428288,   35.489640,       37.61,
 139.432793,   35.489640,       38.11,
 139.437297,   35.489640,       38.61,
 139.441802,   35.489640,       39.11,
 139.446306,   35.489640,       39.61,
 139.450811,   35.489640,       40.12,
 139.455315,   35.489640,       40.63,
 139.459820,   35.489640,       41.14,
 139.464324,   35.489640,       41.65,
 139.468829,   35.489640,       42.17,
 139.473333,   35.489640,       42.69,
 139.477838,   35.489640,       43.21,
 139.482342,   35.489640,       43.74,
 139.486847,   35.489640,       44.26,
 139.491351,   35.489640,       44.79,
 139.495856,   35.489640,       45.33,
 139.500360,   35.489640,       45.86,
 139.504865,   35.489640,       46.40,
 139.509369,   35.489640,       46.94,
 139.513874,   35.489640,       47.48,
 139.518378,   35.489640,       47.79,
 139.522883,   35.489640,       46.71,
 139.527387,   35.489640,       46.11,
 139.531892,   35.489640,       46.39,
 139.536396,   35.489640,       46.97,
 139.540901,   35.489640,       47.57,
 139.545405,   35.489640,       48.21,
 139.549910,   35.489640,       48.89,
 139.554414,   35.489640,       49.61,
 139.558919,   35.489640,       50.37,
 139.563423,   35.489640,       51.17,
 139.567928,   35.489640,       52.04,
 139.572432,   35.489640,       52.96,
 139.576937,   35.489640,       53.95,
 139.581441,   35.489640,       55.01,
 139.585946,   35.489640,       56.16,
 139.590450,   35.489640,       57.41,
 139.594955,   35.489640,       58.74,
 139.599459,   35.489640,       60.14,
 139.603964,   35.489640,       61.60,
 139.608468,   35.489640,       63.14,
 139.612973,   35.489640,       64.76,
 139.617477,   35.489640,       66.47,
 139.621982,   35.489640,       68.28,
 139.626486,   35.489640,       70.20,
 139.630991,   35.489640,       72.24,
 139.635495,   35.489640,       74.41,
 139.640000,   35.489640,       76.62,
 139.644505,   35.489640,       78.58,
 139.649009,   35.489640,       78.78,
 139.653514,   35.489640,       78.32,
 139.658018,   35.489640,       77.96,
 139.662523,   35.489640,       77.72,
 139.667027,   35.489640,       77.35,
 139.671532,   35.489640,       69.87,
 139.676036,   35.489640,       50.45,
 139.680541,   35.489640,       22.83,
 139.685045,   35.489640,      -10.59,
 139.689550,   35.489640,      -48.97,
 139.694054,   35.489640,      -91.70,
 139.698559,   35.489640,     -139.52,
 139.703063,   35.489640,     -139.52,
 139.707568,   35.489640,     -139.52,
 139.712072,   35.489640,     -139.52,
 139.716577,   35.489640,     -139.52,
 139.721081,   35.489640,     -173.97,
 139.725586,   35.489640,     -173.97,
 139.730090,   35.489640,     -173.97,
 139.734595,   35.489640,     -173.97,
 139.739099,   35.489640,     -173.97,
 139.743604,   35.489640,        7.22,
 139.748108,   35.489640,       76.45,
 139.752613,   35.489640,       76.61,
 139.757117,   35.489640,       76.11,
 139.761622,   35.489640,       75.57,
 139.766126,   35.489640,       74.56,
 139.770631,   35.489640,       73.30,
 139.775135,   35.489640,       71.82,
 139.779640,   35.489640,       70.38,
 139.784144,   35.489640,       69.05,
 139.788649,   35.489640,       67.63,
 139.793153,   35.489640,       66.72,
 139.797658,   35.489640,       65.90,
 139.802162,   35.489640,       65.24,
 139.806667,   35.489640,       64.95,
 139.811171,   35.489640,       64.69,
 139.815676,   35.489640,       64.42,
 139.820180,   35.489640,       64.46,
 139.824685,   35.489640,       64.63,
 139.829189,   35.489640,       64.78,
 139.833694,   35.489640,       64.94,
 139.838198,   35.489640,       65.19,
 139.842703,   35.489640,       65.55,
 139.847207,   35.489640,       65.89,
 139.851712,   35.489640,       66.22,
 139.856216,   35.489640,       66.60,
 139.860721,   35.489640,       67.13,
 139.865225,   35.489640,       67.64,
 139.869730,   35.489640,       68.16,
 139.874234,   35.489640,       68.80,
 139.878739,   35.489640,       69.41,
 139.883243,   35.489640,       70.01,
 139.887748,   35.489640,       70.62,
 139.892252,   35.489640,       71.25,
 139.896757,   35.489640,       71.87,
 139.901261,   35.489640,       72.48,
 139.905766,   35.489640,       73.08,
 139.910270,   35.489640,       73.70,
 139.914775,   35.489640,       74.23,
 139.919279,   35.489640,       74.68,
 139.923784,   35.489640,       75.08,
 139.928288,   35.489640,       75.49,
 139.932793,   35.489640,       75.85,
 139.937297,   35.489640,       76.19,
 139.941802,   35.489640,       76.52,
 139.946306,   35.489640,       76.79,
 139.950811,   35.489640,       77.06,
 139.955315,   35.489640,       77.29,
 139.959820,   35.489640,       77.53,
 139.964324,   35.489640,       77.94,
 139.968829,   35.489640,       78.41,
 139.973333,   35.489640,       79.03,
 139.977838,   35.489640,       79.67,
 139.982342,   35.489640,       80.28,
 139.986847,   35.489640,       80.68,
 139.991351,   35.489640,       80.96,
 139.995856,   35.489640,       81.03,
 140.000360,   35.489640,       80.97,
 140.004865,   35.489640,       80.89,
 140.009369,   35.489640,       80.86,
 140.013874,   35.489640,       81.04,
 140.018378,   35.489640,       81.84,
 140.022883,   35.489640,       81.49,
 140.027387,   35.489640,       81.31,
 140.031892,   35.489640,       81.09,
 140.036396,   35.489640,       80.89,
 140.040901,   35.489640,       80.73,
 140.045405,   35.489640,       80.59,
 140.049910,   35.489640,       80.46,
 140.054414,   35.489640,       80.34,
 140.058919,   35.489640,       80.22,
 140.063423,   35.489640,       80.10,
 140.067928,   35.489640,       79.99,
 140.072432,   35.489640,       79.87,
 140.076937,   35.489640,       79.76,
 140.081441,   35.489640,       79.64,
 140.085946,   35.489640,       79.52,
 140.090450,   35.489640,       79.38,
 140.094955,   35.489640,       79.21,
 140.099459,   35.489640,       79.04,
 140.103964,   35.489640,       78.81,
 140.108468,   35.489640,       78.55,
 140.112973,   35.489640,       78.26,
 140.117477,   35.489640,       77.96,
 140.121982,   35.489640,       77.61,
 140.126486,   35.489640,       77.23,
 140.130991,   35.489640,       76.82,
 140.135495,   35.489640,       76.40,
 140.140000,   35.489640,       75.97,
 140.144505,   35.489640,       75.54,
 140.149009,   35.489640,       75.10,
 140.153514,   35.489640,       74.65,
 140.158018,   35.489640,       74.19,
 140.162523,   35.489640,       73.73,
 140.167027,   35.489640,       73.26,
 140.171532,   35.489640,       72.79,
 140.176036,   35.489640,       72.31,
 140.180541,   35.489640,       71.83,
 140.185045,   35.489640,       71.39,
 140.189550,   35.489640,       71.16,
 140.194054,   35.489640,       70.92,
 140.198559,   35.489640,       70.68,
 140.203063,   35.489640,       70.45,
 140.207568,   35.489640,       70.21,
 140.212072,   35.489640,       69.97,
 140.216577,   35.489640,       69.74,
 140.221081,   35.489640,       69.50,
 140.225586,   35.489640,       69.27,
 140.230090,   35.489640,       69.03,
 140.234595,   35.489640,       68.79,
 140.239099,   35.489640,       68.56,
 140.243604,   35.489640,       68.32,
 140.248108,   35.489640,       68.08,
 140.252613,   35.489640,       67.85,
 140.257117,   35.489640,       67.61,
 140.261622,   35.489640,       67.37,
 140.266126,   35.489640,       67.14,
 140.270631,   35.489640,       66.90,
 140.275135,   35.489640,       66.67,
 140.279640,   35.489640,       66.43,
 140.284144,   35.489640,       66.19,
 140.288649,   35.489640,       65.96,
 140.293153,   35.489640,       65.72,
 140.297658,   35.489640,       65.48,
 140.302162,   35.489640,       65.25,
 140.306667,   35.489640,       65.01,
 140.311171,   35.489640,       64.77,
 140.315676,   35.489640,       64.54,
 140.320180,   35.489640,       64.30,
 140.324685,   35.489640,       64.06,
 140.329189,   35.489640,       63.83,
 140.333694,   35.489640,       63.59,
 140.338198,   35.489640,       63.35,
 140.342703,   35.489640,       63.12,
 140.347207,   35.489640,       62.88,
 140.351712,   35.489640,       62.64,
 140.356216,   35.489640,       62.41,
 140.360721,   35.489640,       62.17,
 140.365225,   35.489640,       61.93,
 140.369730,   35.489640,       61.70,
 140.374234,   35.489640,       61.46,
 140.378739,   35.489640,       61.22,
 140.383243,   35.489640,       60.99,
 140.387748,   35.489640,       60.75,
 139.140000,   35.494144,       11.16,
 139.144505,   35.494144,       11.49,
 139.149009,   35.494144,       11.83,
 139.153514,   35.494144,       12.17,
 139.158018,   35.494144,       12.51,
 139.162523,   35.494144,       12.86,
 139.167027,   35.494144,       13.21,
 139.171532,   35.494144,       13.56,
 139.176036,   35.494144,       13.91,
 139.180541,   35.494144,       14.26,
 139.185045,   35.494144,       14.62,
 139.189550,   35.494144,       14.98,
 139.194054,   35.494144,       15.34,
 139.198559,   35.494144,       15.71,
 139.203063,   35.494144,       16.08,
 139.207568,   35.494144,       16.45,
 139.212072,   35.494144,       16.82,
 139.216577,   35.494144,       17.20,
 139.221081,   35.494144,       17.57,
 139.225586,   35.494144,       17.95,
 139.230090,   35.494144,       18.34,
 139.234595,   35.494144,       18.72,
 139.239099,   35.494144,       19.11,
 139.243604,   35.494144,       19.50,
 139.248108,   35.494144,       19.89,
 139.252613,   35.494144,       20.29,
 139.257117,   35.494144,       20.69,
 139.261622,   35.494144,       21.09,
 139.266126,   35.494144,       21.49,
 139.270631,   35.494144,       21.90,
 139.275135,   35.494144,       22.30,
 139.279640,   35.494144,       22.71,
 139.284144,   35.494144,       23.13,
 139.288649,   35.494144,       23.54,
 139.293153,   35.494144,       23.96,
 139.297658,   35.494144,       24.38,
 139.302162,   35.494144,       24.80,
 139.306667,   35.494144,       25.23,
 139.311171,   35.494144,       25.66,
 139.315676,   35.494144,       26.09,
 139.320180,   35.494144,       26.52,
 139.324685,   35.494144,       26.96,
 139.329189,   35.494144,       27.40,
 139.333694,   35.494144,       27.84,
 139.338198,   35.494144,       28.28,
 139.342703,   35.494144,       28.73,
 139.347207,   35.494144,       29.17,
 139.351712,   35.494144,       29.62,
 139.356216,   35.494144,       30.08,
 139.360721,   35.494144,       30.53,
 139.365225,   35.494144,       30.99,
 139.369730,   35.494144,       31.45,
 139.374234,   35.494144,       31.92,
 139.378739,   35.494144,       32.38,
 139.383243,   35.494144,       32.85,
 139.387748,   35.494144,       33.32,
 139.392252,   35.494144,       33.79,
 139.396757,   35.494144,       34.27,
 139.401261,   35.494144,       34.75,
 139.405766,   35.494144,       35.23,
 139.410270,   35.494144,       35.71,
 139.414775,   35.494144,       36.20,
 139.419279,   35.494144,       36.69,
 139.423784,   35.494144,       37.18,
 139.428288,   35.494144,       37.67,
 139.432793,   35.494144,       38.17,
 139.437297,   35.494144,       38.66,
 139.441802,   35.494144,       39.17,
 139.446306,   35.494144,       39.67,
 139.450811,   35.494144,       40.17,
 139.455315,   35.494144,       40.68,
 139.459820,   35.494144,       41.19,
 139.464324,   35.494144,       41.71,
 139.468829,   35.494144,       42.22,
 139.473333,   35.494144,       42.74,
 139.477838,   35.494144,       43.26,
 139.482342,   35.494144,       43.79,
 139.486847,   35.494144,       44.31,
 139.491351,   35.494144,       44.84,
 139.495856,   35.494144,       45.37,
 139.500360,   35.494144,       45.91,
 139.504865,   35.494144,       46.44,
 139.509369,   35.494144,       46.98,
 139.513874,   35.494144,       47.52,
 139.518378,   35.494144,       48.06,
 139.522883,   35.494144,       48.61,
 139.527387,   35.494144,       48.10,
 139.531892,   35.494144,       47.26,
 139.536396,   35.494144,       47.11,
 139.540901,   35.494144,       47.68,
 139.545405,   35.494144,       48.29,
 139.549910,   35.494144,       48.94,
 139.554414,   35.494144,       49.62,
 139.558919,   35.494144,       50.34,
 139.563423,   35.494144,       51.10,
 139.567928,   35.494144,       51.91,
 139.572432,   35.494144,       52.78,
 139.576937,   35.494144,       53.70,
 139.581441,   35.494144,       54.69,
 139.585946,   35.494144,       55.75,
 139.590450,   35.494144,       56.90,
 139.594955,   35.494144,       58.15,
 139.599459,   35.494144,       59.48,
 139.603964,   35.494144,       60.88,
 139.608468,   35.494144,       62.35,
 139.612973,   35.494144,       63.89,
 139.617477,   35.494144,       65.50,
 139.621982,   35.494144,       67.20,
 139.626486,   35.494144,       69.00,
 139.630991,   35.494144,       70.90,
 139.635495,   35.494144,       72.90,
 139.640000,   35.494144,       74.99,
 139.644505,   35.494144,       76.97,
 139.649009,   35.494144,       78.67,
 139.653514,   35.494144,       78.78,
 139.658018,   35.494144,       78.59,
 139.662523,   35.494144,       78.06,
 139.667027,   35.494144,       71.93,
 139.671532,   35.494144,       56.06,
 139.676036,   35.494144,       31.91,
 139.680541,   35.494144,        1.15,
 139.685045,   35.494144,      -36.28,
 139.689550,   35.494144,      -80.67,
 139.694054,   35.494144,     -132.64,
 139.698559,   35.494144,     -191.38,
 139.703063,   35.494144,     -252.84,
 139.707568,   35.494144,     -252.84,
 139.712072,   35.494144,     -252.84,
 139.716577,   35.494144,     -252.84,
 139.721081,   35.494144,     -252.84,
 139.725586,   35.494144,      -84.05,
 139.730090,   35.494144,      -84.05,
 139.734595,   35.494144,      -84.05,
 139.739099,   35.494144,      -84.05,
 139.743604,   35.494144,      -84.05,
 139.748108,   35.494144,      -84.05,
 139.752613,   35.494144,       76.98,
 139.757117,   35.494144,       76.91,
 139.761622,   35.494144,       76.62,
 139.766126,   35.494144,       76.32,
 139.770631,   35.494144,       75.17,
 139.775135,   35.494144,       74.26,
 139.779640,   35.494144,       72.76,
 139.784144,   35.494144,       71.16,
 139.788649,   35.494144,       69.66,
 139.793153,   35.494144,       68.30,
 139.797658,   35.494144,       67.37,
 139.802162,   35.494144,       66.45,
 139.806667,   35.494144,       66.06,
 139.811171,   35.494144,       65.73,
 139.815676,   35.494144,       65.40,
 139.820180,   35.494144,       65.33,
 139.824685,   35.494144,       65.47,
 139.829189,   35.494144,       65.61,
 139.833694,   35.494144,       65.75,
 139.838198,   35.494144,       65.99,
 139.842703,   35.494144,       66.32,
 139.847207,   35.494144,       66.65,
 139.851712,   35.494144,       66.99,
 139.856216,   35.494144,       67.40,
 139.860721,   35.494144,       67.86,
 139.865225,   35.494144,       68.32,
 139.869730,   35.494144,       68.80,
 139.874234,   35.494144,       69.27,
 139.878739,   35.494144,       69.82,
 139.883243,   35.494144,       70.37,
 139.887748,   35.494144,       70.96,
 139.892252,   35.494144,       71.53,
 139.896757,   35.494144,       72.07,
 139.901261,   35.494144,       72.62,
 139.905766,   35.494144,       73.14,
 139.910270,   35.494144,       73.68,
 139.914775,   35.494144,       74.14,
 139.919279,   35.494144,       74.56,
 139.923784,   35.494144,       74.96,
 139.928288,   35.494144,       75.34,
 139.932793,   35.494144,       75.69,
 139.937297,   35.494144,       76.03,
 139.941802,   35.494144,       76.36,
 139.946306,   35.494144,       76.66,
 139.950811,   35.494144,       76.96,
 139.955315,   35.494144,       77.27,
 139.959820,   35.494144,       77.58,
 139.964324,   35.494144,       77.95,
 139.968829,   35.494144,       78.35,
 139.973333,   35.494144,       78.84,
 139.977838,   35.494144,       79.33,
 139.982342,   35.494144,       79.79,
 139.986847,   35.494144,       80.20,
 139.991351,   35.494144,       80.44,
 139.995856,   35.494144,       80.60,
 140.000360,   35.494144,       80.58,
 140.004865,   35.494144,       80.45,
 140.009369,   35.494144,       80.41,
 140.013874,   35.494144,       80.53,
 140.018378,   35.494144,       81.04,
 140.022883,   35.494144,       81.99,
 140.027387,   35.494144,       81.86,
 140.031892,   35.494144,       81.74,
 140.036396,   35.494144,       81.58,
 140.040901,   35.494144,       81.44,
 140.045405,   35.494144,       81.33,
 140.049910,   35.494144,       81.22,
 140.054414,   35.494144,       81.12,
 140.058919,   35.494144,       81.02,
 140.063423,   35.494144,       80.93,
 140.067928,   35.494144,       80.83,
 140.072432,   35.494144,       80.73,
 140.076937,   35.494144,       80.63,
 140.081441,   35.494144,       80.53,
 140.085946,   35.494144,       80.42,
 140.090450,   35.494144,       80.29,
 140.094955,   35.494144,       80.13,
 140.099459,   35.494144,       79.96,
 140.103964,   35.494144,       79.73,
 140.108468,   35.494144,       79.46,
 140.112973,   35.494144,       79.16,
 140.117477,   35.494144,       78.85,
 140.121982,   35.494144,       78.49,
 140.126486,   35.494144,       78.08,
 140.130991,   35.494144,       77.66,
 140.135495,   35.494144,       77.23,
 140.140000,   35.494144,       76.79,
 140.144505,   35.494144,       76.34,
 140.149009,   35.494144,       75.88,
 140.153514,   35.494144,       75.42,
 140.158018,   35.494144,       74.95,
 140.162523,   35.494144,       74.47,
 140.167027,   35.494144,       73.99,
 140.171532,   35.494144,       73.51,
 140.176036,   35.494144,       73.02,
 140.180541,   35.494144,       72.52,
 140.185045,   35.494144,       72.25,
 140.189550,   35.494144,       72.02,
 140.194054,   35.494144,       71.78,
 140.198559,   35.494144,       71.55,
 140.203063,   35.494144,       71.31,
 140.207568,   35.494144,       71.07,
 140.212072,   35.494144,       70.84,
 140.216577,   35.494144,       70.60,
 140.221081,   35.494144,       70.36,
 140.225586,   35.494144,       70.13,
 140.230090,   35.494144,       69.89,
 140.234595,   35.494144,       69.66,
 140.239099,   35.494144,       69.42,
 140.243604,   35.494144,       69.18,
 140.248108,   35.494144,       68.95,
 140.252613,   35.494144,       68.71,
 140.257117,   35.494144,       68.47,
 140.261622,   35.494144,       68.24,
 140.266126,   35.494144,       68.00,
 140.270631,   35.494144,       67.76,
 140.275135,   35.494144,       67.53,
 140.279640,   35.494144,       67.29,
 140.284144,   35.494144,       67.05,
 140.288649,   35.494144,       66.82,
 140.293153,   35.494144,       66.58,
 140.297658,   35.494144,       66.35,
 140.302162,   35.494144,       66.11,
 140.306667,   35.494144,       65.87,
 140.311171,   35.494144,       65.64,
 140.315676,   35.494144,       65.40,
 140.320180,   35.494144,       65.16,
 140.324685,   35.494144,       64.93,
 140.329189,   35.494144,       64.69,
 140.333694,   35.494144,       64.45,
 140.338198,   35.494144,       64.22,
 140.342703,   35.494144,       63.98,
 140.347207,   35.494144,       63.74,
 140.351712,   35.494144,       63.51,
 140.356216,   35.494144,       63.27,
 140.360721,   35.494144,       63.03,
 140.365225,   35.494144,       62.80,
 140.369730,   35.494144,       62.56,
 140.374234,   35.494144,       62.32,
 140.378739,   35.494144,       62.09,
 140.383243,   35.494144,       61.85,
 140.387748,   35.494144,       61.61,
 139.140000,   35.498649,       11.28,
 139.144505,   35.498649,       11.62,
 139.149009,   35.498649,       11.95,
 139.153514,   35.498649,       12.29,
 139.158018,   35.498649,       12.63,
 139.162523,   35.498649,       12.98,
 139.167027,   35.498649,       13.33,
 139.171532,   35.498649,       13.67,
 139.176036,   35.498649,       14.03,
 139.180541,   35.498649,       14.38,
 139.185045,   35.498649,       14.74,
 139.189550,   35.498649,       15.10,
 139.194054,   35.498649,       15.46,
 139.198559,   35.498649,       15.82,
 139.203063,   35.498649,       16.19,
 139.207568,   35.498649,       16.56,
 139.212072,   35.498649,       16.93,
 139.216577,   35.498649,       17.30,
 139.221081,   35.498649,       17.68,
 139.225586,   35.498649,       18.06,
 139.230090,   35.498649,       18.44,
 139.234595,   35.498649,       18.83,
 139.239099,   35.498649,       19.21,
 139.243604,   35.498649,       19.60,
 139.248108,   35.498649,       19.99,
 139.252613,   35.498649,       20.39,
 139.257117,   35.498649,       20.79,
 139.261622,   35.498649,       21.19,
 139.266126,   35.498649,       21.59,
 139.270631,   35.498649,       21.99,
 139.275135,   35.498649,       22.40,
 139.279640,   35.498649,       22.81,
 139.284144,   35.498649,       23.22,
 139.288649,   35.498649,       23.63,
 139.293153,   35.498649,       24.05,
 139.297658,   35.498649,       24.47,
 139.302162,   35.498649,       24.89,
 139.306667,   35.498649,       25.32,
 139.311171,   35.498649,       25.74,
 139.315676,   35.498649,       26.17,
 139.320180,   35.498649,       26.61,
 139.324685,   35.498649,       27.04,
 139.329189,   35.498649,       27.48,
 139.333694,   35.498649,       27.92,
 139.338198,   35.498649,       28.36,
 139.342703,   35.498649,       28.80,
 139.347207,   35.498649,       29.25,
 139.351712,   35.498649,       29.70,
 139.356216,   35.498649,       30.15,
 139.360721,   35.498649,       30.61,
 139.365225,   35.498649,       31.06,
 139.369730,   35.498649,       31.52,
 139.374234,   35.498649,       31.99,
 139.378739,   35.498649,       32.45,
 139.383243,   35.498649,       32.92,
 139.387748,   35.498649,       33.39,
 139.392252,   35.498649,       33.86,
 139.396757,   35.498649,       34.33,
 139.401261,   35.498649,       34.81,
 139.405766,   35.498649,       35.29,
 139.410270,   35.498649,       35.77,
 139.414775,   35.498649,       36.26,
 139.419279,   35.498649,       36.75,
 139.423784,   35.498649,       37.24,
 139.428288,   35.498649,       37.73,
 139.432793,   35.498649,       38.22,
 139.437297,   35.498649,       38.72,
 139.441802,   35.498649,       39.22,
 139.446306,   35.498649,       39.72,
 139.450811,   35.498649,       40.23,
 139.455315,   35.498649,       40.73,
 139.459820,   35.498649,       41.24,
 139.464324,   35.498649,       41.76,
 139.468829,   35.498649,       42.27,
 139.473333,   35.498649,       42.79,
 139.477838,   35.498649,       43.31,
 139.482342,   35.498649,       43.83,
 139.486847,   35.498649,       44.36,
 139.491351,   35.498649,       44.88,
 139.495856,   35.498649,       45.41,
 139.500360,   35.498649,       45.95,
 139.504865,   35.498649,       46.48,
 139.509369,   35.498649,       47.02,
 139.513874,   35.498649,       47.56,
 139.518378,   35.498649,       48.10,
 139.522883,   35.498649,       48.65,
 139.527387,   35.498649,       49.19,
 139.531892,   35.498649,       49.55,
 139.536396,   35.498649,       48.53,
 139.540901,   35.498649,       48.02,
 139.545405,   35.498649,       48.39,
 139.549910,   35.498649,       49.00,
 139.554414,   35.498649,       49.65,
 139.558919,   35.498649,       50.33,
 139.563423,   35.498649,       51.06,
 139.567928,   35.498649,       51.82,
 139.572432,   35.498649,       52.63,
 139.576937,   35.498649,       53.50,
 139.581441,   35.498649,       54.42,
 139.585946,   35.498649,       55.41,
 139.590450,   35.498649,       56.47,
 139.594955,   35.498649,       57.62,
 139.599459,   35.498649,       58.86,
 139.603964,   35.498649,       60.19,
 139.608468,   35.498649,       61.59,
 139.612973,   35.498649,       63.06,
 139.617477,   35.498649,       64.59,
 139.621982,   35.498649,       66.20,
 139.626486,   35.498649,       67.90,
 139.630991,   35.498649,       69.67,
 139.635495,   35.498649,       71.53,
 139.640000,   35.498649,       73.47,
 139.644505,   35.498649,       75.42,
 139.649009,   35.498649,       77.24,
 139.653514,   35.498649,       78.76,
 139.658018,   35.498649,       78.71,
 139.662523,   35.498649,       75.56,
 139.667027,   35.498649,       65.79,
 139.671532,   35.498649,       48.30,
 139.676036,   35.498649,       23.54,
 139.680541,   35.498649,       -9.59,
 139.685045,   35.498649,      -51.03,
 139.689550,   35.498649,     -100.55,
 139.694054,   35.498649,     -158.28,
 139.698559,   35.498649,     -222.06,
 139.703063,   35.498649,     -290.71,
 139.707568,   35.498649,     -290.71,
 139.712072,   35.498649,     -290.71,
 139.716577,   35.498649,     -290.71,
 139.721081,   35.498649,     -290.71,
 139.725586,   35.498649,     -290.71,
 139.730090,   35.498649,      -93.94,
 139.734595,   35.498649,      -93.94,
 139.739099,   35.498649,      -93.94,
 139.743604,   35.498649,      -93.94,
 139.748108,   35.498649,      -93.94,
 139.752613,   35.498649,      -93.94,
 139.757117,   35.498649,       77.57,
 139.761622,   35.498649,       77.35,
 139.766126,   35.498649,       77.06,
 139.770631,   35.498649,       76.60,
 139.775135,   35.498649,       75.97,
 139.779640,   35.498649,       74.74,
 139.784144,   35.498649,       73.18,
 139.788649,   35.498649,       71.55,
 139.793153,   35.498649,       69.98,
 139.797658,   35.498649,       68.82,
 139.802162,   35.498649,       67.74,
 139.806667,   35.498649,       67.07,
 139.811171,   35.498649,       66.72,
 139.815676,   35.498649,       66.39,
 139.820180,   35.498649,       66.19,
 139.824685,   35.498649,       66.30,
 139.829189,   35.498649,       66.42,
 139.833694,   35.498649,       66.56,
 139.838198,   35.498649,       66.80,
 139.842703,   35.498649,       67.11,
 139.847207,   35.498649,       67.44,
 139.851712,   35.498649,       67.77,
 139.856216,   35.498649,       68.16,
 139.860721,   35.498649,       68.56,
 139.865225,   35.498649,       68.98,
 139.869730,   35.498649,       69.41,
 139.874234,   35.498649,       69.82,
 139.878739,   35.498649,       70.29,
 139.883243,   35.498649,       70.78,
 139.887748,   35.498649,       71.28,
 139.892252,   35.498649,       71.82,
 139.896757,   35.498649,       72.30,
 139.901261,   35.498649,       72.79,
 139.905766,   35.498649,       73.28,
 139.910270,   35.498649,       73.73,
 139.914775,   35.498649,       74.11,
 139.919279,   35.498649,       74.50,
 139.923784,   35.498649,       74.90,
 139.928288,   35.498649,       75.28,
 139.932793,   35.498649,       75.61,
 139.937297,   35.498649,       75.93,
 139.941802,   35.498649,       76.23,
 139.946306,   35.498649,       76.54,
 139.950811,   35.498649,       76.85,
 139.955315,   35.498649,       77.16,
 139.959820,   35.498649,       77.49,
 139.964324,   35.498649,       77.84,
 139.968829,   35.498649,       78.19,
 139.973333,   35.498649,       78.61,
 139.977838,   35.498649,       79.01,
 139.982342,   35.498649,       79.41,
 139.986847,   35.498649,       79.77,
 139.991351,   35.498649,       80.04,
 139.995856,   35.498649,       80.21,
 140.000360,   35.498649,       80.32,
 140.004865,   35.498649,       80.21,
 140.009369,   35.498649,       80.09,
 140.013874,   35.498649,       80.18,
 140.018378,   35.498649,       80.39,
 140.022883,   35.498649,       81.20,
 140.027387,   35.498649,       82.20,
 140.031892,   35.498649,       82.27,
 140.036396,   35.498649,       82.21,
 140.040901,   35.498649,       82.10,
 140.045405,   35.498649,       82.02,
 140.049910,   35.498649,       81.95,
 140.054414,   35.498649,       81.88,
 140.058919,   35.498649,       81.82,
 140.063423,   35.498649,       81.74,
 140.067928,   35.498649,       81.67,
 140.072432,   35.498649,       81.59,
 140.076937,   35.498649,       81.51,
 140.081441,   35.498649,       81.42,
 140.085946,   35.498649,       81.33,
 140.090450,   35.498649,       81.21,
 140.094955,   35.498649,       81.06,
 140.099459,   35.498649,       80.89,
 140.103964,   35.498649,       80.66,
 140.108468,   35.498649,       80.38,
 140.112973,   35.498649,       80.07,
 140.117477,   35.498649,       79.74,
 140.121982,   35.498649,       79.36,
 140.126486,   35.498649,       78.94,
 140.130991,   35.498649,       78.50,
 140.135495,   35.498649,       78.05,
 140.140000,   35.498649,       77.59,
 140.144505,   35.498649,       77.13,
 140.149009,   35.498649,       76.66,
 140.153514,   35.498649,       76.18,
 140.158018,   35.498649,       75.70,
 140.162523,   35.498649,       75.21,
 140.167027,   35.498649,       74.71,
 140.171532,   35.498649,       74.21,
 140.176036,   35.498649,       73.70,
 140.180541,   35.498649,       73.35,
 140.185045,   35.498649,       73.12,
 140.189550,   35.498649,       72.88,
 140.194054,   35.498649,       72.64,
 140.198559,   35.498649,       72.41,
 140.203063,   35.498649,       72.17,
 140.207568,   35.498649,       71.94,
 140.212072,   35.498649,       71.70,
 140.216577,   35.498649,       71.46,
 140.221081,   35.498649,       71.23,
 140.225586,   35.498649,       70.99,
 140.230090,   35.498649,       70.75,
 140.234595,   35.498649,       70.52,
 140.239099,   35.498649,       70.28,
 140.243604,   35.498649,       70.05,
 140.248108,   35.498649,       69.81,
 140.252613,   35.498649,       69.57,
 140.257117,   35.498649,       69.34,
 140.261622,   35.498649,       69.10,
 140.266126,   35.498649,       68.86,
 140.270631,   35.498649,       68.63,
 140.275135,   35.498649,       68.39,
 140.279640,   35.498649,       68.15,
 140.284144,   35.498649,       67.92,
 140.288649,   35.498649,       67.68,
 140.293153,   35.498649,       67.44,
 140.297658,   35.498649,       67.21,
 140.302162,   35.498649,       66.97,
 140.306667,   35.498649,       66.73,
 140.311171,   35.498649,       66.50,
 140.315676,   35.498649,       66.26,
 140.320180,   35.498649,       66.03,
 140.324685,   35.498649,       65.79,
 140.329189,   35.498649,       65.55,
 140.333694,   35.498649,       65.32,
 140.338198,   35.498649,       65.08,
 140.342703,   35.498649,       64.84,
 140.347207,   35.498649,       64.61,
 140.351712,   35.498649,       64.37,
 140.356216,   35.498649,       64.13,
 140.360721,   35.498649,       63.90,
 140.365225,   35.498649,       63.66,
 140.369730,   35.498649,       63.42,
 140.374234,   35.498649,       63.19,
 140.378739,   35.498649,       62.95,
 140.383243,   35.498649,       62.71,
 140.387748,   35.498649,       62.48,
 139.140000,   35.503153,       11.41,
 139.144505,   35.503153,       11.74,
 139.149009,   35.503153,       12.07,
 139.153514,   35.503153,       12.41,
 139.158018,   35.503153,       12.75,
 139.162523,   35.503153,       13.10,
 139.167027,   35.503153,       13.44,
 139.171532,   35.503153,       13.79,
 139.176036,   35.503153,       14.14,
 139.180541,   35.503153,       14.49,
 139.185045,   35.503153,       14.85,
 139.189550,   35.503153,       15.21,
 139.194054,   35.503153,       15.57,
 139.198559,   35.503153,       15.93,
 139.203063,   35.503153,       16.30,
 139.207568,   35.503153,       16.67,
 139.212072,   35.503153,       17.04,
 139.216577,   35.503153,       17.41,
 139.221081,   35.503153,       17.79,
 139.225586,   35.503153,       18.16,
 139.230090,   35.503153,       18.54,
 139.234595,   35.503153,       18.93,
 139.239099,   35.503153,       19.31,
 139.243604,   35.503153,       19.70,
 139.248108,   35.503153,       20.09,
 139.252613,   35.503153,       20.49,
 139.257117,   35.503153,       20.88,
 139.261622,   35.503153,       21.28,
 139.266126,   35.503153,       21.68,
 139.270631,   35.503153,       22.08,
 139.275135,   35.503153,       22.49,
 139.279640,   35.503153,       22.90,
 139.284144,   35.503153,       23.31,
 139.288649,   35.503153,       23.72,
 139.293153,   35.503153,       24.14,
 139.297658,   35.503153,       24.56,
 139.302162,   35.503153,       24.98,
 139.306667,   35.503153,       25.40,
 139.311171,   35.503153,       25.83,
 139.315676,   35.503153,       26.26,
 139.320180,   35.503153,       26.69,
 139.324685,   35.503153,       27.12,
 139.329189,   35.503153,       27.56,
 139.333694,   35.503153,       28.00,
 139.338198,   35.503153,       28.44,
 139.342703,   35.503153,       28.88,
 139.347207,   35.503153,       29.33,
 139.351712,   35.503153,       29.77,
 139.356216,   35.503153,       30.23,
 139.360721,   35.503153,       30.68,
 139.365225,   35.503153,       31.14,
 139.369730,   35.503153,       31.59,
 139.374234,   35.503153,       32.06,
 139.378739,   35.503153,       32.52,
 139.383243,   35.503153,       32.98,
 139.387748,   35.503153,       33.45,
 139.392252,   35.503153,       33.92,
 139.396757,   35.503153,       34.40,
 139.401261,   35.503153,       34.87,
 139.405766,   35.503153,       35.35,
 139.410270,   35.503153,       35.83,
 139.414775,   35.503153,       36.32,
 139.419279,   35.503153,       36.80,
 139.423784,   35.503153,       37.29,
 139.428288,   35.503153,       37.78,
 139.432793,   35.503153,       38.28,
 139.437297,   35.503153,       38.77,
 139.441802,   35.503153,       39.27,
 139.446306,   35.503153,       39.77,
 139.450811,   35.503153,       40.28,
 139.455315,   35.503153,       40.78,
 139.459820,   35.503153,       41.29,
 139.464324,   35.503153,       41.80,
 139.468829,   35.503153,       42.32,
 139.473333,   35.503153,       42.83,
 139.477838,   35.503153,       43.35,
 139.482342,   35.503153,       43.88,
 139.486847,   35.503153,       44.40,
 139.491351,   35.503153,       44.93,
 139.495856,   35.503153,       45.45,
 139.500360,   35.503153,       45.99,
 139.504865,   35.503153,       46.52,
 139.509369,   35.503153,       47.06,
 139.513874,   35.503153,       47.60,
 139.518378,   35.503153,       48.14,
 139.522883,   35.503153,       48.68,
 139.527387,   35.503153,       49.23,
 139.531892,   35.503153,       49.78,
 139.536396,   35.503153,       50.33,
 139.540901,   35.503153,       49.88,
 139.545405,   35.503153,       49.12,
 139.549910,   35.503153,       49.08,
 139.554414,   35.503153,       49.70,
 139.558919,   35.503153,       50.35,
 139.563423,   35.503153,       51.04,
 139.567928,   35.503153,       51.76,
 139.572432,   35.503153,       52.53,
 139.576937,   35.503153,       53.34,
 139.581441,   35.503153,       54.21,
 139.585946,   35.503153,       55.13,
 139.590450,   35.503153,       56.12,
 139.594955,   35.503153,       57.18,
 139.599459,   35.503153,       58.32,
 139.603964,   35.503153,       59.55,
 139.608468,   35.503153,       60.88,
 139.612973,   35.503153,       62.28,
 139.617477,   35.503153,       63.74,
 139.621982,   35.503153,       65.27,
 139.626486,   35.503153,       66.87,
 139.630991,   35.503153,       68.54,
 139.635495,   35.503153,       70.28,
 139.640000,   35.503153,       72.10,
 139.644505,   35.503153,       73.94,
 139.649009,   35.503153,       75.76,
 139.653514,   35.503153,       77.50,
 139.658018,   35.503153,       78.17,
 139.662523,   35.503153,       73.90,
 139.667027,   35.503153,       63.12,
 139.671532,   35.503153,       45.77,
 139.676036,   35.503153,       21.25,
 139.680541,   35.503153,      -11.36,
 139.685045,   35.503153,      -53.53,
 139.689550,   35.503153,     -107.07,
 139.694054,   35.503153,     -168.52,
 139.698559,   35.503153,     -236.00,
 139.703063,   35.503153,     -308.47,
 139.707568,   35.503153,     -386.07,
 139.712072,   35.503153,     -386.07,
 139.716577,   35.503153,     -386.07,
 139.721081,   35.503153,     -386.07,
 139.725586,   35.503153,     -386.07,
 139.730090,   35.503153,     -386.07,
 139.734595,   35.503153,      -26.01,
 139.739099,   35.503153,      -26.01,
 139.743604,   35.503153,      -26.01,
 139.748108,   35.503153,      -26.01,
 139.752613,   35.503153,      -26.01,
 139.757117,   35.503153,      -26.01,
 139.761622,   35.503153,       78.11,
 139.766126,   35.503153,       77.82,
 139.770631,   35.503153,       77.53,
 139.775135,   35.503153,       77.24,
 139.779640,   35.503153,       76.24,
 139.784144,   35.503153,       74.74,
 139.788649,   35.503153,       73.24,
 139.793153,   35.503153,       71.50,
 139.797658,   35.503153,       70.04,
 139.802162,   35.503153,       68.95,
 139.806667,   35.503153,       68.08,
 139.811171,   35.503153,       67.67,
 139.815676,   35.503153,       67.31,
 139.820180,   35.503153,       67.07,
 139.824685,   35.503153,       67.13,
 139.829189,   35.503153,       67.22,
 139.833694,   35.503153,       67.34,
 139.838198,   35.503153,       67.59,
 139.842703,   35.503153,       67.89,
 139.847207,   35.503153,       68.20,
 139.851712,   35.503153,       68.52,
 139.856216,   35.503153,       68.85,
 139.860721,   35.503153,       69.21,
 139.865225,   35.503153,       69.60,
 139.869730,   35.503153,       69.99,
 139.874234,   35.503153,       70.40,
 139.878739,   35.503153,       70.79,
 139.883243,   35.503153,       71.21,
 139.887748,   35.503153,       71.64,
 139.892252,   35.503153,       72.08,
 139.896757,   35.503153,       72.52,
 139.901261,   35.503153,       72.97,
 139.905766,   35.503153,       73.43,
 139.910270,   35.503153,       73.82,
 139.914775,   35.503153,       74.17,
 139.919279,   35.503153,       74.52,
 139.923784,   35.503153,       74.87,
 139.928288,   35.503153,       75.23,
 139.932793,   35.503153,       75.54,
 139.937297,   35.503153,       75.86,
 139.941802,   35.503153,       76.17,
 139.946306,   35.503153,       76.46,
 139.950811,   35.503153,       76.75,
 139.955315,   35.503153,       77.04,
 139.959820,   35.503153,       77.36,
 139.964324,   35.503153,       77.70,
 139.968829,   35.503153,       78.04,
 139.973333,   35.503153,       78.38,
 139.977838,   35.503153,       78.75,
 139.982342,   35.503153,       79.07,
 139.986847,   35.503153,       79.38,
 139.991351,   35.503153,       79.69,
 139.995856,   35.503153,       79.93,
 140.000360,   35.503153,       80.09,
 140.004865,   35.503153,       80.17,
 140.009369,   35.503153,       80.06,
 140.013874,   35.503153,       80.23,
 140.018378,   35.503153,       80.48,
 140.022883,   35.503153,       80.99,
 140.027387,   35.503153,       81.91,
 140.031892,   35.503153,       82.59,
 140.036396,   35.503153,       82.71,
 140.040901,   35.503153,       82.70,
 140.045405,   35.503153,       82.66,
 140.049910,   35.503153,       82.63,
 140.054414,   35.503153,       82.61,
 140.058919,   35.503153,       82.58,
 140.063423,   35.503153,       82.54,
 140.067928,   35.503153,       82.49,
 140.072432,   35.503153,       82.44,
 140.076937,   35.503153,       82.38,
 140.081441,   35.503153,       82.31,
 140.085946,   35.503153,       82.24,
 140.090450,   35.503153,       82.13,
 140.094955,   35.503153,       81.99,
 140.099459,   35.503153,       81.82,
 140.103964,   35.503153,       81.58,
 140.108468,   35.503153,       81.29,
 140.112973,   35.503153,       80.98,
 140.117477,   35.503153,       80.63,
 140.121982,   35.503153,       80.23,
 140.126486,   35.503153,       79.79,
 140.130991,   35.503153,       79.33,
 140.135495,   35.503153,       78.86,
 140.140000,   35.503153,       78.39,
 140.144505,   35.503153,       77.91,
 140.149009,   35.503153,       77.42,
 140.153514,   35.503153,       76.93,
 140.158018,   35.503153,       76.43,
 140.162523,   35.503153,       75.92,
 140.167027,   35.503153,       75.41,
 140.171532,   35.503153,       74.90,
 140.176036,   35.503153,       74.45,
 140.180541,   35.503153,       74.22,
 140.185045,   35.503153,       73.98,
 140.189550,   35.503153,       73.74,
 140.194054,   35.503153,       73.51,
 140.198559,   35.503153,       73.27,
 140.203063,   35.503153,       73.03,
 140.207568,   35.503153,       72.80,
 140.212072,   35.503153,       72.56,
 140.216577,   35.503153,       72.33,
 140.221081,   35.503153,       72.09,
 140.225586,   35.503153,       71.85,
 140.230090,   35.503153,       71.62,
 140.234595,   35.503153,       71.38,
 140.239099,   35.503153,       71.14,
 140.243604,   35.503153,       70.91,
 140.248108,   35.503153,       70.67,
 140.252613,   35.503153,       70.43,
 140.257117,   35.503153,       70.20,
 140.261622,   35.503153,       69.96,
 140.266126,   35.503153,       69.73,
 140.270631,   35.503153,       69.49,
 140.275135,   35.503153,       69.25,
 140.279640,   35.503153,       69.02,
 140.284144,   35.503153,       68.78,
 140.288649,   35.503153,       68.54,
 140.293153,   35.503153,       68.31,
 140.297658,   35.503153,       68.07,
 140.302162,   35.503153,       67.83,
 140.306667,   35.503153,       67.60,
 140.311171,   35.503153,       67.36,
 140.315676,   35.503153,       67.12,
 140.320180,   35.503153,       66.89,
 140.324685,   35.503153,       66.65,
 140.329189,   35.503153,       66.41,
 140.333694,   35.503153,       66.18,
 140.338198,   35.503153,       65.94,
 140.342703,   35.503153,       65.70,
 140.347207,   35.503153,       65.47,
 140.351712,   35.503153,       65.23,
 140.356216,   35.503153,       64.99,
 140.360721,   35.503153,       64.76,
 140.365225,   35.503153,       64.52,
 140.369730,   35.503153,       64.28,
 140.374234,   35.503153,       64.05,
 140.378739,   35.503153,       63.81,
 140.383243,   35.503153,       63.57,
 140.387748,   35.503153,       63.34,
 139.140000,   35.507658,       11.53,
 139.144505,   35.507658,       11.86,
 139.149009,   35.507658,       12.19,
 139.153514,   35.507658,       12.53,
 139.158018,   35.507658,       12.87,
 139.162523,   35.507658,       13.21,
 139.167027,   35.507658,       13.56,
 139.171532,   35.507658,       13.90,
 139.176036,   35.507658,       14.25,
 139.180541,   35.507658,       14.61,
 139.185045,   35.507658,       14.96,
 139.189550,   35.507658,       15.32,
 139.194054,   35.507658,       15.68,
 139.198559,   35.507658,       16.04,
 139.203063,   35.507658,       16.40,
 139.207568,   35.507658,       16.77,
 139.212072,   35.507658,       17.14,
 139.216577,   35.507658,       17.51,
 139.221081,   35.507658,       17.89,
 139.225586,   35.507658,       18.27,
 139.230090,   35.507658,       18.64,
 139.234595,   35.507658,       19.03,
 139.239099,   35.507658,       19.41,
 139.243604,   35.507658,       19.80,
 139.248108,   35.507658,       20.19,
 139.252613,   35.507658,       20.58,
 139.257117,   35.507658,       20.98,
 139.261622,   35.507658,       21.37,
 139.266126,   35.507658,       21.77,
 139.270631,   35.507658,       22.18,
 139.275135,   35.507658,       22.58,
 139.279640,   35.507658,       22.99,
 139.284144,   35.507658,       23.40,
 139.288649,   35.507658,       23.81,
 139.293153,   35.507658,       24.22,
 139.297658,   35.507658,       24.64,
 139.302162,   35.507658,       25.06,
 139.306667,   35.507658,       25.48,
 139.311171,   35.507658,       25.91,
 139.315676,   35.507658,       26.34,
 139.320180,   35.507658,       26.77,
 139.324685,   35.507658,       27.20,
 139.329189,   35.507658,       27.63,
 139.333694,   35.507658,       28.07,
 139.338198,   35.507658,       28.51,
 139.342703,   35.507658,       28.95,
 139.347207,   35.507658,       29.40,
 139.351712,   35.507658,       29.85,
 139.356216,   35.507658,       30.30,
 139.360721,   35.507658,       30.75,
 139.365225,   35.507658,       31.20,
 139.369730,   35.507658,       31.66,
 139.374234,   35.507658,       32.12,
 139.378739,   35.507658,       32.58,
 139.383243,   35.507658,       33.05,
 139.387748,   35.507658,       33.52,
 139.392252,   35.507658,       33.99,
 139.396757,   35.507658,       34.46,
 139.401261,   35.507658,       34.93,
 139.405766,   35.507658,       35.41,
 139.410270,   35.507658,       35.89,
 139.414775,   35.507658,       36.37,
 139.419279,   35.507658,       36.86,
 139.423784,   35.507658,       37.35,
 139.428288,   35.507658,       37.84,
 139.432793,   35.507658,       38.33,
 139.437297,   35.507658,       38.83,
 139.441802,   35.507658,       39.32,
 139.446306,   35.507658,       39.82,
 139.450811,   35.507658,       40.33,
 139.455315,   35.507658,       40.83,
 139.459820,   35.507658,       41.34,
 139.464324,   35.507658,       41.85,
 139.468829,   35.507658,       42.36,
 139.473333,   35.507658,       42.88,
 139.477838,   35.507658,       43.40,
 139.482342,   35.507658,       43.92,
 139.486847,   35.507658,       44.44,
 139.491351,   35.507658,       44.96,
 139.495856,   35.507658,       45.49,
 139.500360,   35.507658,       46.02,
 139.504865,   35.507658,       46.56,
 139.509369,   35.507658,       47.09,
 139.513874,   35.507658,       47.63,
 139.518378,   35.507658,       48.17,
 139.522883,   35.507658,       48.71,
 139.527387,   35.507658,       49.26,
 139.531892,   35.507658,       49.81,
 139.536396,   35.507658,       50.36,
 139.540901,   35.507658,       50.91,
 139.545405,   35.507658,       51.30,
 139.549910,   35.507658,       50.35,
 139.554414,   35.507658,       49.93,
 139.558919,   35.507658,       50.38,
 139.563423,   35.507658,       51.04,
 139.567928,   35.507658,       51.73,
 139.572432,   35.507658,       52.45,
 139.576937,   35.507658,       53.22,
 139.581441,   35.507658,       54.04,
 139.585946,   35.507658,       54.91,
 139.590450,   35.507658,       55.83,
 139.594955,   35.507658,       56.81,
 139.599459,   35.507658,       57.87,
 139.603964,   35.507658,       59.00,
 139.608468,   35.507658,       60.22,
 139.612973,   35.507658,       61.54,
 139.617477,   35.507658,       62.94,
 139.621982,   35.507658,       64.40,
 139.626486,   35.507658,       65.92,
 139.630991,   35.507658,       67.50,
 139.635495,   35.507658,       69.14,
 139.640000,   35.507658,       70.85,
 139.644505,   35.507658,       72.59,
 139.649009,   35.507658,       74.34,
 139.653514,   35.507658,       75.95,
 139.658018,   35.507658,       76.54,
 139.662523,   35.507658,       74.22,
 139.667027,   35.507658,       64.02,
 139.671532,   35.507658,       47.23,
 139.676036,   35.507658,       23.32,
 139.680541,   35.507658,       -8.54,
 139.685045,   35.507658,      -49.51,
 139.689550,   35.507658,     -100.76,
 139.694054,   35.507658,     -162.86,
 139.698559,   35.507658,     -233.89,
 139.703063,   35.507658,     -310.75,
 139.707568,   35.507658,     -393.52,
 139.712072,   35.507658,     -482.58,
 139.716577,   35.507658,     -482.58,
 139.721081,   35.507658,     -482.58,
 139.725586,   35.507658,     -482.58,
 139.730090,   35.507658,     -482.58,
 139.734595,   35.507658,     -313.94,
 139.739099,   35.507658,     -313.94,
 139.743604,   35.507658,     -313.94,
 139.748108,   35.507658,     -313.94,
 139.752613,   35.507658,     -313.94,
 139.757117,   35.507658,     -313.94,
 139.761622,   35.507658,       78.86,
 139.766126,   35.507658,       78.58,
 139.770631,   35.507658,       78.27,
 139.775135,   35.507658,       77.96,
 139.779640,   35.507658,       77.36,
 139.784144,   35.507658,       76.10,
 139.788649,   35.507658,       74.44,
 139.793153,   35.507658,       72.75,
 139.797658,   35.507658,       71.09,
 139.802162,   35.507658,       69.97,
 139.806667,   35.507658,       69.07,
 139.811171,   35.507658,       68.59,
 139.815676,   35.507658,       68.18,
 139.820180,   35.507658,       67.95,
 139.824685,   35.507658,       67.98,
 139.829189,   35.507658,       68.04,
 139.833694,   35.507658,       68.10,
 139.838198,   35.507658,       68.35,
 139.842703,   35.507658,       68.63,
 139.847207,   35.507658,       68.91,
 139.851712,   35.507658,       69.21,
 139.856216,   35.507658,       69.52,
 139.860721,   35.507658,       69.86,
 139.865225,   35.507658,       70.20,
 139.869730,   35.507658,       70.56,
 139.874234,   35.507658,       70.93,
 139.878739,   35.507658,       71.28,
 139.883243,   35.507658,       71.65,
 139.887748,   35.507658,       72.02,
 139.892252,   35.507658,       72.35,
 139.896757,   35.507658,       72.74,
 139.901261,   35.507658,       73.14,
 139.905766,   35.507658,       73.55,
 139.910270,   35.507658,       73.94,
 139.914775,   35.507658,       74.26,
 139.919279,   35.507658,       74.58,
 139.923784,   35.507658,       74.90,
 139.928288,   35.507658,       75.20,
 139.932793,   35.507658,       75.51,
 139.937297,   35.507658,       75.81,
 139.941802,   35.507658,       76.12,
 139.946306,   35.507658,       76.41,
 139.950811,   35.507658,       76.68,
 139.955315,   35.507658,       76.95,
 139.959820,   35.507658,       77.24,
 139.964324,   35.507658,       77.57,
 139.968829,   35.507658,       77.88,
 139.973333,   35.507658,       78.20,
 139.977838,   35.507658,       78.53,
 139.982342,   35.507658,       78.82,
 139.986847,   35.507658,       79.07,
 139.991351,   35.507658,       79.43,
 139.995856,   35.507658,       79.75,
 140.000360,   35.507658,       79.99,
 140.004865,   35.507658,       80.21,
 140.009369,   35.507658,       80.40,
 140.013874,   35.507658,       80.67,
 140.018378,   35.507658,       80.96,
 140.022883,   35.507658,       81.26,
 140.027387,   35.507658,       81.82,
 140.031892,   35.507658,       82.34,
 140.036396,   35.507658,       83.10,
 140.040901,   35.507658,       83.20,
 140.045405,   35.507658,       83.23,
 140.049910,   35.507658,       83.25,
 140.054414,   35.507658,       83.28,
 140.058919,   35.507658,       83.30,
 140.063423,   35.507658,       83.31,
 140.067928,   35.507658,       83.30,
 140.072432,   35.507658,       83.27,
 140.076937,   35.507658,       83.24,
 140.081441,   35.507658,       83.19,
 140.085946,   35.507658,       83.14,
 140.090450,   35.507658,       83.06,
 140.094955,   35.507658,       82.92,
 140.099459,   35.507658,       82.76,
 140.103964,   35.507658,       82.51,
 140.108468,   35.507658,       82.21,
 140.112973,   35.507658,       81.89,
 140.117477,   35.507658,       81.52,
 140.121982,   35.507658,       81.09,
 140.126486,   35.507658,       80.63,
 140.130991,   35.507658,       80.15,
 140.135495,   35.507658,       79.67,
 140.140000,   35.507658,       79.17,
 140.144505,   35.507658,       78.68,
 140.149009,   35.507658,       78.17,
 140.153514,   35.507658,       77.66,
 140.158018,   35.507658,       77.15,
 140.162523,   35.507658,       76.63,
 140.167027,   35.507658,       76.10,
 140.171532,   35.507658,       75.56,
 140.176036,   35.507658,       75.31,
 140.180541,   35.507658,       75.08,
 140.185045,   35.507658,       74.84,
 140.189550,   35.507658,       74.61,
 140.194054,   35.507658,       74.37,
 140.198559,   35.507658,       74.13,
 140.203063,   35.507658,       73.90,
 140.207568,   35.507658,       73.66,
 140.212072,   35.507658,       73.42,
 140.216577,   35.507658,       73.19,
 140.221081,   35.507658,       72.95,
 140.225586,   35.507658,       72.72,
 140.230090,   35.507658,       72.48,
 140.234595,   35.507658,       72.24,
 140.239099,   35.507658,       72.01,
 140.243604,   35.507658,       71.77,
 140.248108,   35.507658,       71.53,
 140.252613,   35.507658,       71.30,
 140.257117,   35.507658,       71.06,
 140.261622,   35.507658,       70.82,
 140.266126,   35.507658,       70.59,
 140.270631,   35.507658,       70.35,
 140.275135,   35.507658,       70.12,
 140.279640,   35.507658,       69.88,
 140.284144,   35.507658,       69.64,
 140.288649,   35.507658,       69.41,
 140.293153,   35.507658,       69.17,
 140.297658,   35.507658,       68.93,
 140.302162,   35.507658,       68.70,
 140.306667,   35.507658,       68.46,
 140.311171,   35.507658,       68.22,
 140.315676,   35.507658,       67.99,
 140.320180,   35.507658,       67.75,
 140.324685,   35.507658,       67.51,
 140.329189,   35.507658,       67.28,
 140.333694,   35.507658,       67.04,
 140.338198,   35.507658,       66.80,
 140.342703,   35.507658,       66.57,
 140.347207,   35.507658,       66.33,
 140.351712,   35.507658,       66.09,
 140.356216,   35.507658,       65.86,
 140.360721,   35.507658,       65.62,
 140.365225,   35.507658,       65.38,
 140.369730,   35.507658,       65.15,
 140.374234,   35.507658,       64.91,
 140.378739,   35.507658,       64.67,
 140.383243,   35.507658,       64.44,
 140.387748,   35.507658,       64.20,
 139.140000,   35.512162,       11.65,
 139.144505,   35.512162,       11.98,
 139.149009,   35.512162,       12.31,
 139.153514,   35.512162,       12.65,
 139.158018,   35.512162,       12.99,
 139.162523,   35.512162,       13.33,
 139.167027,   35.512162,       13.67,
 139.171532,   35.512162,       14.02,
 139.176036,   35.512162,       14.36,
 139.180541,   35.512162,       14.72,
 139.185045,   35.512162,       15.07,
 139.189550,   35.512162,       15.42,
 139.194054,   35.512162,       15.78,
 139.198559,   35.512162,       16.14,
 139.203063,   35.512162,       16.51,
 139.207568,   35.512162,       16.87,
 139.212072,   35.512162,       17.24,
 139.216577,   35.512162,       17.61,
 139.221081,   35.512162,       17.99,
 139.225586,   35.512162,       18.36,
 139.230090,   35.512162,       18.74,
 139.234595,   35.512162,       19.12,
 139.239099,   35.512162,       19.51,
 139.243604,   35.512162,       19.89,
 139.248108,   35.512162,       20.28,
 139.252613,   35.512162,       20.67,
 139.257117,   35.512162,       21.07,
 139.261622,   35.512162,       21.46,
 139.266126,   35.512162,       21.86,
 139.270631,   35.512162,       22.26,
 139.275135,   35.512162,       22.67,
 139.279640,   35.512162,       23.07,
 139.284144,   35.512162,       23.48,
 139.288649,   35.512162,       23.89,
 139.293153,   35.512162,       24.31,
 139.297658,   35.512162,       24.72,
 139.302162,   35.512162,       25.14,
 139.306667,   35.512162,       25.56,
 139.311171,   35.512162,       25.99,
 139.315676,   35.512162,       26.41,
 139.320180,   35.512162,       26.84,
 139.324685,   35.512162,       27.27,
 139.329189,   35.512162,       27.71,
 139.333694,   35.512162,       28.14,
 139.338198,   35.512162,       28.58,
 139.342703,   35.512162,       29.02,
 139.347207,   35.512162,       29.47,
 139.351712,   35.512162,       29.91,
 139.356216,   35.512162,       30.36,
 139.360721,   35.512162,       30.82,
 139.365225,   35.512162,       31.27,
 139.369730,   35.512162,       31.73,
 139.374234,   35.512162,       32.18,
 139.378739,   35.512162,       32.65,
 139.383243,   35.512162,       33.11,
 139.387748,   35.512162,       33.58,
 139.392252,   35.512162,       34.05,
 139.396757,   35.512162,       34.52,
 139.401261,   35.512162,       34.99,
 139.405766,   35.512162,       35.47,
 139.410270,   35.512162,       35.95,
 139.414775,   35.512162,       36.43,
 139.419279,   35.512162,       36.91,
 139.423784,   35.512162,       37.40,
 139.428288,   35.512162,       37.89,
 139.432793,   35.512162,       38.38,
 139.437297,   35.512162,       38.87,
 139.441802,   35.512162,       39.37,
 139.446306,   35.512162,       39.87,
 139.450811,   35.512162,       40.37,
 139.455315,   35.512162,       40.88,
 139.459820,   35.512162,       41.38,
 139.464324,   35.512162,       41.89,
 139.468829,   35.512162,       42.40,
 139.473333,   35.512162,       42.92,
 139.477838,   35.512162,       43.43,
 139.482342,   35.512162,       43.95,
 139.486847,   35.512162,       44.48,
 139.491351,   35.512162,       45.00,
 139.495856,   35.512162,       45.53,
 139.500360,   35.512162,       46.06,
 139.504865,   35.512162,       46.59,
 139.509369,   35.512162,       47.12,
 139.513874,   35.512162,       47.66,
 139.518378,   35.512162,       48.20,
 139.522883,   35.512162,       48.74,
 139.527387,   35.512162,       49.28,
 139.531892,   35.512162,       49.83,
 139.536396,   35.512162,       50.38,
 139.540901,   35.512162,       50.93,
 139.545405,   35.512162,       51.49,
 139.549910,   35.512162,       52.04,
 139.554414,   35.512162,       51.66,
 139.558919,   35.512162,       50.98,
 139.563423,   35.512162,       51.06,
 139.567928,   35.512162,       51.71,
 139.572432,   35.512162,       52.41,
 139.576937,   35.512162,       53.13,
 139.581441,   35.512162,       53.91,
 139.585946,   35.512162,       54.72,
 139.590450,   35.512162,       55.59,
 139.594955,   35.512162,       56.51,
 139.599459,   35.512162,       57.49,
 139.603964,   35.512162,       58.54,
 139.608468,   35.512162,       59.67,
 139.612973,   35.512162,       60.88,
 139.617477,   35.512162,       62.19,
 139.621982,   35.512162,       63.58,
 139.626486,   35.512162,       65.03,
 139.630991,   35.512162,       66.53,
 139.635495,   35.512162,       68.09,
 139.640000,   35.512162,       69.71,
 139.644505,   35.512162,       71.36,
 139.649009,   35.512162,       73.02,
 139.653514,   35.512162,       74.32,
 139.658018,   35.512162,       74.74,
 139.662523,   35.512162,       73.37,
 139.667027,   35.512162,       67.49,
 139.671532,   35.512162,       51.69,
 139.676036,   35.512162,       28.85,
 139.680541,   35.512162,       -1.83,
 139.685045,   35.512162,      -41.42,
 139.689550,   35.512162,      -89.90,
 139.694054,   35.512162,     -147.56,
 139.698559,   35.512162,     -216.08,
 139.703063,   35.512162,     -297.21,
 139.707568,   35.512162,     -385.70,
 139.712072,   35.512162,     -481.48,
 139.716577,   35.512162,     -585.32,
 139.721081,   35.512162,     -585.32,
 139.725586,   35.512162,     -585.32,
 139.730090,   35.512162,     -585.32,
 139.734595,   35.512162,     -585.32,
 139.739099,   35.512162,      -59.67,
 139.743604,   35.512162,      -59.67,
 139.748108,   35.512162,      -59.67,
 139.752613,   35.512162,      -59.67,
 139.757117,   35.512162,      -59.67,
 139.761622,   35.512162,      -59.67,
 139.766126,   35.512162,       79.34,
 139.770631,   35.512162,       78.96,
 139.775135,   35.512162,       78.54,
 139.779640,   35.512162,       77.76,
 139.784144,   35.512162,       76.86,
 139.788649,   35.512162,       75.20,
 139.793153,   35.512162,       73.58,
 139.797658,   35.512162,       72.01,
 139.802162,   35.512162,       70.90,
 139.806667,   35.512162,       70.11,
 139.811171,   35.512162,       69.55,
 139.815676,   35.512162,       69.07,
 139.820180,   35.512162,       68.80,
 139.824685,   35.512162,       68.81,
 139.829189,   35.512162,       68.84,
 139.833694,   35.512162,       68.93,
 139.838198,   35.512162,       69.12,
 139.842703,   35.512162,       69.35,
 139.847207,   35.512162,       69.60,
 139.851712,   35.512162,       69.89,
 139.856216,   35.512162,       70.18,
 139.860721,   35.512162,       70.47,
 139.865225,   35.512162,       70.78,
 139.869730,   35.512162,       71.11,
 139.874234,   35.512162,       71.40,
 139.878739,   35.512162,       71.71,
 139.883243,   35.512162,       72.02,
 139.887748,   35.512162,       72.35,
 139.892252,   35.512162,       72.67,
 139.896757,   35.512162,       73.01,
 139.901261,   35.512162,       73.35,
 139.905766,   35.512162,       73.70,
 139.910270,   35.512162,       74.04,
 139.914775,   35.512162,       74.35,
 139.919279,   35.512162,       74.66,
 139.923784,   35.512162,       74.97,
 139.928288,   35.512162,       75.25,
 139.932793,   35.512162,       75.52,
 139.937297,   35.512162,       75.80,
 139.941802,   35.512162,       76.07,
 139.946306,   35.512162,       76.35,
 139.950811,   35.512162,       76.62,
 139.955315,   35.512162,       76.89,
 139.959820,   35.512162,       77.17,
 139.964324,   35.512162,       77.47,
 139.968829,   35.512162,       77.77,
 139.973333,   35.512162,       78.05,
 139.977838,   35.512162,       78.36,
 139.982342,   35.512162,       78.68,
 139.986847,   35.512162,       78.99,
 139.991351,   35.512162,       79.32,
 139.995856,   35.512162,       79.67,
 140.000360,   35.512162,       80.00,
 140.004865,   35.512162,       80.30,
 140.009369,   35.512162,       80.67,
 140.013874,   35.512162,       80.96,
 140.018378,   35.512162,       81.28,
 140.022883,   35.512162,       81.61,
 140.027387,   35.512162,       81.92,
 140.031892,   35.512162,       82.15,
 140.036396,   35.512162,       82.79,
 140.040901,   35.512162,       83.63,
 140.045405,   35.512162,       83.76,
 140.049910,   35.512162,       83.80,
 140.054414,   35.512162,       83.89,
 140.058919,   35.512162,       83.98,
 140.063423,   35.512162,       84.04,
 140.067928,   35.512162,       84.07,
 140.072432,   35.512162,       84.09,
 140.076937,   35.512162,       84.09,
 140.081441,   35.512162,       84.07,
 140.085946,   35.512162,       84.04,
 140.090450,   35.512162,       83.98,
 140.094955,   35.512162,       83.85,
 140.099459,   35.512162,       83.70,
 140.103964,   35.512162,       83.45,
 140.108468,   35.512162,       83.14,
 140.112973,   35.512162,       82.80,
 140.117477,   35.512162,       82.40,
 140.121982,   35.512162,       81.95,
 140.126486,   35.512162,       81.46,
 140.130991,   35.512162,       80.97,
 140.135495,   35.512162,       80.46,
 140.140000,   35.512162,       79.95,
 140.144505,   35.512162,       79.43,
 140.149009,   35.512162,       78.91,
 140.153514,   35.512162,       78.38,
 140.158018,   35.512162,       77.85,
 140.162523,   35.512162,       77.31,
 140.167027,   35.512162,       76.76,
 140.171532,   35.512162,       76.41,
 140.176036,   35.512162,       76.18,
 140.180541,   35.512162,       75.94,
 140.185045,   35.512162,       75.70,
 140.189550,   35.512162,       75.47,
 140.194054,   35.512162,       75.23,
 140.198559,   35.512162,       75.00,
 140.203063,   35.512162,       74.76,
 140.207568,   35.512162,       74.52,
 140.212072,   35.512162,       74.29,
 140.216577,   35.512162,       74.05,
 140.221081,   35.512162,       73.81,
 140.225586,   35.512162,       73.58,
 140.230090,   35.512162,       73.34,
 140.234595,   35.512162,       73.10,
 140.239099,   35.512162,       72.87,
 140.243604,   35.512162,       72.63,
 140.248108,   35.512162,       72.40,
 140.252613,   35.512162,       72.16,
 140.257117,   35.512162,       71.92,
 140.261622,   35.512162,       71.69,
 140.266126,   35.512162,       71.45,
 140.270631,   35.512162,       71.21,
 140.275135,   35.512162,       70.98,
 140.279640,   35.512162,       70.74,
 140.284144,   35.512162,       70.50,
 140.288649,   35.512162,       70.27,
 140.293153,   35.512162,       70.03,
 140.297658,   35.512162,       69.80,
 140.302162,   35.512162,       69.56,
 140.306667,   35.512162,       69.32,
 140.311171,   35.512162,       69.09,
 140.315676,   35.512162,       68.85,
 140.320180,   35.512162,       68.61,
 140.324685,   35.512162,       68.38,
 140.329189,   35.512162,       68.14,
 140.333694,   35.512162,       67.90,
 140.338198,   35.512162,       67.67,
 140.342703,   35.512162,       67.43,
 140.347207,   35.512162,       67.19,
 140.351712,   35.512162,       66.96,
 140.356216,   35.512162,       66.72,
 140.360721,   35.512162,       66.48,
 140.365225,   35.512162,       66.25,
 140.369730,   35.512162,       66.01,
 140.374234,   35.512162,       65.77,
 140.378739,   35.512162,       65.54,
 140.383243,   35.512162,       65.30,
 140.387748,   35.512162,       65.06,
 139.140000,   35.516667,       11.76,
 139.144505,   35.516667,       12.09,
 139.149009,   35.516667,       12.42,
 139.153514,   35.516667,       12.76,
 139.158018,   35.516667,       13.10,
 139.162523,   35.516667,       13.44,
 139.167027,   35.516667,       13.78,
 139.171532,   35.516667,       14.12,
 139.176036,   35.516667,       14.47,
 139.180541,   35.516667,       14.82,
 139.185045,   35.516667,       15.17,
 139.189550,   35.516667,       15.53,
 139.194054,   35.516667,       15.89,
 139.198559,   35.516667,       16.25,
 139.203063,   35.516667,       16.61,
 139.207568,   35.516667,       16.97,
 139.212072,   35.516667,       17.34,
 139.216577,   35.516667,       17.71,
 139.221081,   35.516667,       18.08,
 139.225586,   35.516667,       18.46,
 139.230090,   35.516667,       18.84,
 139.234595,   35.516667,       19.22,
 139.239099,   35.516667,       19.60,
 139.243604,   35.516667,       19.99,
 139.248108,   35.516667,       20.37,
 139.252613,   35.516667,       20.76,
 139.257117,   35.516667,       21.16,
 139.261622,   35.516667,       21.55,
 139.266126,   35.516667,       21.95,
 139.270631,   35.516667,       22.35,
 139.275135,   35.516667,       22.75,
 139.279640,   35.516667,       23.16,
 139.284144,   35.516667,       23.56,
 139.288649,   35.516667,       23.97,
 139.293153,   35.516667,       24.39,
 139.297658,   35.516667,       24.80,
 139.302162,   35.516667,       25.22,
 139.306667,   35.516667,       25.64,
 139.311171,   35.516667,       26.06,
 139.315676,   35.516667,       26.49,
 139.320180,   35.516667,       26.92,
 139.324685,   35.516667,       27.35,
 139.329189,   35.516667,       27.78,
 139.333694,   35.516667,       28.21,
 139.338198,   35.516667,       28.65,
 139.342703,   35.516667,       29.09,
 139.347207,   35.516667,       29.54,
 139.351712,   35.516667,       29.98,
 139.356216,   35.516667,       30.43,
 139.360721,   35.516667,       30.88,
 139.365225,   35.516667,       31.33,
 139.369730,   35.516667,       31.79,
 139.374234,   35.516667,       32.25,
 139.378739,   35.516667,       32.71,
 139.383243,   35.516667,       33.17,
 139.387748,   35.516667,       33.63,
 139.392252,   35.516667,       34.10,
 139.396757,   35.516667,       34.57,
 139.401261,   35.516667,       35.05,
 139.405766,   35.516667,       35.52,
 139.410270,   35.516667,       36.00,
 139.414775,   35.516667,       36.48,
 139.419279,   35.516667,       36.96,
 139.423784,   35.516667,       37.45,
 139.428288,   35.516667,       37.94,
 139.432793,   35.516667,       38.43,
 139.437297,   35.516667,       38.92,
 139.441802,   35.516667,       39.42,
 139.446306,   35.516667,       39.91,
 139.450811,   35.516667,       40.42,
 139.455315,   35.516667,       40.92,
 139.459820,   35.516667,       41.42,
 139.464324,   35.516667,       41.93,
 139.468829,   35.516667,       42.44,
 139.473333,   35.516667,       42.96,
 139.477838,   35.516667,       43.47,
 139.482342,   35.516667,       43.99,
 139.486847,   35.516667,       44.51,
 139.491351,   35.516667,       45.03,
 139.495856,   35.516667,       45.56,
 139.500360,   35.516667,       46.09,
 139.504865,   35.516667,       46.62,
 139.509369,   35.516667,       47.15,
 139.513874,   35.516667,       47.69,
 139.518378,   35.516667,       48.23,
 139.522883,   35.516667,       48.77,
 139.527387,   35.516667,       49.31,
 139.531892,   35.516667,       49.86,
 139.536396,   35.516667,       50.40,
 139.540901,   35.516667,       50.95,
 139.545405,   35.516667,       51.51,
 139.549910,   35.516667,       52.06,
 139.554414,   35.516667,       52.62,
 139.558919,   35.516667,       53.04,
 139.563423,   35.516667,       52.16,
 139.567928,   35.516667,       51.85,
 139.572432,   35.516667,       52.38,
 139.576937,   35.516667,       53.07,
 139.581441,   35.516667,       53.80,
 139.585946,   35.516667,       54.57,
 139.590450,   35.516667,       55.39,
 139.594955,   35.516667,       56.25,
 139.599459,   35.516667,       57.17,
 139.603964,   35.516667,       58.15,
 139.608468,   35.516667,       59.20,
 139.612973,   35.516667,       60.31,
 139.617477,   35.516667,       61.52,
 139.621982,   35.516667,       62.81,
 139.626486,   35.516667,       64.19,
 139.630991,   35.516667,       65.63,
 139.635495,   35.516667,       67.11,
 139.640000,   35.516667,       68.65,
 139.644505,   35.516667,       70.23,
 139.649009,   35.516667,       71.75,
 139.653514,   35.516667,       72.79,
 139.658018,   35.516667,       73.05,
 139.662523,   35.516667,       72.05,
 139.667027,   35.516667,       68.69,
 139.671532,   35.516667,       58.42,
 139.676036,   35.516667,       36.96,
 139.680541,   35.516667,        7.92,
 139.685045,   35.516667,      -29.70,
 139.689550,   35.516667,      -75.72,
 139.694054,   35.516667,     -129.87,
 139.698559,   35.516667,     -193.20,
 139.703063,   35.516667,     -268.90,
 139.707568,   35.516667,     -361.54,
 139.712072,   35.516667,     -464.43,
 139.716577,   35.516667,     -576.70,
 139.721081,   35.516667,     -576.70,
 139.725586,   35.516667,     -576.70,
 139.730090,   35.516667,     -576.70,
 139.734595,   35.516667,     -576.70,
 139.739099,   35.516667,     -320.51,
 139.743604,   35.516667,     -320.51,
 139.748108,   35.516667,     -320.51,
 139.752613,   35.516667,     -320.51,
 139.757117,   35.516667,     -320.51,
 139.761622,   35.516667,     -320.51,
 139.766126,   35.516667,       79.85,
 139.770631,   35.516667,       79.41,
 139.775135,   35.516667,       78.55,
 139.779640,   35.516667,       77.62,
 139.784144,   35.516667,       76.95,
 139.788649,   35.516667,       75.87,
 139.793153,   35.516667,       73.86,
 139.797658,   35.516667,       73.02,
 139.802162,   35.516667,       72.27,
 139.806667,   35.516667,       71.15,
 139.811171,   35.516667,       70.45,
 139.815676,   35.516667,       69.88,
 139.820180,   35.516667,       69.65,
 139.824685,   35.516667,       69.60,
 139.829189,   35.516667,       69.62,
 139.833694,   35.516667,       69.73,
 139.838198,   35.516667,       69.89,
 139.842703,   35.516667,       70.08,
 139.847207,   35.516667,       70.30,
 139.851712,   35.516667,       70.56,
 139.856216,   35.516667,       70.79,
 139.860721,   35.516667,       71.04,
 139.865225,   35.516667,       71.30,
 139.869730,   35.516667,       71.56,
 139.874234,   35.516667,       71.81,
 139.878739,   35.516667,       72.09,
 139.883243,   35.516667,       72.37,
 139.887748,   35.516667,       72.67,
 139.892252,   35.516667,       72.99,
 139.896757,   35.516667,       73.30,
 139.901261,   35.516667,       73.62,
 139.905766,   35.516667,       73.93,
 139.910270,   35.516667,       74.20,
 139.914775,   35.516667,       74.48,
 139.919279,   35.516667,       74.75,
 139.923784,   35.516667,       75.05,
 139.928288,   35.516667,       75.32,
 139.932793,   35.516667,       75.58,
 139.937297,   35.516667,       75.84,
 139.941802,   35.516667,       76.09,
 139.946306,   35.516667,       76.34,
 139.950811,   35.516667,       76.60,
 139.955315,   35.516667,       76.85,
 139.959820,   35.516667,       77.11,
 139.964324,   35.516667,       77.41,
 139.968829,   35.516667,       77.71,
 139.973333,   35.516667,       78.01,
 139.977838,   35.516667,       78.31,
 139.982342,   35.516667,       78.63,
 139.986847,   35.516667,       78.94,
 139.991351,   35.516667,       79.27,
 139.995856,   35.516667,       79.66,
 140.000360,   35.516667,       80.05,
 140.004865,   35.516667,       80.44,
 140.009369,   35.516667,       80.83,
 140.013874,   35.516667,       81.20,
 140.018378,   35.516667,       81.52,
 140.022883,   35.516667,       81.85,
 140.027387,   35.516667,       82.15,
 140.031892,   35.516667,       82.36,
 140.036396,   35.516667,       82.64,
 140.040901,   35.516667,       83.29,
 140.045405,   35.516667,       84.18,
 140.049910,   35.516667,       84.41,
 140.054414,   35.516667,       84.45,
 140.058919,   35.516667,       84.59,
 140.063423,   35.516667,       84.72,
 140.067928,   35.516667,       84.81,
 140.072432,   35.516667,       84.88,
 140.076937,   35.516667,       84.92,
 140.081441,   35.516667,       84.93,
 140.085946,   35.516667,       84.93,
 140.090450,   35.516667,       84.91,
 140.094955,   35.516667,       84.79,
 140.099459,   35.516667,       84.64,
 140.103964,   35.516667,       84.39,
 140.108468,   35.516667,       84.06,
 140.112973,   35.516667,       83.71,
 140.117477,   35.516667,       83.28,
 140.121982,   35.516667,       82.80,
 140.126486,   35.516667,       82.29,
 140.130991,   35.516667,       81.77,
 140.135495,   35.516667,       81.24,
 140.140000,   35.516667,       80.71,
 140.144505,   35.516667,       80.17,
 140.149009,   35.516667,       79.63,
 140.153514,   35.516667,       79.08,
 140.158018,   35.516667,       78.53,
 140.162523,   35.516667,       77.97,
 140.167027,   35.516667,       77.51,
 140.171532,   35.516667,       77.27,
 140.176036,   35.516667,       77.04,
 140.180541,   35.516667,       76.80,
 140.185045,   35.516667,       76.57,
 140.189550,   35.516667,       76.33,
 140.194054,   35.516667,       76.09,
 140.198559,   35.516667,       75.86,
 140.203063,   35.516667,       75.62,
 140.207568,   35.516667,       75.39,
 140.212072,   35.516667,       75.15,
 140.216577,   35.516667,       74.91,
 140.221081,   35.516667,       74.68,
 140.225586,   35.516667,       74.44,
 140.230090,   35.516667,       74.20,
 140.234595,   35.516667,       73.97,
 140.239099,   35.516667,       73.73,
 140.243604,   35.516667,       73.49,
 140.248108,   35.516667,       73.26,
 140.252613,   35.516667,       73.02,
 140.257117,   35.516667,       72.79,
 140.261622,   35.516667,       72.55,
 140.266126,   35.516667,       72.31,
 140.270631,   35.516667,       72.08,
 140.275135,   35.516667,       71.84,
 140.279640,   35.516667,       71.60,
 140.284144,   35.516667,       71.37,
 140.288649,   35.516667,       71.13,
 140.293153,   35.516667,       70.89,
 140.297658,   35.516667,       70.66,
 140.302162,   35.516667,       70.42,
 140.306667,   35.516667,       70.18,
 140.311171,   35.516667,       69.95,
 140.315676,   35.516667,       69.71,
 140.320180,   35.516667,       69.48,
 140.324685,   35.516667,       69.24,
 140.329189,   35.516667,       69.00,
 140.333694,   35.516667,       68.77,
 140.338198,   35.516667,       68.53,
 140.342703,   35.516667,       68.29,
 140.347207,   35.516667,       68.06,
 140.351712,   35.516667,       67.82,
 140.356216,   35.516667,       67.58,
 140.360721,   35.516667,       67.35,
 140.365225,   35.516667,       67.11,
 140.369730,   35.516667,       66.87,
 140.374234,   35.516667,       66.64,
 140.378739,   35.516667,       66.40,
 140.383243,   35.516667,       66.16,
 140.387748,   35.516667,       65.93,
 139.140000,   35.521171,       11.88,
 139.144505,   35.521171,       12.21,
 139.149009,   35.521171,       12.54,
 139.153514,   35.521171,       12.87,
 139.158018,   35.521171,       13.21,
 139.162523,   35.521171,       13.55,
 139.167027,   35.521171,       13.89,
 139.171532,   35.521171,       14.23,
 139.176036,   35.521171,       14.58,
 139.180541,   35.521171,       14.93,
 139.185045,   35.521171,       15.28,
 139.189550,   35.521171,       15.63,
 139.194054,   35.521171,       15.99,
 139.198559,   35.521171,       16.35,
 139.203063,   35.521171,       16.71,
 139.207568,   35.521171,       17.07,
 139.212072,   35.521171,       17.44,
 139.216577,   35.521171,       17.81,
 139.221081,   35.521171,       18.18,
 139.225586,   35.521171,       18.55,
 139.230090,   35.521171,       18.93,
 139.234595,   35.521171,       19.31,
 139.239099,   35.521171,       19.69,
 139.243604,   35.521171,       20.07,
 139.248108,   35.521171,       20.46,
 139.252613,   35.521171,       20.85,
 139.257117,   35.521171,       21.24,
 139.261622,   35.521171,       21.64,
 139.266126,   35.521171,       22.03,
 139.270631,   35.521171,       22.43,
 139.275135,   35.521171,       22.83,
 139.279640,   35.521171,       23.24,
 139.284144,   35.521171,       23.64,
 139.288649,   35.521171,       24.05,
 139.293153,   35.521171,       24.46,
 139.297658,   35.521171,       24.88,
 139.302162,   35.521171,       25.30,
 139.306667,   35.521171,       25.72,
 139.311171,   35.521171,       26.14,
 139.315676,   35.521171,       26.56,
 139.320180,   35.521171,       26.99,
 139.324685,   35.521171,       27.42,
 139.329189,   35.521171,       27.85,
 139.333694,   35.521171,       28.28,
 139.338198,   35.521171,       28.72,
 139.342703,   35.521171,       29.16,
 139.347207,   35.521171,       29.60,
 139.351712,   35.521171,       30.05,
 139.356216,   35.521171,       30.49,
 139.360721,   35.521171,       30.94,
 139.365225,   35.521171,       31.39,
 139.369730,   35.521171,       31.85,
 139.374234,   35.521171,       32.30,
 139.378739,   35.521171,       32.76,
 139.383243,   35.521171,       33.23,
 139.387748,   35.521171,       33.69,
 139.392252,   35.521171,       34.16,
 139.396757,   35.521171,       34.63,
 139.401261,   35.521171,       35.10,
 139.405766,   35.521171,       35.57,
 139.410270,   35.521171,       36.05,
 139.414775,   35.521171,       36.53,
 139.419279,   35.521171,       37.01,
 139.423784,   35.521171,       37.50,
 139.428288,   35.521171,       37.98,
 139.432793,   35.521171,       38.47,
 139.437297,   35.521171,       38.96,
 139.441802,   35.521171,       39.46,
 139.446306,   35.521171,       39.96,
 139.450811,   35.521171,       40.46,
 139.455315,   35.521171,       40.96,
 139.459820,   35.521171,       41.46,
 139.464324,   35.521171,       41.97,
 139.468829,   35.521171,       42.48,
 139.473333,   35.521171,       42.99,
 139.477838,   35.521171,       43.51,
 139.482342,   35.521171,       44.02,
 139.486847,   35.521171,       44.54,
 139.491351,   35.521171,       45.06,
 139.495856,   35.521171,       45.59,
 139.500360,   35.521171,       46.12,
 139.504865,   35.521171,       46.65,
 139.509369,   35.521171,       47.18,
 139.513874,   35.521171,       47.71,
 139.518378,   35.521171,       48.25,
 139.522883,   35.521171,       48.79,
 139.527387,   35.521171,       49.33,
 139.531892,   35.521171,       49.88,
 139.536396,   35.521171,       50.42,
 139.540901,   35.521171,       50.97,
 139.545405,   35.521171,       51.53,
 139.549910,   35.521171,       52.08,
 139.554414,   35.521171,       52.64,
 139.558919,   35.521171,       53.20,
 139.563423,   35.521171,       53.76,
 139.567928,   35.521171,       53.44,
 139.572432,   35.521171,       52.84,
 139.576937,   35.521171,       53.04,
 139.581441,   35.521171,       53.73,
 139.585946,   35.521171,       54.46,
 139.590450,   35.521171,       55.23,
 139.594955,   35.521171,       56.05,
 139.599459,   35.521171,       56.91,
 139.603964,   35.521171,       57.82,
 139.608468,   35.521171,       58.80,
 139.612973,   35.521171,       59.84,
 139.617477,   35.521171,       60.95,
 139.621982,   35.521171,       62.14,
 139.626486,   35.521171,       63.41,
 139.630991,   35.521171,       64.78,
 139.635495,   35.521171,       66.20,
 139.640000,   35.521171,       67.68,
 139.644505,   35.521171,       69.18,
 139.649009,   35.521171,       70.55,
 139.653514,   35.521171,       71.44,
 139.658018,   35.521171,       71.60,
 139.662523,   35.521171,       70.79,
 139.667027,   35.521171,       68.40,
 139.671532,   35.521171,       62.60,
 139.676036,   35.521171,       47.03,
 139.680541,   35.521171,       19.89,
 139.685045,   35.521171,      -15.37,
 139.689550,   35.521171,      -58.71,
 139.694054,   35.521171,     -109.95,
 139.698559,   35.521171,     -169.38,
 139.703063,   35.521171,     -239.03,
 139.707568,   35.521171,     -323.33,
 139.712072,   35.521171,     -429.91,
 139.716577,   35.521171,     -550.88,
 139.721081,   35.521171,     -684.41,
 139.725586,   35.521171,     -684.41,
 139.730090,   35.521171,     -684.41,
 139.734595,   35.521171,     -684.41,
 139.739099,   35.521171,     -684.41,
 139.743604,   35.521171,     -645.84,
 139.748108,   35.521171,     -645.84,
 139.752613,   35.521171,     -645.84,
 139.757117,   35.521171,     -645.84,
 139.761622,   35.521171,     -645.84,
 139.766126,   35.521171,      -10.92,
 139.770631,   35.521171,       79.04,
 139.775135,   35.521171,       77.60,
 139.779640,   35.521171,       76.81,
 139.784144,   35.521171,       76.59,
 139.788649,   35.521171,       76.73,
 139.793153,   35.521171,       76.37,
 139.797658,   35.521171,       75.34,
 139.802162,   35.521171,       73.99,
 139.806667,   35.521171,       72.31,
 139.811171,   35.521171,       71.37,
 139.815676,   35.521171,       70.63,
 139.820180,   35.521171,       70.48,
 139.824685,   35.521171,       70.40,
 139.829189,   35.521171,       70.38,
 139.833694,   35.521171,       70.51,
 139.838198,   35.521171,       70.66,
 139.842703,   35.521171,       70.83,
 139.847207,   35.521171,       71.00,
 139.851712,   35.521171,       71.14,
 139.856216,   35.521171,       71.35,
 139.860721,   35.521171,       71.56,
 139.865225,   35.521171,       71.77,
 139.869730,   35.521171,       71.99,
 139.874234,   35.521171,       72.24,
 139.878739,   35.521171,       72.48,
 139.883243,   35.521171,       72.74,
 139.887748,   35.521171,       72.99,
 139.892252,   35.521171,       73.28,
 139.896757,   35.521171,       73.58,
 139.901261,   35.521171,       73.88,
 139.905766,   35.521171,       74.17,
 139.910270,   35.521171,       74.42,
 139.914775,   35.521171,       74.65,
 139.919279,   35.521171,       74.89,
 139.923784,   35.521171,       75.13,
 139.928288,   35.521171,       75.39,
 139.932793,   35.521171,       75.65,
 139.937297,   35.521171,       75.91,
 139.941802,   35.521171,       76.16,
 139.946306,   35.521171,       76.39,
 139.950811,   35.521171,       76.62,
 139.955315,   35.521171,       76.84,
 139.959820,   35.521171,       77.06,
 139.964324,   35.521171,       77.38,
 139.968829,   35.521171,       77.68,
 139.973333,   35.521171,       77.97,
 139.977838,   35.521171,       78.28,
 139.982342,   35.521171,       78.60,
 139.986847,   35.521171,       78.93,
 139.991351,   35.521171,       79.29,
 139.995856,   35.521171,       79.70,
 140.000360,   35.521171,       80.14,
 140.004865,   35.521171,       80.57,
 140.009369,   35.521171,       80.96,
 140.013874,   35.521171,       81.37,
 140.018378,   35.521171,       81.73,
 140.022883,   35.521171,       82.03,
 140.027387,   35.521171,       82.33,
 140.031892,   35.521171,       82.40,
 140.036396,   35.521171,       82.59,
 140.040901,   35.521171,       82.91,
 140.045405,   35.521171,       83.81,
 140.049910,   35.521171,       84.73,
 140.054414,   35.521171,       85.10,
 140.058919,   35.521171,       85.17,
 140.063423,   35.521171,       85.34,
 140.067928,   35.521171,       85.51,
 140.072432,   35.521171,       85.64,
 140.076937,   35.521171,       85.73,
 140.081441,   35.521171,       85.79,
 140.085946,   35.521171,       85.82,
 140.090450,   35.521171,       85.83,
 140.094955,   35.521171,       85.74,
 140.099459,   35.521171,       85.59,
 140.103964,   35.521171,       85.33,
 140.108468,   35.521171,       84.99,
 140.112973,   35.521171,       84.62,
 140.117477,   35.521171,       84.16,
 140.121982,   35.521171,       83.64,
 140.126486,   35.521171,       83.11,
 140.130991,   35.521171,       82.56,
 140.135495,   35.521171,       82.01,
 140.140000,   35.521171,       81.46,
 140.144505,   35.521171,       80.90,
 140.149009,   35.521171,       80.33,
 140.153514,   35.521171,       79.76,
 140.158018,   35.521171,       79.19,
 140.162523,   35.521171,       78.61,
 140.167027,   35.521171,       78.37,
 140.171532,   35.521171,       78.14,
 140.176036,   35.521171,       77.90,
 140.180541,   35.521171,       77.66,
 140.185045,   35.521171,       77.43,
 140.189550,   35.521171,       77.19,
 140.194054,   35.521171,       76.96,
 140.198559,   35.521171,       76.72,
 140.203063,   35.521171,       76.48,
 140.207568,   35.521171,       76.25,
 140.212072,   35.521171,       76.01,
 140.216577,   35.521171,       75.77,
 140.221081,   35.521171,       75.54,
 140.225586,   35.521171,       75.30,
 140.230090,   35.521171,       75.07,
 140.234595,   35.521171,       74.83,
 140.239099,   35.521171,       74.59,
 140.243604,   35.521171,       74.36,
 140.248108,   35.521171,       74.12,
 140.252613,   35.521171,       73.88,
 140.257117,   35.521171,       73.65,
 140.261622,   35.521171,       73.41,
 140.266126,   35.521171,       73.18,
 140.270631,   35.521171,       72.94,
 140.275135,   35.521171,       72.70,
 140.279640,   35.521171,       72.47,
 140.284144,   35.521171,       72.23,
 140.288649,   35.521171,       71.99,
 140.293153,   35.521171,       71.76,
 140.297658,   35.521171,       71.52,
 140.302162,   35.521171,       71.28,
 140.306667,   35.521171,       71.05,
 140.311171,   35.521171,       70.81,
 140.315676,   35.521171,       70.57,
 140.320180,   35.521171,       70.34,
 140.324685,   35.521171,       70.10,
 140.329189,   35.521171,       69.86,
 140.333694,   35.521171,       69.63,
 140.338198,   35.521171,       69.39,
 140.342703,   35.521171,       69.15,
 140.347207,   35.521171,       68.92,
 140.351712,   35.521171,       68.68,
 140.356216,   35.521171,       68.44,
 140.360721,   35.521171,       68.21,
 140.365225,   35.521171,       67.97,
 140.369730,   35.521171,       67.73,
 140.374234,   35.521171,       67.50,
 140.378739,   35.521171,       67.26,
 140.383243,   35.521171,       67.02,
 140.387748,   35.521171,       66.79,
 139.140000,   35.525676,       11.99,
 139.144505,   35.525676,       12.32,
 139.149009,   35.525676,       12.65,
 139.153514,   35.525676,       12.98,
 139.158018,   35.525676,       13.31,
 139.162523,   35.525676,       13.65,
 139.167027,   35.525676,       13.99,
 139.171532,   35.525676,       14.33,
 139.176036,   35.525676,       14.68,
 139.180541,   35.525676,       15.03,
 139.185045,   35.525676,       15.38,
 139.189550,   35.525676,       15.73,
 139.194054,   35.525676,       16.09,
 139.198559,   35.525676,       16.44,
 139.203063,   35.525676,       16.80,
 139.207568,   35.525676,       17.17,
 139.212072,   35.525676,       17.53,
 139.216577,   35.525676,       17.90,
 139.221081,   35.525676,       18.27,
 139.225586,   35.525676,       18.64,
 139.230090,   35.525676,       19.02,
 139.234595,   35.525676,       19.40,
 139.239099,   35.525676,       19.78,
 139.243604,   35.525676,       20.16,
 139.248108,   35.525676,       20.55,
 139.252613,   35.525676,       20.93,
 139.257117,   35.525676,       21.33,
 139.261622,   35.525676,       21.72,
 139.266126,   35.525676,       22.11,
 139.270631,   35.525676,       22.51,
 139.275135,   35.525676,       22.91,
 139.279640,   35.525676,       23.32,
 139.284144,   35.525676,       23.72,
 139.288649,   35.525676,       24.13,
 139.293153,   35.525676,       24.54,
 139.297658,   35.525676,       24.95,
 139.302162,   35.525676,       25.37,
 139.306667,   35.525676,       25.79,
 139.311171,   35.525676,       26.21,
 139.315676,   35.525676,       26.63,
 139.320180,   35.525676,       27.06,
 139.324685,   35.525676,       27.48,
 139.329189,   35.525676,       27.92,
 139.333694,   35.525676,       28.35,
 139.338198,   35.525676,       28.78,
 139.342703,   35.525676,       29.22,
 139.347207,   35.525676,       29.66,
 139.351712,   35.525676,       30.11,
 139.356216,   35.525676,       30.55,
 139.360721,   35.525676,       31.00,
 139.365225,   35.525676,       31.45,
 139.369730,   35.525676,       31.90,
 139.374234,   35.525676,       32.36,
 139.378739,   35.525676,       32.82,
 139.383243,   35.525676,       33.28,
 139.387748,   35.525676,       33.74,
 139.392252,   35.525676,       34.21,
 139.396757,   35.525676,       34.68,
 139.401261,   35.525676,       35.15,
 139.405766,   35.525676,       35.62,
 139.410270,   35.525676,       36.10,
 139.414775,   35.525676,       36.58,
 139.419279,   35.525676,       37.06,
 139.423784,   35.525676,       37.54,
 139.428288,   35.525676,       38.03,
 139.432793,   35.525676,       38.51,
 139.437297,   35.525676,       39.01,
 139.441802,   35.525676,       39.50,
 139.446306,   35.525676,       40.00,
 139.450811,   35.525676,       40.49,
 139.455315,   35.525676,       40.99,
 139.459820,   35.525676,       41.50,
 139.464324,   35.525676,       42.00,
 139.468829,   35.525676,       42.51,
 139.473333,   35.525676,       43.02,
 139.477838,   35.525676,       43.54,
 139.482342,   35.525676,       44.05,
 139.486847,   35.525676,       44.57,
 139.491351,   35.525676,       45.09,
 139.495856,   35.525676,       45.62,
 139.500360,   35.525676,       46.14,
 139.504865,   35.525676,       46.67,
 139.509369,   35.525676,       47.20,
 139.513874,   35.525676,       47.74,
 139.518378,   35.525676,       48.27,
 139.522883,   35.525676,       48.81,
 139.527387,   35.525676,       49.35,
 139.531892,   35.525676,       49.90,
 139.536396,   35.525676,       50.44,
 139.540901,   35.525676,       50.99,
 139.545405,   35.525676,       51.54,
 139.549910,   35.525676,       52.10,
 139.554414,   35.525676,       52.65,
 139.558919,   35.525676,       53.21,
 139.563423,   35.525676,       53.77,
 139.567928,   35.525676,       54.34,
 139.572432,   35.525676,       54.79,
 139.576937,   35.525676,       53.98,
 139.581441,   35.525676,       53.76,
 139.585946,   35.525676,       54.38,
 139.590450,   35.525676,       55.11,
 139.594955,   35.525676,       55.88,
 139.599459,   35.525676,       56.69,
 139.603964,   35.525676,       57.55,
 139.608468,   35.525676,       58.46,
 139.612973,   35.525676,       59.43,
 139.617477,   35.525676,       60.46,
 139.621982,   35.525676,       61.56,
 139.626486,   35.525676,       62.74,
 139.630991,   35.525676,       64.00,
 139.635495,   35.525676,       65.35,
 139.640000,   35.525676,       66.76,
 139.644505,   35.525676,       68.20,
 139.649009,   35.525676,       69.46,
 139.653514,   35.525676,       70.26,
 139.658018,   35.525676,       70.40,
 139.662523,   35.525676,       69.74,
 139.667027,   35.525676,       67.88,
 139.671532,   35.525676,       63.83,
 139.676036,   35.525676,       55.01,
 139.680541,   35.525676,       33.49,
 139.685045,   35.525676,        0.73,
 139.689550,   35.525676,      -39.80,
 139.694054,   35.525676,      -88.00,
 139.698559,   35.525676,     -144.24,
 139.703063,   35.525676,     -209.40,
 139.707568,   35.525676,     -286.31,
 139.712072,   35.525676,     -381.22,
 139.716577,   35.525676,     -505.78,
 139.721081,   35.525676,     -649.96,
 139.725586,   35.525676,     -811.53,
 139.730090,   35.525676,     -811.53,
 139.734595,   35.525676,     -811.53,
 139.739099,   35.525676,     -811.53,
 139.743604,   35.525676,     -811.53,
 139.748108,   35.525676,     -117.52,
 139.752613,   35.525676,     -117.52,
 139.757117,   35.525676,     -117.52,
 139.761622,   35.525676,     -117.52,
 139.766126,   35.525676,     -117.52,
 139.770631,   35.525676,       67.45,
 139.775135,   35.525676,       74.85,
 139.779640,   35.525676,       75.22,
 139.784144,   35.525676,       75.66,
 139.788649,   35.525676,       77.01,
 139.793153,   35.525676,       78.67,
 139.797658,   35.525676,       77.77,
 139.802162,   35.525676,       75.98,
 139.806667,   35.525676,       73.32,
 139.811171,   35.525676,       72.04,
 139.815676,   35.525676,       71.38,
 139.820180,   35.525676,       71.21,
 139.824685,   35.525676,       71.15,
 139.829189,   35.525676,       71.14,
 139.833694,   35.525676,       71.25,
 139.838198,   35.525676,       71.39,
 139.842703,   35.525676,       71.52,
 139.847207,   35.525676,       71.60,
 139.851712,   35.525676,       71.68,
 139.856216,   35.525676,       71.84,
 139.860721,   35.525676,       72.03,
 139.865225,   35.525676,       72.23,
 139.869730,   35.525676,       72.43,
 139.874234,   35.525676,       72.65,
 139.878739,   35.525676,       72.87,
 139.883243,   35.525676,       73.11,
 139.887748,   35.525676,       73.33,
 139.892252,   35.525676,       73.59,
 139.896757,   35.525676,       73.86,
 139.901261,   35.525676,       74.13,
 139.905766,   35.525676,       74.40,
 139.910270,   35.525676,       74.65,
 139.914775,   35.525676,       74.87,
 139.919279,   35.525676,       75.09,
 139.923784,   35.525676,       75.31,
 139.928288,   35.525676,       75.53,
 139.932793,   35.525676,       75.76,
 139.937297,   35.525676,       76.00,
 139.941802,   35.525676,       76.23,
 139.946306,   35.525676,       76.46,
 139.950811,   35.525676,       76.69,
 139.955315,   35.525676,       76.92,
 139.959820,   35.525676,       77.16,
 139.964324,   35.525676,       77.42,
 139.968829,   35.525676,       77.70,
 139.973333,   35.525676,       77.96,
 139.977838,   35.525676,       78.25,
 139.982342,   35.525676,       78.60,
 139.986847,   35.525676,       78.95,
 139.991351,   35.525676,       79.31,
 139.995856,   35.525676,       79.73,
 140.000360,   35.525676,       80.18,
 140.004865,   35.525676,       80.64,
 140.009369,   35.525676,       81.06,
 140.013874,   35.525676,       81.46,
 140.018378,   35.525676,       81.84,
 140.022883,   35.525676,       82.15,
 140.027387,   35.525676,       82.35,
 140.031892,   35.525676,       82.34,
 140.036396,   35.525676,       82.57,
 140.040901,   35.525676,       82.80,
 140.045405,   35.525676,       83.38,
 140.049910,   35.525676,       84.37,
 140.054414,   35.525676,       85.30,
 140.058919,   35.525676,       85.81,
 140.063423,   35.525676,       85.95,
 140.067928,   35.525676,       86.16,
 140.072432,   35.525676,       86.36,
 140.076937,   35.525676,       86.51,
 140.081441,   35.525676,       86.63,
 140.085946,   35.525676,       86.70,
 140.090450,   35.525676,       86.74,
 140.094955,   35.525676,       86.69,
 140.099459,   35.525676,       86.54,
 140.103964,   35.525676,       86.29,
 140.108468,   35.525676,       85.92,
 140.112973,   35.525676,       85.53,
 140.117477,   35.525676,       85.03,
 140.121982,   35.525676,       84.48,
 140.126486,   35.525676,       83.91,
 140.130991,   35.525676,       83.34,
 140.135495,   35.525676,       82.77,
 140.140000,   35.525676,       82.19,
 140.144505,   35.525676,       81.60,
 140.149009,   35.525676,       81.01,
 140.153514,   35.525676,       80.42,
 140.158018,   35.525676,       79.82,
 140.162523,   35.525676,       79.47,
 140.167027,   35.525676,       79.24,
 140.171532,   35.525676,       79.00,
 140.176036,   35.525676,       78.76,
 140.180541,   35.525676,       78.53,
 140.185045,   35.525676,       78.29,
 140.189550,   35.525676,       78.05,
 140.194054,   35.525676,       77.82,
 140.198559,   35.525676,       77.58,
 140.203063,   35.525676,       77.35,
 140.207568,   35.525676,       77.11,
 140.212072,   35.525676,       76.87,
 140.216577,   35.525676,       76.64,
 140.221081,   35.525676,       76.40,
 140.225586,   35.525676,       76.16,
 140.230090,   35.525676,       75.93,
 140.234595,   35.525676,       75.69,
 140.239099,   35.525676,       75.46,
 140.243604,   35.525676,       75.22,
 140.248108,   35.525676,       74.98,
 140.252613,   35.525676,       74.75,
 140.257117,   35.525676,       74.51,
 140.261622,   35.525676,       74.27,
 140.266126,   35.525676,       74.04,
 140.270631,   35.525676,       73.80,
 140.275135,   35.525676,       73.56,
 140.279640,   35.525676,       73.33,
 140.284144,   35.525676,       73.09,
 140.288649,   35.525676,       72.86,
 140.293153,   35.525676,       72.62,
 140.297658,   35.525676,       72.38,
 140.302162,   35.525676,       72.15,
 140.306667,   35.525676,       71.91,
 140.311171,   35.525676,       71.67,
 140.315676,   35.525676,       71.44,
 140.320180,   35.525676,       71.20,
 140.324685,   35.525676,       70.96,
 140.329189,   35.525676,       70.73,
 140.333694,   35.525676,       70.49,
 140.338198,   35.525676,       70.25,
 140.342703,   35.525676,       70.02,
 140.347207,   35.525676,       69.78,
 140.351712,   35.525676,       69.54,
 140.356216,   35.525676,       69.31,
 140.360721,   35.525676,       69.07,
 140.365225,   35.525676,       68.83,
 140.369730,   35.525676,       68.60,
 140.374234,   35.525676,       68.36,
 140.378739,   35.525676,       68.12,
 140.383243,   35.525676,       67.89,
 140.387748,   35.525676,       67.65,
 139.140000,   35.530180,       12.10,
 139.144505,   35.530180,       12.42,
 139.149009,   35.530180,       12.75,
 139.153514,   35.530180,       13.08,
 139.158018,   35.530180,       13.42,
 139.162523,   35.530180,       13.75,
 139.167027,   35.530180,       14.09,
 139.171532,   35.530180,       14.44,
 139.176036,   35.530180,       14.78,
 139.180541,   35.530180,       15.13,
 139.185045,   35.530180,       15.48,
 139.189550,   35.530180,       15.83,
 139.194054,   35.530180,       16.18,
 139.198559,   35.530180,       16.54,
 139.203063,   35.530180,       16.90,
 139.207568,   35.530180,       17.26,
 139.212072,   35.530180,       17.62,
 139.216577,   35.530180,       17.99,
 139.221081,   35.530180,       18.36,
 139.225586,   35.530180,       18.73,
 139.230090,   35.530180,       19.11,
 139.234595,   35.530180,       19.48,
 139.239099,   35.530180,       19.86,
 139.243604,   35.530180,       20.25,
 139.248108,   35.530180,       20.63,
 139.252613,   35.530180,       21.02,
 139.257117,   35.530180,       21.41,
 139.261622,   35.530180,       21.80,
 139.266126,   35.530180,       22.19,
 139.270631,   35.530180,       22.59,
 139.275135,   35.530180,       22.99,
 139.279640,   35.530180,       23.39,
 139.284144,   35.530180,       23.80,
 139.288649,   35.530180,       24.20,
 139.293153,   35.530180,       24.61,
 139.297658,   35.530180,       25.02,
 139.302162,   35.530180,       25.44,
 139.306667,   35.530180,       25.86,
 139.311171,   35.530180,       26.28,
 139.315676,   35.530180,       26.70,
 139.320180,   35.530180,       27.12,
 139.324685,   35.530180,       27.55,
 139.329189,   35.530180,       27.98,
 139.333694,   35.530180,       28.41,
 139.338198,   35.530180,       28.85,
 139.342703,   35.530180,       29.28,
 139.347207,   35.530180,       29.72,
 139.351712,   35.530180,       30.17,
 139.356216,   35.530180,       30.61,
 139.360721,   35.530180,       31.06,
 139.365225,   35.530180,       31.51,
 139.369730,   35.530180,       31.96,
 139.374234,   35.530180,       32.41,
 139.378739,   35.530180,       32.87,
 139.383243,   35.530180,       33.33,
 139.387748,   35.530180,       33.79,
 139.392252,   35.530180,       34.26,
 139.396757,   35.530180,       34.73,
 139.401261,   35.530180,       35.20,
 139.405766,   35.530180,       35.67,
 139.410270,   35.530180,       36.14,
 139.414775,   35.530180,       36.62,
 139.419279,   35.530180,       37.10,
 139.423784,   35.530180,       37.58,
 139.428288,   35.530180,       38.07,
 139.432793,   35.530180,       38.55,
 139.437297,   35.530180,       39.04,
 139.441802,   35.530180,       39.54,
 139.446306,   35.530180,       40.03,
 139.450811,   35.530180,       40.53,
 139.455315,   35.530180,       41.03,
 139.459820,   35.530180,       41.53,
 139.464324,   35.530180,       42.04,
 139.468829,   35.530180,       42.54,
 139.473333,   35.530180,       43.05,
 139.477838,   35.530180,       43.57,
 139.482342,   35.530180,       44.08,
 139.486847,   35.530180,       44.60,
 139.491351,   35.530180,       45.12,
 139.495856,   35.530180,       45.64,
 139.500360,   35.530180,       46.17,
 139.504865,   35.530180,       46.69,
 139.509369,   35.530180,       47.22,
 139.513874,   35.530180,       47.76,
 139.518378,   35.530180,       48.29,
 139.522883,   35.530180,       48.83,
 139.527387,   35.530180,       49.37,
 139.531892,   35.530180,       49.91,
 139.536396,   35.530180,       50.46,
 139.540901,   35.530180,       51.01,
 139.545405,   35.530180,       51.56,
 139.549910,   35.530180,       52.11,
 139.554414,   35.530180,       52.66,
 139.558919,   35.530180,       53.22,
 139.563423,   35.530180,       53.78,
 139.567928,   35.530180,       54.34,
 139.572432,   35.530180,       54.91,
 139.576937,   35.530180,       55.48,
 139.581441,   35.530180,       55.22,
 139.585946,   35.530180,       54.70,
 139.590450,   35.530180,       55.01,
 139.594955,   35.530180,       55.74,
 139.599459,   35.530180,       56.51,
 139.603964,   35.530180,       57.32,
 139.608468,   35.530180,       58.18,
 139.612973,   35.530180,       59.09,
 139.617477,   35.530180,       60.05,
 139.621982,   35.530180,       61.08,
 139.626486,   35.530180,       62.16,
 139.630991,   35.530180,       63.33,
 139.635495,   35.530180,       64.57,
 139.640000,   35.530180,       65.91,
 139.644505,   35.530180,       67.29,
 139.649009,   35.530180,       68.47,
 139.653514,   35.530180,       69.24,
 139.658018,   35.530180,       69.43,
 139.662523,   35.530180,       68.91,
 139.667027,   35.530180,       67.43,
 139.671532,   35.530180,       64.35,
 139.676036,   35.530180,       58.34,
 139.680541,   35.530180,       45.84,
 139.685045,   35.530180,       18.04,
 139.689550,   35.530180,      -19.64,
 139.694054,   35.530180,      -64.75,
 139.698559,   35.530180,     -117.66,
 139.703063,   35.530180,     -179.18,
 139.707568,   35.530180,     -250.68,
 139.712072,   35.530180,     -336.17,
 139.716577,   35.530180,     -444.78,
 139.721081,   35.530180,     -593.74,
 139.725586,   35.530180,     -768.64,
 139.730090,   35.530180,     -768.64,
 139.734595,   35.530180,     -768.64,
 139.739099,   35.530180,     -768.64,
 139.743604,   35.530180,     -768.64,
 139.748108,   35.530180,     -219.32,
 139.752613,   35.530180,     -219.32,
 139.757117,   35.530180,     -219.32,
 139.761622,   35.530180,     -219.32,
 139.766126,   35.530180,     -219.32,
 139.770631,   35.530180,       24.91,
 139.775135,   35.530180,       69.56,
 139.779640,   35.530180,       72.62,
 139.784144,   35.530180,       74.27,
 139.788649,   35.530180,       77.62,
 139.793153,   35.530180,       79.96,
 139.797658,   35.530180,       79.83,
 139.802162,   35.530180,       77.95,
 139.806667,   35.530180,       74.52,
 139.811171,   35.530180,       72.08,
 139.815676,   35.530180,       71.79,
 139.820180,   35.530180,       71.88,
 139.824685,   35.530180,       71.90,
 139.829189,   35.530180,       71.91,
 139.833694,   35.530180,       71.97,
 139.838198,   35.530180,       72.07,
 139.842703,   35.530180,       72.15,
 139.847207,   35.530180,       72.17,
 139.851712,   35.530180,       72.21,
 139.856216,   35.530180,       72.34,
 139.860721,   35.530180,       72.51,
 139.865225,   35.530180,       72.68,
 139.869730,   35.530180,       72.83,
 139.874234,   35.530180,       73.03,
 139.878739,   35.530180,       73.24,
 139.883243,   35.530180,       73.45,
 139.887748,   35.530180,       73.68,
 139.892252,   35.530180,       73.91,
 139.896757,   35.530180,       74.15,
 139.901261,   35.530180,       74.40,
 139.905766,   35.530180,       74.65,
 139.910270,   35.530180,       74.88,
 139.914775,   35.530180,       75.09,
 139.919279,   35.530180,       75.30,
 139.923784,   35.530180,       75.50,
 139.928288,   35.530180,       75.71,
 139.932793,   35.530180,       75.92,
 139.937297,   35.530180,       76.13,
 139.941802,   35.530180,       76.32,
 139.946306,   35.530180,       76.56,
 139.950811,   35.530180,       76.79,
 139.955315,   35.530180,       77.02,
 139.959820,   35.530180,       77.26,
 139.964324,   35.530180,       77.51,
 139.968829,   35.530180,       77.77,
 139.973333,   35.530180,       78.04,
 139.977838,   35.530180,       78.32,
 139.982342,   35.530180,       78.67,
 139.986847,   35.530180,       79.01,
 139.991351,   35.530180,       79.34,
 139.995856,   35.530180,       79.74,
 140.000360,   35.530180,       80.21,
 140.004865,   35.530180,       80.68,
 140.009369,   35.530180,       81.12,
 140.013874,   35.530180,       81.52,
 140.018378,   35.530180,       81.90,
 140.022883,   35.530180,       82.23,
 140.027387,   35.530180,       82.55,
 140.031892,   35.530180,       82.69,
 140.036396,   35.530180,       82.88,
 140.040901,   35.530180,       83.04,
 140.045405,   35.530180,       83.20,
 140.049910,   35.530180,       83.94,
 140.054414,   35.530180,       84.99,
 140.058919,   35.530180,       85.90,
 140.063423,   35.530180,       86.54,
 140.067928,   35.530180,       86.75,
 140.072432,   35.530180,       87.05,
 140.076937,   35.530180,       87.28,
 140.081441,   35.530180,       87.45,
 140.085946,   35.530180,       87.57,
 140.090450,   35.530180,       87.66,
 140.094955,   35.530180,       87.65,
 140.099459,   35.530180,       87.51,
 140.103964,   35.530180,       87.26,
 140.108468,   35.530180,       86.87,
 140.112973,   35.530180,       86.44,
 140.117477,   35.530180,       85.89,
 140.121982,   35.530180,       85.31,
 140.126486,   35.530180,       84.71,
 140.130991,   35.530180,       84.11,
 140.135495,   35.530180,       83.50,
 140.140000,   35.530180,       82.89,
 140.144505,   35.530180,       82.28,
 140.149009,   35.530180,       81.67,
 140.153514,   35.530180,       81.05,
 140.158018,   35.530180,       80.57,
 140.162523,   35.530180,       80.33,
 140.167027,   35.530180,       80.10,
 140.171532,   35.530180,       79.86,
 140.176036,   35.530180,       79.63,
 140.180541,   35.530180,       79.39,
 140.185045,   35.530180,       79.15,
 140.189550,   35.530180,       78.92,
 140.194054,   35.530180,       78.68,
 140.198559,   35.530180,       78.44,
 140.203063,   35.530180,       78.21,
 140.207568,   35.530180,       77.97,
 140.212072,   35.530180,       77.74,
 140.216577,   35.530180,       77.50,
 140.221081,   35.530180,       77.26,
 140.225586,   35.530180,       77.03,
 140.230090,   35.530180,       76.79,
 140.234595,   35.530180,       76.55,
 140.239099,   35.530180,       76.32,
 140.243604,   35.530180,       76.08,
 140.248108,   35.530180,       75.85,
 140.252613,   35.530180,       75.61,
 140.257117,   35.530180,       75.37,
 140.261622,   35.530180,       75.14,
 140.266126,   35.530180,       74.90,
 140.270631,   35.530180,       74.66,
 140.275135,   35.530180,       74.43,
 140.279640,   35.530180,       74.19,
 140.284144,   35.530180,       73.95,
 140.288649,   35.530180,       73.72,
 140.293153,   35.530180,       73.48,
 140.297658,   35.530180,       73.25,
 140.302162,   35.530180,       73.01,
 140.306667,   35.530180,       72.77,
 140.311171,   35.530180,       72.54,
 140.315676,   35.530180,       72.30,
 140.320180,   35.530180,       72.06,
 140.324685,   35.530180,       71.83,
 140.329189,   35.530180,       71.59,
 140.333694,   35.530180,       71.35,
 140.338198,   35.530180,       71.12,
 140.342703,   35.530180,       70.88,
 140.347207,   35.530180,       70.64,
 140.351712,   35.530180,       70.41,
 140.356216,   35.530180,       70.17,
 140.360721,   35.530180,       69.93,
 140.365225,   35.530180,       69.70,
 140.369730,   35.530180,       69.46,
 140.374234,   35.530180,       69.22,
 140.378739,   35.530180,       68.99,
 140.383243,   35.530180,       68.75,
 140.387748,   35.530180,       68.51,
 139.140000,   35.534685,       12.20,
 139.144505,   35.534685,       12.53,
 139.149009,   35.534685,       12.86,
 139.153514,   35.534685,       13.19,
 139.158018,   35.534685,       13.52,
 139.162523,   35.534685,       13.86,
 139.167027,   35.534685,       14.19,
 139.171532,   35.534685,       14.53,
 139.176036,   35.534685,       14.88,
 139.180541,   35.534685,       15.22,
 139.185045,   35.534685,       15.57,
 139.189550,   35.534685,       15.92,
 139.194054,   35.534685,       16.28,
 139.198559,   35.534685,       16.63,
 139.203063,   35.534685,       16.99,
 139.207568,   35.534685,       17.35,
 139.212072,   35.534685,       17.71,
 139.216577,   35.534685,       18.08,
 139.221081,   35.534685,       18.45,
 139.225586,   35.534685,       18.82,
 139.230090,   35.534685,       19.19,
 139.234595,   35.534685,       19.57,
 139.239099,   35.534685,       19.95,
 139.243604,   35.534685,       20.33,
 139.248108,   35.534685,       20.71,
 139.252613,   35.534685,       21.10,
 139.257117,   35.534685,       21.49,
 139.261622,   35.534685,       21.88,
 139.266126,   35.534685,       22.27,
 139.270631,   35.534685,       22.67,
 139.275135,   35.534685,       23.06,
 139.279640,   35.534685,       23.46,
 139.284144,   35.534685,       23.87,
 139.288649,   35.534685,       24.27,
 139.293153,   35.534685,       24.68,
 139.297658,   35.534685,       25.09,
 139.302162,   35.534685,       25.51,
 139.306667,   35.534685,       25.92,
 139.311171,   35.534685,       26.34,
 139.315676,   35.534685,       26.76,
 139.320180,   35.534685,       27.19,
 139.324685,   35.534685,       27.61,
 139.329189,   35.534685,       28.04,
 139.333694,   35.534685,       28.47,
 139.338198,   35.534685,       28.91,
 139.342703,   35.534685,       29.34,
 139.347207,   35.534685,       29.78,
 139.351712,   35.534685,       30.22,
 139.356216,   35.534685,       30.67,
 139.360721,   35.534685,       31.11,
 139.365225,   35.534685,       31.56,
 139.369730,   35.534685,       32.01,
 139.374234,   35.534685,       32.47,
 139.378739,   35.534685,       32.92,
 139.383243,   35.534685,       33.38,
 139.387748,   35.534685,       33.84,
 139.392252,   35.534685,       34.31,
 139.396757,   35.534685,       34.77,
 139.401261,   35.534685,       35.24,
 139.405766,   35.534685,       35.71,
 139.410270,   35.534685,       36.19,
 139.414775,   35.534685,       36.66,
 139.419279,   35.534685,       37.14,
 139.423784,   35.534685,       37.62,
 139.428288,   35.534685,       38.11,
 139.432793,   35.534685,       38.59,
 139.437297,   35.534685,       39.08,
 139.441802,   35.534685,       39.57,
 139.446306,   35.534685,       40.07,
 139.450811,   35.534685,       40.56,
 139.455315,   35.534685,       41.06,
 139.459820,   35.534685,       41.56,
 139.464324,   35.534685,       42.07,
 139.468829,   35.534685,       42.57,
 139.473333,   35.534685,       43.08,
 139.477838,   35.534685,       43.59,
 139.482342,   35.534685,       44.11,
 139.486847,   35.534685,       44.62,
 139.491351,   35.534685,       45.14,
 139.495856,   35.534685,       45.66,
 139.500360,   35.534685,       46.19,
 139.504865,   35.534685,       46.71,
 139.509369,   35.534685,       47.24,
 139.513874,   35.534685,       47.78,
 139.518378,   35.534685,       48.31,
 139.522883,   35.534685,       48.85,
 139.527387,   35.534685,       49.39,
 139.531892,   35.534685,       49.93,
 139.536396,   35.534685,       50.47,
 139.540901,   35.534685,       51.02,
 139.545405,   35.534685,       51.57,
 139.549910,   35.534685,       52.12,
 139.554414,   35.534685,       52.67,
 139.558919,   35.534685,       53.23,
 139.563423,   35.534685,       53.79,
 139.567928,   35.534685,       54.35,
 139.572432,   35.534685,       54.91,
 139.576937,   35.534685,       55.48,
 139.581441,   35.534685,       56.05,
 139.585946,   35.534685,       56.54,
 139.590450,   35.534685,       55.79,
 139.594955,   35.534685,       55.68,
 139.599459,   35.534685,       56.37,
 139.603964,   35.534685,       57.14,
 139.608468,   35.534685,       57.95,
 139.612973,   35.534685,       58.80,
 139.617477,   35.534685,       59.70,
 139.621982,   35.534685,       60.66,
 139.626486,   35.534685,       61.67,
 139.630991,   35.534685,       62.75,
 139.635495,   35.534685,       63.90,
 139.640000,   35.534685,       65.13,
 139.644505,   35.534685,       66.43,
 139.649009,   35.534685,       67.58,
 139.653514,   35.534685,       68.36,
 139.658018,   35.534685,       68.63,
 139.662523,   35.534685,       68.29,
 139.667027,   35.534685,       67.13,
 139.671532,   35.534685,       64.73,
 139.676036,   35.534685,       60.28,
 139.680541,   35.534685,       51.96,
 139.685045,   35.534685,       34.99,
 139.689550,   35.534685,        1.35,
 139.694054,   35.534685,      -40.71,
 139.698559,   35.534685,      -90.19,
 139.703063,   35.534685,     -147.97,
 139.707568,   35.534685,     -215.15,
 139.712072,   35.534685,     -293.84,
 139.716577,   35.534685,     -389.78,
 139.721081,   35.534685,     -517.25,
 139.725586,   35.534685,     -700.68,
 139.730090,   35.534685,     -918.12,
 139.734595,   35.534685,     -918.12,
 139.739099,   35.534685,     -918.12,
 139.743604,   35.534685,     -918.12,
 139.748108,   35.534685,     -304.83,
 139.752613,   35.534685,     -304.83,
 139.757117,   35.534685,     -304.83,
 139.761622,   35.534685,     -304.83,
 139.766126,   35.534685,     -304.83,
 139.770631,   35.534685,        8.42,
 139.775135,   35.534685,       62.04,
 139.779640,   35.534685,       70.66,
 139.784144,   35.534685,       75.48,
 139.788649,   35.534685,       79.26,
 139.793153,   35.534685,       81.10,
 139.797658,   35.534685,       82.26,
 139.802162,   35.534685,       80.47,
 139.806667,   35.534685,       77.07,
 139.811171,   35.534685,       74.13,
 139.815676,   35.534685,       71.99,
 139.820180,   35.534685,       72.25,
 139.824685,   35.534685,       72.61,
 139.829189,   35.534685,       72.71,
 139.833694,   35.534685,       72.74,
 139.838198,   35.534685,       72.73,
 139.842703,   35.534685,       72.72,
 139.847207,   35.534685,       72.73,
 139.851712,   35.534685,       72.74,
 139.856216,   35.534685,       72.83,
 139.860721,   35.534685,       72.96,
 139.865225,   35.534685,       73.10,
 139.869730,   35.534685,       73.24,
 139.874234,   35.534685,       73.41,
 139.878739,   35.534685,       73.60,
 139.883243,   35.534685,       73.79,
 139.887748,   35.534685,       74.02,
 139.892252,   35.534685,       74.25,
 139.896757,   35.534685,       74.48,
 139.901261,   35.534685,       74.71,
 139.905766,   35.534685,       74.92,
 139.910270,   35.534685,       75.12,
 139.914775,   35.534685,       75.33,
 139.919279,   35.534685,       75.52,
 139.923784,   35.534685,       75.71,
 139.928288,   35.534685,       75.91,
 139.932793,   35.534685,       76.11,
 139.937297,   35.534685,       76.31,
 139.941802,   35.534685,       76.52,
 139.946306,   35.534685,       76.72,
 139.950811,   35.534685,       76.94,
 139.955315,   35.534685,       77.15,
 139.959820,   35.534685,       77.36,
 139.964324,   35.534685,       77.63,
 139.968829,   35.534685,       77.90,
 139.973333,   35.534685,       78.18,
 139.977838,   35.534685,       78.47,
 139.982342,   35.534685,       78.79,
 139.986847,   35.534685,       79.12,
 139.991351,   35.534685,       79.45,
 139.995856,   35.534685,       79.81,
 140.000360,   35.534685,       80.25,
 140.004865,   35.534685,       80.72,
 140.009369,   35.534685,       81.19,
 140.013874,   35.534685,       81.61,
 140.018378,   35.534685,       82.00,
 140.022883,   35.534685,       82.36,
 140.027387,   35.534685,       82.68,
 140.031892,   35.534685,       82.96,
 140.036396,   35.534685,       83.16,
 140.040901,   35.534685,       83.36,
 140.045405,   35.534685,       83.52,
 140.049910,   35.534685,       83.73,
 140.054414,   35.534685,       84.67,
 140.058919,   35.534685,       85.71,
 140.063423,   35.534685,       86.56,
 140.067928,   35.534685,       87.28,
 140.072432,   35.534685,       87.57,
 140.076937,   35.534685,       87.97,
 140.081441,   35.534685,       88.25,
 140.085946,   35.534685,       88.44,
 140.090450,   35.534685,       88.57,
 140.094955,   35.534685,       88.64,
 140.099459,   35.534685,       88.50,
 140.103964,   35.534685,       88.24,
 140.108468,   35.534685,       87.82,
 140.112973,   35.534685,       87.35,
 140.117477,   35.534685,       86.76,
 140.121982,   35.534685,       86.13,
 140.126486,   35.534685,       85.49,
 140.130991,   35.534685,       84.85,
 140.135495,   35.534685,       84.22,
 140.140000,   35.534685,       83.58,
 140.144505,   35.534685,       82.94,
 140.149009,   35.534685,       82.30,
 140.153514,   35.534685,       81.67,
 140.158018,   35.534685,       81.43,
 140.162523,   35.534685,       81.20,
 140.167027,   35.534685,       80.96,
 140.171532,   35.534685,       80.72,
 140.176036,   35.534685,       80.49,
 140.180541,   35.534685,       80.25,
 140.185045,   35.534685,       80.02,
 140.189550,   35.534685,       79.78,
 140.194054,   35.534685,       79.54,
 140.198559,   35.534685,       79.31,
 140.203063,   35.534685,       79.07,
 140.207568,   35.534685,       78.83,
 140.212072,   35.534685,       78.60,
 140.216577,   35.534685,       78.36,
 140.221081,   35.534685,       78.13,
 140.225586,   35.534685,       77.89,
 140.230090,   35.534685,       77.65,
 140.234595,   35.534685,       77.42,
 140.239099,   35.534685,       77.18,
 140.243604,   35.534685,       76.94,
 140.248108,   35.534685,       76.71,
 140.252613,   35.534685,       76.47,
 140.257117,   35.534685,       76.24,
 140.261622,   35.534685,       76.00,
 140.266126,   35.534685,       75.76,
 140.270631,   35.534685,       75.53,
 140.275135,   35.534685,       75.29,
 140.279640,   35.534685,       75.05,
 140.284144,   35.534685,       74.82,
 140.288649,   35.534685,       74.58,
 140.293153,   35.534685,       74.34,
 140.297658,   35.534685,       74.11,
 140.302162,   35.534685,       73.87,
 140.306667,   35.534685,       73.63,
 140.311171,   35.534685,       73.40,
 140.315676,   35.534685,       73.16,
 140.320180,   35.534685,       72.93,
 140.324685,   35.534685,       72.69,
 140.329189,   35.534685,       72.45,
 140.333694,   35.534685,       72.22,
 140.338198,   35.534685,       71.98,
 140.342703,   35.534685,       71.74,
 140.347207,   35.534685,       71.51,
 140.351712,   35.534685,       71.27,
 140.356216,   35.534685,       71.03,
 140.360721,   35.534685,       70.80,
 140.365225,   35.534685,       70.56,
 140.369730,   35.534685,       70.32,
 140.374234,   35.534685,       70.09,
 140.378739,   35.534685,       69.85,
 140.383243,   35.534685,       69.61,
 140.387748,   35.534685,       69.38,
 139.140000,   35.539189,       12.31,
 139.144505,   35.539189,       12.63,
 139.149009,   35.539189,       12.96,
 139.153514,   35.539189,       13.29,
 139.158018,   35.539189,       13.62,
 139.162523,   35.539189,       13.95,
 139.167027,   35.539189,       14.29,
 139.171532,   35.539189,       14.63,
 139.176036,   35.539189,       14.97,
 139.180541,   35.539189,       15.32,
 139.185045,   35.539189,       15.66,
 139.189550,   35.539189,       16.01,
 139.194054,   35.539189,       16.37,
 139.198559,   35.539189,       16.72,
 139.203063,   35.539189,       17.08,
 139.207568,   35.539189,       17.44,
 139.212072,   35.539189,       17.80,
 139.216577,   35.539189,       18.17,
 139.221081,   35.539189,       18.53,
 139.225586,   35.539189,       18.90,
 139.230090,   35.539189,       19.27,
 139.234595,   35.539189,       19.65,
 139.239099,   35.539189,       20.03,
 139.243604,   35.539189,       20.41,
 139.248108,   35.539189,       20.79,
 139.252613,   35.539189,       21.17,
 139.257117,   35.539189,       21.56,
 139.261622,   35.539189,       21.95,
 139.266126,   35.539189,       22.34,
 139.270631,   35.539189,       22.74,
 139.275135,   35.539189,       23.14,
 139.279640,   35.539189,       23.54,
 139.284144,   35.539189,       23.94,
 139.288649,   35.539189,       24.34,
 139.293153,   35.539189,       24.75,
 139.297658,   35.539189,       25.16,
 139.302162,   35.539189,       25.57,
 139.306667,   35.539189,       25.99,
 139.311171,   35.539189,       26.41,
 139.315676,   35.539189,       26.83,
 139.320180,   35.539189,       27.25,
 139.324685,   35.539189,       27.67,
 139.329189,   35.539189,       28.10,
 139.333694,   35.539189,       28.53,
 139.338198,   35.539189,       28.96,
 139.342703,   35.539189,       29.40,
 139.347207,   35.539189,       29.84,
 139.351712,   35.539189,       30.28,
 139.356216,   35.539189,       30.72,
 139.360721,   35.539189,       31.16,
 139.365225,   35.539189,       31.61,
 139.369730,   35.539189,       32.06,
 139.374234,   35.539189,       32.51,
 139.378739,   35.539189,       32.97,
 139.383243,   35.539189,       33.43,
 139.387748,   35.539189,       33.89,
 139.392252,   35.539189,       34.35,
 139.396757,   35.539189,       34.81,
 139.401261,   35.539189,       35.28,
 139.405766,   35.539189,       35.75,
 139.410270,   35.539189,       36.23,
 139.414775,   35.539189,       36.70,
 139.419279,   35.539189,       37.18,
 139.423784,   35.539189,       37.66,
 139.428288,   35.539189,       38.14,
 139.432793,   35.539189,       38.63,
 139.437297,   35.539189,       39.11,
 139.441802,   35.539189,       39.60,
 139.446306,   35.539189,       40.10,
 139.450811,   35.539189,       40.59,
 139.455315,   35.539189,       41.09,
 139.459820,   35.539189,       41.59,
 139.464324,   35.539189,       42.09,
 139.468829,   35.539189,       42.60,
 139.473333,   35.539189,       43.11,
 139.477838,   35.539189,       43.62,
 139.482342,   35.539189,       44.13,
 139.486847,   35.539189,       44.65,
 139.491351,   35.539189,       45.16,
 139.495856,   35.539189,       45.68,
 139.500360,   35.539189,       46.21,
 139.504865,   35.539189,       46.73,
 139.509369,   35.539189,       47.26,
 139.513874,   35.539189,       47.79,
 139.518378,   35.539189,       48.32,
 139.522883,   35.539189,       48.86,
 139.527387,   35.539189,       49.40,
 139.531892,   35.539189,       49.94,
 139.536396,   35.539189,       50.48,
 139.540901,   35.539189,       51.03,
 139.545405,   35.539189,       51.57,
 139.549910,   35.539189,       52.13,
 139.554414,   35.539189,       52.68,
 139.558919,   35.539189,       53.23,
 139.563423,   35.539189,       53.79,
 139.567928,   35.539189,       54.35,
 139.572432,   35.539189,       54.92,
 139.576937,   35.539189,       55.48,
 139.581441,   35.539189,       56.05,
 139.585946,   35.539189,       56.62,
 139.590450,   35.539189,       57.19,
 139.594955,   35.539189,       56.99,
 139.599459,   35.539189,       56.56,
 139.603964,   35.539189,       56.99,
 139.608468,   35.539189,       57.75,
 139.612973,   35.539189,       58.56,
 139.617477,   35.539189,       59.41,
 139.621982,   35.539189,       60.31,
 139.626486,   35.539189,       61.26,
 139.630991,   35.539189,       62.26,
 139.635495,   35.539189,       63.33,
 139.640000,   35.539189,       64.46,
 139.644505,   35.539189,       65.66,
 139.649009,   35.539189,       66.77,
 139.653514,   35.539189,       67.60,
 139.658018,   35.539189,       67.98,
 139.662523,   35.539189,       67.82,
 139.667027,   35.539189,       66.97,
 139.671532,   35.539189,       65.12,
 139.676036,   35.539189,       61.72,
 139.680541,   35.539189,       55.71,
 139.685045,   35.539189,       44.73,
 139.689550,   35.539189,       22.50,
 139.694054,   35.539189,      -16.17,
 139.698559,   35.539189,      -62.26,
 139.703063,   35.539189,     -116.12,
 139.707568,   35.539189,     -179.02,
 139.712072,   35.539189,     -252.34,
 139.716577,   35.539189,     -339.33,
 139.721081,   35.539189,     -448.62,
 139.725586,   35.539189,     -604.72,
 139.730090,   35.539189,     -837.80,
 139.734595,   35.539189,    -1117.26,
 139.739099,   35.539189,    -1117.26,
 139.743604,   35.539189,    -1117.26,
 139.748108,   35.539189,    -1117.26,
 139.752613,   35.539189,     -358.54,
 139.757117,   35.539189,     -358.54,
 139.761622,   35.539189,     -358.54,
 139.766126,   35.539189,     -358.54,
 139.770631,   35.539189,       43.49,
 139.775135,   35.539189,       63.81,
 139.779640,   35.539189,       75.72,
 139.784144,   35.539189,       78.55,
 139.788649,   35.539189,       79.89,
 139.793153,   35.539189,       80.86,
 139.797658,   35.539189,       82.04,
 139.802162,   35.539189,       81.84,
 139.806667,   35.539189,       79.23,
 139.811171,   35.539189,       77.19,
 139.815676,   35.539189,       74.91,
 139.820180,   35.539189,       72.49,
 139.824685,   35.539189,       73.16,
 139.829189,   35.539189,       73.49,
 139.833694,   35.539189,       73.47,
 139.838198,   35.539189,       73.36,
 139.842703,   35.539189,       73.28,
 139.847207,   35.539189,       73.28,
 139.851712,   35.539189,       73.25,
 139.856216,   35.539189,       73.26,
 139.860721,   35.539189,       73.37,
 139.865225,   35.539189,       73.50,
 139.869730,   35.539189,       73.64,
 139.874234,   35.539189,       73.81,
 139.878739,   35.539189,       73.99,
 139.883243,   35.539189,       74.16,
 139.887748,   35.539189,       74.36,
 139.892252,   35.539189,       74.59,
 139.896757,   35.539189,       74.82,
 139.901261,   35.539189,       75.03,
 139.905766,   35.539189,       75.22,
 139.910270,   35.539189,       75.40,
 139.914775,   35.539189,       75.58,
 139.919279,   35.539189,       75.76,
 139.923784,   35.539189,       75.93,
 139.928288,   35.539189,       76.12,
 139.932793,   35.539189,       76.32,
 139.937297,   35.539189,       76.52,
 139.941802,   35.539189,       76.72,
 139.946306,   35.539189,       76.92,
 139.950811,   35.539189,       77.12,
 139.955315,   35.539189,       77.33,
 139.959820,   35.539189,       77.53,
 139.964324,   35.539189,       77.79,
 139.968829,   35.539189,       78.07,
 139.973333,   35.539189,       78.34,
 139.977838,   35.539189,       78.61,
 139.982342,   35.539189,       78.92,
 139.986847,   35.539189,       79.26,
 139.991351,   35.539189,       79.59,
 139.995856,   35.539189,       79.93,
 140.000360,   35.539189,       80.31,
 140.004865,   35.539189,       80.77,
 140.009369,   35.539189,       81.25,
 140.013874,   35.539189,       81.71,
 140.018378,   35.539189,       82.13,
 140.022883,   35.539189,       82.52,
 140.027387,   35.539189,       82.89,
 140.031892,   35.539189,       83.20,
 140.036396,   35.539189,       83.48,
 140.040901,   35.539189,       83.70,
 140.045405,   35.539189,       83.85,
 140.049910,   35.539189,       84.09,
 140.054414,   35.539189,       84.49,
 140.058919,   35.539189,       85.81,
 140.063423,   35.539189,       86.68,
 140.067928,   35.539189,       87.34,
 140.072432,   35.539189,       87.96,
 140.076937,   35.539189,       88.38,
 140.081441,   35.539189,       88.92,
 140.085946,   35.539189,       89.26,
 140.090450,   35.539189,       89.49,
 140.094955,   35.539189,       89.64,
 140.099459,   35.539189,       89.52,
 140.103964,   35.539189,       89.25,
 140.108468,   35.539189,       88.79,
 140.112973,   35.539189,       88.27,
 140.117477,   35.539189,       87.62,
 140.121982,   35.539189,       86.94,
 140.126486,   35.539189,       86.26,
 140.130991,   35.539189,       85.58,
 140.135495,   35.539189,       84.91,
 140.140000,   35.539189,       84.23,
 140.144505,   35.539189,       83.56,
 140.149009,   35.539189,       82.89,
 140.153514,   35.539189,       82.53,
 140.158018,   35.539189,       82.29,
 140.162523,   35.539189,       82.06,
 140.167027,   35.539189,       81.82,
 140.171532,   35.539189,       81.59,
 140.176036,   35.539189,       81.35,
 140.180541,   35.539189,       81.11,
 140.185045,   35.539189,       80.88,
 140.189550,   35.539189,       80.64,
 140.194054,   35.539189,       80.41,
 140.198559,   35.539189,       80.17,
 140.203063,   35.539189,       79.93,
 140.207568,   35.539189,       79.70,
 140.212072,   35.539189,       79.46,
 140.216577,   35.539189,       79.22,
 140.221081,   35.539189,       78.99,
 140.225586,   35.539189,       78.75,
 140.230090,   35.539189,       78.52,
 140.234595,   35.539189,       78.28,
 140.239099,   35.539189,       78.04,
 140.243604,   35.539189,       77.81,
 140.248108,   35.539189,       77.57,
 140.252613,   35.539189,       77.33,
 140.257117,   35.539189,       77.10,
 140.261622,   35.539189,       76.86,
 140.266126,   35.539189,       76.63,
 140.270631,   35.539189,       76.39,
 140.275135,   35.539189,       76.15,
 140.279640,   35.539189,       75.92,
 140.284144,   35.539189,       75.68,
 140.288649,   35.539189,       75.44,
 140.293153,   35.539189,       75.21,
 140.297658,   35.539189,       74.97,
 140.302162,   35.539189,       74.73,
 140.306667,   35.539189,       74.50,
 140.311171,   35.539189,       74.26,
 140.315676,   35.539189,       74.02,
 140.320180,   35.539189,       73.79,
 140.324685,   35.539189,       73.55,
 140.329189,   35.539189,       73.31,
 140.333694,   35.539189,       73.08,
 140.338198,   35.539189,       72.84,
 140.342703,   35.539189,       72.61,
 140.347207,   35.539189,       72.37,
 140.351712,   35.539189,       72.13,
 140.356216,   35.539189,       71.90,
 140.360721,   35.539189,       71.66,
 140.365225,   35.539189,       71.42,
 140.369730,   35.539189,       71.19,
 140.374234,   35.539189,       70.95,
 140.378739,   35.539189,       70.71,
 140.383243,   35.539189,       70.48,
 140.387748,   35.539189,       70.24,
 139.140000,   35.543694,       12.41,
 139.144505,   35.543694,       12.73,
 139.149009,   35.543694,       13.06,
 139.153514,   35.543694,       13.39,
 139.158018,   35.543694,       13.72,
 139.162523,   35.543694,       14.05,
 139.167027,   35.543694,       14.39,
 139.171532,   35.543694,       14.72,
 139.176036,   35.543694,       15.07,
 139.180541,   35.543694,       15.41,
 139.185045,   35.543694,       15.76,
 139.189550,   35.543694,       16.10,
 139.194054,   35.543694,       16.46,
 139.198559,   35.543694,       16.81,
 139.203063,   35.543694,       17.16,
 139.207568,   35.543694,       17.52,
 139.212072,   35.543694,       17.88,
 139.216577,   35.543694,       18.25,
 139.221081,   35.543694,       18.61,
 139.225586,   35.543694,       18.98,
 139.230090,   35.543694,       19.35,
 139.234595,   35.543694,       19.73,
 139.239099,   35.543694,       20.10,
 139.243604,   35.543694,       20.48,
 139.248108,   35.543694,       20.86,
 139.252613,   35.543694,       21.25,
 139.257117,   35.543694,       21.63,
 139.261622,   35.543694,       22.02,
 139.266126,   35.543694,       22.41,
 139.270631,   35.543694,       22.81,
 139.275135,   35.543694,       23.21,
 139.279640,   35.543694,       23.60,
 139.284144,   35.543694,       24.01,
 139.288649,   35.543694,       24.41,
 139.293153,   35.543694,       24.82,
 139.297658,   35.543694,       25.22,
 139.302162,   35.543694,       25.64,
 139.306667,   35.543694,       26.05,
 139.311171,   35.543694,       26.47,
 139.315676,   35.543694,       26.89,
 139.320180,   35.543694,       27.31,
 139.324685,   35.543694,       27.73,
 139.329189,   35.543694,       28.16,
 139.333694,   35.543694,       28.59,
 139.338198,   35.543694,       29.02,
 139.342703,   35.543694,       29.45,
 139.347207,   35.543694,       29.89,
 139.351712,   35.543694,       30.33,
 139.356216,   35.543694,       30.77,
 139.360721,   35.543694,       31.21,
 139.365225,   35.543694,       31.66,
 139.369730,   35.543694,       32.11,
 139.374234,   35.543694,       32.56,
 139.378739,   35.543694,       33.01,
 139.383243,   35.543694,       33.47,
 139.387748,   35.543694,       33.93,
 139.392252,   35.543694,       34.39,
 139.396757,   35.543694,       34.86,
 139.401261,   35.543694,       35.32,
 139.405766,   35.543694,       35.79,
 139.410270,   35.543694,       36.26,
 139.414775,   35.543694,       36.74,
 139.419279,   35.543694,       37.21,
 139.423784,   35.543694,       37.69,
 139.428288,   35.543694,       38.17,
 139.432793,   35.543694,       38.66,
 139.437297,   35.543694,       39.15,
 139.441802,   35.543694,       39.64,
 139.446306,   35.543694,       40.13,
 139.450811,   35.543694,       40.62,
 139.455315,   35.543694,       41.12,
 139.459820,   35.543694,       41.62,
 139.464324,   35.543694,       42.12,
 139.468829,   35.543694,       42.62,
 139.473333,   35.543694,       43.13,
 139.477838,   35.543694,       43.64,
 139.482342,   35.543694,       44.15,
 139.486847,   35.543694,       44.67,
 139.491351,   35.543694,       45.18,
 139.495856,   35.543694,       45.70,
 139.500360,   35.543694,       46.22,
 139.504865,   35.543694,       46.75,
 139.509369,   35.543694,       47.28,
 139.513874,   35.543694,       47.80,
 139.518378,   35.543694,       48.34,
 139.522883,   35.543694,       48.87,
 139.527387,   35.543694,       49.41,
 139.531892,   35.543694,       49.95,
 139.536396,   35.543694,       50.49,
 139.540901,   35.543694,       51.03,
 139.545405,   35.543694,       51.58,
 139.549910,   35.543694,       52.13,
 139.554414,   35.543694,       52.68,
 139.558919,   35.543694,       53.24,
 139.563423,   35.543694,       53.79,
 139.567928,   35.543694,       54.35,
 139.572432,   35.543694,       54.92,
 139.576937,   35.543694,       55.48,
 139.581441,   35.543694,       56.05,
 139.585946,   35.543694,       56.62,
 139.590450,   35.543694,       57.19,
 139.594955,   35.543694,       57.76,
 139.599459,   35.543694,       58.28,
 139.603964,   35.543694,       57.59,
 139.608468,   35.543694,       57.61,
 139.612973,   35.543694,       58.36,
 139.617477,   35.543694,       59.16,
 139.621982,   35.543694,       60.01,
 139.626486,   35.543694,       60.90,
 139.630991,   35.543694,       61.84,
 139.635495,   35.543694,       62.84,
 139.640000,   35.543694,       63.89,
 139.644505,   35.543694,       65.01,
 139.649009,   35.543694,       66.06,
 139.653514,   35.543694,       66.92,
 139.658018,   35.543694,       67.44,
 139.662523,   35.543694,       67.47,
 139.667027,   35.543694,       66.92,
 139.671532,   35.543694,       65.55,
 139.676036,   35.543694,       62.97,
 139.680541,   35.543694,       58.50,
 139.685045,   35.543694,       50.78,
 139.689550,   35.543694,       36.77,
 139.694054,   35.543694,        8.39,
 139.698559,   35.543694,      -34.10,
 139.703063,   35.543694,      -84.09,
 139.707568,   35.543694,     -142.35,
 139.712072,   35.543694,     -210.60,
 139.716577,   35.543694,     -290.62,
 139.721081,   35.543694,     -387.44,
 139.725586,   35.543694,     -514.80,
 139.730090,   35.543694,     -720.12,
 139.734595,   35.543694,    -1021.79,
 139.739099,   35.543694,    -1021.79,
 139.743604,   35.543694,    -1021.79,
 139.748108,   35.543694,    -1013.54,
 139.752613,   35.543694,    -1013.54,
 139.757117,   35.543694,    -1013.54,
 139.761622,   35.543694,    -1013.54,
 139.766126,   35.543694,     -224.81,
 139.770631,   35.543694,       52.90,
 139.775135,   35.543694,       67.20,
 139.779640,   35.543694,       75.65,
 139.784144,   35.543694,       78.52,
 139.788649,   35.543694,       79.31,
 139.793153,   35.543694,       80.08,
 139.797658,   35.543694,       80.70,
 139.802162,   35.543694,       80.87,
 139.806667,   35.543694,       79.74,
 139.811171,   35.543694,       78.92,
 139.815676,   35.543694,       78.30,
 139.820180,   35.543694,       75.55,
 139.824685,   35.543694,       74.47,
 139.829189,   35.543694,       74.31,
 139.833694,   35.543694,       74.12,
 139.838198,   35.543694,       73.96,
 139.842703,   35.543694,       73.84,
 139.847207,   35.543694,       73.77,
 139.851712,   35.543694,       73.70,
 139.856216,   35.543694,       73.68,
 139.860721,   35.543694,       73.77,
 139.865225,   35.543694,       73.90,
 139.869730,   35.543694,       74.04,
 139.874234,   35.543694,       74.21,
 139.878739,   35.543694,       74.38,
 139.883243,   35.543694,       74.56,
 139.887748,   35.543694,       74.74,
 139.892252,   35.543694,       74.94,
 139.896757,   35.543694,       75.15,
 139.901261,   35.543694,       75.35,
 139.905766,   35.543694,       75.52,
 139.910270,   35.543694,       75.70,
 139.914775,   35.543694,       75.87,
 139.919279,   35.543694,       76.06,
 139.923784,   35.543694,       76.25,
 139.928288,   35.543694,       76.42,
 139.932793,   35.543694,       76.59,
 139.937297,   35.543694,       76.76,
 139.941802,   35.543694,       76.92,
 139.946306,   35.543694,       77.13,
 139.950811,   35.543694,       77.34,
 139.955315,   35.543694,       77.55,
 139.959820,   35.543694,       77.77,
 139.964324,   35.543694,       78.01,
 139.968829,   35.543694,       78.27,
 139.973333,   35.543694,       78.53,
 139.977838,   35.543694,       78.77,
 139.982342,   35.543694,       79.06,
 139.986847,   35.543694,       79.40,
 139.991351,   35.543694,       79.75,
 139.995856,   35.543694,       80.08,
 140.000360,   35.543694,       80.40,
 140.004865,   35.543694,       80.85,
 140.009369,   35.543694,       81.35,
 140.013874,   35.543694,       81.84,
 140.018378,   35.543694,       82.30,
 140.022883,   35.543694,       82.75,
 140.027387,   35.543694,       83.17,
 140.031892,   35.543694,       83.52,
 140.036396,   35.543694,       83.85,
 140.040901,   35.543694,       84.14,
 140.045405,   35.543694,       84.38,
 140.049910,   35.543694,       84.45,
 140.054414,   35.543694,       84.84,
 140.058919,   35.543694,       86.06,
 140.063423,   35.543694,       87.69,
 140.067928,   35.543694,       88.33,
 140.072432,   35.543694,       88.42,
 140.076937,   35.543694,       88.73,
 140.081441,   35.543694,       89.13,
 140.085946,   35.543694,       89.88,
 140.090450,   35.543694,       90.32,
 140.094955,   35.543694,       90.59,
 140.099459,   35.543694,       90.57,
 140.103964,   35.543694,       90.30,
 140.108468,   35.543694,       89.78,
 140.112973,   35.543694,       89.19,
 140.117477,   35.543694,       88.47,
 140.121982,   35.543694,       87.73,
 140.126486,   35.543694,       87.00,
 140.130991,   35.543694,       86.28,
 140.135495,   35.543694,       85.57,
 140.140000,   35.543694,       84.85,
 140.144505,   35.543694,       84.15,
 140.149009,   35.543694,       83.63,
 140.153514,   35.543694,       83.39,
 140.158018,   35.543694,       83.16,
 140.162523,   35.543694,       82.92,
 140.167027,   35.543694,       82.69,
 140.171532,   35.543694,       82.45,
 140.176036,   35.543694,       82.21,
 140.180541,   35.543694,       81.98,
 140.185045,   35.543694,       81.74,
 140.189550,   35.543694,       81.50,
 140.194054,   35.543694,       81.27,
 140.198559,   35.543694,       81.03,
 140.203063,   35.543694,       80.80,
 140.207568,   35.543694,       80.56,
 140.212072,   35.543694,       80.32,
 140.216577,   35.543694,       80.09,
 140.221081,   35.543694,       79.85,
 140.225586,   35.543694,       79.61,
 140.230090,   35.543694,       79.38,
 140.234595,   35.543694,       79.14,
 140.239099,   35.543694,       78.91,
 140.243604,   35.543694,       78.67,
 140.248108,   35.543694,       78.43,
 140.252613,   35.543694,       78.20,
 140.257117,   35.543694,       77.96,
 140.261622,   35.543694,       77.72,
 140.266126,   35.543694,       77.49,
 140.270631,   35.543694,       77.25,
 140.275135,   35.543694,       77.02,
 140.279640,   35.543694,       76.78,
 140.284144,   35.543694,       76.54,
 140.288649,   35.543694,       76.31,
 140.293153,   35.543694,       76.07,
 140.297658,   35.543694,       75.83,
 140.302162,   35.543694,       75.60,
 140.306667,   35.543694,       75.36,
 140.311171,   35.543694,       75.12,
 140.315676,   35.543694,       74.89,
 140.320180,   35.543694,       74.65,
 140.324685,   35.543694,       74.41,
 140.329189,   35.543694,       74.18,
 140.333694,   35.543694,       73.94,
 140.338198,   35.543694,       73.70,
 140.342703,   35.543694,       73.47,
 140.347207,   35.543694,       73.23,
 140.351712,   35.543694,       72.99,
 140.356216,   35.543694,       72.76,
 140.360721,   35.543694,       72.52,
 140.365225,   35.543694,       72.28,
 140.369730,   35.543694,       72.05,
 140.374234,   35.543694,       71.81,
 140.378739,   35.543694,       71.57,
 140.383243,   35.543694,       71.34,
 140.387748,   35.543694,       71.10,
 139.140000,   35.548198,       12.51,
 139.144505,   35.548198,       12.83,
 139.149009,   35.548198,       13.15,
 139.153514,   35.548198,       13.48,
 139.158018,   35.548198,       13.81,
 139.162523,   35.548198,       14.14,
 139.167027,   35.548198,       14.48,
 139.171532,   35.548198,       14.82,
 139.176036,   35.548198,       15.16,
 139.180541,   35.548198,       15.50,
 139.185045,   35.548198,       15.84,
 139.189550,   35.548198,       16.19,
 139.194054,   35.548198,       16.54,
 139.198559,   35.548198,       16.89,
 139.203063,   35.548198,       17.25,
 139.207568,   35.548198,       17.61,
 139.212072,   35.548198,       17.97,
 139.216577,   35.548198,       18.33,
 139.221081,   35.548198,       18.69,
 139.225586,   35.548198,       19.06,
 139.230090,   35.548198,       19.43,
 139.234595,   35.548198,       19.80,
 139.239099,   35.548198,       20.18,
 139.243604,   35.548198,       20.56,
 139.248108,   35.548198,       20.94,
 139.252613,   35.548198,       21.32,
 139.257117,   35.548198,       21.71,
 139.261622,   35.548198,       22.09,
 139.266126,   35.548198,       22.48,
 139.270631,   35.548198,       22.88,
 139.275135,   35.548198,       23.27,
 139.279640,   35.548198,       23.67,
 139.284144,   35.548198,       24.07,
 139.288649,   35.548198,       24.47,
 139.293153,   35.548198,       24.88,
 139.297658,   35.548198,       25.29,
 139.302162,   35.548198,       25.70,
 139.306667,   35.548198,       26.11,
 139.311171,   35.548198,       26.52,
 139.315676,   35.548198,       26.94,
 139.320180,   35.548198,       27.36,
 139.324685,   35.548198,       27.79,
 139.329189,   35.548198,       28.21,
 139.333694,   35.548198,       28.64,
 139.338198,   35.548198,       29.07,
 139.342703,   35.548198,       29.50,
 139.347207,   35.548198,       29.94,
 139.351712,   35.548198,       30.38,
 139.356216,   35.548198,       30.82,
 139.360721,   35.548198,       31.26,
 139.365225,   35.548198,       31.71,
 139.369730,   35.548198,       32.15,
 139.374234,   35.548198,       32.60,
 139.378739,   35.548198,       33.06,
 139.383243,   35.548198,       33.51,
 139.387748,   35.548198,       33.97,
 139.392252,   35.548198,       34.43,
 139.396757,   35.548198,       34.89,
 139.401261,   35.548198,       35.36,
 139.405766,   35.548198,       35.83,
 139.410270,   35.548198,       36.30,
 139.414775,   35.548198,       36.77,
 139.419279,   35.548198,       37.25,
 139.423784,   35.548198,       37.73,
 139.428288,   35.548198,       38.21,
 139.432793,   35.548198,       38.69,
 139.437297,   35.548198,       39.17,
 139.441802,   35.548198,       39.66,
 139.446306,   35.548198,       40.15,
 139.450811,   35.548198,       40.65,
 139.455315,   35.548198,       41.14,
 139.459820,   35.548198,       41.64,
 139.464324,   35.548198,       42.14,
 139.468829,   35.548198,       42.64,
 139.473333,   35.548198,       43.15,
 139.477838,   35.548198,       43.66,
 139.482342,   35.548198,       44.17,
 139.486847,   35.548198,       44.68,
 139.491351,   35.548198,       45.20,
 139.495856,   35.548198,       45.72,
 139.500360,   35.548198,       46.24,
 139.504865,   35.548198,       46.76,
 139.509369,   35.548198,       47.29,
 139.513874,   35.548198,       47.82,
 139.518378,   35.548198,       48.35,
 139.522883,   35.548198,       48.88,
 139.527387,   35.548198,       49.42,
 139.531892,   35.548198,       49.95,
 139.536396,   35.548198,       50.49,
 139.540901,   35.548198,       51.04,
 139.545405,   35.548198,       51.58,
 139.549910,   35.548198,       52.13,
 139.554414,   35.548198,       52.68,
 139.558919,   35.548198,       53.24,
 139.563423,   35.548198,       53.79,
 139.567928,   35.548198,       54.35,
 139.572432,   35.548198,       54.91,
 139.576937,   35.548198,       55.48,
 139.581441,   35.548198,       56.04,
 139.585946,   35.548198,       56.61,
 139.590450,   35.548198,       57.18,
 139.594955,   35.548198,       57.76,
 139.599459,   35.548198,       58.33,
 139.603964,   35.548198,       58.91,
 139.608468,   35.548198,       58.76,
 139.612973,   35.548198,       58.42,
 139.617477,   35.548198,       58.96,
 139.621982,   35.548198,       59.76,
 139.626486,   35.548198,       60.60,
 139.630991,   35.548198,       61.49,
 139.635495,   35.548198,       62.42,
 139.640000,   35.548198,       63.40,
 139.644505,   35.548198,       64.44,
 139.649009,   35.548198,       65.47,
 139.653514,   35.548198,       66.34,
 139.658018,   35.548198,       66.95,
 139.662523,   35.548198,       67.20,
 139.667027,   35.548198,       66.94,
 139.671532,   35.548198,       66.01,
 139.676036,   35.548198,       64.12,
 139.680541,   35.548198,       60.80,
 139.685045,   35.548198,       55.20,
 139.689550,   35.548198,       45.62,
 139.694054,   35.548198,       28.23,
 139.698559,   35.548198,       -6.14,
 139.703063,   35.548198,      -52.00,
 139.707568,   35.548198,     -105.68,
 139.712072,   35.548198,     -168.33,
 139.716577,   35.548198,     -242.07,
 139.721081,   35.548198,     -329.24,
 139.725586,   35.548198,     -437.43,
 139.730090,   35.548198,     -590.36,
 139.734595,   35.548198,     -879.19,
 139.739099,   35.548198,    -1290.04,
 139.743604,   35.548198,    -1290.04,
 139.748108,   35.548198,    -1290.04,
 139.752613,   35.548198,     -969.41,
 139.757117,   35.548198,     -969.41,
 139.761622,   35.548198,     -969.41,
 139.766126,   35.548198,     -969.41,
 139.770631,   35.548198,     -132.86,
 139.775135,   35.548198,       65.51,
 139.779640,   35.548198,       72.23,
 139.784144,   35.548198,       76.44,
 139.788649,   35.548198,       78.72,
 139.793153,   35.548198,       79.42,
 139.797658,   35.548198,       79.82,
 139.802162,   35.548198,       79.74,
 139.806667,   35.548198,       79.01,
 139.811171,   35.548198,       78.95,
 139.815676,   35.548198,       78.79,
 139.820180,   35.548198,       77.85,
 139.824685,   35.548198,       76.15,
 139.829189,   35.548198,       75.16,
 139.833694,   35.548198,       74.74,
 139.838198,   35.548198,       74.47,
 139.842703,   35.548198,       74.33,
 139.847207,   35.548198,       74.23,
 139.851712,   35.548198,       74.14,
 139.856216,   35.548198,       74.08,
 139.860721,   35.548198,       74.17,
 139.865225,   35.548198,       74.30,
 139.869730,   35.548198,       74.44,
 139.874234,   35.548198,       74.60,
 139.878739,   35.548198,       74.77,
 139.883243,   35.548198,       74.95,
 139.887748,   35.548198,       75.12,
 139.892252,   35.548198,       75.30,
 139.896757,   35.548198,       75.49,
 139.901261,   35.548198,       75.68,
 139.905766,   35.548198,       75.85,
 139.910270,   35.548198,       76.02,
 139.914775,   35.548198,       76.19,
 139.919279,   35.548198,       76.38,
 139.923784,   35.548198,       76.58,
 139.928288,   35.548198,       76.75,
 139.932793,   35.548198,       76.90,
 139.937297,   35.548198,       77.05,
 139.941802,   35.548198,       77.20,
 139.946306,   35.548198,       77.38,
 139.950811,   35.548198,       77.59,
 139.955315,   35.548198,       77.80,
 139.959820,   35.548198,       78.02,
 139.964324,   35.548198,       78.25,
 139.968829,   35.548198,       78.50,
 139.973333,   35.548198,       78.75,
 139.977838,   35.548198,       78.99,
 139.982342,   35.548198,       79.27,
 139.986847,   35.548198,       79.60,
 139.991351,   35.548198,       79.93,
 139.995856,   35.548198,       80.26,
 140.000360,   35.548198,       80.62,
 140.004865,   35.548198,       81.05,
 140.009369,   35.548198,       81.51,
 140.013874,   35.548198,       82.00,
 140.018378,   35.548198,       82.48,
 140.022883,   35.548198,       82.96,
 140.027387,   35.548198,       83.45,
 140.031892,   35.548198,       83.89,
 140.036396,   35.548198,       84.30,
 140.040901,   35.548198,       84.66,
 140.045405,   35.548198,       85.01,
 140.049910,   35.548198,       85.33,
 140.054414,   35.548198,       85.83,
 140.058919,   35.548198,       86.64,
 140.063423,   35.548198,       87.72,
 140.067928,   35.548198,       88.61,
 140.072432,   35.548198,       88.88,
 140.076937,   35.548198,       89.10,
 140.081441,   35.548198,       89.32,
 140.085946,   35.548198,       89.62,
 140.090450,   35.548198,       90.91,
 140.094955,   35.548198,       91.48,
 140.099459,   35.548198,       91.66,
 140.103964,   35.548198,       91.38,
 140.108468,   35.548198,       90.79,
 140.112973,   35.548198,       90.12,
 140.117477,   35.548198,       89.31,
 140.121982,   35.548198,       88.51,
 140.126486,   35.548198,       87.72,
 140.130991,   35.548198,       86.95,
 140.135495,   35.548198,       86.19,
 140.140000,   35.548198,       85.43,
 140.144505,   35.548198,       84.73,
 140.149009,   35.548198,       84.49,
 140.153514,   35.548198,       84.26,
 140.158018,   35.548198,       84.02,
 140.162523,   35.548198,       83.78,
 140.167027,   35.548198,       83.55,
 140.171532,   35.548198,       83.31,
 140.176036,   35.548198,       83.08,
 140.180541,   35.548198,       82.84,
 140.185045,   35.548198,       82.60,
 140.189550,   35.548198,       82.37,
 140.194054,   35.548198,       82.13,
 140.198559,   35.548198,       81.89,
 140.203063,   35.548198,       81.66,
 140.207568,   35.548198,       81.42,
 140.212072,   35.548198,       81.19,
 140.216577,   35.548198,       80.95,
 140.221081,   35.548198,       80.71,
 140.225586,   35.548198,       80.48,
 140.230090,   35.548198,       80.24,
 140.234595,   35.548198,       80.00,
 140.239099,   35.548198,       79.77,
 140.243604,   35.548198,       79.53,
 140.248108,   35.548198,       79.30,
 140.252613,   35.548198,       79.06,
 140.257117,   35.548198,       78.82,
 140.261622,   35.548198,       78.59,
 140.266126,   35.548198,       78.35,
 140.270631,   35.548198,       78.11,
 140.275135,   35.548198,       77.88,
 140.279640,   35.548198,       77.64,
 140.284144,   35.548198,       77.40,
 140.288649,   35.548198,       77.17,
 140.293153,   35.548198,       76.93,
 140.297658,   35.548198,       76.70,
 140.302162,   35.548198,       76.46,
 140.306667,   35.548198,       76.22,
 140.311171,   35.548198,       75.99,
 140.315676,   35.548198,       75.75,
 140.320180,   35.548198,       75.51,
 140.324685,   35.548198,       75.28,
 140.329189,   35.548198,       75.04,
 140.333694,   35.548198,       74.80,
 140.338198,   35.548198,       74.57,
 140.342703,   35.548198,       74.33,
 140.347207,   35.548198,       74.09,
 140.351712,   35.548198,       73.86,
 140.356216,   35.548198,       73.62,
 140.360721,   35.548198,       73.38,
 140.365225,   35.548198,       73.15,
 140.369730,   35.548198,       72.91,
 140.374234,   35.548198,       72.67,
 140.378739,   35.548198,       72.44,
 140.383243,   35.548198,       72.20,
 140.387748,   35.548198,       71.96,
 139.140000,   35.552703,       12.60,
 139.144505,   35.552703,       12.92,
 139.149009,   35.552703,       13.25,
 139.153514,   35.552703,       13.57,
 139.158018,   35.552703,       13.90,
 139.162523,   35.552703,       14.23,
 139.167027,   35.552703,       14.57,
 139.171532,   35.552703,       14.90,
 139.176036,   35.552703,       15.24,
 139.180541,   35.552703,       15.58,
 139.185045,   35.552703,       15.93,
 139.189550,   35.552703,       16.28,
 139.194054,   35.552703,       16.62,
 139.198559,   35.552703,       16.98,
 139.203063,   35.552703,       17.33,
 139.207568,   35.552703,       17.69,
 139.212072,   35.552703,       18.05,
 139.216577,   35.552703,       18.41,
 139.221081,   35.552703,       18.77,
 139.225586,   35.552703,       19.14,
 139.230090,   35.552703,       19.51,
 139.234595,   35.552703,       19.88,
 139.239099,   35.552703,       20.25,
 139.243604,   35.552703,       20.63,
 139.248108,   35.552703,       21.01,
 139.252613,   35.552703,       21.39,
 139.257117,   35.552703,       21.77,
 139.261622,   35.552703,       22.16,
 139.266126,   35.552703,       22.55,
 139.270631,   35.552703,       22.94,
 139.275135,   35.552703,       23.34,
 139.279640,   35.552703,       23.73,
 139.284144,   35.552703,       24.13,
 139.288649,   35.552703,       24.53,
 139.293153,   35.552703,       24.94,
 139.297658,   35.552703,       25.35,
 139.302162,   35.552703,       25.75,
 139.306667,   35.552703,       26.17,
 139.311171,   35.552703,       26.58,
 139.315676,   35.552703,       27.00,
 139.320180,   35.552703,       27.42,
 139.324685,   35.552703,       27.84,
 139.329189,   35.552703,       28.26,
 139.333694,   35.552703,       28.69,
 139.338198,   35.552703,       29.12,
 139.342703,   35.552703,       29.55,
 139.347207,   35.552703,       29.99,
 139.351712,   35.552703,       30.42,
 139.356216,   35.552703,       30.86,
 139.360721,   35.552703,       31.30,
 139.365225,   35.552703,       31.75,
 139.369730,   35.552703,       32.20,
 139.374234,   35.552703,       32.64,
 139.378739,   35.552703,       33.10,
 139.383243,   35.552703,       33.55,
 139.387748,   35.552703,       34.01,
 139.392252,   35.552703,       34.47,
 139.396757,   35.552703,       34.93,
 139.401261,   35.552703,       35.39,
 139.405766,   35.552703,       35.86,
 139.410270,   35.552703,       36.33,
 139.414775,   35.552703,       36.80,
 139.419279,   35.552703,       37.28,
 139.423784,   35.552703,       37.75,
 139.428288,   35.552703,       38.23,
 139.432793,   35.552703,       38.72,
 139.437297,   35.552703,       39.20,
 139.441802,   35.552703,       39.69,
 139.446306,   35.552703,       40.18,
 139.450811,   35.552703,       40.67,
 139.455315,   35.552703,       41.16,
 139.459820,   35.552703,       41.66,
 139.464324,   35.552703,       42.16,
 139.468829,   35.552703,       42.66,
 139.473333,   35.552703,       43.17,
 139.477838,   35.552703,       43.68,
 139.482342,   35.552703,       44.19,
 139.486847,   35.552703,       44.70,
 139.491351,   35.552703,       45.21,
 139.495856,   35.552703,       45.73,
 139.500360,   35.552703,       46.25,
 139.504865,   35.552703,       46.77,
 139.509369,   35.552703,       47.30,
 139.513874,   35.552703,       47.82,
 139.518378,   35.552703,       48.35,
 139.522883,   35.552703,       48.89,
 139.527387,   35.552703,       49.42,
 139.531892,   35.552703,       49.96,
 139.536396,   35.552703,       50.50,
 139.540901,   35.552703,       51.04,
 139.545405,   35.552703,       51.58,
 139.549910,   35.552703,       52.13,
 139.554414,   35.552703,       52.68,
 139.558919,   35.552703,       53.23,
 139.563423,   35.552703,       53.79,
 139.567928,   35.552703,       54.35,
 139.572432,   35.552703,       54.91,
 139.576937,   35.552703,       55.47,
 139.581441,   35.552703,       56.03,
 139.585946,   35.552703,       56.60,
 139.590450,   35.552703,       57.17,
 139.594955,   35.552703,       57.74,
 139.599459,   35.552703,       58.32,
 139.603964,   35.552703,       58.90,
 139.608468,   35.552703,       59.48,
 139.612973,   35.552703,       60.02,
 139.617477,   35.552703,       59.40,
 139.621982,   35.552703,       59.55,
 139.626486,   35.552703,       60.35,
 139.630991,   35.552703,       61.18,
 139.635495,   35.552703,       62.06,
 139.640000,   35.552703,       62.99,
 139.644505,   35.552703,       63.96,
 139.649009,   35.552703,       64.96,
 139.653514,   35.552703,       65.85,
 139.658018,   35.552703,       66.54,
 139.662523,   35.552703,       66.96,
 139.667027,   35.552703,       66.98,
 139.671532,   35.552703,       66.45,
 139.676036,   35.552703,       65.17,
 139.680541,   35.552703,       62.78,
 139.685045,   35.552703,       58.74,
 139.689550,   35.552703,       52.01,
 139.694054,   35.552703,       40.47,
 139.698559,   35.552703,       19.22,
 139.703063,   35.552703,      -20.27,
 139.707568,   35.552703,      -69.01,
 139.712072,   35.552703,     -125.98,
 139.716577,   35.552703,     -192.76,
 139.721081,   35.552703,     -271.68,
 139.725586,   35.552703,     -365.29,
 139.730090,   35.552703,     -485.88,
 139.734595,   35.552703,     -686.49,
 139.739099,   35.552703,    -1118.18,
 139.743604,   35.552703,    -1118.18,
 139.748108,   35.552703,    -1118.18,
 139.752613,   35.552703,    -1179.93,
 139.757117,   35.552703,    -1179.93,
 139.761622,   35.552703,    -1179.93,
 139.766126,   35.552703,    -1179.93,
 139.770631,   35.552703,     -411.33,
 139.775135,   35.552703,      -11.90,
 139.779640,   35.552703,       71.61,
 139.784144,   35.552703,       75.54,
 139.788649,   35.552703,       78.01,
 139.793153,   35.552703,       79.05,
 139.797658,   35.552703,       79.28,
 139.802162,   35.552703,       79.23,
 139.806667,   35.552703,       79.23,
 139.811171,   35.552703,       79.18,
 139.815676,   35.552703,       78.72,
 139.820180,   35.552703,       77.92,
 139.824685,   35.552703,       76.86,
 139.829189,   35.552703,       75.92,
 139.833694,   35.552703,       75.32,
 139.838198,   35.552703,       74.92,
 139.842703,   35.552703,       74.78,
 139.847207,   35.552703,       74.66,
 139.851712,   35.552703,       74.56,
 139.856216,   35.552703,       74.49,
 139.860721,   35.552703,       74.56,
 139.865225,   35.552703,       74.68,
 139.869730,   35.552703,       74.82,
 139.874234,   35.552703,       74.98,
 139.878739,   35.552703,       75.15,
 139.883243,   35.552703,       75.33,
 139.887748,   35.552703,       75.51,
 139.892252,   35.552703,       75.69,
 139.896757,   35.552703,       75.87,
 139.901261,   35.552703,       76.05,
 139.905766,   35.552703,       76.22,
 139.910270,   35.552703,       76.40,
 139.914775,   35.552703,       76.57,
 139.919279,   35.552703,       76.74,
 139.923784,   35.552703,       76.92,
 139.928288,   35.552703,       77.09,
 139.932793,   35.552703,       77.24,
 139.937297,   35.552703,       77.39,
 139.941802,   35.552703,       77.54,
 139.946306,   35.552703,       77.71,
 139.950811,   35.552703,       77.89,
 139.955315,   35.552703,       78.08,
 139.959820,   35.552703,       78.26,
 139.964324,   35.552703,       78.50,
 139.968829,   35.552703,       78.74,
 139.973333,   35.552703,       78.99,
 139.977838,   35.552703,       79.24,
 139.982342,   35.552703,       79.52,
 139.986847,   35.552703,       79.83,
 139.991351,   35.552703,       80.14,
 139.995856,   35.552703,       80.47,
 140.000360,   35.552703,       80.85,
 140.004865,   35.552703,       81.28,
 140.009369,   35.552703,       81.72,
 140.013874,   35.552703,       82.16,
 140.018378,   35.552703,       82.68,
 140.022883,   35.552703,       83.20,
 140.027387,   35.552703,       83.72,
 140.031892,   35.552703,       84.21,
 140.036396,   35.552703,       84.69,
 140.040901,   35.552703,       85.17,
 140.045405,   35.552703,       85.64,
 140.049910,   35.552703,       86.22,
 140.054414,   35.552703,       86.77,
 140.058919,   35.552703,       87.26,
 140.063423,   35.552703,       87.81,
 140.067928,   35.552703,       88.48,
 140.072432,   35.552703,       88.77,
 140.076937,   35.552703,       89.00,
 140.081441,   35.552703,       89.20,
 140.085946,   35.552703,       89.51,
 140.090450,   35.552703,       89.91,
 140.094955,   35.552703,       92.40,
 140.099459,   35.552703,       92.85,
 140.103964,   35.552703,       92.51,
 140.108468,   35.552703,       91.83,
 140.112973,   35.552703,       91.05,
 140.117477,   35.552703,       90.14,
 140.121982,   35.552703,       89.26,
 140.126486,   35.552703,       88.40,
 140.130991,   35.552703,       87.57,
 140.135495,   35.552703,       86.76,
 140.140000,   35.552703,       85.96,
 140.144505,   35.552703,       85.59,
 140.149009,   35.552703,       85.35,
 140.153514,   35.552703,       85.12,
 140.158018,   35.552703,       84.88,
 140.162523,   35.552703,       84.65,
 140.167027,   35.552703,       84.41,
 140.171532,   35.552703,       84.17,
 140.176036,   35.552703,       83.94,
 140.180541,   35.552703,       83.70,
 140.185045,   35.552703,       83.47,
 140.189550,   35.552703,       83.23,
 140.194054,   35.552703,       82.99,
 140.198559,   35.552703,       82.76,
 140.203063,   35.552703,       82.52,
 140.207568,   35.552703,       82.28,
 140.212072,   35.552703,       82.05,
 140.216577,   35.552703,       81.81,
 140.221081,   35.552703,       81.58,
 140.225586,   35.552703,       81.34,
 140.230090,   35.552703,       81.10,
 140.234595,   35.552703,       80.87,
 140.239099,   35.552703,       80.63,
 140.243604,   35.552703,       80.39,
 140.248108,   35.552703,       80.16,
 140.252613,   35.552703,       79.92,
 140.257117,   35.552703,       79.69,
 140.261622,   35.552703,       79.45,
 140.266126,   35.552703,       79.21,
 140.270631,   35.552703,       78.98,
 140.275135,   35.552703,       78.74,
 140.279640,   35.552703,       78.50,
 140.284144,   35.552703,       78.27,
 140.288649,   35.552703,       78.03,
 140.293153,   35.552703,       77.79,
 140.297658,   35.552703,       77.56,
 140.302162,   35.552703,       77.32,
 140.306667,   35.552703,       77.09,
 140.311171,   35.552703,       76.85,
 140.315676,   35.552703,       76.61,
 140.320180,   35.552703,       76.38,
 140.324685,   35.552703,       76.14,
 140.329189,   35.552703,       75.90,
 140.333694,   35.552703,       75.67,
 140.338198,   35.552703,       75.43,
 140.342703,   35.552703,       75.19,
 140.347207,   35.552703,       74.96,
 140.351712,   35.552703,       74.72,
 140.356216,   35.552703,       74.48,
 140.360721,   35.552703,       74.25,
 140.365225,   35.552703,       74.01,
 140.369730,   35.552703,       73.77,
 140.374234,   35.552703,       73.54,
 140.378739,   35.552703,       73.30,
 140.383243,   35.552703,       73.06,
 140.387748,   35.552703,       72.83,
 139.140000,   35.557207,       12.70,
 139.144505,   35.557207,       13.02,
 139.149009,   35.557207,       13.34,
 139.153514,   35.557207,       13.66,
 139.158018,   35.557207,       13.99,
 139.162523,   35.557207,       14.32,
 139.167027,   35.557207,       14.66,
 139.171532,   35.557207,       14.99,
 139.176036,   35.557207,       15.33,
 139.180541,   35.557207,       15.67,
 139.185045,   35.557207,       16.01,
 139.189550,   35.557207,       16.36,
 139.194054,   35.557207,       16.71,
 139.198559,   35.557207,       17.06,
 139.203063,   35.557207,       17.41,
 139.207568,   35.557207,       17.76,
 139.212072,   35.557207,       18.12,
 139.216577,   35.557207,       18.48,
 139.221081,   35.557207,       18.85,
 139.225586,   35.557207,       19.21,
 139.230090,   35.557207,       19.58,
 139.234595,   35.557207,       19.95,
 139.239099,   35.557207,       20.32,
 139.243604,   35.557207,       20.70,
 139.248108,   35.557207,       21.08,
 139.252613,   35.557207,       21.46,
 139.257117,   35.557207,       21.84,
 139.261622,   35.557207,       22.23,
 139.266126,   35.557207,       22.61,
 139.270631,   35.557207,       23.01,
 139.275135,   35.557207,       23.40,
 139.279640,   35.557207,       23.79,
 139.284144,   35.557207,       24.19,
 139.288649,   35.557207,       24.59,
 139.293153,   35.557207,       25.00,
 139.297658,   35.557207,       25.40,
 139.302162,   35.557207,       25.81,
 139.306667,   35.557207,       26.22,
 139.311171,   35.557207,       26.63,
 139.315676,   35.557207,       27.05,
 139.320180,   35.557207,       27.47,
 139.324685,   35.557207,       27.89,
 139.329189,   35.557207,       28.31,
 139.333694,   35.557207,       28.74,
 139.338198,   35.557207,       29.17,
 139.342703,   35.557207,       29.60,
 139.347207,   35.557207,       30.03,
 139.351712,   35.557207,       30.47,
 139.356216,   35.557207,       30.90,
 139.360721,   35.557207,       31.35,
 139.365225,   35.557207,       31.79,
 139.369730,   35.557207,       32.23,
 139.374234,   35.557207,       32.68,
 139.378739,   35.557207,       33.13,
 139.383243,   35.557207,       33.59,
 139.387748,   35.557207,       34.04,
 139.392252,   35.557207,       34.50,
 139.396757,   35.557207,       34.96,
 139.401261,   35.557207,       35.43,
 139.405766,   35.557207,       35.89,
 139.410270,   35.557207,       36.36,
 139.414775,   35.557207,       36.83,
 139.419279,   35.557207,       37.31,
 139.423784,   35.557207,       37.78,
 139.428288,   35.557207,       38.26,
 139.432793,   35.557207,       38.74,
 139.437297,   35.557207,       39.22,
 139.441802,   35.557207,       39.71,
 139.446306,   35.557207,       40.20,
 139.450811,   35.557207,       40.69,
 139.455315,   35.557207,       41.18,
 139.459820,   35.557207,       41.68,
 139.464324,   35.557207,       42.18,
 139.468829,   35.557207,       42.68,
 139.473333,   35.557207,       43.18,
 139.477838,   35.557207,       43.69,
 139.482342,   35.557207,       44.20,
 139.486847,   35.557207,       44.71,
 139.491351,   35.557207,       45.22,
 139.495856,   35.557207,       45.74,
 139.500360,   35.557207,       46.26,
 139.504865,   35.557207,       46.78,
 139.509369,   35.557207,       47.30,
 139.513874,   35.557207,       47.83,
 139.518378,   35.557207,       48.36,
 139.522883,   35.557207,       48.89,
 139.527387,   35.557207,       49.42,
 139.531892,   35.557207,       49.96,
 139.536396,   35.557207,       50.50,
 139.540901,   35.557207,       51.04,
 139.545405,   35.557207,       51.58,
 139.549910,   35.557207,       52.13,
 139.554414,   35.557207,       52.68,
 139.558919,   35.557207,       53.23,
 139.563423,   35.557207,       53.78,
 139.567928,   35.557207,       54.34,
 139.572432,   35.557207,       54.90,
 139.576937,   35.557207,       55.46,
 139.581441,   35.557207,       56.02,
 139.585946,   35.557207,       56.59,
 139.590450,   35.557207,       57.16,
 139.594955,   35.557207,       57.73,
 139.599459,   35.557207,       58.30,
 139.603964,   35.557207,       58.88,
 139.608468,   35.557207,       59.46,
 139.612973,   35.557207,       60.04,
 139.617477,   35.557207,       60.63,
 139.621982,   35.557207,       60.53,
 139.626486,   35.557207,       60.28,
 139.630991,   35.557207,       60.93,
 139.635495,   35.557207,       61.76,
 139.640000,   35.557207,       62.63,
 139.644505,   35.557207,       63.55,
 139.649009,   35.557207,       64.50,
 139.653514,   35.557207,       65.41,
 139.658018,   35.557207,       66.19,
 139.662523,   35.557207,       66.75,
 139.667027,   35.557207,       67.00,
 139.671532,   35.557207,       66.84,
 139.676036,   35.557207,       66.10,
 139.680541,   35.557207,       64.50,
 139.685045,   35.557207,       61.68,
 139.689550,   35.557207,       56.98,
 139.694054,   35.557207,       49.18,
 139.698559,   35.557207,       35.68,
 139.703063,   35.557207,       10.06,
 139.707568,   35.557207,      -32.77,
 139.712072,   35.557207,      -83.49,
 139.716577,   35.557207,     -142.74,
 139.721081,   35.557207,     -212.59,
 139.725586,   35.557207,     -294.26,
 139.730090,   35.557207,     -391.60,
 139.734595,   35.557207,     -526.01,
 139.739099,   35.557207,     -856.34,
 139.743604,   35.557207,     -856.34,
 139.748108,   35.557207,     -856.34,
 139.752613,   35.557207,     -976.85,
 139.757117,   35.557207,     -976.85,
 139.761622,   35.557207,     -976.85,
 139.766126,   35.557207,     -976.85,
 139.770631,   35.557207,     -407.56,
 139.775135,   35.557207,      -59.11,
 139.779640,   35.557207,       72.53,
 139.784144,   35.557207,       75.71,
 139.788649,   35.557207,       77.86,
 139.793153,   35.557207,       78.93,
 139.797658,   35.557207,       79.19,
 139.802162,   35.557207,       79.35,
 139.806667,   35.557207,       79.46,
 139.811171,   35.557207,       79.22,
 139.815676,   35.557207,       78.69,
 139.820180,   35.557207,       77.92,
 139.824685,   35.557207,       77.09,
 139.829189,   35.557207,       76.37,
 139.833694,   35.557207,       75.81,
 139.838198,   35.557207,       75.38,
 139.842703,   35.557207,       75.21,
 139.847207,   35.557207,       75.07,
 139.851712,   35.557207,       74.96,
 139.856216,   35.557207,       74.92,
 139.860721,   35.557207,       74.97,
 139.865225,   35.557207,       75.06,
 139.869730,   35.557207,       75.19,
 139.874234,   35.557207,       75.35,
 139.878739,   35.557207,       75.53,
 139.883243,   35.557207,       75.72,
 139.887748,   35.557207,       75.90,
 139.892252,   35.557207,       76.08,
 139.896757,   35.557207,       76.26,
 139.901261,   35.557207,       76.44,
 139.905766,   35.557207,       76.61,
 139.910270,   35.557207,       76.79,
 139.914775,   35.557207,       76.96,
 139.919279,   35.557207,       77.12,
 139.923784,   35.557207,       77.29,
 139.928288,   35.557207,       77.45,
 139.932793,   35.557207,       77.59,
 139.937297,   35.557207,       77.73,
 139.941802,   35.557207,       77.88,
 139.946306,   35.557207,       78.05,
 139.950811,   35.557207,       78.23,
 139.955315,   35.557207,       78.41,
 139.959820,   35.557207,       78.59,
 139.964324,   35.557207,       78.79,
 139.968829,   35.557207,       79.01,
 139.973333,   35.557207,       79.24,
 139.977838,   35.557207,       79.49,
 139.982342,   35.557207,       79.78,
 139.986847,   35.557207,       80.07,
 139.991351,   35.557207,       80.37,
 139.995856,   35.557207,       80.68,
 140.000360,   35.557207,       81.07,
 140.004865,   35.557207,       81.49,
 140.009369,   35.557207,       81.91,
 140.013874,   35.557207,       82.35,
 140.018378,   35.557207,       82.87,
 140.022883,   35.557207,       83.43,
 140.027387,   35.557207,       84.00,
 140.031892,   35.557207,       84.48,
 140.036396,   35.557207,       84.99,
 140.040901,   35.557207,       85.51,
 140.045405,   35.557207,       86.04,
 140.049910,   35.557207,       86.57,
 140.054414,   35.557207,       87.11,
 140.058919,   35.557207,       87.62,
 140.063423,   35.557207,       88.08,
 140.067928,   35.557207,       88.48,
 140.072432,   35.557207,       88.77,
 140.076937,   35.557207,       89.01,
 140.081441,   35.557207,       89.19,
 140.085946,   35.557207,       89.46,
 140.090450,   35.557207,       89.82,
 140.094955,   35.557207,       91.43,
 140.099459,   35.557207,       93.54,
 140.103964,   35.557207,       93.80,
 140.108468,   35.557207,       92.93,
 140.112973,   35.557207,       91.98,
 140.117477,   35.557207,       90.95,
 140.121982,   35.557207,       89.97,
 140.126486,   35.557207,       89.04,
 140.130991,   35.557207,       88.14,
 140.135495,   35.557207,       87.27,
 140.140000,   35.557207,       86.69,
 140.144505,   35.557207,       86.45,
 140.149009,   35.557207,       86.22,
 140.153514,   35.557207,       85.98,
 140.158018,   35.557207,       85.74,
 140.162523,   35.557207,       85.51,
 140.167027,   35.557207,       85.27,
 140.171532,   35.557207,       85.04,
 140.176036,   35.557207,       84.80,
 140.180541,   35.557207,       84.56,
 140.185045,   35.557207,       84.33,
 140.189550,   35.557207,       84.09,
 140.194054,   35.557207,       83.86,
 140.198559,   35.557207,       83.62,
 140.203063,   35.557207,       83.38,
 140.207568,   35.557207,       83.15,
 140.212072,   35.557207,       82.91,
 140.216577,   35.557207,       82.67,
 140.221081,   35.557207,       82.44,
 140.225586,   35.557207,       82.20,
 140.230090,   35.557207,       81.97,
 140.234595,   35.557207,       81.73,
 140.239099,   35.557207,       81.49,
 140.243604,   35.557207,       81.26,
 140.248108,   35.557207,       81.02,
 140.252613,   35.557207,       80.78,
 140.257117,   35.557207,       80.55,
 140.261622,   35.557207,       80.31,
 140.266126,   35.557207,       80.08,
 140.270631,   35.557207,       79.84,
 140.275135,   35.557207,       79.60,
 140.279640,   35.557207,       79.37,
 140.284144,   35.557207,       79.13,
 140.288649,   35.557207,       78.89,
 140.293153,   35.557207,       78.66,
 140.297658,   35.557207,       78.42,
 140.302162,   35.557207,       78.18,
 140.306667,   35.557207,       77.95,
 140.311171,   35.557207,       77.71,
 140.315676,   35.557207,       77.47,
 140.320180,   35.557207,       77.24,
 140.324685,   35.557207,       77.00,
 140.329189,   35.557207,       76.77,
 140.333694,   35.557207,       76.53,
 140.338198,   35.557207,       76.29,
 140.342703,   35.557207,       76.06,
 140.347207,   35.557207,       75.82,
 140.351712,   35.557207,       75.58,
 140.356216,   35.557207,       75.35,
 140.360721,   35.557207,       75.11,
 140.365225,   35.557207,       74.87,
 140.369730,   35.557207,       74.64,
 140.374234,   35.557207,       74.40,
 140.378739,   35.557207,       74.16,
 140.383243,   35.557207,       73.93,
 140.387748,   35.557207,       73.69,
 139.140000,   35.561712,       12.79,
 139.144505,   35.561712,       13.11,
 139.149009,   35.561712,       13.43,
 139.153514,   35.561712,       13.75,
 139.158018,   35.561712,       14.08,
 139.162523,   35.561712,       14.41,
 139.167027,   35.561712,       14.74,
 139.171532,   35.561712,       15.07,
 139.176036,   35.561712,       15.41,
 139.180541,   35.561712,       15.75,
 139.185045,   35.561712,       16.09,
 139.189550,   35.561712,       16.44,
 139.194054,   35.561712,       16.78,
 139.198559,   35.561712,       17.13,
 139.203063,   35.561712,       17.49,
 139.207568,   35.561712,       17.84,
 139.212072,   35.561712,       18.20,
 139.216577,   35.561712,       18.56,
 139.221081,   35.561712,       18.92,
 139.225586,   35.561712,       19.28,
 139.230090,   35.561712,       19.65,
 139.234595,   35.561712,       20.02,
 139.239099,   35.561712,       20.39,
 139.243604,   35.561712,       20.77,
 139.248108,   35.561712,       21.14,
 139.252613,   35.561712,       21.52,
 139.257117,   35.561712,       21.90,
 139.261622,   35.561712,       22.29,
 139.266126,   35.561712,       22.68,
 139.270631,   35.561712,       23.07,
 139.275135,   35.561712,       23.46,
 139.279640,   35.561712,       23.85,
 139.284144,   35.561712,       24.25,
 139.288649,   35.561712,       24.65,
 139.293153,   35.561712,       25.05,
 139.297658,   35.561712,       25.46,
 139.302162,   35.561712,       25.86,
 139.306667,   35.561712,       26.27,
 139.311171,   35.561712,       26.68,
 139.315676,   35.561712,       27.10,
 139.320180,   35.561712,       27.52,
 139.324685,   35.561712,       27.94,
 139.329189,   35.561712,       28.36,
 139.333694,   35.561712,       28.78,
 139.338198,   35.561712,       29.21,
 139.342703,   35.561712,       29.64,
 139.347207,   35.561712,       30.07,
 139.351712,   35.561712,       30.51,
 139.356216,   35.561712,       30.94,
 139.360721,   35.561712,       31.38,
 139.365225,   35.561712,       31.83,
 139.369730,   35.561712,       32.27,
 139.374234,   35.561712,       32.72,
 139.378739,   35.561712,       33.17,
 139.383243,   35.561712,       33.62,
 139.387748,   35.561712,       34.08,
 139.392252,   35.561712,       34.53,
 139.396757,   35.561712,       34.99,
 139.401261,   35.561712,       35.46,
 139.405766,   35.561712,       35.92,
 139.410270,   35.561712,       36.39,
 139.414775,   35.561712,       36.86,
 139.419279,   35.561712,       37.33,
 139.423784,   35.561712,       37.81,
 139.428288,   35.561712,       38.28,
 139.432793,   35.561712,       38.76,
 139.437297,   35.561712,       39.25,
 139.441802,   35.561712,       39.73,
 139.446306,   35.561712,       40.22,
 139.450811,   35.561712,       40.71,
 139.455315,   35.561712,       41.20,
 139.459820,   35.561712,       41.70,
 139.464324,   35.561712,       42.19,
 139.468829,   35.561712,       42.69,
 139.473333,   35.561712,       43.20,
 139.477838,   35.561712,       43.70,
 139.482342,   35.561712,       44.21,
 139.486847,   35.561712,       44.72,
 139.491351,   35.561712,       45.23,
 139.495856,   35.561712,       45.75,
 139.500360,   35.561712,       46.26,
 139.504865,   35.561712,       46.78,
 139.509369,   35.561712,       47.31,
 139.513874,   35.561712,       47.83,
 139.518378,   35.561712,       48.36,
 139.522883,   35.561712,       48.89,
 139.527387,   35.561712,       49.42,
 139.531892,   35.561712,       49.96,
 139.536396,   35.561712,       50.50,
 139.540901,   35.561712,       51.04,
 139.545405,   35.561712,       51.58,
 139.549910,   35.561712,       52.12,
 139.554414,   35.561712,       52.67,
 139.558919,   35.561712,       53.22,
 139.563423,   35.561712,       53.77,
 139.567928,   35.561712,       54.33,
 139.572432,   35.561712,       54.89,
 139.576937,   35.561712,       55.45,
 139.581441,   35.561712,       56.01,
 139.585946,   35.561712,       56.58,
 139.590450,   35.561712,       57.14,
 139.594955,   35.561712,       57.71,
 139.599459,   35.561712,       58.29,
 139.603964,   35.561712,       58.86,
 139.608468,   35.561712,       59.44,
 139.612973,   35.561712,       60.02,
 139.617477,   35.561712,       60.60,
 139.621982,   35.561712,       61.19,
 139.626486,   35.561712,       61.76,
 139.630991,   35.561712,       61.21,
 139.635495,   35.561712,       61.50,
 139.640000,   35.561712,       62.33,
 139.644505,   35.561712,       63.19,
 139.649009,   35.561712,       64.10,
 139.653514,   35.561712,       65.02,
 139.658018,   35.561712,       65.85,
 139.662523,   35.561712,       66.54,
 139.667027,   35.561712,       67.01,
 139.671532,   35.561712,       67.14,
 139.676036,   35.561712,       66.86,
 139.680541,   35.561712,       65.95,
 139.685045,   35.561712,       64.13,
 139.689550,   35.561712,       60.98,
 139.694054,   35.561712,       55.77,
 139.698559,   35.561712,       47.06,
 139.703063,   35.561712,       31.75,
 139.707568,   35.561712,        1.81,
 139.712072,   35.561712,      -41.33,
 139.716577,   35.561712,      -92.00,
 139.721081,   35.561712,     -150.92,
 139.725586,   35.561712,     -219.45,
 139.730090,   35.561712,     -296.96,
 139.734595,   35.561712,     -386.68,
 139.739099,   35.561712,     -525.58,
 139.743604,   35.561712,     -525.58,
 139.748108,   35.561712,     -525.58,
 139.752613,   35.561712,     -645.24,
 139.757117,   35.561712,     -645.24,
 139.761622,   35.561712,     -645.24,
 139.766126,   35.561712,     -645.24,
 139.770631,   35.561712,     -270.53,
 139.775135,   35.561712,      -20.42,
 139.779640,   35.561712,       74.31,
 139.784144,   35.561712,       76.61,
 139.788649,   35.561712,       78.15,
 139.793153,   35.561712,       78.88,
 139.797658,   35.561712,       79.36,
 139.802162,   35.561712,       79.56,
 139.806667,   35.561712,       79.62,
 139.811171,   35.561712,       79.23,
 139.815676,   35.561712,       78.71,
 139.820180,   35.561712,       78.06,
 139.824685,   35.561712,       77.23,
 139.829189,   35.561712,       76.59,
 139.833694,   35.561712,       76.17,
 139.838198,   35.561712,       75.85,
 139.842703,   35.561712,       75.64,
 139.847207,   35.561712,       75.47,
 139.851712,   35.561712,       75.34,
 139.856216,   35.561712,       75.33,
 139.860721,   35.561712,       75.39,
 139.865225,   35.561712,       75.45,
 139.869730,   35.561712,       75.54,
 139.874234,   35.561712,       75.73,
 139.878739,   35.561712,       75.92,
 139.883243,   35.561712,       76.10,
 139.887748,   35.561712,       76.28,
 139.892252,   35.561712,       76.48,
 139.896757,   35.561712,       76.66,
 139.901261,   35.561712,       76.84,
 139.905766,   35.561712,       77.00,
 139.910270,   35.561712,       77.18,
 139.914775,   35.561712,       77.35,
 139.919279,   35.561712,       77.52,
 139.923784,   35.561712,       77.68,
 139.928288,   35.561712,       77.83,
 139.932793,   35.561712,       77.97,
 139.937297,   35.561712,       78.10,
 139.941802,   35.561712,       78.22,
 139.946306,   35.561712,       78.39,
 139.950811,   35.561712,       78.58,
 139.955315,   35.561712,       78.76,
 139.959820,   35.561712,       78.95,
 139.964324,   35.561712,       79.14,
 139.968829,   35.561712,       79.33,
 139.973333,   35.561712,       79.52,
 139.977838,   35.561712,       79.76,
 139.982342,   35.561712,       80.06,
 139.986847,   35.561712,       80.36,
 139.991351,   35.561712,       80.64,
 139.995856,   35.561712,       80.92,
 140.000360,   35.561712,       81.30,
 140.004865,   35.561712,       81.71,
 140.009369,   35.561712,       82.11,
 140.013874,   35.561712,       82.51,
 140.018378,   35.561712,       83.02,
 140.022883,   35.561712,       83.58,
 140.027387,   35.561712,       84.14,
 140.031892,   35.561712,       84.68,
 140.036396,   35.561712,       85.21,
 140.040901,   35.561712,       85.74,
 140.045405,   35.561712,       86.26,
 140.049910,   35.561712,       86.81,
 140.054414,   35.561712,       87.29,
 140.058919,   35.561712,       87.77,
 140.063423,   35.561712,       88.20,
 140.067928,   35.561712,       88.54,
 140.072432,   35.561712,       88.83,
 140.076937,   35.561712,       89.07,
 140.081441,   35.561712,       89.26,
 140.085946,   35.561712,       89.54,
 140.090450,   35.561712,       89.93,
 140.094955,   35.561712,       90.83,
 140.099459,   35.561712,       92.46,
 140.103964,   35.561712,       94.84,
 140.108468,   35.561712,       94.10,
 140.112973,   35.561712,       92.92,
 140.117477,   35.561712,       91.71,
 140.121982,   35.561712,       90.62,
 140.126486,   35.561712,       89.60,
 140.130991,   35.561712,       88.63,
 140.135495,   35.561712,       87.79,
 140.140000,   35.561712,       87.55,
 140.144505,   35.561712,       87.32,
 140.149009,   35.561712,       87.08,
 140.153514,   35.561712,       86.84,
 140.158018,   35.561712,       86.61,
 140.162523,   35.561712,       86.37,
 140.167027,   35.561712,       86.13,
 140.171532,   35.561712,       85.90,
 140.176036,   35.561712,       85.66,
 140.180541,   35.561712,       85.43,
 140.185045,   35.561712,       85.19,
 140.189550,   35.561712,       84.95,
 140.194054,   35.561712,       84.72,
 140.198559,   35.561712,       84.48,
 140.203063,   35.561712,       84.25,
 140.207568,   35.561712,       84.01,
 140.212072,   35.561712,       83.77,
 140.216577,   35.561712,       83.54,
 140.221081,   35.561712,       83.30,
 140.225586,   35.561712,       83.06,
 140.230090,   35.561712,       82.83,
 140.234595,   35.561712,       82.59,
 140.239099,   35.561712,       82.36,
 140.243604,   35.561712,       82.12,
 140.248108,   35.561712,       81.88,
 140.252613,   35.561712,       81.65,
 140.257117,   35.561712,       81.41,
 140.261622,   35.561712,       81.17,
 140.266126,   35.561712,       80.94,
 140.270631,   35.561712,       80.70,
 140.275135,   35.561712,       80.47,
 140.279640,   35.561712,       80.23,
 140.284144,   35.561712,       79.99,
 140.288649,   35.561712,       79.76,
 140.293153,   35.561712,       79.52,
 140.297658,   35.561712,       79.28,
 140.302162,   35.561712,       79.05,
 140.306667,   35.561712,       78.81,
 140.311171,   35.561712,       78.57,
 140.315676,   35.561712,       78.34,
 140.320180,   35.561712,       78.10,
 140.324685,   35.561712,       77.86,
 140.329189,   35.561712,       77.63,
 140.333694,   35.561712,       77.39,
 140.338198,   35.561712,       77.15,
 140.342703,   35.561712,       76.92,
 140.347207,   35.561712,       76.68,
 140.351712,   35.561712,       76.45,
 140.356216,   35.561712,       76.21,
 140.360721,   35.561712,       75.97,
 140.365225,   35.561712,       75.74,
 140.369730,   35.561712,       75.50,
 140.374234,   35.561712,       75.26,
 140.378739,   35.561712,       75.03,
 140.383243,   35.561712,       74.79,
 140.387748,   35.561712,       74.55,
 139.140000,   35.566216,       12.88,
 139.144505,   35.566216,       13.19,
 139.149009,   35.566216,       13.51,
 139.153514,   35.566216,       13.84,
 139.158018,   35.566216,       14.16,
 139.162523,   35.566216,       14.49,
 139.167027,   35.566216,       14.82,
 139.171532,   35.566216,       15.16,
 139.176036,   35.566216,       15.49,
 139.180541,   35.566216,       15.83,
 139.185045,   35.566216,       16.17,
 139.189550,   35.566216,       16.51,
 139.194054,   35.566216,       16.86,
 139.198559,   35.566216,       17.21,
 139.203063,   35.566216,       17.56,
 139.207568,   35.566216,       17.91,
 139.212072,   35.566216,       18.27,
 139.216577,   35.566216,       18.63,
 139.221081,   35.566216,       18.99,
 139.225586,   35.566216,       19.35,
 139.230090,   35.566216,       19.72,
 139.234595,   35.566216,       20.09,
 139.239099,   35.566216,       20.46,
 139.243604,   35.566216,       20.83,
 139.248108,   35.566216,       21.21,
 139.252613,   35.566216,       21.58,
 139.257117,   35.566216,       21.97,
 139.261622,   35.566216,       22.35,
 139.266126,   35.566216,       22.73,
 139.270631,   35.566216,       23.12,
 139.275135,   35.566216,       23.51,
 139.279640,   35.566216,       23.91,
 139.284144,   35.566216,       24.30,
 139.288649,   35.566216,       24.70,
 139.293153,   35.566216,       25.10,
 139.297658,   35.566216,       25.51,
 139.302162,   35.566216,       25.91,
 139.306667,   35.566216,       26.32,
 139.311171,   35.566216,       26.73,
 139.315676,   35.566216,       27.15,
 139.320180,   35.566216,       27.56,
 139.324685,   35.566216,       27.98,
 139.329189,   35.566216,       28.40,
 139.333694,   35.566216,       28.83,
 139.338198,   35.566216,       29.25,
 139.342703,   35.566216,       29.68,
 139.347207,   35.566216,       30.11,
 139.351712,   35.566216,       30.55,
 139.356216,   35.566216,       30.98,
 139.360721,   35.566216,       31.42,
 139.365225,   35.566216,       31.86,
 139.369730,   35.566216,       32.31,
 139.374234,   35.566216,       32.75,
 139.378739,   35.566216,       33.20,
 139.383243,   35.566216,       33.65,
 139.387748,   35.566216,       34.11,
 139.392252,   35.566216,       34.56,
 139.396757,   35.566216,       35.02,
 139.401261,   35.566216,       35.48,
 139.405766,   35.566216,       35.95,
 139.410270,   35.566216,       36.41,
 139.414775,   35.566216,       36.88,
 139.419279,   35.566216,       37.35,
 139.423784,   35.566216,       37.83,
 139.428288,   35.566216,       38.30,
 139.432793,   35.566216,       38.78,
 139.437297,   35.566216,       39.26,
 139.441802,   35.566216,       39.75,
 139.446306,   35.566216,       40.23,
 139.450811,   35.566216,       40.72,
 139.455315,   35.566216,       41.22,
 139.459820,   35.566216,       41.71,
 139.464324,   35.566216,       42.21,
 139.468829,   35.566216,       42.70,
 139.473333,   35.566216,       43.21,
 139.477838,   35.566216,       43.71,
 139.482342,   35.566216,       44.22,
 139.486847,   35.566216,       44.73,
 139.491351,   35.566216,       45.24,
 139.495856,   35.566216,       45.75,
 139.500360,   35.566216,       46.27,
 139.504865,   35.566216,       46.79,
 139.509369,   35.566216,       47.31,
 139.513874,   35.566216,       47.83,
 139.518378,   35.566216,       48.36,
 139.522883,   35.566216,       48.89,
 139.527387,   35.566216,       49.42,
 139.531892,   35.566216,       49.95,
 139.536396,   35.566216,       50.49,
 139.540901,   35.566216,       51.03,
 139.545405,   35.566216,       51.57,
 139.549910,   35.566216,       52.12,
 139.554414,   35.566216,       52.66,
 139.558919,   35.566216,       53.21,
 139.563423,   35.566216,       53.76,
 139.567928,   35.566216,       54.32,
 139.572432,   35.566216,       54.88,
 139.576937,   35.566216,       55.43,
 139.581441,   35.566216,       56.00,
 139.585946,   35.566216,       56.56,
 139.590450,   35.566216,       57.13,
 139.594955,   35.566216,       57.70,
 139.599459,   35.566216,       58.27,
 139.603964,   35.566216,       58.84,
 139.608468,   35.566216,       59.42,
 139.612973,   35.566216,       60.00,
 139.617477,   35.566216,       60.58,
 139.621982,   35.566216,       61.17,
 139.626486,   35.566216,       61.75,
 139.630991,   35.566216,       62.34,
 139.635495,   35.566216,       62.29,
 139.640000,   35.566216,       62.15,
 139.644505,   35.566216,       62.89,
 139.649009,   35.566216,       63.75,
 139.653514,   35.566216,       64.64,
 139.658018,   35.566216,       65.52,
 139.662523,   35.566216,       66.31,
 139.667027,   35.566216,       66.95,
 139.671532,   35.566216,       67.35,
 139.676036,   35.566216,       67.44,
 139.680541,   35.566216,       67.10,
 139.685045,   35.566216,       66.11,
 139.689550,   35.566216,       64.19,
 139.694054,   35.566216,       60.89,
 139.698559,   35.566216,       55.41,
 139.703063,   35.566216,       46.16,
 139.707568,   35.566216,       29.51,
 139.712072,   35.566216,       -2.10,
 139.716577,   35.566216,      -42.18,
 139.721081,   35.566216,      -87.87,
 139.725586,   35.566216,     -138.91,
 139.730090,   35.566216,     -193.15,
 139.734595,   35.566216,     -244.63,
 139.739099,   35.566216,     -244.63,
 139.743604,   35.566216,     -244.63,
 139.748108,   35.566216,     -244.63,
 139.752613,   35.566216,      -86.26,
 139.757117,   35.566216,      -86.26,
 139.761622,   35.566216,      -86.26,
 139.766126,   35.566216,      -86.26,
 139.770631,   35.566216,      -86.26,
 139.775135,   35.566216,       55.76,
 139.779640,   35.566216,       76.64,
 139.784144,   35.566216,       77.97,
 139.788649,   35.566216,       78.65,
 139.793153,   35.566216,       79.03,
 139.797658,   35.566216,       79.63,
 139.802162,   35.566216,       79.80,
 139.806667,   35.566216,       79.61,
 139.811171,   35.566216,       79.30,
 139.815676,   35.566216,       78.81,
 139.820180,   35.566216,       78.22,
 139.824685,   35.566216,       77.58,
 139.829189,   35.566216,       77.09,
 139.833694,   35.566216,       76.60,
 139.838198,   35.566216,       76.33,
 139.842703,   35.566216,       76.11,
 139.847207,   35.566216,       75.89,
 139.851712,   35.566216,       75.70,
 139.856216,   35.566216,       75.76,
 139.860721,   35.566216,       75.81,
 139.865225,   35.566216,       75.87,
 139.869730,   35.566216,       75.96,
 139.874234,   35.566216,       76.13,
 139.878739,   35.566216,       76.31,
 139.883243,   35.566216,       76.50,
 139.887748,   35.566216,       76.70,
 139.892252,   35.566216,       76.89,
 139.896757,   35.566216,       77.08,
 139.901261,   35.566216,       77.26,
 139.905766,   35.566216,       77.43,
 139.910270,   35.566216,       77.59,
 139.914775,   35.566216,       77.76,
 139.919279,   35.566216,       77.92,
 139.923784,   35.566216,       78.08,
 139.928288,   35.566216,       78.22,
 139.932793,   35.566216,       78.36,
 139.937297,   35.566216,       78.49,
 139.941802,   35.566216,       78.62,
 139.946306,   35.566216,       78.78,
 139.950811,   35.566216,       78.95,
 139.955315,   35.566216,       79.13,
 139.959820,   35.566216,       79.31,
 139.964324,   35.566216,       79.50,
 139.968829,   35.566216,       79.70,
 139.973333,   35.566216,       79.90,
 139.977838,   35.566216,       80.11,
 139.982342,   35.566216,       80.39,
 139.986847,   35.566216,       80.68,
 139.991351,   35.566216,       80.97,
 139.995856,   35.566216,       81.25,
 140.000360,   35.566216,       81.58,
 140.004865,   35.566216,       81.96,
 140.009369,   35.566216,       82.34,
 140.013874,   35.566216,       82.70,
 140.018378,   35.566216,       83.17,
 140.022883,   35.566216,       83.74,
 140.027387,   35.566216,       84.28,
 140.031892,   35.566216,       84.82,
 140.036396,   35.566216,       85.35,
 140.040901,   35.566216,       85.87,
 140.045405,   35.566216,       86.40,
 140.049910,   35.566216,       86.90,
 140.054414,   35.566216,       87.39,
 140.058919,   35.566216,       87.85,
 140.063423,   35.566216,       88.25,
 140.067928,   35.566216,       88.60,
 140.072432,   35.566216,       88.92,
 140.076937,   35.566216,       89.16,
 140.081441,   35.566216,       89.33,
 140.085946,   35.566216,       89.63,
 140.090450,   35.566216,       90.09,
 140.094955,   35.566216,       91.02,
 140.099459,   35.566216,       92.56,
 140.103964,   35.566216,       94.96,
 140.108468,   35.566216,       94.88,
 140.112973,   35.566216,       93.62,
 140.117477,   35.566216,       92.37,
 140.121982,   35.566216,       91.18,
 140.126486,   35.566216,       90.07,
 140.130991,   35.566216,       89.03,
 140.135495,   35.566216,       88.65,
 140.140000,   35.566216,       88.41,
 140.144505,   35.566216,       88.18,
 140.149009,   35.566216,       87.94,
 140.153514,   35.566216,       87.71,
 140.158018,   35.566216,       87.47,
 140.162523,   35.566216,       87.23,
 140.167027,   35.566216,       87.00,
 140.171532,   35.566216,       86.76,
 140.176036,   35.566216,       86.53,
 140.180541,   35.566216,       86.29,
 140.185045,   35.566216,       86.05,
 140.189550,   35.566216,       85.82,
 140.194054,   35.566216,       85.58,
 140.198559,   35.566216,       85.34,
 140.203063,   35.566216,       85.11,
 140.207568,   35.566216,       84.87,
 140.212072,   35.566216,       84.64,
 140.216577,   35.566216,       84.40,
 140.221081,   35.566216,       84.16,
 140.225586,   35.566216,       83.93,
 140.230090,   35.566216,       83.69,
 140.234595,   35.566216,       83.45,
 140.239099,   35.566216,       83.22,
 140.243604,   35.566216,       82.98,
 140.248108,   35.566216,       82.75,
 140.252613,   35.566216,       82.51,
 140.257117,   35.566216,       82.27,
 140.261622,   35.566216,       82.04,
 140.266126,   35.566216,       81.80,
 140.270631,   35.566216,       81.56,
 140.275135,   35.566216,       81.33,
 140.279640,   35.566216,       81.09,
 140.284144,   35.566216,       80.86,
 140.288649,   35.566216,       80.62,
 140.293153,   35.566216,       80.38,
 140.297658,   35.566216,       80.15,
 140.302162,   35.566216,       79.91,
 140.306667,   35.566216,       79.67,
 140.311171,   35.566216,       79.44,
 140.315676,   35.566216,       79.20,
 140.320180,   35.566216,       78.96,
 140.324685,   35.566216,       78.73,
 140.329189,   35.566216,       78.49,
 140.333694,   35.566216,       78.25,
 140.338198,   35.566216,       78.02,
 140.342703,   35.566216,       77.78,
 140.347207,   35.566216,       77.54,
 140.351712,   35.566216,       77.31,
 140.356216,   35.566216,       77.07,
 140.360721,   35.566216,       76.83,
 140.365225,   35.566216,       76.60,
 140.369730,   35.566216,       76.36,
 140.374234,   35.566216,       76.12,
 140.378739,   35.566216,       75.89,
 140.383243,   35.566216,       75.65,
 140.387748,   35.566216,       75.41,
 139.140000,   35.570721,       12.96,
 139.144505,   35.570721,       13.28,
 139.149009,   35.570721,       13.60,
 139.153514,   35.570721,       13.92,
 139.158018,   35.570721,       14.24,
 139.162523,   35.570721,       14.57,
 139.167027,   35.570721,       14.90,
 139.171532,   35.570721,       15.23,
 139.176036,   35.570721,       15.57,
 139.180541,   35.570721,       15.91,
 139.185045,   35.570721,       16.25,
 139.189550,   35.570721,       16.59,
 139.194054,   35.570721,       16.93,
 139.198559,   35.570721,       17.28,
 139.203063,   35.570721,       17.63,
 139.207568,   35.570721,       17.98,
 139.212072,   35.570721,       18.34,
 139.216577,   35.570721,       18.69,
 139.221081,   35.570721,       19.05,
 139.225586,   35.570721,       19.42,
 139.230090,   35.570721,       19.78,
 139.234595,   35.570721,       20.15,
 139.239099,   35.570721,       20.52,
 139.243604,   35.570721,       20.89,
 139.248108,   35.570721,       21.27,
 139.252613,   35.570721,       21.64,
 139.257117,   35.570721,       22.02,
 139.261622,   35.570721,       22.41,
 139.266126,   35.570721,       22.79,
 139.270631,   35.570721,       23.18,
 139.275135,   35.570721,       23.57,
 139.279640,   35.570721,       23.96,
 139.284144,   35.570721,       24.36,
 139.288649,   35.570721,       24.75,
 139.293153,   35.570721,       25.15,
 139.297658,   35.570721,       25.56,
 139.302162,   35.570721,       25.96,
 139.306667,   35.570721,       26.37,
 139.311171,   35.570721,       26.78,
 139.315676,   35.570721,       27.19,
 139.320180,   35.570721,       27.61,
 139.324685,   35.570721,       28.02,
 139.329189,   35.570721,       28.44,
 139.333694,   35.570721,       28.87,
 139.338198,   35.570721,       29.29,
 139.342703,   35.570721,       29.72,
 139.347207,   35.570721,       30.15,
 139.351712,   35.570721,       30.58,
 139.356216,   35.570721,       31.02,
 139.360721,   35.570721,       31.46,
 139.365225,   35.570721,       31.90,
 139.369730,   35.570721,       32.34,
 139.374234,   35.570721,       32.78,
 139.378739,   35.570721,       33.23,
 139.383243,   35.570721,       33.68,
 139.387748,   35.570721,       34.13,
 139.392252,   35.570721,       34.59,
 139.396757,   35.570721,       35.05,
 139.401261,   35.570721,       35.51,
 139.405766,   35.570721,       35.97,
 139.410270,   35.570721,       36.44,
 139.414775,   35.570721,       36.90,
 139.419279,   35.570721,       37.37,
 139.423784,   35.570721,       37.85,
 139.428288,   35.570721,       38.32,
 139.432793,   35.570721,       38.80,
 139.437297,   35.570721,       39.28,
 139.441802,   35.570721,       39.76,
 139.446306,   35.570721,       40.25,
 139.450811,   35.570721,       40.74,
 139.455315,   35.570721,       41.23,
 139.459820,   35.570721,       41.72,
 139.464324,   35.570721,       42.22,
 139.468829,   35.570721,       42.71,
 139.473333,   35.570721,       43.21,
 139.477838,   35.570721,       43.72,
 139.482342,   35.570721,       44.22,
 139.486847,   35.570721,       44.73,
 139.491351,   35.570721,       45.24,
 139.495856,   35.570721,       45.75,
 139.500360,   35.570721,       46.27,
 139.504865,   35.570721,       46.79,
 139.509369,   35.570721,       47.31,
 139.513874,   35.570721,       47.83,
 139.518378,   35.570721,       48.36,
 139.522883,   35.570721,       48.88,
 139.527387,   35.570721,       49.42,
 139.531892,   35.570721,       49.95,
 139.536396,   35.570721,       50.48,
 139.540901,   35.570721,       51.02,
 139.545405,   35.570721,       51.56,
 139.549910,   35.570721,       52.11,
 139.554414,   35.570721,       52.65,
 139.558919,   35.570721,       53.20,
 139.563423,   35.570721,       53.75,
 139.567928,   35.570721,       54.30,
 139.572432,   35.570721,       54.86,
 139.576937,   35.570721,       55.42,
 139.581441,   35.570721,       55.98,
 139.585946,   35.570721,       56.54,
 139.590450,   35.570721,       57.11,
 139.594955,   35.570721,       57.68,
 139.599459,   35.570721,       58.25,
 139.603964,   35.570721,       58.82,
 139.608468,   35.570721,       59.40,
 139.612973,   35.570721,       59.97,
 139.617477,   35.570721,       60.55,
 139.621982,   35.570721,       61.14,
 139.626486,   35.570721,       61.72,
 139.630991,   35.570721,       62.31,
 139.635495,   35.570721,       62.90,
 139.640000,   35.570721,       63.50,
 139.644505,   35.570721,       63.02,
 139.649009,   35.570721,       63.45,
 139.653514,   35.570721,       64.30,
 139.658018,   35.570721,       65.18,
 139.662523,   35.570721,       66.03,
 139.667027,   35.570721,       66.80,
 139.671532,   35.570721,       67.42,
 139.676036,   35.570721,       67.83,
 139.680541,   35.570721,       67.93,
 139.685045,   35.570721,       67.63,
 139.689550,   35.570721,       66.69,
 139.694054,   35.570721,       64.86,
 139.698559,   35.570721,       61.67,
 139.703063,   35.570721,       56.33,
 139.707568,   35.570721,       47.18,
 139.712072,   35.570721,       30.24,
 139.716577,   35.570721,        1.31,
 139.721081,   35.570721,      -30.97,
 139.725586,   35.570721,      -30.97,
 139.730090,   35.570721,      -30.97,
 139.734595,   35.570721,       42.80,
 139.739099,   35.570721,       42.80,
 139.743604,   35.570721,       42.80,
 139.748108,   35.570721,       42.80,
 139.752613,   35.570721,       82.60,
 139.757117,   35.570721,       82.06,
 139.761622,   35.570721,       35.54,
 139.766126,   35.570721,       12.30,
 139.770631,   35.570721,       75.83,
 139.775135,   35.570721,       78.86,
 139.779640,   35.570721,       79.17,
 139.784144,   35.570721,       79.37,
 139.788649,   35.570721,       79.12,
 139.793153,   35.570721,       79.43,
 139.797658,   35.570721,       79.82,
 139.802162,   35.570721,       79.74,
 139.806667,   35.570721,       79.58,
 139.811171,   35.570721,       79.32,
 139.815676,   35.570721,       78.96,
 139.820180,   35.570721,       78.45,
 139.824685,   35.570721,       78.07,
 139.829189,   35.570721,       77.63,
 139.833694,   35.570721,       77.20,
 139.838198,   35.570721,       76.87,
 139.842703,   35.570721,       76.64,
 139.847207,   35.570721,       76.42,
 139.851712,   35.570721,       76.24,
 139.856216,   35.570721,       76.23,
 139.860721,   35.570721,       76.26,
 139.865225,   35.570721,       76.30,
 139.869730,   35.570721,       76.41,
 139.874234,   35.570721,       76.56,
 139.878739,   35.570721,       76.72,
 139.883243,   35.570721,       76.92,
 139.887748,   35.570721,       77.12,
 139.892252,   35.570721,       77.32,
 139.896757,   35.570721,       77.51,
 139.901261,   35.570721,       77.69,
 139.905766,   35.570721,       77.86,
 139.910270,   35.570721,       78.03,
 139.914775,   35.570721,       78.18,
 139.919279,   35.570721,       78.33,
 139.923784,   35.570721,       78.48,
 139.928288,   35.570721,       78.62,
 139.932793,   35.570721,       78.75,
 139.937297,   35.570721,       78.88,
 139.941802,   35.570721,       79.02,
 139.946306,   35.570721,       79.17,
 139.950811,   35.570721,       79.34,
 139.955315,   35.570721,       79.50,
 139.959820,   35.570721,       79.66,
 139.964324,   35.570721,       79.86,
 139.968829,   35.570721,       80.07,
 139.973333,   35.570721,       80.28,
 139.977838,   35.570721,       80.49,
 139.982342,   35.570721,       80.74,
 139.986847,   35.570721,       81.02,
 139.991351,   35.570721,       81.30,
 139.995856,   35.570721,       81.58,
 140.000360,   35.570721,       81.89,
 140.004865,   35.570721,       82.24,
 140.009369,   35.570721,       82.61,
 140.013874,   35.570721,       82.99,
 140.018378,   35.570721,       83.42,
 140.022883,   35.570721,       83.94,
 140.027387,   35.570721,       84.47,
 140.031892,   35.570721,       84.98,
 140.036396,   35.570721,       85.48,
 140.040901,   35.570721,       85.99,
 140.045405,   35.570721,       86.50,
 140.049910,   35.570721,       86.99,
 140.054414,   35.570721,       87.47,
 140.058919,   35.570721,       87.94,
 140.063423,   35.570721,       88.36,
 140.067928,   35.570721,       88.74,
 140.072432,   35.570721,       89.07,
 140.076937,   35.570721,       89.37,
 140.081441,   35.570721,       89.49,
 140.085946,   35.570721,       89.71,
 140.090450,   35.570721,       90.06,
 140.094955,   35.570721,       91.28,
 140.099459,   35.570721,       92.79,
 140.103964,   35.570721,       94.70,
 140.108468,   35.570721,       95.85,
 140.112973,   35.570721,       94.15,
 140.117477,   35.570721,       92.78,
 140.121982,   35.570721,       91.57,
 140.126486,   35.570721,       90.42,
 140.130991,   35.570721,       89.75,
 140.135495,   35.570721,       89.51,
 140.140000,   35.570721,       89.28,
 140.144505,   35.570721,       89.04,
 140.149009,   35.570721,       88.80,
 140.153514,   35.570721,       88.57,
 140.158018,   35.570721,       88.33,
 140.162523,   35.570721,       88.10,
 140.167027,   35.570721,       87.86,
 140.171532,   35.570721,       87.62,
 140.176036,   35.570721,       87.39,
 140.180541,   35.570721,       87.15,
 140.185045,   35.570721,       86.92,
 140.189550,   35.570721,       86.68,
 140.194054,   35.570721,       86.44,
 140.198559,   35.570721,       86.21,
 140.203063,   35.570721,       85.97,
 140.207568,   35.570721,       85.73,
 140.212072,   35.570721,       85.50,
 140.216577,   35.570721,       85.26,
 140.221081,   35.570721,       85.03,
 140.225586,   35.570721,       84.79,
 140.230090,   35.570721,       84.55,
 140.234595,   35.570721,       84.32,
 140.239099,   35.570721,       84.08,
 140.243604,   35.570721,       83.84,
 140.248108,   35.570721,       83.61,
 140.252613,   35.570721,       83.37,
 140.257117,   35.570721,       83.14,
 140.261622,   35.570721,       82.90,
 140.266126,   35.570721,       82.66,
 140.270631,   35.570721,       82.43,
 140.275135,   35.570721,       82.19,
 140.279640,   35.570721,       81.95,
 140.284144,   35.570721,       81.72,
 140.288649,   35.570721,       81.48,
 140.293153,   35.570721,       81.25,
 140.297658,   35.570721,       81.01,
 140.302162,   35.570721,       80.77,
 140.306667,   35.570721,       80.54,
 140.311171,   35.570721,       80.30,
 140.315676,   35.570721,       80.06,
 140.320180,   35.570721,       79.83,
 140.324685,   35.570721,       79.59,
 140.329189,   35.570721,       79.35,
 140.333694,   35.570721,       79.12,
 140.338198,   35.570721,       78.88,
 140.342703,   35.570721,       78.64,
 140.347207,   35.570721,       78.41,
 140.351712,   35.570721,       78.17,
 140.356216,   35.570721,       77.93,
 140.360721,   35.570721,       77.70,
 140.365225,   35.570721,       77.46,
 140.369730,   35.570721,       77.22,
 140.374234,   35.570721,       76.99,
 140.378739,   35.570721,       76.75,
 140.383243,   35.570721,       76.51,
 140.387748,   35.570721,       76.28,
 139.140000,   35.575225,       13.04,
 139.144505,   35.575225,       13.36,
 139.149009,   35.575225,       13.68,
 139.153514,   35.575225,       14.00,
 139.158018,   35.575225,       14.32,
 139.162523,   35.575225,       14.65,
 139.167027,   35.575225,       14.98,
 139.171532,   35.575225,       15.31,
 139.176036,   35.575225,       15.64,
 139.180541,   35.575225,       15.98,
 139.185045,   35.575225,       16.32,
 139.189550,   35.575225,       16.66,
 139.194054,   35.575225,       17.00,
 139.198559,   35.575225,       17.35,
 139.203063,   35.575225,       17.70,
 139.207568,   35.575225,       18.05,
 139.212072,   35.575225,       18.40,
 139.216577,   35.575225,       18.76,
 139.221081,   35.575225,       19.12,
 139.225586,   35.575225,       19.48,
 139.230090,   35.575225,       19.84,
 139.234595,   35.575225,       20.21,
 139.239099,   35.575225,       20.58,
 139.243604,   35.575225,       20.95,
 139.248108,   35.575225,       21.32,
 139.252613,   35.575225,       21.70,
 139.257117,   35.575225,       22.08,
 139.261622,   35.575225,       22.46,
 139.266126,   35.575225,       22.85,
 139.270631,   35.575225,       23.23,
 139.275135,   35.575225,       23.62,
 139.279640,   35.575225,       24.01,
 139.284144,   35.575225,       24.41,
 139.288649,   35.575225,       24.80,
 139.293153,   35.575225,       25.20,
 139.297658,   35.575225,       25.60,
 139.302162,   35.575225,       26.01,
 139.306667,   35.575225,       26.41,
 139.311171,   35.575225,       26.82,
 139.315676,   35.575225,       27.23,
 139.320180,   35.575225,       27.65,
 139.324685,   35.575225,       28.06,
 139.329189,   35.575225,       28.48,
 139.333694,   35.575225,       28.91,
 139.338198,   35.575225,       29.33,
 139.342703,   35.575225,       29.76,
 139.347207,   35.575225,       30.18,
 139.351712,   35.575225,       30.62,
 139.356216,   35.575225,       31.05,
 139.360721,   35.575225,       31.49,
 139.365225,   35.575225,       31.93,
 139.369730,   35.575225,       32.37,
 139.374234,   35.575225,       32.81,
 139.378739,   35.575225,       33.26,
 139.383243,   35.575225,       33.71,
 139.387748,   35.575225,       34.16,
 139.392252,   35.575225,       34.61,
 139.396757,   35.575225,       35.07,
 139.401261,   35.575225,       35.53,
 139.405766,   35.575225,       35.99,
 139.410270,   35.575225,       36.46,
 139.414775,   35.575225,       36.92,
 139.419279,   35.575225,       37.39,
 139.423784,   35.575225,       37.86,
 139.428288,   35.575225,       38.34,
 139.432793,   35.575225,       38.81,
 139.437297,   35.575225,       39.29,
 139.441802,   35.575225,       39.78,
 139.446306,   35.575225,       40.26,
 139.450811,   35.575225,       40.75,
 139.455315,   35.575225,       41.24,
 139.459820,   35.575225,       41.73,
 139.464324,   35.575225,       42.22,
 139.468829,   35.575225,       42.72,
 139.473333,   35.575225,       43.22,
 139.477838,   35.575225,       43.72,
 139.482342,   35.575225,       44.23,
 139.486847,   35.575225,       44.73,
 139.491351,   35.575225,       45.24,
 139.495856,   35.575225,       45.75,
 139.500360,   35.575225,       46.27,
 139.504865,   35.575225,       46.79,
 139.509369,   35.575225,       47.30,
 139.513874,   35.575225,       47.83,
 139.518378,   35.575225,       48.35,
 139.522883,   35.575225,       48.88,
 139.527387,   35.575225,       49.41,
 139.531892,   35.575225,       49.94,
 139.536396,   35.575225,       50.47,
 139.540901,   35.575225,       51.01,
 139.545405,   35.575225,       51.55,
 139.549910,   35.575225,       52.09,
 139.554414,   35.575225,       52.64,
 139.558919,   35.575225,       53.18,
 139.563423,   35.575225,       53.73,
 139.567928,   35.575225,       54.29,
 139.572432,   35.575225,       54.84,
 139.576937,   35.575225,       55.40,
 139.581441,   35.575225,       55.96,
 139.585946,   35.575225,       56.52,
 139.590450,   35.575225,       57.08,
 139.594955,   35.575225,       57.65,
 139.599459,   35.575225,       58.22,
 139.603964,   35.575225,       58.79,
 139.608468,   35.575225,       59.37,
 139.612973,   35.575225,       59.95,
 139.617477,   35.575225,       60.53,
 139.621982,   35.575225,       61.11,
 139.626486,   35.575225,       61.69,
 139.630991,   35.575225,       62.28,
 139.635495,   35.575225,       62.87,
 139.640000,   35.575225,       63.46,
 139.644505,   35.575225,       64.06,
 139.649009,   35.575225,       64.05,
 139.653514,   35.575225,       64.03,
 139.658018,   35.575225,       64.85,
 139.662523,   35.575225,       65.72,
 139.667027,   35.575225,       66.56,
 139.671532,   35.575225,       67.34,
 139.676036,   35.575225,       67.99,
 139.680541,   35.575225,       68.46,
 139.685045,   35.575225,       68.67,
 139.689550,   35.575225,       68.50,
 139.694054,   35.575225,       67.80,
 139.698559,   35.575225,       66.29,
 139.703063,   35.575225,       63.62,
 139.707568,   35.575225,       59.07,
 139.712072,   35.575225,       51.14,
 139.716577,   35.575225,       36.05,
 139.721081,   35.575225,       15.87,
 139.725586,   35.575225,       -2.01,
 139.730090,   35.575225,      -12.80,
 139.734595,   35.575225,       -7.51,
 139.739099,   35.575225,       28.44,
 139.743604,   35.575225,       82.26,
 139.748108,   35.575225,       82.90,
 139.752613,   35.575225,       82.47,
 139.757117,   35.575225,       81.97,
 139.761622,   35.575225,       81.44,
 139.766126,   35.575225,       81.05,
 139.770631,   35.575225,       80.71,
 139.775135,   35.575225,       80.40,
 139.779640,   35.575225,       80.14,
 139.784144,   35.575225,       79.84,
 139.788649,   35.575225,       79.53,
 139.793153,   35.575225,       79.69,
 139.797658,   35.575225,       79.82,
 139.802162,   35.575225,       79.70,
 139.806667,   35.575225,       79.54,
 139.811171,   35.575225,       79.33,
 139.815676,   35.575225,       79.12,
 139.820180,   35.575225,       78.80,
 139.824685,   35.575225,       78.49,
 139.829189,   35.575225,       78.21,
 139.833694,   35.575225,       77.83,
 139.838198,   35.575225,       77.47,
 139.842703,   35.575225,       77.20,
 139.847207,   35.575225,       76.99,
 139.851712,   35.575225,       76.82,
 139.856216,   35.575225,       76.75,
 139.860721,   35.575225,       76.74,
 139.865225,   35.575225,       76.72,
 139.869730,   35.575225,       76.87,
 139.874234,   35.575225,       77.03,
 139.878739,   35.575225,       77.17,
 139.883243,   35.575225,       77.36,
 139.887748,   35.575225,       77.57,
 139.892252,   35.575225,       77.77,
 139.896757,   35.575225,       77.96,
 139.901261,   35.575225,       78.14,
 139.905766,   35.575225,       78.30,
 139.910270,   35.575225,       78.46,
 139.914775,   35.575225,       78.61,
 139.919279,   35.575225,       78.76,
 139.923784,   35.575225,       78.90,
 139.928288,   35.575225,       79.03,
 139.932793,   35.575225,       79.16,
 139.937297,   35.575225,       79.29,
 139.941802,   35.575225,       79.42,
 139.946306,   35.575225,       79.57,
 139.950811,   35.575225,       79.73,
 139.955315,   35.575225,       79.89,
 139.959820,   35.575225,       80.06,
 139.964324,   35.575225,       80.26,
 139.968829,   35.575225,       80.47,
 139.973333,   35.575225,       80.67,
 139.977838,   35.575225,       80.87,
 139.982342,   35.575225,       81.08,
 139.986847,   35.575225,       81.37,
 139.991351,   35.575225,       81.65,
 139.995856,   35.575225,       81.92,
 140.000360,   35.575225,       82.19,
 140.004865,   35.575225,       82.53,
 140.009369,   35.575225,       82.92,
 140.013874,   35.575225,       83.31,
 140.018378,   35.575225,       83.72,
 140.022883,   35.575225,       84.18,
 140.027387,   35.575225,       84.69,
 140.031892,   35.575225,       85.16,
 140.036396,   35.575225,       85.61,
 140.040901,   35.575225,       86.10,
 140.045405,   35.575225,       86.60,
 140.049910,   35.575225,       87.07,
 140.054414,   35.575225,       87.56,
 140.058919,   35.575225,       88.06,
 140.063423,   35.575225,       88.52,
 140.067928,   35.575225,       88.90,
 140.072432,   35.575225,       89.20,
 140.076937,   35.575225,       89.49,
 140.081441,   35.575225,       89.82,
 140.085946,   35.575225,       90.05,
 140.090450,   35.575225,       90.33,
 140.094955,   35.575225,       91.46,
 140.099459,   35.575225,       92.91,
 140.103964,   35.575225,       94.62,
 140.108468,   35.575225,       96.62,
 140.112973,   35.575225,       94.67,
 140.117477,   35.575225,       93.13,
 140.121982,   35.575225,       91.86,
 140.126486,   35.575225,       90.85,
 140.130991,   35.575225,       90.61,
 140.135495,   35.575225,       90.37,
 140.140000,   35.575225,       90.14,
 140.144505,   35.575225,       89.90,
 140.149009,   35.575225,       89.67,
 140.153514,   35.575225,       89.43,
 140.158018,   35.575225,       89.19,
 140.162523,   35.575225,       88.96,
 140.167027,   35.575225,       88.72,
 140.171532,   35.575225,       88.49,
 140.176036,   35.575225,       88.25,
 140.180541,   35.575225,       88.01,
 140.185045,   35.575225,       87.78,
 140.189550,   35.575225,       87.54,
 140.194054,   35.575225,       87.31,
 140.198559,   35.575225,       87.07,
 140.203063,   35.575225,       86.83,
 140.207568,   35.575225,       86.60,
 140.212072,   35.575225,       86.36,
 140.216577,   35.575225,       86.12,
 140.221081,   35.575225,       85.89,
 140.225586,   35.575225,       85.65,
 140.230090,   35.575225,       85.42,
 140.234595,   35.575225,       85.18,
 140.239099,   35.575225,       84.94,
 140.243604,   35.575225,       84.71,
 140.248108,   35.575225,       84.47,
 140.252613,   35.575225,       84.23,
 140.257117,   35.575225,       84.00,
 140.261622,   35.575225,       83.76,
 140.266126,   35.575225,       83.53,
 140.270631,   35.575225,       83.29,
 140.275135,   35.575225,       83.05,
 140.279640,   35.575225,       82.82,
 140.284144,   35.575225,       82.58,
 140.288649,   35.575225,       82.34,
 140.293153,   35.575225,       82.11,
 140.297658,   35.575225,       81.87,
 140.302162,   35.575225,       81.63,
 140.306667,   35.575225,       81.40,
 140.311171,   35.575225,       81.16,
 140.315676,   35.575225,       80.93,
 140.320180,   35.575225,       80.69,
 140.324685,   35.575225,       80.45,
 140.329189,   35.575225,       80.22,
 140.333694,   35.575225,       79.98,
 140.338198,   35.575225,       79.74,
 140.342703,   35.575225,       79.51,
 140.347207,   35.575225,       79.27,
 140.351712,   35.575225,       79.03,
 140.356216,   35.575225,       78.80,
 140.360721,   35.575225,       78.56,
 140.365225,   35.575225,       78.32,
 140.369730,   35.575225,       78.09,
 140.374234,   35.575225,       77.85,
 140.378739,   35.575225,       77.61,
 140.383243,   35.575225,       77.38,
 140.387748,   35.575225,       77.14,
 139.140000,   35.579730,       13.13,
 139.144505,   35.579730,       13.44,
 139.149009,   35.579730,       13.76,
 139.153514,   35.579730,       14.08,
 139.158018,   35.579730,       14.40,
 139.162523,   35.579730,       14.73,
 139.167027,   35.579730,       15.05,
 139.171532,   35.579730,       15.38,
 139.176036,   35.579730,       15.72,
 139.180541,   35.579730,       16.05,
 139.185045,   35.579730,       16.39,
 139.189550,   35.579730,       16.73,
 139.194054,   35.579730,       17.07,
 139.198559,   35.579730,       17.42,
 139.203063,   35.579730,       17.77,
 139.207568,   35.579730,       18.12,
 139.212072,   35.579730,       18.47,
 139.216577,   35.579730,       18.82,
 139.221081,   35.579730,       19.18,
 139.225586,   35.579730,       19.54,
 139.230090,   35.579730,       19.90,
 139.234595,   35.579730,       20.27,
 139.239099,   35.579730,       20.64,
 139.243604,   35.579730,       21.01,
 139.248108,   35.579730,       21.38,
 139.252613,   35.579730,       21.76,
 139.257117,   35.579730,       22.13,
 139.261622,   35.579730,       22.51,
 139.266126,   35.579730,       22.90,
 139.270631,   35.579730,       23.28,
 139.275135,   35.579730,       23.67,
 139.279640,   35.579730,       24.06,
 139.284144,   35.579730,       24.45,
 139.288649,   35.579730,       24.85,
 139.293153,   35.579730,       25.25,
 139.297658,   35.579730,       25.65,
 139.302162,   35.579730,       26.05,
 139.306667,   35.579730,       26.46,
 139.311171,   35.579730,       26.86,
 139.315676,   35.579730,       27.27,
 139.320180,   35.579730,       27.69,
 139.324685,   35.579730,       28.10,
 139.329189,   35.579730,       28.52,
 139.333694,   35.579730,       28.94,
 139.338198,   35.579730,       29.36,
 139.342703,   35.579730,       29.79,
 139.347207,   35.579730,       30.22,
 139.351712,   35.579730,       30.65,
 139.356216,   35.579730,       31.08,
 139.360721,   35.579730,       31.52,
 139.365225,   35.579730,       31.95,
 139.369730,   35.579730,       32.40,
 139.374234,   35.579730,       32.84,
 139.378739,   35.579730,       33.28,
 139.383243,   35.579730,       33.73,
 139.387748,   35.579730,       34.18,
 139.392252,   35.579730,       34.64,
 139.396757,   35.579730,       35.09,
 139.401261,   35.579730,       35.55,
 139.405766,   35.579730,       36.01,
 139.410270,   35.579730,       36.47,
 139.414775,   35.579730,       36.94,
 139.419279,   35.579730,       37.41,
 139.423784,   35.579730,       37.88,
 139.428288,   35.579730,       38.35,
 139.432793,   35.579730,       38.83,
 139.437297,   35.579730,       39.31,
 139.441802,   35.579730,       39.79,
 139.446306,   35.579730,       40.27,
 139.450811,   35.579730,       40.76,
 139.455315,   35.579730,       41.24,
 139.459820,   35.579730,       41.73,
 139.464324,   35.579730,       42.23,
 139.468829,   35.579730,       42.72,
 139.473333,   35.579730,       43.22,
 139.477838,   35.579730,       43.72,
 139.482342,   35.579730,       44.23,
 139.486847,   35.579730,       44.73,
 139.491351,   35.579730,       45.24,
 139.495856,   35.579730,       45.75,
 139.500360,   35.579730,       46.26,
 139.504865,   35.579730,       46.78,
 139.509369,   35.579730,       47.30,
 139.513874,   35.579730,       47.82,
 139.518378,   35.579730,       48.34,
 139.522883,   35.579730,       48.87,
 139.527387,   35.579730,       49.40,
 139.531892,   35.579730,       49.93,
 139.536396,   35.579730,       50.46,
 139.540901,   35.579730,       51.00,
 139.545405,   35.579730,       51.54,
 139.549910,   35.579730,       52.08,
 139.554414,   35.579730,       52.62,
 139.558919,   35.579730,       53.17,
 139.563423,   35.579730,       53.72,
 139.567928,   35.579730,       54.27,
 139.572432,   35.579730,       54.82,
 139.576937,   35.579730,       55.38,
 139.581441,   35.579730,       55.94,
 139.585946,   35.579730,       56.50,
 139.590450,   35.579730,       57.06,
 139.594955,   35.579730,       57.63,
 139.599459,   35.579730,       58.19,
 139.603964,   35.579730,       58.77,
 139.608468,   35.579730,       59.34,
 139.612973,   35.579730,       59.92,
 139.617477,   35.579730,       60.49,
 139.621982,   35.579730,       61.08,
 139.626486,   35.579730,       61.66,
 139.630991,   35.579730,       62.25,
 139.635495,   35.579730,       62.83,
 139.640000,   35.579730,       63.43,
 139.644505,   35.579730,       64.02,
 139.649009,   35.579730,       64.62,
 139.653514,   35.579730,       65.21,
 139.658018,   35.579730,       64.83,
 139.662523,   35.579730,       65.39,
 139.667027,   35.579730,       66.26,
 139.671532,   35.579730,       67.11,
 139.676036,   35.579730,       67.92,
 139.680541,   35.579730,       68.65,
 139.685045,   35.579730,       69.24,
 139.689550,   35.579730,       69.64,
 139.694054,   35.579730,       69.78,
 139.698559,   35.579730,       69.51,
 139.703063,   35.579730,       68.68,
 139.707568,   35.579730,       67.05,
 139.712072,   35.579730,       64.21,
 139.716577,   35.579730,       59.28,
 139.721081,   35.579730,       50.82,
 139.725586,   35.579730,       45.25,
 139.730090,   35.579730,       48.28,
 139.734595,   35.579730,       64.81,
 139.739099,   35.579730,       80.50,
 139.743604,   35.579730,       81.46,
 139.748108,   35.579730,       82.35,
 139.752613,   35.579730,       82.37,
 139.757117,   35.579730,       81.90,
 139.761622,   35.579730,       81.44,
 139.766126,   35.579730,       81.04,
 139.770631,   35.579730,       80.67,
 139.775135,   35.579730,       80.34,
 139.779640,   35.579730,       80.15,
 139.784144,   35.579730,       80.00,
 139.788649,   35.579730,       79.85,
 139.793153,   35.579730,       79.84,
 139.797658,   35.579730,       79.80,
 139.802162,   35.579730,       79.64,
 139.806667,   35.579730,       79.48,
 139.811171,   35.579730,       79.36,
 139.815676,   35.579730,       79.23,
 139.820180,   35.579730,       79.09,
 139.824685,   35.579730,       78.87,
 139.829189,   35.579730,       78.69,
 139.833694,   35.579730,       78.44,
 139.838198,   35.579730,       78.10,
 139.842703,   35.579730,       77.82,
 139.847207,   35.579730,       77.59,
 139.851712,   35.579730,       77.36,
 139.856216,   35.579730,       77.34,
 139.860721,   35.579730,       77.33,
 139.865225,   35.579730,       77.34,
 139.869730,   35.579730,       77.40,
 139.874234,   35.579730,       77.52,
 139.878739,   35.579730,       77.68,
 139.883243,   35.579730,       77.86,
 139.887748,   35.579730,       78.05,
 139.892252,   35.579730,       78.26,
 139.896757,   35.579730,       78.46,
 139.901261,   35.579730,       78.63,
 139.905766,   35.579730,       78.78,
 139.910270,   35.579730,       78.93,
 139.914775,   35.579730,       79.06,
 139.919279,   35.579730,       79.19,
 139.923784,   35.579730,       79.31,
 139.928288,   35.579730,       79.44,
 139.932793,   35.579730,       79.57,
 139.937297,   35.579730,       79.71,
 139.941802,   35.579730,       79.83,
 139.946306,   35.579730,       79.97,
 139.950811,   35.579730,       80.11,
 139.955315,   35.579730,       80.28,
 139.959820,   35.579730,       80.46,
 139.964324,   35.579730,       80.66,
 139.968829,   35.579730,       80.86,
 139.973333,   35.579730,       81.07,
 139.977838,   35.579730,       81.29,
 139.982342,   35.579730,       81.52,
 139.986847,   35.579730,       81.78,
 139.991351,   35.579730,       82.04,
 139.995856,   35.579730,       82.30,
 140.000360,   35.579730,       82.55,
 140.004865,   35.579730,       82.87,
 140.009369,   35.579730,       83.27,
 140.013874,   35.579730,       83.66,
 140.018378,   35.579730,       84.03,
 140.022883,   35.579730,       84.43,
 140.027387,   35.579730,       84.90,
 140.031892,   35.579730,       85.34,
 140.036396,   35.579730,       85.78,
 140.040901,   35.579730,       86.24,
 140.045405,   35.579730,       86.74,
 140.049910,   35.579730,       87.22,
 140.054414,   35.579730,       87.72,
 140.058919,   35.579730,       88.22,
 140.063423,   35.579730,       88.68,
 140.067928,   35.579730,       89.08,
 140.072432,   35.579730,       89.31,
 140.076937,   35.579730,       89.53,
 140.081441,   35.579730,       89.97,
 140.085946,   35.579730,       90.38,
 140.090450,   35.579730,       90.94,
 140.094955,   35.579730,       91.81,
 140.099459,   35.579730,       93.00,
 140.103964,   35.579730,       94.49,
 140.108468,   35.579730,       96.27,
 140.112973,   35.579730,       95.16,
 140.117477,   35.579730,       93.41,
 140.121982,   35.579730,       92.08,
 140.126486,   35.579730,       91.71,
 140.130991,   35.579730,       91.47,
 140.135495,   35.579730,       91.24,
 140.140000,   35.579730,       91.00,
 140.144505,   35.579730,       90.77,
 140.149009,   35.579730,       90.53,
 140.153514,   35.579730,       90.29,
 140.158018,   35.579730,       90.06,
 140.162523,   35.579730,       89.82,
 140.167027,   35.579730,       89.58,
 140.171532,   35.579730,       89.35,
 140.176036,   35.579730,       89.11,
 140.180541,   35.579730,       88.88,
 140.185045,   35.579730,       88.64,
 140.189550,   35.579730,       88.40,
 140.194054,   35.579730,       88.17,
 140.198559,   35.579730,       87.93,
 140.203063,   35.579730,       87.70,
 140.207568,   35.579730,       87.46,
 140.212072,   35.579730,       87.22,
 140.216577,   35.579730,       86.99,
 140.221081,   35.579730,       86.75,
 140.225586,   35.579730,       86.52,
 140.230090,   35.579730,       86.28,
 140.234595,   35.579730,       86.04,
 140.239099,   35.579730,       85.81,
 140.243604,   35.579730,       85.57,
 140.248108,   35.579730,       85.33,
 140.252613,   35.579730,       85.10,
 140.257117,   35.579730,       84.86,
 140.261622,   35.579730,       84.62,
 140.266126,   35.579730,       84.39,
 140.270631,   35.579730,       84.15,
 140.275135,   35.579730,       83.92,
 140.279640,   35.579730,       83.68,
 140.284144,   35.579730,       83.44,
 140.288649,   35.579730,       83.21,
 140.293153,   35.579730,       82.97,
 140.297658,   35.579730,       82.73,
 140.302162,   35.579730,       82.50,
 140.306667,   35.579730,       82.26,
 140.311171,   35.579730,       82.02,
 140.315676,   35.579730,       81.79,
 140.320180,   35.579730,       81.55,
 140.324685,   35.579730,       81.32,
 140.329189,   35.579730,       81.08,
 140.333694,   35.579730,       80.84,
 140.338198,   35.579730,       80.61,
 140.342703,   35.579730,       80.37,
 140.347207,   35.579730,       80.13,
 140.351712,   35.579730,       79.90,
 140.356216,   35.579730,       79.66,
 140.360721,   35.579730,       79.42,
 140.365225,   35.579730,       79.19,
 140.369730,   35.579730,       78.95,
 140.374234,   35.579730,       78.71,
 140.378739,   35.579730,       78.48,
 140.383243,   35.579730,       78.24,
 140.387748,   35.579730,       78.00,
 139.140000,   35.584234,       13.20,
 139.144505,   35.584234,       13.52,
 139.149009,   35.584234,       13.83,
 139.153514,   35.584234,       14.15,
 139.158018,   35.584234,       14.48,
 139.162523,   35.584234,       14.80,
 139.167027,   35.584234,       15.13,
 139.171532,   35.584234,       15.46,
 139.176036,   35.584234,       15.79,
 139.180541,   35.584234,       16.12,
 139.185045,   35.584234,       16.46,
 139.189550,   35.584234,       16.80,
 139.194054,   35.584234,       17.14,
 139.198559,   35.584234,       17.48,
 139.203063,   35.584234,       17.83,
 139.207568,   35.584234,       18.18,
 139.212072,   35.584234,       18.53,
 139.216577,   35.584234,       18.88,
 139.221081,   35.584234,       19.24,
 139.225586,   35.584234,       19.60,
 139.230090,   35.584234,       19.96,
 139.234595,   35.584234,       20.33,
 139.239099,   35.584234,       20.69,
 139.243604,   35.584234,       21.06,
 139.248108,   35.584234,       21.43,
 139.252613,   35.584234,       21.81,
 139.257117,   35.584234,       22.18,
 139.261622,   35.584234,       22.56,
 139.266126,   35.584234,       22.95,
 139.270631,   35.584234,       23.33,
 139.275135,   35.584234,       23.72,
 139.279640,   35.584234,       24.11,
 139.284144,   35.584234,       24.50,
 139.288649,   35.584234,       24.89,
 139.293153,   35.584234,       25.29,
 139.297658,   35.584234,       25.69,
 139.302162,   35.584234,       26.09,
 139.306667,   35.584234,       26.49,
 139.311171,   35.584234,       26.90,
 139.315676,   35.584234,       27.31,
 139.320180,   35.584234,       27.72,
 139.324685,   35.584234,       28.14,
 139.329189,   35.584234,       28.55,
 139.333694,   35.584234,       28.97,
 139.338198,   35.584234,       29.40,
 139.342703,   35.584234,       29.82,
 139.347207,   35.584234,       30.25,
 139.351712,   35.584234,       30.68,
 139.356216,   35.584234,       31.11,
 139.360721,   35.584234,       31.54,
 139.365225,   35.584234,       31.98,
 139.369730,   35.584234,       32.42,
 139.374234,   35.584234,       32.86,
 139.378739,   35.584234,       33.31,
 139.383243,   35.584234,       33.75,
 139.387748,   35.584234,       34.20,
 139.392252,   35.584234,       34.65,
 139.396757,   35.584234,       35.11,
 139.401261,   35.584234,       35.57,
 139.405766,   35.584234,       36.03,
 139.410270,   35.584234,       36.49,
 139.414775,   35.584234,       36.95,
 139.419279,   35.584234,       37.42,
 139.423784,   35.584234,       37.89,
 139.428288,   35.584234,       38.36,
 139.432793,   35.584234,       38.84,
 139.437297,   35.584234,       39.31,
 139.441802,   35.584234,       39.79,
 139.446306,   35.584234,       40.28,
 139.450811,   35.584234,       40.76,
 139.455315,   35.584234,       41.25,
 139.459820,   35.584234,       41.74,
 139.464324,   35.584234,       42.23,
 139.468829,   35.584234,       42.72,
 139.473333,   35.584234,       43.22,
 139.477838,   35.584234,       43.72,
 139.482342,   35.584234,       44.22,
 139.486847,   35.584234,       44.73,
 139.491351,   35.584234,       45.24,
 139.495856,   35.584234,       45.75,
 139.500360,   35.584234,       46.26,
 139.504865,   35.584234,       46.77,
 139.509369,   35.584234,       47.29,
 139.513874,   35.584234,       47.81,
 139.518378,   35.584234,       48.33,
 139.522883,   35.584234,       48.86,
 139.527387,   35.584234,       49.39,
 139.531892,   35.584234,       49.92,
 139.536396,   35.584234,       50.45,
 139.540901,   35.584234,       50.98,
 139.545405,   35.584234,       51.52,
 139.549910,   35.584234,       52.06,
 139.554414,   35.584234,       52.60,
 139.558919,   35.584234,       53.15,
 139.563423,   35.584234,       53.69,
 139.567928,   35.584234,       54.25,
 139.572432,   35.584234,       54.80,
 139.576937,   35.584234,       55.35,
 139.581441,   35.584234,       55.91,
 139.585946,   35.584234,       56.47,
 139.590450,   35.584234,       57.03,
 139.594955,   35.584234,       57.60,
 139.599459,   35.584234,       58.17,
 139.603964,   35.584234,       58.74,
 139.608468,   35.584234,       59.31,
 139.612973,   35.584234,       59.88,
 139.617477,   35.584234,       60.46,
 139.621982,   35.584234,       61.04,
 139.626486,   35.584234,       61.62,
 139.630991,   35.584234,       62.21,
 139.635495,   35.584234,       62.80,
 139.640000,   35.584234,       63.39,
 139.644505,   35.584234,       63.98,
 139.649009,   35.584234,       64.57,
 139.653514,   35.584234,       65.17,
 139.658018,   35.584234,       65.77,
 139.662523,   35.584234,       65.82,
 139.667027,   35.584234,       65.94,
 139.671532,   35.584234,       66.80,
 139.676036,   35.584234,       67.68,
 139.680541,   35.584234,       68.54,
 139.685045,   35.584234,       69.36,
 139.689550,   35.584234,       70.12,
 139.694054,   35.584234,       70.79,
 139.698559,   35.584234,       71.36,
 139.703063,   35.584234,       71.75,
 139.707568,   35.584234,       71.93,
 139.712072,   35.584234,       71.89,
 139.716577,   35.584234,       71.71,
 139.721081,   35.584234,       71.44,
 139.725586,   35.584234,       72.42,
 139.730090,   35.584234,       77.41,
 139.734595,   35.584234,       78.90,
 139.739099,   35.584234,       79.72,
 139.743604,   35.584234,       80.64,
 139.748108,   35.584234,       81.51,
 139.752613,   35.584234,       82.07,
 139.757117,   35.584234,       81.67,
 139.761622,   35.584234,       81.29,
 139.766126,   35.584234,       80.94,
 139.770631,   35.584234,       80.60,
 139.775135,   35.584234,       80.29,
 139.779640,   35.584234,       80.25,
 139.784144,   35.584234,       80.17,
 139.788649,   35.584234,       80.02,
 139.793153,   35.584234,       79.90,
 139.797658,   35.584234,       79.77,
 139.802162,   35.584234,       79.69,
 139.806667,   35.584234,       79.61,
 139.811171,   35.584234,       79.49,
 139.815676,   35.584234,       79.37,
 139.820180,   35.584234,       79.31,
 139.824685,   35.584234,       79.23,
 139.829189,   35.584234,       79.12,
 139.833694,   35.584234,       79.02,
 139.838198,   35.584234,       78.75,
 139.842703,   35.584234,       78.47,
 139.847207,   35.584234,       78.26,
 139.851712,   35.584234,       78.08,
 139.856216,   35.584234,       78.01,
 139.860721,   35.584234,       77.98,
 139.865225,   35.584234,       77.99,
 139.869730,   35.584234,       78.03,
 139.874234,   35.584234,       78.04,
 139.878739,   35.584234,       78.23,
 139.883243,   35.584234,       78.40,
 139.887748,   35.584234,       78.57,
 139.892252,   35.584234,       78.79,
 139.896757,   35.584234,       78.98,
 139.901261,   35.584234,       79.15,
 139.905766,   35.584234,       79.30,
 139.910270,   35.584234,       79.45,
 139.914775,   35.584234,       79.57,
 139.919279,   35.584234,       79.67,
 139.923784,   35.584234,       79.76,
 139.928288,   35.584234,       79.87,
 139.932793,   35.584234,       80.01,
 139.937297,   35.584234,       80.14,
 139.941802,   35.584234,       80.27,
 139.946306,   35.584234,       80.39,
 139.950811,   35.584234,       80.51,
 139.955315,   35.584234,       80.67,
 139.959820,   35.584234,       80.87,
 139.964324,   35.584234,       81.07,
 139.968829,   35.584234,       81.27,
 139.973333,   35.584234,       81.49,
 139.977838,   35.584234,       81.72,
 139.982342,   35.584234,       81.97,
 139.986847,   35.584234,       82.21,
 139.991351,   35.584234,       82.47,
 139.995856,   35.584234,       82.74,
 140.000360,   35.584234,       83.01,
 140.004865,   35.584234,       83.30,
 140.009369,   35.584234,       83.66,
 140.013874,   35.584234,       84.04,
 140.018378,   35.584234,       84.40,
 140.022883,   35.584234,       84.77,
 140.027387,   35.584234,       85.15,
 140.031892,   35.584234,       85.56,
 140.036396,   35.584234,       85.99,
 140.040901,   35.584234,       86.46,
 140.045405,   35.584234,       86.94,
 140.049910,   35.584234,       87.43,
 140.054414,   35.584234,       87.92,
 140.058919,   35.584234,       88.41,
 140.063423,   35.584234,       88.87,
 140.067928,   35.584234,       89.30,
 140.072432,   35.584234,       89.56,
 140.076937,   35.584234,       89.67,
 140.081441,   35.584234,       90.19,
 140.085946,   35.584234,       90.92,
 140.090450,   35.584234,       91.57,
 140.094955,   35.584234,       92.20,
 140.099459,   35.584234,       93.02,
 140.103964,   35.584234,       94.04,
 140.108468,   35.584234,       95.25,
 140.112973,   35.584234,       95.48,
 140.117477,   35.584234,       93.59,
 140.121982,   35.584234,       92.81,
 140.126486,   35.584234,       92.57,
 140.130991,   35.584234,       92.34,
 140.135495,   35.584234,       92.10,
 140.140000,   35.584234,       91.86,
 140.144505,   35.584234,       91.63,
 140.149009,   35.584234,       91.39,
 140.153514,   35.584234,       91.16,
 140.158018,   35.584234,       90.92,
 140.162523,   35.584234,       90.68,
 140.167027,   35.584234,       90.45,
 140.171532,   35.584234,       90.21,
 140.176036,   35.584234,       89.98,
 140.180541,   35.584234,       89.74,
 140.185045,   35.584234,       89.50,
 140.189550,   35.584234,       89.27,
 140.194054,   35.584234,       89.03,
 140.198559,   35.584234,       88.79,
 140.203063,   35.584234,       88.56,
 140.207568,   35.584234,       88.32,
 140.212072,   35.584234,       88.09,
 140.216577,   35.584234,       87.85,
 140.221081,   35.584234,       87.61,
 140.225586,   35.584234,       87.38,
 140.230090,   35.584234,       87.14,
 140.234595,   35.584234,       86.91,
 140.239099,   35.584234,       86.67,
 140.243604,   35.584234,       86.43,
 140.248108,   35.584234,       86.20,
 140.252613,   35.584234,       85.96,
 140.257117,   35.584234,       85.72,
 140.261622,   35.584234,       85.49,
 140.266126,   35.584234,       85.25,
 140.270631,   35.584234,       85.01,
 140.275135,   35.584234,       84.78,
 140.279640,   35.584234,       84.54,
 140.284144,   35.584234,       84.31,
 140.288649,   35.584234,       84.07,
 140.293153,   35.584234,       83.83,
 140.297658,   35.584234,       83.60,
 140.302162,   35.584234,       83.36,
 140.306667,   35.584234,       83.12,
 140.311171,   35.584234,       82.89,
 140.315676,   35.584234,       82.65,
 140.320180,   35.584234,       82.41,
 140.324685,   35.584234,       82.18,
 140.329189,   35.584234,       81.94,
 140.333694,   35.584234,       81.70,
 140.338198,   35.584234,       81.47,
 140.342703,   35.584234,       81.23,
 140.347207,   35.584234,       81.00,
 140.351712,   35.584234,       80.76,
 140.356216,   35.584234,       80.52,
 140.360721,   35.584234,       80.29,
 140.365225,   35.584234,       80.05,
 140.369730,   35.584234,       79.81,
 140.374234,   35.584234,       79.58,
 140.378739,   35.584234,       79.34,
 140.383243,   35.584234,       79.10,
 140.387748,   35.584234,       78.87,
 139.140000,   35.588739,       13.28,
 139.144505,   35.588739,       13.59,
 139.149009,   35.588739,       13.91,
 139.153514,   35.588739,       14.23,
 139.158018,   35.588739,       14.55,
 139.162523,   35.588739,       14.87,
 139.167027,   35.588739,       15.20,
 139.171532,   35.588739,       15.52,
 139.176036,   35.588739,       15.85,
 139.180541,   35.588739,       16.19,
 139.185045,   35.588739,       16.52,
 139.189550,   35.588739,       16.86,
 139.194054,   35.588739,       17.20,
 139.198559,   35.588739,       17.54,
 139.203063,   35.588739,       17.89,
 139.207568,   35.588739,       18.24,
 139.212072,   35.588739,       18.59,
 139.216577,   35.588739,       18.94,
 139.221081,   35.588739,       19.30,
 139.225586,   35.588739,       19.66,
 139.230090,   35.588739,       20.02,
 139.234595,   35.588739,       20.38,
 139.239099,   35.588739,       20.75,
 139.243604,   35.588739,       21.11,
 139.248108,   35.588739,       21.48,
 139.252613,   35.588739,       21.86,
 139.257117,   35.588739,       22.23,
 139.261622,   35.588739,       22.61,
 139.266126,   35.588739,       22.99,
 139.270631,   35.588739,       23.38,
 139.275135,   35.588739,       23.76,
 139.279640,   35.588739,       24.15,
 139.284144,   35.588739,       24.54,
 139.288649,   35.588739,       24.93,
 139.293153,   35.588739,       25.33,
 139.297658,   35.588739,       25.73,
 139.302162,   35.588739,       26.13,
 139.306667,   35.588739,       26.53,
 139.311171,   35.588739,       26.94,
 139.315676,   35.588739,       27.35,
 139.320180,   35.588739,       27.76,
 139.324685,   35.588739,       28.17,
 139.329189,   35.588739,       28.59,
 139.333694,   35.588739,       29.00,
 139.338198,   35.588739,       29.42,
 139.342703,   35.588739,       29.85,
 139.347207,   35.588739,       30.27,
 139.351712,   35.588739,       30.70,
 139.356216,   35.588739,       31.13,
 139.360721,   35.588739,       31.57,
 139.365225,   35.588739,       32.00,
 139.369730,   35.588739,       32.44,
 139.374234,   35.588739,       32.88,
 139.378739,   35.588739,       33.33,
 139.383243,   35.588739,       33.77,
 139.387748,   35.588739,       34.22,
 139.392252,   35.588739,       34.67,
 139.396757,   35.588739,       35.13,
 139.401261,   35.588739,       35.58,
 139.405766,   35.588739,       36.04,
 139.410270,   35.588739,       36.50,
 139.414775,   35.588739,       36.96,
 139.419279,   35.588739,       37.43,
 139.423784,   35.588739,       37.90,
 139.428288,   35.588739,       38.37,
 139.432793,   35.588739,       38.84,
 139.437297,   35.588739,       39.32,
 139.441802,   35.588739,       39.80,
 139.446306,   35.588739,       40.28,
 139.450811,   35.588739,       40.76,
 139.455315,   35.588739,       41.25,
 139.459820,   35.588739,       41.74,
 139.464324,   35.588739,       42.23,
 139.468829,   35.588739,       42.72,
 139.473333,   35.588739,       43.22,
 139.477838,   35.588739,       43.72,
 139.482342,   35.588739,       44.22,
 139.486847,   35.588739,       44.72,
 139.491351,   35.588739,       45.23,
 139.495856,   35.588739,       45.74,
 139.500360,   35.588739,       46.25,
 139.504865,   35.588739,       46.76,
 139.509369,   35.588739,       47.28,
 139.513874,   35.588739,       47.80,
 139.518378,   35.588739,       48.32,
 139.522883,   35.588739,       48.84,
 139.527387,   35.588739,       49.37,
 139.531892,   35.588739,       49.90,
 139.536396,   35.588739,       50.43,
 139.540901,   35.588739,       50.96,
 139.545405,   35.588739,       51.50,
 139.549910,   35.588739,       52.04,
 139.554414,   35.588739,       52.58,
 139.558919,   35.588739,       53.13,
 139.563423,   35.588739,       53.67,
 139.567928,   35.588739,       54.22,
 139.572432,   35.588739,       54.77,
 139.576937,   35.588739,       55.33,
 139.581441,   35.588739,       55.88,
 139.585946,   35.588739,       56.44,
 139.590450,   35.588739,       57.00,
 139.594955,   35.588739,       57.57,
 139.599459,   35.588739,       58.13,
 139.603964,   35.588739,       58.70,
 139.608468,   35.588739,       59.27,
 139.612973,   35.588739,       59.85,
 139.617477,   35.588739,       60.42,
 139.621982,   35.588739,       61.00,
 139.626486,   35.588739,       61.59,
 139.630991,   35.588739,       62.17,
 139.635495,   35.588739,       62.76,
 139.640000,   35.588739,       63.35,
 139.644505,   35.588739,       63.94,
 139.649009,   35.588739,       64.53,
 139.653514,   35.588739,       65.13,
 139.658018,   35.588739,       65.73,
 139.662523,   35.588739,       66.33,
 139.667027,   35.588739,       66.93,
 139.671532,   35.588739,       66.64,
 139.676036,   35.588739,       67.33,
 139.680541,   35.588739,       68.23,
 139.685045,   35.588739,       69.14,
 139.689550,   35.588739,       70.07,
 139.694054,   35.588739,       71.01,
 139.698559,   35.588739,       71.97,
 139.703063,   35.588739,       72.99,
 139.707568,   35.588739,       74.05,
 139.712072,   35.588739,       75.20,
 139.716577,   35.588739,       76.54,
 139.721081,   35.588739,       78.03,
 139.725586,   35.588739,       78.55,
 139.730090,   35.588739,       78.45,
 139.734595,   35.588739,       78.47,
 139.739099,   35.588739,       78.90,
 139.743604,   35.588739,       79.81,
 139.748108,   35.588739,       80.68,
 139.752613,   35.588739,       81.43,
 139.757117,   35.588739,       81.31,
 139.761622,   35.588739,       81.00,
 139.766126,   35.588739,       80.72,
 139.770631,   35.588739,       80.46,
 139.775135,   35.588739,       80.24,
 139.779640,   35.588739,       80.31,
 139.784144,   35.588739,       80.28,
 139.788649,   35.588739,       80.11,
 139.793153,   35.588739,       79.97,
 139.797658,   35.588739,       79.84,
 139.802162,   35.588739,       79.80,
 139.806667,   35.588739,       79.78,
 139.811171,   35.588739,       79.63,
 139.815676,   35.588739,       79.54,
 139.820180,   35.588739,       79.50,
 139.824685,   35.588739,       79.53,
 139.829189,   35.588739,       79.50,
 139.833694,   35.588739,       79.49,
 139.838198,   35.588739,       79.37,
 139.842703,   35.588739,       79.13,
 139.847207,   35.588739,       78.96,
 139.851712,   35.588739,       78.79,
 139.856216,   35.588739,       78.75,
 139.860721,   35.588739,       78.71,
 139.865225,   35.588739,       78.72,
 139.869730,   35.588739,       78.76,
 139.874234,   35.588739,       78.81,
 139.878739,   35.588739,       78.87,
 139.883243,   35.588739,       79.03,
 139.887748,   35.588739,       79.24,
 139.892252,   35.588739,       79.43,
 139.896757,   35.588739,       79.59,
 139.901261,   35.588739,       79.75,
 139.905766,   35.588739,       79.87,
 139.910270,   35.588739,       79.98,
 139.914775,   35.588739,       80.09,
 139.919279,   35.588739,       80.19,
 139.923784,   35.588739,       80.28,
 139.928288,   35.588739,       80.38,
 139.932793,   35.588739,       80.48,
 139.937297,   35.588739,       80.59,
 139.941802,   35.588739,       80.71,
 139.946306,   35.588739,       80.84,
 139.950811,   35.588739,       80.97,
 139.955315,   35.588739,       81.13,
 139.959820,   35.588739,       81.32,
 139.964324,   35.588739,       81.51,
 139.968829,   35.588739,       81.70,
 139.973333,   35.588739,       81.95,
 139.977838,   35.588739,       82.19,
 139.982342,   35.588739,       82.42,
 139.986847,   35.588739,       82.66,
 139.991351,   35.588739,       82.92,
 139.995856,   35.588739,       83.19,
 140.000360,   35.588739,       83.47,
 140.004865,   35.588739,       83.75,
 140.009369,   35.588739,       84.08,
 140.013874,   35.588739,       84.44,
 140.018378,   35.588739,       84.81,
 140.022883,   35.588739,       85.17,
 140.027387,   35.588739,       85.52,
 140.031892,   35.588739,       85.86,
 140.036396,   35.588739,       86.23,
 140.040901,   35.588739,       86.73,
 140.045405,   35.588739,       87.19,
 140.049910,   35.588739,       87.65,
 140.054414,   35.588739,       88.12,
 140.058919,   35.588739,       88.60,
 140.063423,   35.588739,       89.08,
 140.067928,   35.588739,       89.54,
 140.072432,   35.588739,       89.95,
 140.076937,   35.588739,       90.19,
 140.081441,   35.588739,       90.80,
 140.085946,   35.588739,       91.61,
 140.090450,   35.588739,       92.31,
 140.094955,   35.588739,       92.78,
 140.099459,   35.588739,       93.24,
 140.103964,   35.588739,       93.72,
 140.108468,   35.588739,       94.66,
 140.112973,   35.588739,       95.24,
 140.117477,   35.588739,       93.91,
 140.121982,   35.588739,       93.67,
 140.126486,   35.588739,       93.43,
 140.130991,   35.588739,       93.20,
 140.135495,   35.588739,       92.96,
 140.140000,   35.588739,       92.73,
 140.144505,   35.588739,       92.49,
 140.149009,   35.588739,       92.25,
 140.153514,   35.588739,       92.02,
 140.158018,   35.588739,       91.78,
 140.162523,   35.588739,       91.55,
 140.167027,   35.588739,       91.31,
 140.171532,   35.588739,       91.07,
 140.176036,   35.588739,       90.84,
 140.180541,   35.588739,       90.60,
 140.185045,   35.588739,       90.37,
 140.189550,   35.588739,       90.13,
 140.194054,   35.588739,       89.89,
 140.198559,   35.588739,       89.66,
 140.203063,   35.588739,       89.42,
 140.207568,   35.588739,       89.19,
 140.212072,   35.588739,       88.95,
 140.216577,   35.588739,       88.71,
 140.221081,   35.588739,       88.48,
 140.225586,   35.588739,       88.24,
 140.230090,   35.588739,       88.00,
 140.234595,   35.588739,       87.77,
 140.239099,   35.588739,       87.53,
 140.243604,   35.588739,       87.30,
 140.248108,   35.588739,       87.06,
 140.252613,   35.588739,       86.82,
 140.257117,   35.588739,       86.59,
 140.261622,   35.588739,       86.35,
 140.266126,   35.588739,       86.11,
 140.270631,   35.588739,       85.88,
 140.275135,   35.588739,       85.64,
 140.279640,   35.588739,       85.40,
 140.284144,   35.588739,       85.17,
 140.288649,   35.588739,       84.93,
 140.293153,   35.588739,       84.70,
 140.297658,   35.588739,       84.46,
 140.302162,   35.588739,       84.22,
 140.306667,   35.588739,       83.99,
 140.311171,   35.588739,       83.75,
 140.315676,   35.588739,       83.51,
 140.320180,   35.588739,       83.28,
 140.324685,   35.588739,       83.04,
 140.329189,   35.588739,       82.80,
 140.333694,   35.588739,       82.57,
 140.338198,   35.588739,       82.33,
 140.342703,   35.588739,       82.09,
 140.347207,   35.588739,       81.86,
 140.351712,   35.588739,       81.62,
 140.356216,   35.588739,       81.38,
 140.360721,   35.588739,       81.15,
 140.365225,   35.588739,       80.91,
 140.369730,   35.588739,       80.68,
 140.374234,   35.588739,       80.44,
 140.378739,   35.588739,       80.20,
 140.383243,   35.588739,       79.97,
 140.387748,   35.588739,       79.73,
 139.140000,   35.593243,       13.35,
 139.144505,   35.593243,       13.67,
 139.149009,   35.593243,       13.98,
 139.153514,   35.593243,       14.30,
 139.158018,   35.593243,       14.62,
 139.162523,   35.593243,       14.94,
 139.167027,   35.593243,       15.26,
 139.171532,   35.593243,       15.59,
 139.176036,   35.593243,       15.92,
 139.180541,   35.593243,       16.25,
 139.185045,   35.593243,       16.59,
 139.189550,   35.593243,       16.92,
 139.194054,   35.593243,       17.26,
 139.198559,   35.593243,       17.60,
 139.203063,   35.593243,       17.95,
 139.207568,   35.593243,       18.30,
 139.212072,   35.593243,       18.65,
 139.216577,   35.593243,       19.00,
 139.221081,   35.593243,       19.35,
 139.225586,   35.593243,       19.71,
 139.230090,   35.593243,       20.07,
 139.234595,   35.593243,       20.43,
 139.239099,   35.593243,       20.80,
 139.243604,   35.593243,       21.16,
 139.248108,   35.593243,       21.53,
 139.252613,   35.593243,       21.90,
 139.257117,   35.593243,       22.28,
 139.261622,   35.593243,       22.66,
 139.266126,   35.593243,       23.04,
 139.270631,   35.593243,       23.42,
 139.275135,   35.593243,       23.80,
 139.279640,   35.593243,       24.19,
 139.284144,   35.593243,       24.58,
 139.288649,   35.593243,       24.97,
 139.293153,   35.593243,       25.37,
 139.297658,   35.593243,       25.76,
 139.302162,   35.593243,       26.16,
 139.306667,   35.593243,       26.57,
 139.311171,   35.593243,       26.97,
 139.315676,   35.593243,       27.38,
 139.320180,   35.593243,       27.79,
 139.324685,   35.593243,       28.20,
 139.329189,   35.593243,       28.61,
 139.333694,   35.593243,       29.03,
 139.338198,   35.593243,       29.45,
 139.342703,   35.593243,       29.87,
 139.347207,   35.593243,       30.30,
 139.351712,   35.593243,       30.73,
 139.356216,   35.593243,       31.16,
 139.360721,   35.593243,       31.59,
 139.365225,   35.593243,       32.02,
 139.369730,   35.593243,       32.46,
 139.374234,   35.593243,       32.90,
 139.378739,   35.593243,       33.34,
 139.383243,   35.593243,       33.79,
 139.387748,   35.593243,       34.24,
 139.392252,   35.593243,       34.69,
 139.396757,   35.593243,       35.14,
 139.401261,   35.593243,       35.59,
 139.405766,   35.593243,       36.05,
 139.410270,   35.593243,       36.51,
 139.414775,   35.593243,       36.97,
 139.419279,   35.593243,       37.44,
 139.423784,   35.593243,       37.91,
 139.428288,   35.593243,       38.38,
 139.432793,   35.593243,       38.85,
 139.437297,   35.593243,       39.32,
 139.441802,   35.593243,       39.80,
 139.446306,   35.593243,       40.28,
 139.450811,   35.593243,       40.76,
 139.455315,   35.593243,       41.25,
 139.459820,   35.593243,       41.74,
 139.464324,   35.593243,       42.23,
 139.468829,   35.593243,       42.72,
 139.473333,   35.593243,       43.21,
 139.477838,   35.593243,       43.71,
 139.482342,   35.593243,       44.21,
 139.486847,   35.593243,       44.72,
 139.491351,   35.593243,       45.22,
 139.495856,   35.593243,       45.73,
 139.500360,   35.593243,       46.24,
 139.504865,   35.593243,       46.75,
 139.509369,   35.593243,       47.27,
 139.513874,   35.593243,       47.78,
 139.518378,   35.593243,       48.30,
 139.522883,   35.593243,       48.83,
 139.527387,   35.593243,       49.35,
 139.531892,   35.593243,       49.88,
 139.536396,   35.593243,       50.41,
 139.540901,   35.593243,       50.94,
 139.545405,   35.593243,       51.48,
 139.549910,   35.593243,       52.02,
 139.554414,   35.593243,       52.56,
 139.558919,   35.593243,       53.10,
 139.563423,   35.593243,       53.65,
 139.567928,   35.593243,       54.19,
 139.572432,   35.593243,       54.74,
 139.576937,   35.593243,       55.30,
 139.581441,   35.593243,       55.85,
 139.585946,   35.593243,       56.41,
 139.590450,   35.593243,       56.97,
 139.594955,   35.593243,       57.53,
 139.599459,   35.593243,       58.10,
 139.603964,   35.593243,       58.67,
 139.608468,   35.593243,       59.24,
 139.612973,   35.593243,       59.81,
 139.617477,   35.593243,       60.39,
 139.621982,   35.593243,       60.96,
 139.626486,   35.593243,       61.54,
 139.630991,   35.593243,       62.13,
 139.635495,   35.593243,       62.71,
 139.640000,   35.593243,       63.30,
 139.644505,   35.593243,       63.89,
 139.649009,   35.593243,       64.48,
 139.653514,   35.593243,       65.08,
 139.658018,   35.593243,       65.68,
 139.662523,   35.593243,       66.28,
 139.667027,   35.593243,       66.88,
 139.671532,   35.593243,       67.49,
 139.676036,   35.593243,       67.58,
 139.680541,   35.593243,       67.86,
 139.685045,   35.593243,       68.75,
 139.689550,   35.593243,       69.68,
 139.694054,   35.593243,       70.66,
 139.698559,   35.593243,       71.69,
 139.703063,   35.593243,       72.80,
 139.707568,   35.593243,       74.00,
 139.712072,   35.593243,       75.22,
 139.716577,   35.593243,       76.41,
 139.721081,   35.593243,       77.52,
 139.725586,   35.593243,       78.36,
 139.730090,   35.593243,       78.38,
 139.734595,   35.593243,       78.23,
 139.739099,   35.593243,       78.24,
 139.743604,   35.593243,       78.98,
 139.748108,   35.593243,       79.85,
 139.752613,   35.593243,       80.68,
 139.757117,   35.593243,       80.95,
 139.761622,   35.593243,       80.63,
 139.766126,   35.593243,       80.41,
 139.770631,   35.593243,       80.22,
 139.775135,   35.593243,       80.15,
 139.779640,   35.593243,       80.24,
 139.784144,   35.593243,       80.22,
 139.788649,   35.593243,       80.10,
 139.793153,   35.593243,       80.00,
 139.797658,   35.593243,       79.90,
 139.802162,   35.593243,       79.83,
 139.806667,   35.593243,       79.75,
 139.811171,   35.593243,       79.66,
 139.815676,   35.593243,       79.60,
 139.820180,   35.593243,       79.59,
 139.824685,   35.593243,       79.65,
 139.829189,   35.593243,       79.81,
 139.833694,   35.593243,       79.87,
 139.838198,   35.593243,       79.86,
 139.842703,   35.593243,       79.78,
 139.847207,   35.593243,       79.65,
 139.851712,   35.593243,       79.54,
 139.856216,   35.593243,       79.52,
 139.860721,   35.593243,       79.51,
 139.865225,   35.593243,       79.53,
 139.869730,   35.593243,       79.55,
 139.874234,   35.593243,       79.60,
 139.878739,   35.593243,       79.67,
 139.883243,   35.593243,       79.79,
 139.887748,   35.593243,       79.96,
 139.892252,   35.593243,       80.14,
 139.896757,   35.593243,       80.31,
 139.901261,   35.593243,       80.44,
 139.905766,   35.593243,       80.54,
 139.910270,   35.593243,       80.63,
 139.914775,   35.593243,       80.69,
 139.919279,   35.593243,       80.75,
 139.923784,   35.593243,       80.81,
 139.928288,   35.593243,       80.91,
 139.932793,   35.593243,       81.00,
 139.937297,   35.593243,       81.09,
 139.941802,   35.593243,       81.19,
 139.946306,   35.593243,       81.33,
 139.950811,   35.593243,       81.47,
 139.955315,   35.593243,       81.61,
 139.959820,   35.593243,       81.81,
 139.964324,   35.593243,       82.01,
 139.968829,   35.593243,       82.22,
 139.973333,   35.593243,       82.44,
 139.977838,   35.593243,       82.67,
 139.982342,   35.593243,       82.90,
 139.986847,   35.593243,       83.11,
 139.991351,   35.593243,       83.38,
 139.995856,   35.593243,       83.68,
 140.000360,   35.593243,       83.96,
 140.004865,   35.593243,       84.23,
 140.009369,   35.593243,       84.50,
 140.013874,   35.593243,       84.87,
 140.018378,   35.593243,       85.24,
 140.022883,   35.593243,       85.59,
 140.027387,   35.593243,       85.93,
 140.031892,   35.593243,       86.28,
 140.036396,   35.593243,       86.63,
 140.040901,   35.593243,       87.06,
 140.045405,   35.593243,       87.51,
 140.049910,   35.593243,       87.93,
 140.054414,   35.593243,       88.36,
 140.058919,   35.593243,       88.81,
 140.063423,   35.593243,       89.30,
 140.067928,   35.593243,       89.78,
 140.072432,   35.593243,       90.26,
 140.076937,   35.593243,       90.79,
 140.081441,   35.593243,       91.38,
 140.085946,   35.593243,       92.23,
 140.090450,   35.593243,       92.93,
 140.094955,   35.593243,       93.27,
 140.099459,   35.593243,       93.64,
 140.103964,   35.593243,       94.05,
 140.108468,   35.593243,       94.63,
 140.112973,   35.593243,       95.14,
 140.117477,   35.593243,       94.77,
 140.121982,   35.593243,       94.53,
 140.126486,   35.593243,       94.30,
 140.130991,   35.593243,       94.06,
 140.135495,   35.593243,       93.82,
 140.140000,   35.593243,       93.59,
 140.144505,   35.593243,       93.35,
 140.149009,   35.593243,       93.12,
 140.153514,   35.593243,       92.88,
 140.158018,   35.593243,       92.64,
 140.162523,   35.593243,       92.41,
 140.167027,   35.593243,       92.17,
 140.171532,   35.593243,       91.94,
 140.176036,   35.593243,       91.70,
 140.180541,   35.593243,       91.46,
 140.185045,   35.593243,       91.23,
 140.189550,   35.593243,       90.99,
 140.194054,   35.593243,       90.76,
 140.198559,   35.593243,       90.52,
 140.203063,   35.593243,       90.28,
 140.207568,   35.593243,       90.05,
 140.212072,   35.593243,       89.81,
 140.216577,   35.593243,       89.58,
 140.221081,   35.593243,       89.34,
 140.225586,   35.593243,       89.10,
 140.230090,   35.593243,       88.87,
 140.234595,   35.593243,       88.63,
 140.239099,   35.593243,       88.39,
 140.243604,   35.593243,       88.16,
 140.248108,   35.593243,       87.92,
 140.252613,   35.593243,       87.69,
 140.257117,   35.593243,       87.45,
 140.261622,   35.593243,       87.21,
 140.266126,   35.593243,       86.98,
 140.270631,   35.593243,       86.74,
 140.275135,   35.593243,       86.50,
 140.279640,   35.593243,       86.27,
 140.284144,   35.593243,       86.03,
 140.288649,   35.593243,       85.79,
 140.293153,   35.593243,       85.56,
 140.297658,   35.593243,       85.32,
 140.302162,   35.593243,       85.09,
 140.306667,   35.593243,       84.85,
 140.311171,   35.593243,       84.61,
 140.315676,   35.593243,       84.38,
 140.320180,   35.593243,       84.14,
 140.324685,   35.593243,       83.90,
 140.329189,   35.593243,       83.67,
 140.333694,   35.593243,       83.43,
 140.338198,   35.593243,       83.19,
 140.342703,   35.593243,       82.96,
 140.347207,   35.593243,       82.72,
 140.351712,   35.593243,       82.48,
 140.356216,   35.593243,       82.25,
 140.360721,   35.593243,       82.01,
 140.365225,   35.593243,       81.77,
 140.369730,   35.593243,       81.54,
 140.374234,   35.593243,       81.30,
 140.378739,   35.593243,       81.06,
 140.383243,   35.593243,       80.83,
 140.387748,   35.593243,       80.59,
 139.140000,   35.597748,       13.42,
 139.144505,   35.597748,       13.74,
 139.149009,   35.597748,       14.05,
 139.153514,   35.597748,       14.36,
 139.158018,   35.597748,       14.68,
 139.162523,   35.597748,       15.00,
 139.167027,   35.597748,       15.33,
 139.171532,   35.597748,       15.65,
 139.176036,   35.597748,       15.98,
 139.180541,   35.597748,       16.31,
 139.185045,   35.597748,       16.65,
 139.189550,   35.597748,       16.98,
 139.194054,   35.597748,       17.32,
 139.198559,   35.597748,       17.66,
 139.203063,   35.597748,       18.00,
 139.207568,   35.597748,       18.35,
 139.212072,   35.597748,       18.70,
 139.216577,   35.597748,       19.05,
 139.221081,   35.597748,       19.40,
 139.225586,   35.597748,       19.76,
 139.230090,   35.597748,       20.12,
 139.234595,   35.597748,       20.48,
 139.239099,   35.597748,       20.84,
 139.243604,   35.597748,       21.21,
 139.248108,   35.597748,       21.58,
 139.252613,   35.597748,       21.95,
 139.257117,   35.597748,       22.32,
 139.261622,   35.597748,       22.70,
 139.266126,   35.597748,       23.08,
 139.270631,   35.597748,       23.46,
 139.275135,   35.597748,       23.84,
 139.279640,   35.597748,       24.23,
 139.284144,   35.597748,       24.62,
 139.288649,   35.597748,       25.01,
 139.293153,   35.597748,       25.40,
 139.297658,   35.597748,       25.80,
 139.302162,   35.597748,       26.20,
 139.306667,   35.597748,       26.60,
 139.311171,   35.597748,       27.00,
 139.315676,   35.597748,       27.41,
 139.320180,   35.597748,       27.82,
 139.324685,   35.597748,       28.23,
 139.329189,   35.597748,       28.64,
 139.333694,   35.597748,       29.06,
 139.338198,   35.597748,       29.48,
 139.342703,   35.597748,       29.90,
 139.347207,   35.597748,       30.32,
 139.351712,   35.597748,       30.75,
 139.356216,   35.597748,       31.18,
 139.360721,   35.597748,       31.61,
 139.365225,   35.597748,       32.04,
 139.369730,   35.597748,       32.48,
 139.374234,   35.597748,       32.92,
 139.378739,   35.597748,       33.36,
 139.383243,   35.597748,       33.80,
 139.387748,   35.597748,       34.25,
 139.392252,   35.597748,       34.70,
 139.396757,   35.597748,       35.15,
 139.401261,   35.597748,       35.60,
 139.405766,   35.597748,       36.06,
 139.410270,   35.597748,       36.52,
 139.414775,   35.597748,       36.98,
 139.419279,   35.597748,       37.44,
 139.423784,   35.597748,       37.91,
 139.428288,   35.597748,       38.38,
 139.432793,   35.597748,       38.85,
 139.437297,   35.597748,       39.32,
 139.441802,   35.597748,       39.80,
 139.446306,   35.597748,       40.28,
 139.450811,   35.597748,       40.76,
 139.455315,   35.597748,       41.25,
 139.459820,   35.597748,       41.73,
 139.464324,   35.597748,       42.22,
 139.468829,   35.597748,       42.71,
 139.473333,   35.597748,       43.21,
 139.477838,   35.597748,       43.70,
 139.482342,   35.597748,       44.20,
 139.486847,   35.597748,       44.70,
 139.491351,   35.597748,       45.21,
 139.495856,   35.597748,       45.72,
 139.500360,   35.597748,       46.22,
 139.504865,   35.597748,       46.74,
 139.509369,   35.597748,       47.25,
 139.513874,   35.597748,       47.77,
 139.518378,   35.597748,       48.29,
 139.522883,   35.597748,       48.81,
 139.527387,   35.597748,       49.33,
 139.531892,   35.597748,       49.86,
 139.536396,   35.597748,       50.39,
 139.540901,   35.597748,       50.92,
 139.545405,   35.597748,       51.45,
 139.549910,   35.597748,       51.99,
 139.554414,   35.597748,       52.53,
 139.558919,   35.597748,       53.07,
 139.563423,   35.597748,       53.62,
 139.567928,   35.597748,       54.16,
 139.572432,   35.597748,       54.71,
 139.576937,   35.597748,       55.26,
 139.581441,   35.597748,       55.82,
 139.585946,   35.597748,       56.38,
 139.590450,   35.597748,       56.94,
 139.594955,   35.597748,       57.50,
 139.599459,   35.597748,       58.06,
 139.603964,   35.597748,       58.63,
 139.608468,   35.597748,       59.20,
 139.612973,   35.597748,       59.77,
 139.617477,   35.597748,       60.34,
 139.621982,   35.597748,       60.92,
 139.626486,   35.597748,       61.50,
 139.630991,   35.597748,       62.08,
 139.635495,   35.597748,       62.67,
 139.640000,   35.597748,       63.25,
 139.644505,   35.597748,       63.84,
 139.649009,   35.597748,       64.44,
 139.653514,   35.597748,       65.03,
 139.658018,   35.597748,       65.63,
 139.662523,   35.597748,       66.23,
 139.667027,   35.597748,       66.83,
 139.671532,   35.597748,       67.43,
 139.676036,   35.597748,       68.04,
 139.680541,   35.597748,       68.65,
 139.685045,   35.597748,       68.47,
 139.689550,   35.597748,       69.27,
 139.694054,   35.597748,       70.19,
 139.698559,   35.597748,       71.15,
 139.703063,   35.597748,       72.17,
 139.707568,   35.597748,       73.27,
 139.712072,   35.597748,       74.45,
 139.716577,   35.597748,       75.64,
 139.721081,   35.597748,       76.80,
 139.725586,   35.597748,       77.83,
 139.730090,   35.597748,       78.38,
 139.734595,   35.597748,       78.13,
 139.739099,   35.597748,       77.89,
 139.743604,   35.597748,       78.14,
 139.748108,   35.597748,       79.03,
 139.752613,   35.597748,       79.89,
 139.757117,   35.597748,       80.50,
 139.761622,   35.597748,       80.21,
 139.766126,   35.597748,       80.04,
 139.770631,   35.597748,       79.93,
 139.775135,   35.597748,       80.06,
 139.779640,   35.597748,       80.27,
 139.784144,   35.597748,       80.29,
 139.788649,   35.597748,       80.14,
 139.793153,   35.597748,       79.94,
 139.797658,   35.597748,       79.86,
 139.802162,   35.597748,       79.81,
 139.806667,   35.597748,       79.75,
 139.811171,   35.597748,       79.67,
 139.815676,   35.597748,       79.62,
 139.820180,   35.597748,       79.59,
 139.824685,   35.597748,       79.66,
 139.829189,   35.597748,       80.02,
 139.833694,   35.597748,       80.23,
 139.838198,   35.597748,       80.36,
 139.842703,   35.597748,       80.35,
 139.847207,   35.597748,       80.33,
 139.851712,   35.597748,       80.28,
 139.856216,   35.597748,       80.28,
 139.860721,   35.597748,       80.33,
 139.865225,   35.597748,       80.39,
 139.869730,   35.597748,       80.44,
 139.874234,   35.597748,       80.52,
 139.878739,   35.597748,       80.59,
 139.883243,   35.597748,       80.72,
 139.887748,   35.597748,       80.88,
 139.892252,   35.597748,       80.99,
 139.896757,   35.597748,       81.11,
 139.901261,   35.597748,       81.19,
 139.905766,   35.597748,       81.27,
 139.910270,   35.597748,       81.35,
 139.914775,   35.597748,       81.37,
 139.919279,   35.597748,       81.41,
 139.923784,   35.597748,       81.44,
 139.928288,   35.597748,       81.47,
 139.932793,   35.597748,       81.56,
 139.937297,   35.597748,       81.65,
 139.941802,   35.597748,       81.73,
 139.946306,   35.597748,       81.84,
 139.950811,   35.597748,       81.98,
 139.955315,   35.597748,       82.13,
 139.959820,   35.597748,       82.33,
 139.964324,   35.597748,       82.54,
 139.968829,   35.597748,       82.74,
 139.973333,   35.597748,       82.96,
 139.977838,   35.597748,       83.19,
 139.982342,   35.597748,       83.41,
 139.986847,   35.597748,       83.64,
 139.991351,   35.597748,       83.91,
 139.995856,   35.597748,       84.20,
 140.000360,   35.597748,       84.48,
 140.004865,   35.597748,       84.76,
 140.009369,   35.597748,       85.05,
 140.013874,   35.597748,       85.38,
 140.018378,   35.597748,       85.73,
 140.022883,   35.597748,       86.07,
 140.027387,   35.597748,       86.40,
 140.031892,   35.597748,       86.76,
 140.036396,   35.597748,       87.09,
 140.040901,   35.597748,       87.43,
 140.045405,   35.597748,       87.86,
 140.049910,   35.597748,       88.25,
 140.054414,   35.597748,       88.67,
 140.058919,   35.597748,       89.11,
 140.063423,   35.597748,       89.55,
 140.067928,   35.597748,       90.02,
 140.072432,   35.597748,       90.45,
 140.076937,   35.597748,       91.00,
 140.081441,   35.597748,       91.62,
 140.085946,   35.597748,       92.59,
 140.090450,   35.597748,       93.66,
 140.094955,   35.597748,       93.92,
 140.099459,   35.597748,       95.40,
 140.103964,   35.597748,       97.13,
 140.108468,   35.597748,       98.37,
 140.112973,   35.597748,       97.67,
 140.117477,   35.597748,       95.47,
 140.121982,   35.597748,       95.39,
 140.126486,   35.597748,       95.16,
 140.130991,   35.597748,       94.92,
 140.135495,   35.597748,       94.69,
 140.140000,   35.597748,       94.45,
 140.144505,   35.597748,       94.22,
 140.149009,   35.597748,       93.98,
 140.153514,   35.597748,       93.74,
 140.158018,   35.597748,       93.51,
 140.162523,   35.597748,       93.27,
 140.167027,   35.597748,       93.04,
 140.171532,   35.597748,       92.80,
 140.176036,   35.597748,       92.56,
 140.180541,   35.597748,       92.33,
 140.185045,   35.597748,       92.09,
 140.189550,   35.597748,       91.85,
 140.194054,   35.597748,       91.62,
 140.198559,   35.597748,       91.38,
 140.203063,   35.597748,       91.15,
 140.207568,   35.597748,       90.91,
 140.212072,   35.597748,       90.67,
 140.216577,   35.597748,       90.44,
 140.221081,   35.597748,       90.20,
 140.225586,   35.597748,       89.97,
 140.230090,   35.597748,       89.73,
 140.234595,   35.597748,       89.49,
 140.239099,   35.597748,       89.26,
 140.243604,   35.597748,       89.02,
 140.248108,   35.597748,       88.78,
 140.252613,   35.597748,       88.55,
 140.257117,   35.597748,       88.31,
 140.261622,   35.597748,       88.08,
 140.266126,   35.597748,       87.84,
 140.270631,   35.597748,       87.60,
 140.275135,   35.597748,       87.37,
 140.279640,   35.597748,       87.13,
 140.284144,   35.597748,       86.89,
 140.288649,   35.597748,       86.66,
 140.293153,   35.597748,       86.42,
 140.297658,   35.597748,       86.18,
 140.302162,   35.597748,       85.95,
 140.306667,   35.597748,       85.71,
 140.311171,   35.597748,       85.48,
 140.315676,   35.597748,       85.24,
 140.320180,   35.597748,       85.00,
 140.324685,   35.597748,       84.77,
 140.329189,   35.597748,       84.53,
 140.333694,   35.597748,       84.29,
 140.338198,   35.597748,       84.06,
 140.342703,   35.597748,       83.82,
 140.347207,   35.597748,       83.58,
 140.351712,   35.597748,       83.35,
 140.356216,   35.597748,       83.11,
 140.360721,   35.597748,       82.87,
 140.365225,   35.597748,       82.64,
 140.369730,   35.597748,       82.40,
 140.374234,   35.597748,       82.16,
 140.378739,   35.597748,       81.93,
 140.383243,   35.597748,       81.69,
 140.387748,   35.597748,       81.45,
 139.140000,   35.602252,       13.49,
 139.144505,   35.602252,       13.80,
 139.149009,   35.602252,       14.12,
 139.153514,   35.602252,       14.43,
 139.158018,   35.602252,       14.75,
 139.162523,   35.602252,       15.07,
 139.167027,   35.602252,       15.39,
 139.171532,   35.602252,       15.71,
 139.176036,   35.602252,       16.04,
 139.180541,   35.602252,       16.37,
 139.185045,   35.602252,       16.70,
 139.189550,   35.602252,       17.04,
 139.194054,   35.602252,       17.38,
 139.198559,   35.602252,       17.72,
 139.203063,   35.602252,       18.06,
 139.207568,   35.602252,       18.40,
 139.212072,   35.602252,       18.75,
 139.216577,   35.602252,       19.10,
 139.221081,   35.602252,       19.45,
 139.225586,   35.602252,       19.81,
 139.230090,   35.602252,       20.17,
 139.234595,   35.602252,       20.53,
 139.239099,   35.602252,       20.89,
 139.243604,   35.602252,       21.25,
 139.248108,   35.602252,       21.62,
 139.252613,   35.602252,       21.99,
 139.257117,   35.602252,       22.36,
 139.261622,   35.602252,       22.74,
 139.266126,   35.602252,       23.12,
 139.270631,   35.602252,       23.50,
 139.275135,   35.602252,       23.88,
 139.279640,   35.602252,       24.26,
 139.284144,   35.602252,       24.65,
 139.288649,   35.602252,       25.04,
 139.293153,   35.602252,       25.43,
 139.297658,   35.602252,       25.83,
 139.302162,   35.602252,       26.23,
 139.306667,   35.602252,       26.63,
 139.311171,   35.602252,       27.03,
 139.315676,   35.602252,       27.43,
 139.320180,   35.602252,       27.84,
 139.324685,   35.602252,       28.25,
 139.329189,   35.602252,       28.67,
 139.333694,   35.602252,       29.08,
 139.338198,   35.602252,       29.50,
 139.342703,   35.602252,       29.92,
 139.347207,   35.602252,       30.34,
 139.351712,   35.602252,       30.77,
 139.356216,   35.602252,       31.19,
 139.360721,   35.602252,       31.62,
 139.365225,   35.602252,       32.06,
 139.369730,   35.602252,       32.49,
 139.374234,   35.602252,       32.93,
 139.378739,   35.602252,       33.37,
 139.383243,   35.602252,       33.81,
 139.387748,   35.602252,       34.26,
 139.392252,   35.602252,       34.71,
 139.396757,   35.602252,       35.16,
 139.401261,   35.602252,       35.61,
 139.405766,   35.602252,       36.07,
 139.410270,   35.602252,       36.52,
 139.414775,   35.602252,       36.98,
 139.419279,   35.602252,       37.45,
 139.423784,   35.602252,       37.91,
 139.428288,   35.602252,       38.38,
 139.432793,   35.602252,       38.85,
 139.437297,   35.602252,       39.32,
 139.441802,   35.602252,       39.80,
 139.446306,   35.602252,       40.28,
 139.450811,   35.602252,       40.76,
 139.455315,   35.602252,       41.24,
 139.459820,   35.602252,       41.73,
 139.464324,   35.602252,       42.21,
 139.468829,   35.602252,       42.70,
 139.473333,   35.602252,       43.20,
 139.477838,   35.602252,       43.69,
 139.482342,   35.602252,       44.19,
 139.486847,   35.602252,       44.69,
 139.491351,   35.602252,       45.19,
 139.495856,   35.602252,       45.70,
 139.500360,   35.602252,       46.21,
 139.504865,   35.602252,       46.72,
 139.509369,   35.602252,       47.23,
 139.513874,   35.602252,       47.75,
 139.518378,   35.602252,       48.27,
 139.522883,   35.602252,       48.79,
 139.527387,   35.602252,       49.31,
 139.531892,   35.602252,       49.84,
 139.536396,   35.602252,       50.36,
 139.540901,   35.602252,       50.89,
 139.545405,   35.602252,       51.43,
 139.549910,   35.602252,       51.96,
 139.554414,   35.602252,       52.50,
 139.558919,   35.602252,       53.04,
 139.563423,   35.602252,       53.59,
 139.567928,   35.602252,       54.13,
 139.572432,   35.602252,       54.68,
 139.576937,   35.602252,       55.23,
 139.581441,   35.602252,       55.78,
 139.585946,   35.602252,       56.34,
 139.590450,   35.602252,       56.90,
 139.594955,   35.602252,       57.46,
 139.599459,   35.602252,       58.02,
 139.603964,   35.602252,       58.59,
 139.608468,   35.602252,       59.16,
 139.612973,   35.602252,       59.73,
 139.617477,   35.602252,       60.30,
 139.621982,   35.602252,       60.88,
 139.626486,   35.602252,       61.46,
 139.630991,   35.602252,       62.04,
 139.635495,   35.602252,       62.62,
 139.640000,   35.602252,       63.21,
 139.644505,   35.602252,       63.79,
 139.649009,   35.602252,       64.38,
 139.653514,   35.602252,       64.98,
 139.658018,   35.602252,       65.57,
 139.662523,   35.602252,       66.17,
 139.667027,   35.602252,       66.77,
 139.671532,   35.602252,       67.38,
 139.676036,   35.602252,       67.98,
 139.680541,   35.602252,       68.59,
 139.685045,   35.602252,       69.20,
 139.689550,   35.602252,       69.34,
 139.694054,   35.602252,       69.79,
 139.698559,   35.602252,       70.69,
 139.703063,   35.602252,       71.65,
 139.707568,   35.602252,       72.65,
 139.712072,   35.602252,       73.73,
 139.716577,   35.602252,       74.89,
 139.721081,   35.602252,       76.06,
 139.725586,   35.602252,       77.16,
 139.730090,   35.602252,       78.07,
 139.734595,   35.602252,       78.15,
 139.739099,   35.602252,       77.75,
 139.743604,   35.602252,       77.46,
 139.748108,   35.602252,       78.20,
 139.752613,   35.602252,       79.09,
 139.757117,   35.602252,       79.89,
 139.761622,   35.602252,       79.80,
 139.766126,   35.602252,       79.63,
 139.770631,   35.602252,       79.65,
 139.775135,   35.602252,       80.24,
 139.779640,   35.602252,       80.53,
 139.784144,   35.602252,       80.56,
 139.788649,   35.602252,       80.27,
 139.793153,   35.602252,       79.87,
 139.797658,   35.602252,       79.84,
 139.802162,   35.602252,       79.80,
 139.806667,   35.602252,       79.74,
 139.811171,   35.602252,       79.67,
 139.815676,   35.602252,       79.61,
 139.820180,   35.602252,       79.56,
 139.824685,   35.602252,       79.56,
 139.829189,   35.602252,       80.23,
 139.833694,   35.602252,       80.59,
 139.838198,   35.602252,       80.76,
 139.842703,   35.602252,       80.86,
 139.847207,   35.602252,       80.90,
 139.851712,   35.602252,       80.96,
 139.856216,   35.602252,       81.05,
 139.860721,   35.602252,       81.18,
 139.865225,   35.602252,       81.27,
 139.869730,   35.602252,       81.40,
 139.874234,   35.602252,       81.49,
 139.878739,   35.602252,       81.63,
 139.883243,   35.602252,       81.76,
 139.887748,   35.602252,       81.89,
 139.892252,   35.602252,       81.99,
 139.896757,   35.602252,       82.08,
 139.901261,   35.602252,       82.20,
 139.905766,   35.602252,       82.20,
 139.910270,   35.602252,       82.20,
 139.914775,   35.602252,       82.17,
 139.919279,   35.602252,       82.13,
 139.923784,   35.602252,       82.13,
 139.928288,   35.602252,       82.15,
 139.932793,   35.602252,       82.15,
 139.937297,   35.602252,       82.23,
 139.941802,   35.602252,       82.30,
 139.946306,   35.602252,       82.39,
 139.950811,   35.602252,       82.57,
 139.955315,   35.602252,       82.75,
 139.959820,   35.602252,       82.93,
 139.964324,   35.602252,       83.11,
 139.968829,   35.602252,       83.28,
 139.973333,   35.602252,       83.50,
 139.977838,   35.602252,       83.73,
 139.982342,   35.602252,       83.96,
 139.986847,   35.602252,       84.20,
 139.991351,   35.602252,       84.48,
 139.995856,   35.602252,       84.75,
 140.000360,   35.602252,       85.03,
 140.004865,   35.602252,       85.32,
 140.009369,   35.602252,       85.63,
 140.013874,   35.602252,       85.95,
 140.018378,   35.602252,       86.29,
 140.022883,   35.602252,       86.62,
 140.027387,   35.602252,       86.95,
 140.031892,   35.602252,       87.28,
 140.036396,   35.602252,       87.61,
 140.040901,   35.602252,       87.93,
 140.045405,   35.602252,       88.29,
 140.049910,   35.602252,       88.67,
 140.054414,   35.602252,       89.06,
 140.058919,   35.602252,       89.46,
 140.063423,   35.602252,       89.80,
 140.067928,   35.602252,       90.17,
 140.072432,   35.602252,       90.43,
 140.076937,   35.602252,       90.87,
 140.081441,   35.602252,       91.39,
 140.085946,   35.602252,       92.52,
 140.090450,   35.602252,       94.69,
 140.094955,   35.602252,       97.40,
 140.099459,   35.602252,      100.64,
 140.103964,   35.602252,      102.38,
 140.108468,   35.602252,      103.10,
 140.112973,   35.602252,      102.20,
 140.117477,   35.602252,       99.70,
 140.121982,   35.602252,       95.74,
 140.126486,   35.602252,       96.02,
 140.130991,   35.602252,       95.79,
 140.135495,   35.602252,       95.55,
 140.140000,   35.602252,       95.31,
 140.144505,   35.602252,       95.08,
 140.149009,   35.602252,       94.84,
 140.153514,   35.602252,       94.61,
 140.158018,   35.602252,       94.37,
 140.162523,   35.602252,       94.13,
 140.167027,   35.602252,       93.90,
 140.171532,   35.602252,       93.66,
 140.176036,   35.602252,       93.43,
 140.180541,   35.602252,       93.19,
 140.185045,   35.602252,       92.95,
 140.189550,   35.602252,       92.72,
 140.194054,   35.602252,       92.48,
 140.198559,   35.602252,       92.25,
 140.203063,   35.602252,       92.01,
 140.207568,   35.602252,       91.77,
 140.212072,   35.602252,       91.54,
 140.216577,   35.602252,       91.30,
 140.221081,   35.602252,       91.06,
 140.225586,   35.602252,       90.83,
 140.230090,   35.602252,       90.59,
 140.234595,   35.602252,       90.36,
 140.239099,   35.602252,       90.12,
 140.243604,   35.602252,       89.88,
 140.248108,   35.602252,       89.65,
 140.252613,   35.602252,       89.41,
 140.257117,   35.602252,       89.17,
 140.261622,   35.602252,       88.94,
 140.266126,   35.602252,       88.70,
 140.270631,   35.602252,       88.47,
 140.275135,   35.602252,       88.23,
 140.279640,   35.602252,       87.99,
 140.284144,   35.602252,       87.76,
 140.288649,   35.602252,       87.52,
 140.293153,   35.602252,       87.28,
 140.297658,   35.602252,       87.05,
 140.302162,   35.602252,       86.81,
 140.306667,   35.602252,       86.57,
 140.311171,   35.602252,       86.34,
 140.315676,   35.602252,       86.10,
 140.320180,   35.602252,       85.87,
 140.324685,   35.602252,       85.63,
 140.329189,   35.602252,       85.39,
 140.333694,   35.602252,       85.16,
 140.338198,   35.602252,       84.92,
 140.342703,   35.602252,       84.68,
 140.347207,   35.602252,       84.45,
 140.351712,   35.602252,       84.21,
 140.356216,   35.602252,       83.97,
 140.360721,   35.602252,       83.74,
 140.365225,   35.602252,       83.50,
 140.369730,   35.602252,       83.26,
 140.374234,   35.602252,       83.03,
 140.378739,   35.602252,       82.79,
 140.383243,   35.602252,       82.55,
 140.387748,   35.602252,       82.32,
 139.140000,   35.606757,       13.56,
 139.144505,   35.606757,       13.87,
 139.149009,   35.606757,       14.18,
 139.153514,   35.606757,       14.49,
 139.158018,   35.606757,       14.81,
 139.162523,   35.606757,       15.13,
 139.167027,   35.606757,       15.45,
 139.171532,   35.606757,       15.77,
 139.176036,   35.606757,       16.10,
 139.180541,   35.606757,       16.43,
 139.185045,   35.606757,       16.76,
 139.189550,   35.606757,       17.09,
 139.194054,   35.606757,       17.43,
 139.198559,   35.606757,       17.77,
 139.203063,   35.606757,       18.11,
 139.207568,   35.606757,       18.45,
 139.212072,   35.606757,       18.80,
 139.216577,   35.606757,       19.15,
 139.221081,   35.606757,       19.50,
 139.225586,   35.606757,       19.85,
 139.230090,   35.606757,       20.21,
 139.234595,   35.606757,       20.57,
 139.239099,   35.606757,       20.93,
 139.243604,   35.606757,       21.29,
 139.248108,   35.606757,       21.66,
 139.252613,   35.606757,       22.03,
 139.257117,   35.606757,       22.40,
 139.261622,   35.606757,       22.78,
 139.266126,   35.606757,       23.15,
 139.270631,   35.606757,       23.53,
 139.275135,   35.606757,       23.91,
 139.279640,   35.606757,       24.30,
 139.284144,   35.606757,       24.68,
 139.288649,   35.606757,       25.07,
 139.293153,   35.606757,       25.46,
 139.297658,   35.606757,       25.86,
 139.302162,   35.606757,       26.25,
 139.306667,   35.606757,       26.65,
 139.311171,   35.606757,       27.06,
 139.315676,   35.606757,       27.46,
 139.320180,   35.606757,       27.87,
 139.324685,   35.606757,       28.28,
 139.329189,   35.606757,       28.69,
 139.333694,   35.606757,       29.10,
 139.338198,   35.606757,       29.52,
 139.342703,   35.606757,       29.94,
 139.347207,   35.606757,       30.36,
 139.351712,   35.606757,       30.78,
 139.356216,   35.606757,       31.21,
 139.360721,   35.606757,       31.64,
 139.365225,   35.606757,       32.07,
 139.369730,   35.606757,       32.50,
 139.374234,   35.606757,       32.94,
 139.378739,   35.606757,       33.38,
 139.383243,   35.606757,       33.82,
 139.387748,   35.606757,       34.27,
 139.392252,   35.606757,       34.71,
 139.396757,   35.606757,       35.16,
 139.401261,   35.606757,       35.61,
 139.405766,   35.606757,       36.07,
 139.410270,   35.606757,       36.53,
 139.414775,   35.606757,       36.99,
 139.419279,   35.606757,       37.45,
 139.423784,   35.606757,       37.91,
 139.428288,   35.606757,       38.38,
 139.432793,   35.606757,       38.85,
 139.437297,   35.606757,       39.32,
 139.441802,   35.606757,       39.79,
 139.446306,   35.606757,       40.27,
 139.450811,   35.606757,       40.75,
 139.455315,   35.606757,       41.23,
 139.459820,   35.606757,       41.72,
 139.464324,   35.606757,       42.20,
 139.468829,   35.606757,       42.69,
 139.473333,   35.606757,       43.19,
 139.477838,   35.606757,       43.68,
 139.482342,   35.606757,       44.18,
 139.486847,   35.606757,       44.68,
 139.491351,   35.606757,       45.18,
 139.495856,   35.606757,       45.68,
 139.500360,   35.606757,       46.19,
 139.504865,   35.606757,       46.70,
 139.509369,   35.606757,       47.21,
 139.513874,   35.606757,       47.73,
 139.518378,   35.606757,       48.24,
 139.522883,   35.606757,       48.76,
 139.527387,   35.606757,       49.28,
 139.531892,   35.606757,       49.81,
 139.536396,   35.606757,       50.34,
 139.540901,   35.606757,       50.87,
 139.545405,   35.606757,       51.40,
 139.549910,   35.606757,       51.93,
 139.554414,   35.606757,       52.47,
 139.558919,   35.606757,       53.01,
 139.563423,   35.606757,       53.55,
 139.567928,   35.606757,       54.10,
 139.572432,   35.606757,       54.64,
 139.576937,   35.606757,       55.19,
 139.581441,   35.606757,       55.75,
 139.585946,   35.606757,       56.30,
 139.590450,   35.606757,       56.86,
 139.594955,   35.606757,       57.42,
 139.599459,   35.606757,       57.98,
 139.603964,   35.606757,       58.55,
 139.608468,   35.606757,       59.11,
 139.612973,   35.606757,       59.68,
 139.617477,   35.606757,       60.25,
 139.621982,   35.606757,       60.83,
 139.626486,   35.606757,       61.41,
 139.630991,   35.606757,       61.99,
 139.635495,   35.606757,       62.57,
 139.640000,   35.606757,       63.15,
 139.644505,   35.606757,       63.74,
 139.649009,   35.606757,       64.33,
 139.653514,   35.606757,       64.92,
 139.658018,   35.606757,       65.52,
 139.662523,   35.606757,       66.12,
 139.667027,   35.606757,       66.72,
 139.671532,   35.606757,       67.32,
 139.676036,   35.606757,       67.92,
 139.680541,   35.606757,       68.53,
 139.685045,   35.606757,       69.14,
 139.689550,   35.606757,       69.75,
 139.694054,   35.606757,       70.37,
 139.698559,   35.606757,       70.32,
 139.703063,   35.606757,       71.20,
 139.707568,   35.606757,       72.14,
 139.712072,   35.606757,       73.13,
 139.716577,   35.606757,       74.19,
 139.721081,   35.606757,       75.33,
 139.725586,   35.606757,       76.47,
 139.730090,   35.606757,       77.49,
 139.734595,   35.606757,       78.16,
 139.739099,   35.606757,       77.78,
 139.743604,   35.606757,       77.20,
 139.748108,   35.606757,       77.37,
 139.752613,   35.606757,       78.28,
 139.757117,   35.606757,       79.22,
 139.761622,   35.606757,       79.41,
 139.766126,   35.606757,       79.18,
 139.770631,   35.606757,       80.02,
 139.775135,   35.606757,       80.73,
 139.779640,   35.606757,       81.13,
 139.784144,   35.606757,       81.27,
 139.788649,   35.606757,       80.75,
 139.793153,   35.606757,       80.17,
 139.797658,   35.606757,       79.85,
 139.802162,   35.606757,       79.80,
 139.806667,   35.606757,       79.74,
 139.811171,   35.606757,       79.68,
 139.815676,   35.606757,       79.61,
 139.820180,   35.606757,       79.54,
 139.824685,   35.606757,       79.77,
 139.829189,   35.606757,       80.49,
 139.833694,   35.606757,       80.67,
 139.838198,   35.606757,       80.81,
 139.842703,   35.606757,       81.09,
 139.847207,   35.606757,       81.36,
 139.851712,   35.606757,       81.60,
 139.856216,   35.606757,       81.80,
 139.860721,   35.606757,       82.01,
 139.865225,   35.606757,       82.21,
 139.869730,   35.606757,       82.37,
 139.874234,   35.606757,       82.53,
 139.878739,   35.606757,       82.70,
 139.883243,   35.606757,       82.84,
 139.887748,   35.606757,       83.00,
 139.892252,   35.606757,       83.15,
 139.896757,   35.606757,       83.24,
 139.901261,   35.606757,       83.30,
 139.905766,   35.606757,       83.29,
 139.910270,   35.606757,       83.21,
 139.914775,   35.606757,       83.12,
 139.919279,   35.606757,       83.03,
 139.923784,   35.606757,       82.92,
 139.928288,   35.606757,       82.89,
 139.932793,   35.606757,       82.91,
 139.937297,   35.606757,       82.94,
 139.941802,   35.606757,       83.00,
 139.946306,   35.606757,       83.10,
 139.950811,   35.606757,       83.22,
 139.955315,   35.606757,       83.38,
 139.959820,   35.606757,       83.57,
 139.964324,   35.606757,       83.75,
 139.968829,   35.606757,       83.94,
 139.973333,   35.606757,       84.12,
 139.977838,   35.606757,       84.31,
 139.982342,   35.606757,       84.51,
 139.986847,   35.606757,       84.77,
 139.991351,   35.606757,       85.05,
 139.995856,   35.606757,       85.32,
 140.000360,   35.606757,       85.59,
 140.004865,   35.606757,       85.90,
 140.009369,   35.606757,       86.22,
 140.013874,   35.606757,       86.54,
 140.018378,   35.606757,       86.86,
 140.022883,   35.606757,       87.19,
 140.027387,   35.606757,       87.52,
 140.031892,   35.606757,       87.84,
 140.036396,   35.606757,       88.15,
 140.040901,   35.606757,       88.44,
 140.045405,   35.606757,       88.80,
 140.049910,   35.606757,       89.16,
 140.054414,   35.606757,       89.49,
 140.058919,   35.606757,       89.79,
 140.063423,   35.606757,       90.10,
 140.067928,   35.606757,       90.36,
 140.072432,   35.606757,       90.61,
 140.076937,   35.606757,       90.96,
 140.081441,   35.606757,       91.21,
 140.085946,   35.606757,       91.73,
 140.090450,   35.606757,       94.88,
 140.094955,   35.606757,      101.82,
 140.099459,   35.606757,      106.25,
 140.103964,   35.606757,      108.27,
 140.108468,   35.606757,      109.12,
 140.112973,   35.606757,      108.35,
 140.117477,   35.606757,      105.96,
 140.121982,   35.606757,      101.97,
 140.126486,   35.606757,       96.36,
 140.130991,   35.606757,       96.54,
 140.135495,   35.606757,       96.41,
 140.140000,   35.606757,       96.18,
 140.144505,   35.606757,       95.94,
 140.149009,   35.606757,       95.70,
 140.153514,   35.606757,       95.47,
 140.158018,   35.606757,       95.23,
 140.162523,   35.606757,       95.00,
 140.167027,   35.606757,       94.76,
 140.171532,   35.606757,       94.52,
 140.176036,   35.606757,       94.29,
 140.180541,   35.606757,       94.05,
 140.185045,   35.606757,       93.82,
 140.189550,   35.606757,       93.58,
 140.194054,   35.606757,       93.34,
 140.198559,   35.606757,       93.11,
 140.203063,   35.606757,       92.87,
 140.207568,   35.606757,       92.64,
 140.212072,   35.606757,       92.40,
 140.216577,   35.606757,       92.16,
 140.221081,   35.606757,       91.93,
 140.225586,   35.606757,       91.69,
 140.230090,   35.606757,       91.45,
 140.234595,   35.606757,       91.22,
 140.239099,   35.606757,       90.98,
 140.243604,   35.606757,       90.75,
 140.248108,   35.606757,       90.51,
 140.252613,   35.606757,       90.27,
 140.257117,   35.606757,       90.04,
 140.261622,   35.606757,       89.80,
 140.266126,   35.606757,       89.56,
 140.270631,   35.606757,       89.33,
 140.275135,   35.606757,       89.09,
 140.279640,   35.606757,       88.86,
 140.284144,   35.606757,       88.62,
 140.288649,   35.606757,       88.38,
 140.293153,   35.606757,       88.15,
 140.297658,   35.606757,       87.91,
 140.302162,   35.606757,       87.67,
 140.306667,   35.606757,       87.44,
 140.311171,   35.606757,       87.20,
 140.315676,   35.606757,       86.96,
 140.320180,   35.606757,       86.73,
 140.324685,   35.606757,       86.49,
 140.329189,   35.606757,       86.26,
 140.333694,   35.606757,       86.02,
 140.338198,   35.606757,       85.78,
 140.342703,   35.606757,       85.55,
 140.347207,   35.606757,       85.31,
 140.351712,   35.606757,       85.07,
 140.356216,   35.606757,       84.84,
 140.360721,   35.606757,       84.60,
 140.365225,   35.606757,       84.36,
 140.369730,   35.606757,       84.13,
 140.374234,   35.606757,       83.89,
 140.378739,   35.606757,       83.65,
 140.383243,   35.606757,       83.42,
 140.387748,   35.606757,       83.18,
 139.140000,   35.611261,       13.62,
 139.144505,   35.611261,       13.93,
 139.149009,   35.611261,       14.24,
 139.153514,   35.611261,       14.55,
 139.158018,   35.611261,       14.87,
 139.162523,   35.611261,       15.19,
 139.167027,   35.611261,       15.51,
 139.171532,   35.611261,       15.83,
 139.176036,   35.611261,       16.15,
 139.180541,   35.611261,       16.48,
 139.185045,   35.611261,       16.81,
 139.189550,   35.611261,       17.15,
 139.194054,   35.611261,       17.48,
 139.198559,   35.611261,       17.82,
 139.203063,   35.611261,       18.16,
 139.207568,   35.611261,       18.50,
 139.212072,   35.611261,       18.85,
 139.216577,   35.611261,       19.19,
 139.221081,   35.611261,       19.54,
 139.225586,   35.611261,       19.90,
 139.230090,   35.611261,       20.25,
 139.234595,   35.611261,       20.61,
 139.239099,   35.611261,       20.97,
 139.243604,   35.611261,       21.33,
 139.248108,   35.611261,       21.70,
 139.252613,   35.611261,       22.07,
 139.257117,   35.611261,       22.44,
 139.261622,   35.611261,       22.81,
 139.266126,   35.611261,       23.19,
 139.270631,   35.611261,       23.56,
 139.275135,   35.611261,       23.94,
 139.279640,   35.611261,       24.33,
 139.284144,   35.611261,       24.71,
 139.288649,   35.611261,       25.10,
 139.293153,   35.611261,       25.49,
 139.297658,   35.611261,       25.88,
 139.302162,   35.611261,       26.28,
 139.306667,   35.611261,       26.68,
 139.311171,   35.611261,       27.08,
 139.315676,   35.611261,       27.48,
 139.320180,   35.611261,       27.89,
 139.324685,   35.611261,       28.30,
 139.329189,   35.611261,       28.71,
 139.333694,   35.611261,       29.12,
 139.338198,   35.611261,       29.53,
 139.342703,   35.611261,       29.95,
 139.347207,   35.611261,       30.37,
 139.351712,   35.611261,       30.80,
 139.356216,   35.611261,       31.22,
 139.360721,   35.611261,       31.65,
 139.365225,   35.611261,       32.08,
 139.369730,   35.611261,       32.51,
 139.374234,   35.611261,       32.95,
 139.378739,   35.611261,       33.39,
 139.383243,   35.611261,       33.83,
 139.387748,   35.611261,       34.27,
 139.392252,   35.611261,       34.72,
 139.396757,   35.611261,       35.17,
 139.401261,   35.611261,       35.62,
 139.405766,   35.611261,       36.07,
 139.410270,   35.611261,       36.53,
 139.414775,   35.611261,       36.98,
 139.419279,   35.611261,       37.44,
 139.423784,   35.611261,       37.91,
 139.428288,   35.611261,       38.37,
 139.432793,   35.611261,       38.84,
 139.437297,   35.611261,       39.31,
 139.441802,   35.611261,       39.79,
 139.446306,   35.611261,       40.26,
 139.450811,   35.611261,       40.74,
 139.455315,   35.611261,       41.22,
 139.459820,   35.611261,       41.70,
 139.464324,   35.611261,       42.19,
 139.468829,   35.611261,       42.68,
 139.473333,   35.611261,       43.17,
 139.477838,   35.611261,       43.66,
 139.482342,   35.611261,       44.16,
 139.486847,   35.611261,       44.66,
 139.491351,   35.611261,       45.16,
 139.495856,   35.611261,       45.66,
 139.500360,   35.611261,       46.17,
 139.504865,   35.611261,       46.68,
 139.509369,   35.611261,       47.19,
 139.513874,   35.611261,       47.70,
 139.518378,   35.611261,       48.22,
 139.522883,   35.611261,       48.74,
 139.527387,   35.611261,       49.26,
 139.531892,   35.611261,       49.78,
 139.536396,   35.611261,       50.31,
 139.540901,   35.611261,       50.84,
 139.545405,   35.611261,       51.37,
 139.549910,   35.611261,       51.90,
 139.554414,   35.611261,       52.44,
 139.558919,   35.611261,       52.97,
 139.563423,   35.611261,       53.52,
 139.567928,   35.611261,       54.06,
 139.572432,   35.611261,       54.61,
 139.576937,   35.611261,       55.15,
 139.581441,   35.611261,       55.71,
 139.585946,   35.611261,       56.26,
 139.590450,   35.611261,       56.82,
 139.594955,   35.611261,       57.37,
 139.599459,   35.611261,       57.94,
 139.603964,   35.611261,       58.50,
 139.608468,   35.611261,       59.07,
 139.612973,   35.611261,       59.63,
 139.617477,   35.611261,       60.21,
 139.621982,   35.611261,       60.78,
 139.626486,   35.611261,       61.36,
 139.630991,   35.611261,       61.93,
 139.635495,   35.611261,       62.52,
 139.640000,   35.611261,       63.10,
 139.644505,   35.611261,       63.69,
 139.649009,   35.611261,       64.28,
 139.653514,   35.611261,       64.87,
 139.658018,   35.611261,       65.46,
 139.662523,   35.611261,       66.06,
 139.667027,   35.611261,       66.66,
 139.671532,   35.611261,       67.26,
 139.676036,   35.611261,       67.86,
 139.680541,   35.611261,       68.47,
 139.685045,   35.611261,       69.08,
 139.689550,   35.611261,       69.69,
 139.694054,   35.611261,       70.30,
 139.698559,   35.611261,       70.92,
 139.703063,   35.611261,       71.10,
 139.707568,   35.611261,       71.71,
 139.712072,   35.611261,       72.63,
 139.716577,   35.611261,       73.61,
 139.721081,   35.611261,       74.65,
 139.725586,   35.611261,       75.77,
 139.730090,   35.611261,       76.86,
 139.734595,   35.611261,       77.77,
 139.739099,   35.611261,       77.94,
 139.743604,   35.611261,       77.22,
 139.748108,   35.611261,       76.57,
 139.752613,   35.611261,       77.47,
 139.757117,   35.611261,       78.50,
 139.761622,   35.611261,       79.02,
 139.766126,   35.611261,       79.46,
 139.770631,   35.611261,       80.76,
 139.775135,   35.611261,       81.56,
 139.779640,   35.611261,       82.01,
 139.784144,   35.611261,       81.43,
 139.788649,   35.611261,       80.85,
 139.793153,   35.611261,       80.48,
 139.797658,   35.611261,       80.00,
 139.802162,   35.611261,       79.82,
 139.806667,   35.611261,       79.73,
 139.811171,   35.611261,       79.67,
 139.815676,   35.611261,       79.63,
 139.820180,   35.611261,       79.64,
 139.824685,   35.611261,       80.13,
 139.829189,   35.611261,       80.58,
 139.833694,   35.611261,       80.53,
 139.838198,   35.611261,       80.55,
 139.842703,   35.611261,       81.07,
 139.847207,   35.611261,       81.57,
 139.851712,   35.611261,       82.19,
 139.856216,   35.611261,       82.78,
 139.860721,   35.611261,       82.98,
 139.865225,   35.611261,       83.14,
 139.869730,   35.611261,       83.34,
 139.874234,   35.611261,       83.53,
 139.878739,   35.611261,       83.72,
 139.883243,   35.611261,       83.94,
 139.887748,   35.611261,       84.09,
 139.892252,   35.611261,       84.24,
 139.896757,   35.611261,       84.41,
 139.901261,   35.611261,       84.50,
 139.905766,   35.611261,       84.50,
 139.910270,   35.611261,       84.36,
 139.914775,   35.611261,       84.17,
 139.919279,   35.611261,       84.01,
 139.923784,   35.611261,       83.89,
 139.928288,   35.611261,       83.76,
 139.932793,   35.611261,       83.74,
 139.937297,   35.611261,       83.74,
 139.941802,   35.611261,       83.77,
 139.946306,   35.611261,       83.89,
 139.950811,   35.611261,       83.97,
 139.955315,   35.611261,       84.06,
 139.959820,   35.611261,       84.25,
 139.964324,   35.611261,       84.43,
 139.968829,   35.611261,       84.61,
 139.973333,   35.611261,       84.79,
 139.977838,   35.611261,       84.97,
 139.982342,   35.611261,       85.16,
 139.986847,   35.611261,       85.39,
 139.991351,   35.611261,       85.67,
 139.995856,   35.611261,       85.94,
 140.000360,   35.611261,       86.20,
 140.004865,   35.611261,       86.50,
 140.009369,   35.611261,       86.83,
 140.013874,   35.611261,       87.15,
 140.018378,   35.611261,       87.47,
 140.022883,   35.611261,       87.78,
 140.027387,   35.611261,       88.11,
 140.031892,   35.611261,       88.43,
 140.036396,   35.611261,       88.75,
 140.040901,   35.611261,       89.05,
 140.045405,   35.611261,       89.35,
 140.049910,   35.611261,       89.64,
 140.054414,   35.611261,       89.89,
 140.058919,   35.611261,       90.15,
 140.063423,   35.611261,       90.40,
 140.067928,   35.611261,       90.62,
 140.072432,   35.611261,       90.84,
 140.076937,   35.611261,       91.07,
 140.081441,   35.611261,       93.19,
 140.085946,   35.611261,       97.32,
 140.090450,   35.611261,      102.65,
 140.094955,   35.611261,      108.17,
 140.099459,   35.611261,      112.69,
 140.103964,   35.611261,      115.78,
 140.108468,   35.611261,      116.75,
 140.112973,   35.611261,      116.11,
 140.117477,   35.611261,      113.85,
 140.121982,   35.611261,      109.97,
 140.126486,   35.611261,      104.49,
 140.130991,   35.611261,       97.39,
 140.135495,   35.611261,       96.81,
 140.140000,   35.611261,       97.04,
 140.144505,   35.611261,       96.80,
 140.149009,   35.611261,       96.57,
 140.153514,   35.611261,       96.33,
 140.158018,   35.611261,       96.09,
 140.162523,   35.611261,       95.86,
 140.167027,   35.611261,       95.62,
 140.171532,   35.611261,       95.39,
 140.176036,   35.611261,       95.15,
 140.180541,   35.611261,       94.91,
 140.185045,   35.611261,       94.68,
 140.189550,   35.611261,       94.44,
 140.194054,   35.611261,       94.21,
 140.198559,   35.611261,       93.97,
 140.203063,   35.611261,       93.73,
 140.207568,   35.611261,       93.50,
 140.212072,   35.611261,       93.26,
 140.216577,   35.611261,       93.03,
 140.221081,   35.611261,       92.79,
 140.225586,   35.611261,       92.55,
 140.230090,   35.611261,       92.32,
 140.234595,   35.611261,       92.08,
 140.239099,   35.611261,       91.84,
 140.243604,   35.611261,       91.61,
 140.248108,   35.611261,       91.37,
 140.252613,   35.611261,       91.14,
 140.257117,   35.611261,       90.90,
 140.261622,   35.611261,       90.66,
 140.266126,   35.611261,       90.43,
 140.270631,   35.611261,       90.19,
 140.275135,   35.611261,       89.95,
 140.279640,   35.611261,       89.72,
 140.284144,   35.611261,       89.48,
 140.288649,   35.611261,       89.25,
 140.293153,   35.611261,       89.01,
 140.297658,   35.611261,       88.77,
 140.302162,   35.611261,       88.54,
 140.306667,   35.611261,       88.30,
 140.311171,   35.611261,       88.06,
 140.315676,   35.611261,       87.83,
 140.320180,   35.611261,       87.59,
 140.324685,   35.611261,       87.35,
 140.329189,   35.611261,       87.12,
 140.333694,   35.611261,       86.88,
 140.338198,   35.611261,       86.64,
 140.342703,   35.611261,       86.41,
 140.347207,   35.611261,       86.17,
 140.351712,   35.611261,       85.94,
 140.356216,   35.611261,       85.70,
 140.360721,   35.611261,       85.46,
 140.365225,   35.611261,       85.23,
 140.369730,   35.611261,       84.99,
 140.374234,   35.611261,       84.75,
 140.378739,   35.611261,       84.52,
 140.383243,   35.611261,       84.28,
 140.387748,   35.611261,       84.04,
 139.140000,   35.615766,       13.68,
 139.144505,   35.615766,       13.99,
 139.149009,   35.615766,       14.30,
 139.153514,   35.615766,       14.61,
 139.158018,   35.615766,       14.93,
 139.162523,   35.615766,       15.24,
 139.167027,   35.615766,       15.56,
 139.171532,   35.615766,       15.88,
 139.176036,   35.615766,       16.21,
 139.180541,   35.615766,       16.53,
 139.185045,   35.615766,       16.86,
 139.189550,   35.615766,       17.19,
 139.194054,   35.615766,       17.53,
 139.198559,   35.615766,       17.87,
 139.203063,   35.615766,       18.20,
 139.207568,   35.615766,       18.55,
 139.212072,   35.615766,       18.89,
 139.216577,   35.615766,       19.24,
 139.221081,   35.615766,       19.59,
 139.225586,   35.615766,       19.94,
 139.230090,   35.615766,       20.29,
 139.234595,   35.615766,       20.65,
 139.239099,   35.615766,       21.01,
 139.243604,   35.615766,       21.37,
 139.248108,   35.615766,       21.73,
 139.252613,   35.615766,       22.10,
 139.257117,   35.615766,       22.47,
 139.261622,   35.615766,       22.84,
 139.266126,   35.615766,       23.22,
 139.270631,   35.615766,       23.59,
 139.275135,   35.615766,       23.97,
 139.279640,   35.615766,       24.36,
 139.284144,   35.615766,       24.74,
 139.288649,   35.615766,       25.13,
 139.293153,   35.615766,       25.52,
 139.297658,   35.615766,       25.91,
 139.302162,   35.615766,       26.30,
 139.306667,   35.615766,       26.70,
 139.311171,   35.615766,       27.10,
 139.315676,   35.615766,       27.50,
 139.320180,   35.615766,       27.91,
 139.324685,   35.615766,       28.31,
 139.329189,   35.615766,       28.72,
 139.333694,   35.615766,       29.13,
 139.338198,   35.615766,       29.55,
 139.342703,   35.615766,       29.97,
 139.347207,   35.615766,       30.39,
 139.351712,   35.615766,       30.81,
 139.356216,   35.615766,       31.23,
 139.360721,   35.615766,       31.66,
 139.365225,   35.615766,       32.09,
 139.369730,   35.615766,       32.52,
 139.374234,   35.615766,       32.96,
 139.378739,   35.615766,       33.39,
 139.383243,   35.615766,       33.83,
 139.387748,   35.615766,       34.27,
 139.392252,   35.615766,       34.72,
 139.396757,   35.615766,       35.17,
 139.401261,   35.615766,       35.62,
 139.405766,   35.615766,       36.07,
 139.410270,   35.615766,       36.52,
 139.414775,   35.615766,       36.98,
 139.419279,   35.615766,       37.44,
 139.423784,   35.615766,       37.90,
 139.428288,   35.615766,       38.37,
 139.432793,   35.615766,       38.83,
 139.437297,   35.615766,       39.30,
 139.441802,   35.615766,       39.78,
 139.446306,   35.615766,       40.25,
 139.450811,   35.615766,       40.73,
 139.455315,   35.615766,       41.21,
 139.459820,   35.615766,       41.69,
 139.464324,   35.615766,       42.18,
 139.468829,   35.615766,       42.66,
 139.473333,   35.615766,       43.15,
 139.477838,   35.615766,       43.65,
 139.482342,   35.615766,       44.14,
 139.486847,   35.615766,       44.64,
 139.491351,   35.615766,       45.14,
 139.495856,   35.615766,       45.64,
 139.500360,   35.615766,       46.14,
 139.504865,   35.615766,       46.65,
 139.509369,   35.615766,       47.16,
 139.513874,   35.615766,       47.67,
 139.518378,   35.615766,       48.19,
 139.522883,   35.615766,       48.71,
 139.527387,   35.615766,       49.23,
 139.531892,   35.615766,       49.75,
 139.536396,   35.615766,       50.27,
 139.540901,   35.615766,       50.80,
 139.545405,   35.615766,       51.33,
 139.549910,   35.615766,       51.86,
 139.554414,   35.615766,       52.40,
 139.558919,   35.615766,       52.94,
 139.563423,   35.615766,       53.48,
 139.567928,   35.615766,       54.02,
 139.572432,   35.615766,       54.57,
 139.576937,   35.615766,       55.11,
 139.581441,   35.615766,       55.66,
 139.585946,   35.615766,       56.22,
 139.590450,   35.615766,       56.77,
 139.594955,   35.615766,       57.33,
 139.599459,   35.615766,       57.89,
 139.603964,   35.615766,       58.45,
 139.608468,   35.615766,       59.02,
 139.612973,   35.615766,       59.58,
 139.617477,   35.615766,       60.15,
 139.621982,   35.615766,       60.73,
 139.626486,   35.615766,       61.30,
 139.630991,   35.615766,       61.88,
 139.635495,   35.615766,       62.46,
 139.640000,   35.615766,       63.04,
 139.644505,   35.615766,       63.63,
 139.649009,   35.615766,       64.22,
 139.653514,   35.615766,       64.81,
 139.658018,   35.615766,       65.40,
 139.662523,   35.615766,       65.99,
 139.667027,   35.615766,       66.59,
 139.671532,   35.615766,       67.19,
 139.676036,   35.615766,       67.80,
 139.680541,   35.615766,       68.40,
 139.685045,   35.615766,       69.01,
 139.689550,   35.615766,       69.62,
 139.694054,   35.615766,       70.23,
 139.698559,   35.615766,       70.85,
 139.703063,   35.615766,       71.47,
 139.707568,   35.615766,       72.09,
 139.712072,   35.615766,       72.22,
 139.716577,   35.615766,       73.13,
 139.721081,   35.615766,       74.08,
 139.725586,   35.615766,       75.10,
 139.730090,   35.615766,       76.19,
 139.734595,   35.615766,       77.22,
 139.739099,   35.615766,       77.93,
 139.743604,   35.615766,       77.42,
 139.748108,   35.615766,       76.35,
 139.752613,   35.615766,       76.63,
 139.757117,   35.615766,       77.74,
 139.761622,   35.615766,       78.78,
 139.766126,   35.615766,       80.36,
 139.770631,   35.615766,       82.05,
 139.775135,   35.615766,       82.74,
 139.779640,   35.615766,       82.48,
 139.784144,   35.615766,       80.47,
 139.788649,   35.615766,       79.62,
 139.793153,   35.615766,       80.14,
 139.797658,   35.615766,       80.09,
 139.802162,   35.615766,       80.03,
 139.806667,   35.615766,       79.78,
 139.811171,   35.615766,       79.71,
 139.815676,   35.615766,       79.75,
 139.820180,   35.615766,       79.79,
 139.824685,   35.615766,       80.16,
 139.829189,   35.615766,       80.58,
 139.833694,   35.615766,       79.87,
 139.838198,   35.615766,       79.40,
 139.842703,   35.615766,       80.44,
 139.847207,   35.615766,       81.77,
 139.851712,   35.615766,       83.32,
 139.856216,   35.615766,       84.47,
 139.860721,   35.615766,       84.49,
 139.865225,   35.615766,       84.30,
 139.869730,   35.615766,       84.39,
 139.874234,   35.615766,       84.55,
 139.878739,   35.615766,       84.62,
 139.883243,   35.615766,       84.79,
 139.887748,   35.615766,       84.99,
 139.892252,   35.615766,       85.19,
 139.896757,   35.615766,       85.33,
 139.901261,   35.615766,       85.40,
 139.905766,   35.615766,       85.36,
 139.910270,   35.615766,       85.32,
 139.914775,   35.615766,       85.24,
 139.919279,   35.615766,       85.10,
 139.923784,   35.615766,       84.92,
 139.928288,   35.615766,       84.77,
 139.932793,   35.615766,       84.68,
 139.937297,   35.615766,       84.67,
 139.941802,   35.615766,       84.66,
 139.946306,   35.615766,       84.72,
 139.950811,   35.615766,       84.79,
 139.955315,   35.615766,       84.87,
 139.959820,   35.615766,       85.00,
 139.964324,   35.615766,       85.15,
 139.968829,   35.615766,       85.30,
 139.973333,   35.615766,       85.47,
 139.977838,   35.615766,       85.67,
 139.982342,   35.615766,       85.87,
 139.986847,   35.615766,       86.08,
 139.991351,   35.615766,       86.34,
 139.995856,   35.615766,       86.60,
 140.000360,   35.615766,       86.85,
 140.004865,   35.615766,       87.13,
 140.009369,   35.615766,       87.45,
 140.013874,   35.615766,       87.77,
 140.018378,   35.615766,       88.07,
 140.022883,   35.615766,       88.38,
 140.027387,   35.615766,       88.70,
 140.031892,   35.615766,       89.02,
 140.036396,   35.615766,       89.34,
 140.040901,   35.615766,       89.54,
 140.045405,   35.615766,       89.74,
 140.049910,   35.615766,       89.96,
 140.054414,   35.615766,       90.22,
 140.058919,   35.615766,       90.45,
 140.063423,   35.615766,       90.68,
 140.067928,   35.615766,       90.97,
 140.072432,   35.615766,       93.56,
 140.076937,   35.615766,       97.24,
 140.081441,   35.615766,      101.24,
 140.085946,   35.615766,      105.30,
 140.090450,   35.615766,      109.50,
 140.094955,   35.615766,      113.76,
 140.099459,   35.615766,      118.29,
 140.103964,   35.615766,      123.77,
 140.108468,   35.615766,      126.00,
 140.112973,   35.615766,      125.48,
 140.117477,   35.615766,      123.34,
 140.121982,   35.615766,      119.59,
 140.126486,   35.615766,      114.23,
 140.130991,   35.615766,      107.25,
 140.135495,   35.615766,       98.66,
 140.140000,   35.615766,       97.09,
 140.144505,   35.615766,       97.60,
 140.149009,   35.615766,       97.43,
 140.153514,   35.615766,       97.19,
 140.158018,   35.615766,       96.96,
 140.162523,   35.615766,       96.72,
 140.167027,   35.615766,       96.49,
 140.171532,   35.615766,       96.25,
 140.176036,   35.615766,       96.01,
 140.180541,   35.615766,       95.78,
 140.185045,   35.615766,       95.54,
 140.189550,   35.615766,       95.31,
 140.194054,   35.615766,       95.07,
 140.198559,   35.615766,       94.83,
 140.203063,   35.615766,       94.60,
 140.207568,   35.615766,       94.36,
 140.212072,   35.615766,       94.12,
 140.216577,   35.615766,       93.89,
 140.221081,   35.615766,       93.65,
 140.225586,   35.615766,       93.42,
 140.230090,   35.615766,       93.18,
 140.234595,   35.615766,       92.94,
 140.239099,   35.615766,       92.71,
 140.243604,   35.615766,       92.47,
 140.248108,   35.615766,       92.24,
 140.252613,   35.615766,       92.00,
 140.257117,   35.615766,       91.76,
 140.261622,   35.615766,       91.53,
 140.266126,   35.615766,       91.29,
 140.270631,   35.615766,       91.05,
 140.275135,   35.615766,       90.82,
 140.279640,   35.615766,       90.58,
 140.284144,   35.615766,       90.34,
 140.288649,   35.615766,       90.11,
 140.293153,   35.615766,       89.87,
 140.297658,   35.615766,       89.64,
 140.302162,   35.615766,       89.40,
 140.306667,   35.615766,       89.16,
 140.311171,   35.615766,       88.93,
 140.315676,   35.615766,       88.69,
 140.320180,   35.615766,       88.45,
 140.324685,   35.615766,       88.22,
 140.329189,   35.615766,       87.98,
 140.333694,   35.615766,       87.74,
 140.338198,   35.615766,       87.51,
 140.342703,   35.615766,       87.27,
 140.347207,   35.615766,       87.03,
 140.351712,   35.615766,       86.80,
 140.356216,   35.615766,       86.56,
 140.360721,   35.615766,       86.33,
 140.365225,   35.615766,       86.09,
 140.369730,   35.615766,       85.85,
 140.374234,   35.615766,       85.62,
 140.378739,   35.615766,       85.38,
 140.383243,   35.615766,       85.14,
 140.387748,   35.615766,       84.91,
 139.140000,   35.620270,       13.74,
 139.144505,   35.620270,       14.05,
 139.149009,   35.620270,       14.36,
 139.153514,   35.620270,       14.67,
 139.158018,   35.620270,       14.98,
 139.162523,   35.620270,       15.30,
 139.167027,   35.620270,       15.61,
 139.171532,   35.620270,       15.93,
 139.176036,   35.620270,       16.26,
 139.180541,   35.620270,       16.58,
 139.185045,   35.620270,       16.91,
 139.189550,   35.620270,       17.24,
 139.194054,   35.620270,       17.57,
 139.198559,   35.620270,       17.91,
 139.203063,   35.620270,       18.25,
 139.207568,   35.620270,       18.59,
 139.212072,   35.620270,       18.93,
 139.216577,   35.620270,       19.28,
 139.221081,   35.620270,       19.63,
 139.225586,   35.620270,       19.98,
 139.230090,   35.620270,       20.33,
 139.234595,   35.620270,       20.69,
 139.239099,   35.620270,       21.04,
 139.243604,   35.620270,       21.40,
 139.248108,   35.620270,       21.77,
 139.252613,   35.620270,       22.13,
 139.257117,   35.620270,       22.50,
 139.261622,   35.620270,       22.87,
 139.266126,   35.620270,       23.25,
 139.270631,   35.620270,       23.62,
 139.275135,   35.620270,       24.00,
 139.279640,   35.620270,       24.38,
 139.284144,   35.620270,       24.76,
 139.288649,   35.620270,       25.15,
 139.293153,   35.620270,       25.54,
 139.297658,   35.620270,       25.93,
 139.302162,   35.620270,       26.32,
 139.306667,   35.620270,       26.72,
 139.311171,   35.620270,       27.12,
 139.315676,   35.620270,       27.52,
 139.320180,   35.620270,       27.92,
 139.324685,   35.620270,       28.33,
 139.329189,   35.620270,       28.74,
 139.333694,   35.620270,       29.15,
 139.338198,   35.620270,       29.56,
 139.342703,   35.620270,       29.98,
 139.347207,   35.620270,       30.40,
 139.351712,   35.620270,       30.82,
 139.356216,   35.620270,       31.24,
 139.360721,   35.620270,       31.67,
 139.365225,   35.620270,       32.09,
 139.369730,   35.620270,       32.53,
 139.374234,   35.620270,       32.96,
 139.378739,   35.620270,       33.40,
 139.383243,   35.620270,       33.83,
 139.387748,   35.620270,       34.27,
 139.392252,   35.620270,       34.72,
 139.396757,   35.620270,       35.16,
 139.401261,   35.620270,       35.61,
 139.405766,   35.620270,       36.06,
 139.410270,   35.620270,       36.52,
 139.414775,   35.620270,       36.97,
 139.419279,   35.620270,       37.43,
 139.423784,   35.620270,       37.89,
 139.428288,   35.620270,       38.36,
 139.432793,   35.620270,       38.82,
 139.437297,   35.620270,       39.29,
 139.441802,   35.620270,       39.76,
 139.446306,   35.620270,       40.24,
 139.450811,   35.620270,       40.71,
 139.455315,   35.620270,       41.19,
 139.459820,   35.620270,       41.67,
 139.464324,   35.620270,       42.16,
 139.468829,   35.620270,       42.64,
 139.473333,   35.620270,       43.13,
 139.477838,   35.620270,       43.62,
 139.482342,   35.620270,       44.12,
 139.486847,   35.620270,       44.61,
 139.491351,   35.620270,       45.11,
 139.495856,   35.620270,       45.61,
 139.500360,   35.620270,       46.12,
 139.504865,   35.620270,       46.62,
 139.509369,   35.620270,       47.13,
 139.513874,   35.620270,       47.65,
 139.518378,   35.620270,       48.16,
 139.522883,   35.620270,       48.68,
 139.527387,   35.620270,       49.19,
 139.531892,   35.620270,       49.72,
 139.536396,   35.620270,       50.24,
 139.540901,   35.620270,       50.77,
 139.545405,   35.620270,       51.30,
 139.549910,   35.620270,       51.83,
 139.554414,   35.620270,       52.36,
 139.558919,   35.620270,       52.90,
 139.563423,   35.620270,       53.44,
 139.567928,   35.620270,       53.98,
 139.572432,   35.620270,       54.52,
 139.576937,   35.620270,       55.07,
 139.581441,   35.620270,       55.62,
 139.585946,   35.620270,       56.17,
 139.590450,   35.620270,       56.72,
 139.594955,   35.620270,       57.28,
 139.599459,   35.620270,       57.84,
 139.603964,   35.620270,       58.40,
 139.608468,   35.620270,       58.96,
 139.612973,   35.620270,       59.53,
 139.617477,   35.620270,       60.10,
 139.621982,   35.620270,       60.67,
 139.626486,   35.620270,       61.25,
 139.630991,   35.620270,       61.82,
 139.635495,   35.620270,       62.40,
 139.640000,   35.620270,       62.98,
 139.644505,   35.620270,       63.57,
 139.649009,   35.620270,       64.16,
 139.653514,   35.620270,       64.74,
 139.658018,   35.620270,       65.34,
 139.662523,   35.620270,       65.93,
 139.667027,   35.620270,       66.53,
 139.671532,   35.620270,       67.13,
 139.676036,   35.620270,       67.73,
 139.680541,   35.620270,       68.33,
 139.685045,   35.620270,       68.94,
 139.689550,   35.620270,       69.55,
 139.694054,   35.620270,       70.16,
 139.698559,   35.620270,       70.77,
 139.703063,   35.620270,       71.39,
 139.707568,   35.620270,       72.01,
 139.712072,   35.620270,       72.63,
 139.716577,   35.620270,       72.88,
 139.721081,   35.620270,       73.63,
 139.725586,   35.620270,       74.56,
 139.730090,   35.620270,       75.55,
 139.734595,   35.620270,       76.61,
 139.739099,   35.620270,       77.53,
 139.743604,   35.620270,       77.78,
 139.748108,   35.620270,       76.56,
 139.752613,   35.620270,       75.79,
 139.757117,   35.620270,       76.94,
 139.761622,   35.620270,       78.60,
 139.766126,   35.620270,       81.25,
 139.770631,   35.620270,       83.76,
 139.775135,   35.620270,       82.92,
 139.779640,   35.620270,       81.34,
 139.784144,   35.620270,       79.27,
 139.788649,   35.620270,       78.50,
 139.793153,   35.620270,       79.48,
 139.797658,   35.620270,       79.93,
 139.802162,   35.620270,       80.01,
 139.806667,   35.620270,       79.93,
 139.811171,   35.620270,       79.86,
 139.815676,   35.620270,       79.84,
 139.820180,   35.620270,       79.86,
 139.824685,   35.620270,       80.16,
 139.829189,   35.620270,       80.67,
 139.833694,   35.620270,       77.94,
 139.838198,   35.620270,       68.74,
 139.842703,   35.620270,       74.71,
 139.847207,   35.620270,       81.58,
 139.851712,   35.620270,       85.12,
 139.856216,   35.620270,       86.87,
 139.860721,   35.620270,       87.50,
 139.865225,   35.620270,       86.51,
 139.869730,   35.620270,       85.53,
 139.874234,   35.620270,       85.60,
 139.878739,   35.620270,       85.59,
 139.883243,   35.620270,       85.59,
 139.887748,   35.620270,       85.73,
 139.892252,   35.620270,       85.89,
 139.896757,   35.620270,       85.99,
 139.901261,   35.620270,       86.09,
 139.905766,   35.620270,       86.14,
 139.910270,   35.620270,       86.11,
 139.914775,   35.620270,       86.08,
 139.919279,   35.620270,       86.05,
 139.923784,   35.620270,       86.01,
 139.928288,   35.620270,       85.87,
 139.932793,   35.620270,       85.74,
 139.937297,   35.620270,       85.67,
 139.941802,   35.620270,       85.63,
 139.946306,   35.620270,       85.61,
 139.950811,   35.620270,       85.65,
 139.955315,   35.620270,       85.68,
 139.959820,   35.620270,       85.80,
 139.964324,   35.620270,       85.92,
 139.968829,   35.620270,       86.04,
 139.973333,   35.620270,       86.18,
 139.977838,   35.620270,       86.37,
 139.982342,   35.620270,       86.58,
 139.986847,   35.620270,       86.78,
 139.991351,   35.620270,       87.00,
 139.995856,   35.620270,       87.25,
 140.000360,   35.620270,       87.50,
 140.004865,   35.620270,       87.76,
 140.009369,   35.620270,       88.06,
 140.013874,   35.620270,       88.35,
 140.018378,   35.620270,       88.64,
 140.022883,   35.620270,       88.96,
 140.027387,   35.620270,       89.28,
 140.031892,   35.620270,       89.60,
 140.036396,   35.620270,       89.78,
 140.040901,   35.620270,       89.92,
 140.045405,   35.620270,       90.07,
 140.049910,   35.620270,       90.24,
 140.054414,   35.620270,       90.47,
 140.058919,   35.620270,       90.70,
 140.063423,   35.620270,       92.02,
 140.067928,   35.620270,       95.32,
 140.072432,   35.620270,       98.89,
 140.076937,   35.620270,      102.58,
 140.081441,   35.620270,      106.57,
 140.085946,   35.620270,      110.42,
 140.090450,   35.620270,      114.55,
 140.094955,   35.620270,      118.96,
 140.099459,   35.620270,      123.65,
 140.103964,   35.620270,      128.62,
 140.108468,   35.620270,      134.85,
 140.112973,   35.620270,      136.46,
 140.117477,   35.620270,      134.45,
 140.121982,   35.620270,      130.82,
 140.126486,   35.620270,      125.58,
 140.130991,   35.620270,      118.73,
 140.135495,   35.620270,      110.26,
 140.140000,   35.620270,      100.18,
 140.144505,   35.620270,       97.36,
 140.149009,   35.620270,       97.88,
 140.153514,   35.620270,       98.06,
 140.158018,   35.620270,       97.82,
 140.162523,   35.620270,       97.58,
 140.167027,   35.620270,       97.35,
 140.171532,   35.620270,       97.11,
 140.176036,   35.620270,       96.88,
 140.180541,   35.620270,       96.64,
 140.185045,   35.620270,       96.40,
 140.189550,   35.620270,       96.17,
 140.194054,   35.620270,       95.93,
 140.198559,   35.620270,       95.70,
 140.203063,   35.620270,       95.46,
 140.207568,   35.620270,       95.22,
 140.212072,   35.620270,       94.99,
 140.216577,   35.620270,       94.75,
 140.221081,   35.620270,       94.52,
 140.225586,   35.620270,       94.28,
 140.230090,   35.620270,       94.04,
 140.234595,   35.620270,       93.81,
 140.239099,   35.620270,       93.57,
 140.243604,   35.620270,       93.33,
 140.248108,   35.620270,       93.10,
 140.252613,   35.620270,       92.86,
 140.257117,   35.620270,       92.63,
 140.261622,   35.620270,       92.39,
 140.266126,   35.620270,       92.15,
 140.270631,   35.620270,       91.92,
 140.275135,   35.620270,       91.68,
 140.279640,   35.620270,       91.44,
 140.284144,   35.620270,       91.21,
 140.288649,   35.620270,       90.97,
 140.293153,   35.620270,       90.73,
 140.297658,   35.620270,       90.50,
 140.302162,   35.620270,       90.26,
 140.306667,   35.620270,       90.03,
 140.311171,   35.620270,       89.79,
 140.315676,   35.620270,       89.55,
 140.320180,   35.620270,       89.32,
 140.324685,   35.620270,       89.08,
 140.329189,   35.620270,       88.84,
 140.333694,   35.620270,       88.61,
 140.338198,   35.620270,       88.37,
 140.342703,   35.620270,       88.13,
 140.347207,   35.620270,       87.90,
 140.351712,   35.620270,       87.66,
 140.356216,   35.620270,       87.42,
 140.360721,   35.620270,       87.19,
 140.365225,   35.620270,       86.95,
 140.369730,   35.620270,       86.71,
 140.374234,   35.620270,       86.48,
 140.378739,   35.620270,       86.24,
 140.383243,   35.620270,       86.01,
 140.387748,   35.620270,       85.77,
 139.140000,   35.624775,       13.80,
 139.144505,   35.624775,       14.10,
 139.149009,   35.624775,       14.41,
 139.153514,   35.624775,       14.72,
 139.158018,   35.624775,       15.03,
 139.162523,   35.624775,       15.35,
 139.167027,   35.624775,       15.66,
 139.171532,   35.624775,       15.98,
 139.176036,   35.624775,       16.30,
 139.180541,   35.624775,       16.63,
 139.185045,   35.624775,       16.96,
 139.189550,   35.624775,       17.29,
 139.194054,   35.624775,       17.62,
 139.198559,   35.624775,       17.95,
 139.203063,   35.624775,       18.29,
 139.207568,   35.624775,       18.63,
 139.212072,   35.624775,       18.97,
 139.216577,   35.624775,       19.32,
 139.221081,   35.624775,       19.66,
 139.225586,   35.624775,       20.01,
 139.230090,   35.624775,       20.36,
 139.234595,   35.624775,       20.72,
 139.239099,   35.624775,       21.08,
 139.243604,   35.624775,       21.44,
 139.248108,   35.624775,       21.80,
 139.252613,   35.624775,       22.16,
 139.257117,   35.624775,       22.53,
 139.261622,   35.624775,       22.90,
 139.266126,   35.624775,       23.27,
 139.270631,   35.624775,       23.65,
 139.275135,   35.624775,       24.02,
 139.279640,   35.624775,       24.40,
 139.284144,   35.624775,       24.79,
 139.288649,   35.624775,       25.17,
 139.293153,   35.624775,       25.56,
 139.297658,   35.624775,       25.95,
 139.302162,   35.624775,       26.34,
 139.306667,   35.624775,       26.74,
 139.311171,   35.624775,       27.13,
 139.315676,   35.624775,       27.53,
 139.320180,   35.624775,       27.94,
 139.324685,   35.624775,       28.34,
 139.329189,   35.624775,       28.75,
 139.333694,   35.624775,       29.16,
 139.338198,   35.624775,       29.57,
 139.342703,   35.624775,       29.98,
 139.347207,   35.624775,       30.40,
 139.351712,   35.624775,       30.82,
 139.356216,   35.624775,       31.24,
 139.360721,   35.624775,       31.67,
 139.365225,   35.624775,       32.10,
 139.369730,   35.624775,       32.53,
 139.374234,   35.624775,       32.96,
 139.378739,   35.624775,       33.39,
 139.383243,   35.624775,       33.83,
 139.387748,   35.624775,       34.27,
 139.392252,   35.624775,       34.71,
 139.396757,   35.624775,       35.16,
 139.401261,   35.624775,       35.61,
 139.405766,   35.624775,       36.06,
 139.410270,   35.624775,       36.51,
 139.414775,   35.624775,       36.97,
 139.419279,   35.624775,       37.42,
 139.423784,   35.624775,       37.88,
 139.428288,   35.624775,       38.35,
 139.432793,   35.624775,       38.81,
 139.437297,   35.624775,       39.28,
 139.441802,   35.624775,       39.75,
 139.446306,   35.624775,       40.22,
 139.450811,   35.624775,       40.70,
 139.455315,   35.624775,       41.17,
 139.459820,   35.624775,       41.65,
 139.464324,   35.624775,       42.14,
 139.468829,   35.624775,       42.62,
 139.473333,   35.624775,       43.11,
 139.477838,   35.624775,       43.60,
 139.482342,   35.624775,       44.09,
 139.486847,   35.624775,       44.59,
 139.491351,   35.624775,       45.09,
 139.495856,   35.624775,       45.59,
 139.500360,   35.624775,       46.09,
 139.504865,   35.624775,       46.59,
 139.509369,   35.624775,       47.10,
 139.513874,   35.624775,       47.61,
 139.518378,   35.624775,       48.13,
 139.522883,   35.624775,       48.64,
 139.527387,   35.624775,       49.16,
 139.531892,   35.624775,       49.68,
 139.536396,   35.624775,       50.20,
 139.540901,   35.624775,       50.73,
 139.545405,   35.624775,       51.26,
 139.549910,   35.624775,       51.79,
 139.554414,   35.624775,       52.32,
 139.558919,   35.624775,       52.85,
 139.563423,   35.624775,       53.39,
 139.567928,   35.624775,       53.93,
 139.572432,   35.624775,       54.48,
 139.576937,   35.624775,       55.02,
 139.581441,   35.624775,       55.57,
 139.585946,   35.624775,       56.12,
 139.590450,   35.624775,       56.67,
 139.594955,   35.624775,       57.23,
 139.599459,   35.624775,       57.79,
 139.603964,   35.624775,       58.35,
 139.608468,   35.624775,       58.91,
 139.612973,   35.624775,       59.48,
 139.617477,   35.624775,       60.04,
 139.621982,   35.624775,       60.61,
 139.626486,   35.624775,       61.19,
 139.630991,   35.624775,       61.76,
 139.635495,   35.624775,       62.34,
 139.640000,   35.624775,       62.92,
 139.644505,   35.624775,       63.51,
 139.649009,   35.624775,       64.09,
 139.653514,   35.624775,       64.68,
 139.658018,   35.624775,       65.27,
 139.662523,   35.624775,       65.86,
 139.667027,   35.624775,       66.46,
 139.671532,   35.624775,       67.06,
 139.676036,   35.624775,       67.66,
 139.680541,   35.624775,       68.26,
 139.685045,   35.624775,       68.87,
 139.689550,   35.624775,       69.48,
 139.694054,   35.624775,       70.09,
 139.698559,   35.624775,       70.70,
 139.703063,   35.624775,       71.32,
 139.707568,   35.624775,       71.93,
 139.712072,   35.624775,       72.55,
 139.716577,   35.624775,       73.18,
 139.721081,   35.624775,       73.80,
 139.725586,   35.624775,       74.13,
 139.730090,   35.624775,       75.04,
 139.734595,   35.624775,       76.00,
 139.739099,   35.624775,       77.01,
 139.743604,   35.624775,       77.74,
 139.748108,   35.624775,       77.03,
 139.752613,   35.624775,       75.09,
 139.757117,   35.624775,       76.11,
 139.761622,   35.624775,       78.90,
 139.766126,   35.624775,       82.62,
 139.770631,   35.624775,       84.63,
 139.775135,   35.624775,       83.13,
 139.779640,   35.624775,       80.64,
 139.784144,   35.624775,       78.51,
 139.788649,   35.624775,       78.49,
 139.793153,   35.624775,       79.13,
 139.797658,   35.624775,       79.51,
 139.802162,   35.624775,       79.65,
 139.806667,   35.624775,       79.68,
 139.811171,   35.624775,       79.60,
 139.815676,   35.624775,       79.58,
 139.820180,   35.624775,       79.66,
 139.824685,   35.624775,       79.95,
 139.829189,   35.624775,       79.69,
 139.833694,   35.624775,       62.68,
 139.838198,   35.624775,       42.07,
 139.842703,   35.624775,       63.00,
 139.847207,   35.624775,       88.02,
 139.851712,   35.624775,       91.82,
 139.856216,   35.624775,       93.36,
 139.860721,   35.624775,       92.71,
 139.865225,   35.624775,       90.26,
 139.869730,   35.624775,       86.91,
 139.874234,   35.624775,       86.63,
 139.878739,   35.624775,       86.67,
 139.883243,   35.624775,       86.60,
 139.887748,   35.624775,       86.54,
 139.892252,   35.624775,       86.51,
 139.896757,   35.624775,       86.61,
 139.901261,   35.624775,       86.69,
 139.905766,   35.624775,       86.75,
 139.910270,   35.624775,       86.81,
 139.914775,   35.624775,       86.85,
 139.919279,   35.624775,       86.85,
 139.923784,   35.624775,       86.88,
 139.928288,   35.624775,       86.86,
 139.932793,   35.624775,       86.77,
 139.937297,   35.624775,       86.71,
 139.941802,   35.624775,       86.65,
 139.946306,   35.624775,       86.61,
 139.950811,   35.624775,       86.57,
 139.955315,   35.624775,       86.54,
 139.959820,   35.624775,       86.60,
 139.964324,   35.624775,       86.71,
 139.968829,   35.624775,       86.82,
 139.973333,   35.624775,       86.93,
 139.977838,   35.624775,       87.09,
 139.982342,   35.624775,       87.28,
 139.986847,   35.624775,       87.46,
 139.991351,   35.624775,       87.64,
 139.995856,   35.624775,       87.87,
 140.000360,   35.624775,       88.12,
 140.004865,   35.624775,       88.36,
 140.009369,   35.624775,       88.62,
 140.013874,   35.624775,       88.91,
 140.018378,   35.624775,       89.21,
 140.022883,   35.624775,       89.51,
 140.027387,   35.624775,       89.80,
 140.031892,   35.624775,       90.06,
 140.036396,   35.624775,       90.17,
 140.040901,   35.624775,       90.28,
 140.045405,   35.624775,       90.38,
 140.049910,   35.624775,       90.51,
 140.054414,   35.624775,       90.72,
 140.058919,   35.624775,       92.98,
 140.063423,   35.624775,       96.40,
 140.067928,   35.624775,       99.89,
 140.072432,   35.624775,      103.70,
 140.076937,   35.624775,      107.32,
 140.081441,   35.624775,      111.04,
 140.085946,   35.624775,      115.05,
 140.090450,   35.624775,      119.33,
 140.094955,   35.624775,      123.89,
 140.099459,   35.624775,      128.73,
 140.103964,   35.624775,      133.85,
 140.108468,   35.624775,      139.47,
 140.112973,   35.624775,      145.93,
 140.117477,   35.624775,      147.17,
 140.121982,   35.624775,      143.67,
 140.126486,   35.624775,      138.55,
 140.130991,   35.624775,      131.82,
 140.135495,   35.624775,      123.48,
 140.140000,   35.624775,      113.52,
 140.144505,   35.624775,      101.95,
 140.149009,   35.624775,       97.64,
 140.153514,   35.624775,       98.15,
 140.158018,   35.624775,       98.67,
 140.162523,   35.624775,       98.45,
 140.167027,   35.624775,       98.21,
 140.171532,   35.624775,       97.97,
 140.176036,   35.624775,       97.74,
 140.180541,   35.624775,       97.50,
 140.185045,   35.624775,       97.27,
 140.189550,   35.624775,       97.03,
 140.194054,   35.624775,       96.79,
 140.198559,   35.624775,       96.56,
 140.203063,   35.624775,       96.32,
 140.207568,   35.624775,       96.09,
 140.212072,   35.624775,       95.85,
 140.216577,   35.624775,       95.61,
 140.221081,   35.624775,       95.38,
 140.225586,   35.624775,       95.14,
 140.230090,   35.624775,       94.91,
 140.234595,   35.624775,       94.67,
 140.239099,   35.624775,       94.43,
 140.243604,   35.624775,       94.20,
 140.248108,   35.624775,       93.96,
 140.252613,   35.624775,       93.72,
 140.257117,   35.624775,       93.49,
 140.261622,   35.624775,       93.25,
 140.266126,   35.624775,       93.02,
 140.270631,   35.624775,       92.78,
 140.275135,   35.624775,       92.54,
 140.279640,   35.624775,       92.31,
 140.284144,   35.624775,       92.07,
 140.288649,   35.624775,       91.83,
 140.293153,   35.624775,       91.60,
 140.297658,   35.624775,       91.36,
 140.302162,   35.624775,       91.12,
 140.306667,   35.624775,       90.89,
 140.311171,   35.624775,       90.65,
 140.315676,   35.624775,       90.42,
 140.320180,   35.624775,       90.18,
 140.324685,   35.624775,       89.94,
 140.329189,   35.624775,       89.71,
 140.333694,   35.624775,       89.47,
 140.338198,   35.624775,       89.23,
 140.342703,   35.624775,       89.00,
 140.347207,   35.624775,       88.76,
 140.351712,   35.624775,       88.52,
 140.356216,   35.624775,       88.29,
 140.360721,   35.624775,       88.05,
 140.365225,   35.624775,       87.81,
 140.369730,   35.624775,       87.58,
 140.374234,   35.624775,       87.34,
 140.378739,   35.624775,       87.10,
 140.383243,   35.624775,       86.87,
 140.387748,   35.624775,       86.63,
 139.140000,   35.629279,       13.85,
 139.144505,   35.629279,       14.16,
 139.149009,   35.629279,       14.46,
 139.153514,   35.629279,       14.77,
 139.158018,   35.629279,       15.08,
 139.162523,   35.629279,       15.39,
 139.167027,   35.629279,       15.71,
 139.171532,   35.629279,       16.03,
 139.176036,   35.629279,       16.35,
 139.180541,   35.629279,       16.67,
 139.185045,   35.629279,       17.00,
 139.189550,   35.629279,       17.33,
 139.194054,   35.629279,       17.66,
 139.198559,   35.629279,       17.99,
 139.203063,   35.629279,       18.33,
 139.207568,   35.629279,       18.67,
 139.212072,   35.629279,       19.01,
 139.216577,   35.629279,       19.35,
 139.221081,   35.629279,       19.70,
 139.225586,   35.629279,       20.05,
 139.230090,   35.629279,       20.40,
 139.234595,   35.629279,       20.75,
 139.239099,   35.629279,       21.11,
 139.243604,   35.629279,       21.47,
 139.248108,   35.629279,       21.83,
 139.252613,   35.629279,       22.19,
 139.257117,   35.629279,       22.56,
 139.261622,   35.629279,       22.92,
 139.266126,   35.629279,       23.30,
 139.270631,   35.629279,       23.67,
 139.275135,   35.629279,       24.05,
 139.279640,   35.629279,       24.42,
 139.284144,   35.629279,       24.81,
 139.288649,   35.629279,       25.19,
 139.293153,   35.629279,       25.58,
 139.297658,   35.629279,       25.96,
 139.302162,   35.629279,       26.36,
 139.306667,   35.629279,       26.75,
 139.311171,   35.629279,       27.15,
 139.315676,   35.629279,       27.55,
 139.320180,   35.629279,       27.95,
 139.324685,   35.629279,       28.35,
 139.329189,   35.629279,       28.76,
 139.333694,   35.629279,       29.17,
 139.338198,   35.629279,       29.58,
 139.342703,   35.629279,       29.99,
 139.347207,   35.629279,       30.41,
 139.351712,   35.629279,       30.83,
 139.356216,   35.629279,       31.25,
 139.360721,   35.629279,       31.67,
 139.365225,   35.629279,       32.10,
 139.369730,   35.629279,       32.53,
 139.374234,   35.629279,       32.96,
 139.378739,   35.629279,       33.39,
 139.383243,   35.629279,       33.83,
 139.387748,   35.629279,       34.27,
 139.392252,   35.629279,       34.71,
 139.396757,   35.629279,       35.15,
 139.401261,   35.629279,       35.60,
 139.405766,   35.629279,       36.05,
 139.410270,   35.629279,       36.50,
 139.414775,   35.629279,       36.95,
 139.419279,   35.629279,       37.41,
 139.423784,   35.629279,       37.87,
 139.428288,   35.629279,       38.33,
 139.432793,   35.629279,       38.80,
 139.437297,   35.629279,       39.26,
 139.441802,   35.629279,       39.73,
 139.446306,   35.629279,       40.20,
 139.450811,   35.629279,       40.68,
 139.455315,   35.629279,       41.15,
 139.459820,   35.629279,       41.63,
 139.464324,   35.629279,       42.11,
 139.468829,   35.629279,       42.60,
 139.473333,   35.629279,       43.09,
 139.477838,   35.629279,       43.57,
 139.482342,   35.629279,       44.07,
 139.486847,   35.629279,       44.56,
 139.491351,   35.629279,       45.06,
 139.495856,   35.629279,       45.56,
 139.500360,   35.629279,       46.06,
 139.504865,   35.629279,       46.56,
 139.509369,   35.629279,       47.07,
 139.513874,   35.629279,       47.58,
 139.518378,   35.629279,       48.09,
 139.522883,   35.629279,       48.60,
 139.527387,   35.629279,       49.12,
 139.531892,   35.629279,       49.64,
 139.536396,   35.629279,       50.16,
 139.540901,   35.629279,       50.69,
 139.545405,   35.629279,       51.21,
 139.549910,   35.629279,       51.74,
 139.554414,   35.629279,       52.28,
 139.558919,   35.629279,       52.81,
 139.563423,   35.629279,       53.35,
 139.567928,   35.629279,       53.89,
 139.572432,   35.629279,       54.43,
 139.576937,   35.629279,       54.97,
 139.581441,   35.629279,       55.52,
 139.585946,   35.629279,       56.07,
 139.590450,   35.629279,       56.62,
 139.594955,   35.629279,       57.18,
 139.599459,   35.629279,       57.73,
 139.603964,   35.629279,       58.29,
 139.608468,   35.629279,       58.85,
 139.612973,   35.629279,       59.42,
 139.617477,   35.629279,       59.99,
 139.621982,   35.629279,       60.56,
 139.626486,   35.629279,       61.13,
 139.630991,   35.629279,       61.70,
 139.635495,   35.629279,       62.28,
 139.640000,   35.629279,       62.86,
 139.644505,   35.629279,       63.44,
 139.649009,   35.629279,       64.03,
 139.653514,   35.629279,       64.61,
 139.658018,   35.629279,       65.20,
 139.662523,   35.629279,       65.79,
 139.667027,   35.629279,       66.39,
 139.671532,   35.629279,       66.99,
 139.676036,   35.629279,       67.59,
 139.680541,   35.629279,       68.19,
 139.685045,   35.629279,       68.79,
 139.689550,   35.629279,       69.40,
 139.694054,   35.629279,       70.01,
 139.698559,   35.629279,       70.62,
 139.703063,   35.629279,       71.24,
 139.707568,   35.629279,       71.85,
 139.712072,   35.629279,       72.47,
 139.716577,   35.629279,       73.10,
 139.721081,   35.629279,       73.72,
 139.725586,   35.629279,       74.35,
 139.730090,   35.629279,       74.67,
 139.734595,   35.629279,       75.52,
 139.739099,   35.629279,       76.45,
 139.743604,   35.629279,       77.37,
 139.748108,   35.629279,       77.65,
 139.752613,   35.629279,       75.52,
 139.757117,   35.629279,       75.21,
 139.761622,   35.629279,       78.46,
 139.766126,   35.629279,       83.43,
 139.770631,   35.629279,       86.58,
 139.775135,   35.629279,       85.74,
 139.779640,   35.629279,       82.65,
 139.784144,   35.629279,       78.95,
 139.788649,   35.629279,       78.61,
 139.793153,   35.629279,       78.95,
 139.797658,   35.629279,       79.13,
 139.802162,   35.629279,       79.19,
 139.806667,   35.629279,       79.13,
 139.811171,   35.629279,       79.06,
 139.815676,   35.629279,       79.05,
 139.820180,   35.629279,       79.22,
 139.824685,   35.629279,       79.26,
 139.829189,   35.629279,       63.85,
 139.833694,   35.629279,       -4.34,
 139.838198,   35.629279,      120.27,
 139.842703,   35.629279,      120.27,
 139.847207,   35.629279,      124.95,
 139.851712,   35.629279,      124.95,
 139.856216,   35.629279,      109.41,
 139.860721,   35.629279,      100.70,
 139.865225,   35.629279,       94.17,
 139.869730,   35.629279,       89.55,
 139.874234,   35.629279,       87.51,
 139.878739,   35.629279,       86.69,
 139.883243,   35.629279,       85.90,
 139.887748,   35.629279,       85.77,
 139.892252,   35.629279,       86.35,
 139.896757,   35.629279,       86.77,
 139.901261,   35.629279,       87.15,
 139.905766,   35.629279,       87.41,
 139.910270,   35.629279,       87.48,
 139.914775,   35.629279,       87.47,
 139.919279,   35.629279,       87.51,
 139.923784,   35.629279,       87.60,
 139.928288,   35.629279,       87.70,
 139.932793,   35.629279,       87.71,
 139.937297,   35.629279,       87.65,
 139.941802,   35.629279,       87.62,
 139.946306,   35.629279,       87.57,
 139.950811,   35.629279,       87.49,
 139.955315,   35.629279,       87.42,
 139.959820,   35.629279,       87.46,
 139.964324,   35.629279,       87.51,
 139.968829,   35.629279,       87.59,
 139.973333,   35.629279,       87.69,
 139.977838,   35.629279,       87.81,
 139.982342,   35.629279,       87.97,
 139.986847,   35.629279,       88.12,
 139.991351,   35.629279,       88.28,
 139.995856,   35.629279,       88.48,
 140.000360,   35.629279,       88.70,
 140.004865,   35.629279,       88.90,
 140.009369,   35.629279,       89.13,
 140.013874,   35.629279,       89.41,
 140.018378,   35.629279,       89.68,
 140.022883,   35.629279,       89.92,
 140.027387,   35.629279,       90.20,
 140.031892,   35.629279,       90.48,
 140.036396,   35.629279,       90.55,
 140.040901,   35.629279,       90.61,
 140.045405,   35.629279,       90.67,
 140.049910,   35.629279,       90.76,
 140.054414,   35.629279,       93.85,
 140.058919,   35.629279,       97.22,
 140.063423,   35.629279,      100.71,
 140.067928,   35.629279,      104.45,
 140.072432,   35.629279,      107.76,
 140.076937,   35.629279,      111.36,
 140.081441,   35.629279,      115.24,
 140.085946,   35.629279,      119.39,
 140.090450,   35.629279,      123.83,
 140.094955,   35.629279,      128.54,
 140.099459,   35.629279,      133.53,
 140.103964,   35.629279,      138.80,
 140.108468,   35.629279,      144.35,
 140.112973,   35.629279,      150.55,
 140.117477,   35.629279,      157.01,
 140.121982,   35.629279,      158.13,
 140.126486,   35.629279,      153.14,
 140.130991,   35.629279,      146.53,
 140.135495,   35.629279,      138.31,
 140.140000,   35.629279,      128.48,
 140.144505,   35.629279,      117.03,
 140.149009,   35.629279,      103.97,
 140.153514,   35.629279,       97.91,
 140.158018,   35.629279,       98.43,
 140.162523,   35.629279,       98.95,
 140.167027,   35.629279,       99.07,
 140.171532,   35.629279,       98.84,
 140.176036,   35.629279,       98.60,
 140.180541,   35.629279,       98.37,
 140.185045,   35.629279,       98.13,
 140.189550,   35.629279,       97.89,
 140.194054,   35.629279,       97.66,
 140.198559,   35.629279,       97.42,
 140.203063,   35.629279,       97.19,
 140.207568,   35.629279,       96.95,
 140.212072,   35.629279,       96.71,
 140.216577,   35.629279,       96.48,
 140.221081,   35.629279,       96.24,
 140.225586,   35.629279,       96.00,
 140.230090,   35.629279,       95.77,
 140.234595,   35.629279,       95.53,
 140.239099,   35.629279,       95.30,
 140.243604,   35.629279,       95.06,
 140.248108,   35.629279,       94.82,
 140.252613,   35.629279,       94.59,
 140.257117,   35.629279,       94.35,
 140.261622,   35.629279,       94.11,
 140.266126,   35.629279,       93.88,
 140.270631,   35.629279,       93.64,
 140.275135,   35.629279,       93.41,
 140.279640,   35.629279,       93.17,
 140.284144,   35.629279,       92.93,
 140.288649,   35.629279,       92.70,
 140.293153,   35.629279,       92.46,
 140.297658,   35.629279,       92.22,
 140.302162,   35.629279,       91.99,
 140.306667,   35.629279,       91.75,
 140.311171,   35.629279,       91.51,
 140.315676,   35.629279,       91.28,
 140.320180,   35.629279,       91.04,
 140.324685,   35.629279,       90.81,
 140.329189,   35.629279,       90.57,
 140.333694,   35.629279,       90.33,
 140.338198,   35.629279,       90.10,
 140.342703,   35.629279,       89.86,
 140.347207,   35.629279,       89.62,
 140.351712,   35.629279,       89.39,
 140.356216,   35.629279,       89.15,
 140.360721,   35.629279,       88.91,
 140.365225,   35.629279,       88.68,
 140.369730,   35.629279,       88.44,
 140.374234,   35.629279,       88.20,
 140.378739,   35.629279,       87.97,
 140.383243,   35.629279,       87.73,
 140.387748,   35.629279,       87.49,
 139.140000,   35.633784,       13.90,
 139.144505,   35.633784,       14.21,
 139.149009,   35.633784,       14.51,
 139.153514,   35.633784,       14.82,
 139.158018,   35.633784,       15.13,
 139.162523,   35.633784,       15.44,
 139.167027,   35.633784,       15.75,
 139.171532,   35.633784,       16.07,
 139.176036,   35.633784,       16.39,
 139.180541,   35.633784,       16.71,
 139.185045,   35.633784,       17.04,
 139.189550,   35.633784,       17.37,
 139.194054,   35.633784,       17.70,
 139.198559,   35.633784,       18.03,
 139.203063,   35.633784,       18.36,
 139.207568,   35.633784,       18.70,
 139.212072,   35.633784,       19.04,
 139.216577,   35.633784,       19.38,
 139.221081,   35.633784,       19.73,
 139.225586,   35.633784,       20.08,
 139.230090,   35.633784,       20.43,
 139.234595,   35.633784,       20.78,
 139.239099,   35.633784,       21.13,
 139.243604,   35.633784,       21.49,
 139.248108,   35.633784,       21.85,
 139.252613,   35.633784,       22.21,
 139.257117,   35.633784,       22.58,
 139.261622,   35.633784,       22.95,
 139.266126,   35.633784,       23.32,
 139.270631,   35.633784,       23.69,
 139.275135,   35.633784,       24.07,
 139.279640,   35.633784,       24.44,
 139.284144,   35.633784,       24.82,
 139.288649,   35.633784,       25.21,
 139.293153,   35.633784,       25.59,
 139.297658,   35.633784,       25.98,
 139.302162,   35.633784,       26.37,
 139.306667,   35.633784,       26.76,
 139.311171,   35.633784,       27.16,
 139.315676,   35.633784,       27.55,
 139.320180,   35.633784,       27.95,
 139.324685,   35.633784,       28.36,
 139.329189,   35.633784,       28.76,
 139.333694,   35.633784,       29.17,
 139.338198,   35.633784,       29.58,
 139.342703,   35.633784,       29.99,
 139.347207,   35.633784,       30.41,
 139.351712,   35.633784,       30.83,
 139.356216,   35.633784,       31.25,
 139.360721,   35.633784,       31.67,
 139.365225,   35.633784,       32.10,
 139.369730,   35.633784,       32.52,
 139.374234,   35.633784,       32.95,
 139.378739,   35.633784,       33.39,
 139.383243,   35.633784,       33.82,
 139.387748,   35.633784,       34.26,
 139.392252,   35.633784,       34.70,
 139.396757,   35.633784,       35.14,
 139.401261,   35.633784,       35.59,
 139.405766,   35.633784,       36.04,
 139.410270,   35.633784,       36.49,
 139.414775,   35.633784,       36.94,
 139.419279,   35.633784,       37.40,
 139.423784,   35.633784,       37.85,
 139.428288,   35.633784,       38.31,
 139.432793,   35.633784,       38.78,
 139.437297,   35.633784,       39.24,
 139.441802,   35.633784,       39.71,
 139.446306,   35.633784,       40.18,
 139.450811,   35.633784,       40.65,
 139.455315,   35.633784,       41.13,
 139.459820,   35.633784,       41.61,
 139.464324,   35.633784,       42.09,
 139.468829,   35.633784,       42.57,
 139.473333,   35.633784,       43.06,
 139.477838,   35.633784,       43.55,
 139.482342,   35.633784,       44.04,
 139.486847,   35.633784,       44.53,
 139.491351,   35.633784,       45.03,
 139.495856,   35.633784,       45.52,
 139.500360,   35.633784,       46.02,
 139.504865,   35.633784,       46.53,
 139.509369,   35.633784,       47.03,
 139.513874,   35.633784,       47.54,
 139.518378,   35.633784,       48.05,
 139.522883,   35.633784,       48.57,
 139.527387,   35.633784,       49.08,
 139.531892,   35.633784,       49.60,
 139.536396,   35.633784,       50.12,
 139.540901,   35.633784,       50.64,
 139.545405,   35.633784,       51.17,
 139.549910,   35.633784,       51.70,
 139.554414,   35.633784,       52.23,
 139.558919,   35.633784,       52.76,
 139.563423,   35.633784,       53.30,
 139.567928,   35.633784,       53.84,
 139.572432,   35.633784,       54.38,
 139.576937,   35.633784,       54.92,
 139.581441,   35.633784,       55.47,
 139.585946,   35.633784,       56.01,
 139.590450,   35.633784,       56.57,
 139.594955,   35.633784,       57.12,
 139.599459,   35.633784,       57.68,
 139.603964,   35.633784,       58.23,
 139.608468,   35.633784,       58.79,
 139.612973,   35.633784,       59.36,
 139.617477,   35.633784,       59.92,
 139.621982,   35.633784,       60.49,
 139.626486,   35.633784,       61.06,
 139.630991,   35.633784,       61.64,
 139.635495,   35.633784,       62.21,
 139.640000,   35.633784,       62.79,
 139.644505,   35.633784,       63.37,
 139.649009,   35.633784,       63.96,
 139.653514,   35.633784,       64.54,
 139.658018,   35.633784,       65.13,
 139.662523,   35.633784,       65.72,
 139.667027,   35.633784,       66.32,
 139.671532,   35.633784,       66.91,
 139.676036,   35.633784,       67.51,
 139.680541,   35.633784,       68.11,
 139.685045,   35.633784,       68.72,
 139.689550,   35.633784,       69.32,
 139.694054,   35.633784,       69.93,
 139.698559,   35.633784,       70.54,
 139.703063,   35.633784,       71.15,
 139.707568,   35.633784,       71.77,
 139.712072,   35.633784,       72.39,
 139.716577,   35.633784,       73.01,
 139.721081,   35.633784,       73.63,
 139.725586,   35.633784,       74.26,
 139.730090,   35.633784,       74.89,
 139.734595,   35.633784,       75.52,
 139.739099,   35.633784,       76.02,
 139.743604,   35.633784,       76.89,
 139.748108,   35.633784,       77.66,
 139.752613,   35.633784,       76.47,
 139.757117,   35.633784,       74.21,
 139.761622,   35.633784,       78.15,
 139.766126,   35.633784,       83.34,
 139.770631,   35.633784,       88.11,
 139.775135,   35.633784,       91.22,
 139.779640,   35.633784,       89.99,
 139.784144,   35.633784,       86.20,
 139.788649,   35.633784,       82.50,
 139.793153,   35.633784,       79.93,
 139.797658,   35.633784,       78.83,
 139.802162,   35.633784,       78.78,
 139.806667,   35.633784,       78.52,
 139.811171,   35.633784,       78.23,
 139.815676,   35.633784,       78.29,
 139.820180,   35.633784,       78.26,
 139.824685,   35.633784,       78.10,
 139.829189,   35.633784,       25.06,
 139.833694,   35.633784,       25.06,
 139.838198,   35.633784,       74.05,
 139.842703,   35.633784,       74.05,
 139.847207,   35.633784,       74.05,
 139.851712,   35.633784,      147.79,
 139.856216,   35.633784,      147.79,
 139.860721,   35.633784,      125.63,
 139.865225,   35.633784,      101.23,
 139.869730,   35.633784,       92.19,
 139.874234,   35.633784,       86.80,
 139.878739,   35.633784,       84.18,
 139.883243,   35.633784,       84.06,
 139.887748,   35.633784,       84.93,
 139.892252,   35.633784,       85.77,
 139.896757,   35.633784,       86.48,
 139.901261,   35.633784,       87.15,
 139.905766,   35.633784,       87.71,
 139.910270,   35.633784,       88.11,
 139.914775,   35.633784,       88.26,
 139.919279,   35.633784,       88.16,
 139.923784,   35.633784,       88.15,
 139.928288,   35.633784,       88.31,
 139.932793,   35.633784,       88.45,
 139.937297,   35.633784,       88.51,
 139.941802,   35.633784,       88.49,
 139.946306,   35.633784,       88.43,
 139.950811,   35.633784,       88.33,
 139.955315,   35.633784,       88.28,
 139.959820,   35.633784,       88.25,
 139.964324,   35.633784,       88.23,
 139.968829,   35.633784,       88.28,
 139.973333,   35.633784,       88.38,
 139.977838,   35.633784,       88.48,
 139.982342,   35.633784,       88.59,
 139.986847,   35.633784,       88.74,
 139.991351,   35.633784,       88.90,
 139.995856,   35.633784,       89.06,
 140.000360,   35.633784,       89.23,
 140.004865,   35.633784,       89.42,
 140.009369,   35.633784,       89.63,
 140.013874,   35.633784,       89.86,
 140.018378,   35.633784,       90.07,
 140.022883,   35.633784,       90.29,
 140.027387,   35.633784,       90.56,
 140.031892,   35.633784,       90.79,
 140.036396,   35.633784,       90.91,
 140.040901,   35.633784,       90.96,
 140.045405,   35.633784,       91.37,
 140.049910,   35.633784,       94.56,
 140.054414,   35.633784,       97.96,
 140.058919,   35.633784,      101.81,
 140.063423,   35.633784,      104.72,
 140.067928,   35.633784,      107.91,
 140.072432,   35.633784,      111.38,
 140.076937,   35.633784,      115.13,
 140.081441,   35.633784,      119.15,
 140.085946,   35.633784,      123.46,
 140.090450,   35.633784,      128.05,
 140.094955,   35.633784,      132.91,
 140.099459,   35.633784,      138.05,
 140.103964,   35.633784,      143.48,
 140.108468,   35.633784,      149.18,
 140.112973,   35.633784,      155.17,
 140.117477,   35.633784,      161.63,
 140.121982,   35.633784,      168.09,
 140.126486,   35.633784,      169.33,
 140.130991,   35.633784,      162.85,
 140.135495,   35.633784,      154.75,
 140.140000,   35.633784,      145.04,
 140.144505,   35.633784,      133.72,
 140.149009,   35.633784,      120.78,
 140.153514,   35.633784,      106.23,
 140.158018,   35.633784,       98.19,
 140.162523,   35.633784,       98.70,
 140.167027,   35.633784,       99.22,
 140.171532,   35.633784,       99.70,
 140.176036,   35.633784,       99.46,
 140.180541,   35.633784,       99.23,
 140.185045,   35.633784,       98.99,
 140.189550,   35.633784,       98.76,
 140.194054,   35.633784,       98.52,
 140.198559,   35.633784,       98.28,
 140.203063,   35.633784,       98.05,
 140.207568,   35.633784,       97.81,
 140.212072,   35.633784,       97.58,
 140.216577,   35.633784,       97.34,
 140.221081,   35.633784,       97.10,
 140.225586,   35.633784,       96.87,
 140.230090,   35.633784,       96.63,
 140.234595,   35.633784,       96.39,
 140.239099,   35.633784,       96.16,
 140.243604,   35.633784,       95.92,
 140.248108,   35.633784,       95.69,
 140.252613,   35.633784,       95.45,
 140.257117,   35.633784,       95.21,
 140.261622,   35.633784,       94.98,
 140.266126,   35.633784,       94.74,
 140.270631,   35.633784,       94.50,
 140.275135,   35.633784,       94.27,
 140.279640,   35.633784,       94.03,
 140.284144,   35.633784,       93.80,
 140.288649,   35.633784,       93.56,
 140.293153,   35.633784,       93.32,
 140.297658,   35.633784,       93.09,
 140.302162,   35.633784,       92.85,
 140.306667,   35.633784,       92.61,
 140.311171,   35.633784,       92.38,
 140.315676,   35.633784,       92.14,
 140.320180,   35.633784,       91.90,
 140.324685,   35.633784,       91.67,
 140.329189,   35.633784,       91.43,
 140.333694,   35.633784,       91.20,
 140.338198,   35.633784,       90.96,
 140.342703,   35.633784,       90.72,
 140.347207,   35.633784,       90.49,
 140.351712,   35.633784,       90.25,
 140.356216,   35.633784,       90.01,
 140.360721,   35.633784,       89.78,
 140.365225,   35.633784,       89.54,
 140.369730,   35.633784,       89.30,
 140.374234,   35.633784,       89.07,
 140.378739,   35.633784,       88.83,
 140.383243,   35.633784,       88.59,
 140.387748,   35.633784,       88.36,
 139.140000,   35.638288,       13.95,
 139.144505,   35.638288,       14.25,
 139.149009,   35.638288,       14.56,
 139.153514,   35.638288,       14.86,
 139.158018,   35.638288,       15.17,
 139.162523,   35.638288,       15.48,
 139.167027,   35.638288,       15.80,
 139.171532,   35.638288,       16.11,
 139.176036,   35.638288,       16.43,
 139.180541,   35.638288,       16.75,
 139.185045,   35.638288,       17.08,
 139.189550,   35.638288,       17.40,
 139.194054,   35.638288,       17.73,
 139.198559,   35.638288,       18.06,
 139.203063,   35.638288,       18.40,
 139.207568,   35.638288,       18.73,
 139.212072,   35.638288,       19.07,
 139.216577,   35.638288,       19.41,
 139.221081,   35.638288,       19.76,
 139.225586,   35.638288,       20.10,
 139.230090,   35.638288,       20.45,
 139.234595,   35.638288,       20.81,
 139.239099,   35.638288,       21.16,
 139.243604,   35.638288,       21.52,
 139.248108,   35.638288,       21.87,
 139.252613,   35.638288,       22.24,
 139.257117,   35.638288,       22.60,
 139.261622,   35.638288,       22.97,
 139.266126,   35.638288,       23.34,
 139.270631,   35.638288,       23.71,
 139.275135,   35.638288,       24.08,
 139.279640,   35.638288,       24.46,
 139.284144,   35.638288,       24.84,
 139.288649,   35.638288,       25.22,
 139.293153,   35.638288,       25.60,
 139.297658,   35.638288,       25.99,
 139.302162,   35.638288,       26.38,
 139.306667,   35.638288,       26.77,
 139.311171,   35.638288,       27.17,
 139.315676,   35.638288,       27.56,
 139.320180,   35.638288,       27.96,
 139.324685,   35.638288,       28.36,
 139.329189,   35.638288,       28.77,
 139.333694,   35.638288,       29.17,
 139.338198,   35.638288,       29.58,
 139.342703,   35.638288,       29.99,
 139.347207,   35.638288,       30.41,
 139.351712,   35.638288,       30.83,
 139.356216,   35.638288,       31.25,
 139.360721,   35.638288,       31.67,
 139.365225,   35.638288,       32.09,
 139.369730,   35.638288,       32.52,
 139.374234,   35.638288,       32.95,
 139.378739,   35.638288,       33.38,
 139.383243,   35.638288,       33.81,
 139.387748,   35.638288,       34.25,
 139.392252,   35.638288,       34.69,
 139.396757,   35.638288,       35.13,
 139.401261,   35.638288,       35.58,
 139.405766,   35.638288,       36.02,
 139.410270,   35.638288,       36.47,
 139.414775,   35.638288,       36.92,
 139.419279,   35.638288,       37.38,
 139.423784,   35.638288,       37.84,
 139.428288,   35.638288,       38.30,
 139.432793,   35.638288,       38.76,
 139.437297,   35.638288,       39.22,
 139.441802,   35.638288,       39.69,
 139.446306,   35.638288,       40.16,
 139.450811,   35.638288,       40.63,
 139.455315,   35.638288,       41.10,
 139.459820,   35.638288,       41.58,
 139.464324,   35.638288,       42.06,
 139.468829,   35.638288,       42.54,
 139.473333,   35.638288,       43.03,
 139.477838,   35.638288,       43.52,
 139.482342,   35.638288,       44.00,
 139.486847,   35.638288,       44.50,
 139.491351,   35.638288,       44.99,
 139.495856,   35.638288,       45.49,
 139.500360,   35.638288,       45.99,
 139.504865,   35.638288,       46.49,
 139.509369,   35.638288,       47.00,
 139.513874,   35.638288,       47.50,
 139.518378,   35.638288,       48.01,
 139.522883,   35.638288,       48.52,
 139.527387,   35.638288,       49.04,
 139.531892,   35.638288,       49.56,
 139.536396,   35.638288,       50.08,
 139.540901,   35.638288,       50.60,
 139.545405,   35.638288,       51.12,
 139.549910,   35.638288,       51.65,
 139.554414,   35.638288,       52.18,
 139.558919,   35.638288,       52.71,
 139.563423,   35.638288,       53.25,
 139.567928,   35.638288,       53.78,
 139.572432,   35.638288,       54.32,
 139.576937,   35.638288,       54.87,
 139.581441,   35.638288,       55.41,
 139.585946,   35.638288,       55.96,
 139.590450,   35.638288,       56.51,
 139.594955,   35.638288,       57.06,
 139.599459,   35.638288,       57.62,
 139.603964,   35.638288,       58.17,
 139.608468,   35.638288,       58.73,
 139.612973,   35.638288,       59.30,
 139.617477,   35.638288,       59.86,
 139.621982,   35.638288,       60.43,
 139.626486,   35.638288,       61.00,
 139.630991,   35.638288,       61.57,
 139.635495,   35.638288,       62.15,
 139.640000,   35.638288,       62.72,
 139.644505,   35.638288,       63.30,
 139.649009,   35.638288,       63.89,
 139.653514,   35.638288,       64.47,
 139.658018,   35.638288,       65.06,
 139.662523,   35.638288,       65.65,
 139.667027,   35.638288,       66.24,
 139.671532,   35.638288,       66.84,
 139.676036,   35.638288,       67.43,
 139.680541,   35.638288,       68.03,
 139.685045,   35.638288,       68.64,
 139.689550,   35.638288,       69.24,
 139.694054,   35.638288,       69.85,
 139.698559,   35.638288,       70.46,
 139.703063,   35.638288,       71.07,
 139.707568,   35.638288,       71.69,
 139.712072,   35.638288,       72.30,
 139.716577,   35.638288,       72.92,
 139.721081,   35.638288,       73.55,
 139.725586,   35.638288,       74.17,
 139.730090,   35.638288,       74.80,
 139.734595,   35.638288,       75.43,
 139.739099,   35.638288,       76.06,
 139.743604,   35.638288,       76.53,
 139.748108,   35.638288,       77.34,
 139.752613,   35.638288,       77.63,
 139.757117,   35.638288,       73.23,
 139.761622,   35.638288,       77.88,
 139.766126,   35.638288,       83.11,
 139.770631,   35.638288,       87.79,
 139.775135,   35.638288,       92.33,
 139.779640,   35.638288,       95.03,
 139.784144,   35.638288,       93.22,
 139.788649,   35.638288,       90.65,
 139.793153,   35.638288,       87.51,
 139.797658,   35.638288,       84.24,
 139.802162,   35.638288,       80.97,
 139.806667,   35.638288,       78.37,
 139.811171,   35.638288,       77.84,
 139.815676,   35.638288,       77.52,
 139.820180,   35.638288,       77.18,
 139.824685,   35.638288,       77.14,
 139.829189,   35.638288,       24.39,
 139.833694,   35.638288,       24.39,
 139.838198,   35.638288,       24.39,
 139.842703,   35.638288,      218.94,
 139.847207,   35.638288,      218.94,
 139.851712,   35.638288,      218.94,
 139.856216,   35.638288,      218.94,
 139.860721,   35.638288,      170.30,
 139.865225,   35.638288,      123.76,
 139.869730,   35.638288,      103.88,
 139.874234,   35.638288,       83.94,
 139.878739,   35.638288,       81.91,
 139.883243,   35.638288,       83.11,
 139.887748,   35.638288,       84.32,
 139.892252,   35.638288,       85.37,
 139.896757,   35.638288,       86.31,
 139.901261,   35.638288,       87.18,
 139.905766,   35.638288,       87.94,
 139.910270,   35.638288,       88.57,
 139.914775,   35.638288,       88.99,
 139.919279,   35.638288,       89.07,
 139.923784,   35.638288,       89.02,
 139.928288,   35.638288,       89.10,
 139.932793,   35.638288,       89.15,
 139.937297,   35.638288,       89.21,
 139.941802,   35.638288,       89.21,
 139.946306,   35.638288,       89.12,
 139.950811,   35.638288,       88.97,
 139.955315,   35.638288,       88.89,
 139.959820,   35.638288,       88.89,
 139.964324,   35.638288,       88.90,
 139.968829,   35.638288,       88.94,
 139.973333,   35.638288,       89.01,
 139.977838,   35.638288,       89.09,
 139.982342,   35.638288,       89.19,
 139.986847,   35.638288,       89.32,
 139.991351,   35.638288,       89.45,
 139.995856,   35.638288,       89.56,
 140.000360,   35.638288,       89.71,
 140.004865,   35.638288,       89.90,
 140.009369,   35.638288,       90.07,
 140.013874,   35.638288,       90.24,
 140.018378,   35.638288,       90.45,
 140.022883,   35.638288,       90.66,
 140.027387,   35.638288,       90.87,
 140.031892,   35.638288,       91.08,
 140.036396,   35.638288,       91.26,
 140.040901,   35.638288,       92.06,
 140.045405,   35.638288,       95.23,
 140.049910,   35.638288,       99.19,
 140.054414,   35.638288,      101.90,
 140.058919,   35.638288,      104.69,
 140.063423,   35.638288,      107.75,
 140.067928,   35.638288,      111.09,
 140.072432,   35.638288,      114.71,
 140.076937,   35.638288,      118.61,
 140.081441,   35.638288,      122.79,
 140.085946,   35.638288,      127.25,
 140.090450,   35.638288,      131.99,
 140.094955,   35.638288,      137.00,
 140.099459,   35.638288,      142.30,
 140.103964,   35.638288,      147.87,
 140.108468,   35.638288,      153.72,
 140.112973,   35.638288,      159.85,
 140.117477,   35.638288,      166.25,
 140.121982,   35.638288,      172.71,
 140.126486,   35.638288,      179.17,
 140.130991,   35.638288,      180.78,
 140.135495,   35.638288,      172.81,
 140.140000,   35.638288,      163.23,
 140.144505,   35.638288,      152.03,
 140.149009,   35.638288,      139.21,
 140.153514,   35.638288,      124.78,
 140.158018,   35.638288,      108.74,
 140.162523,   35.638288,       98.46,
 140.167027,   35.638288,       98.98,
 140.171532,   35.638288,       99.50,
 140.176036,   35.638288,      100.01,
 140.180541,   35.638288,      100.09,
 140.185045,   35.638288,       99.85,
 140.189550,   35.638288,       99.62,
 140.194054,   35.638288,       99.38,
 140.198559,   35.638288,       99.15,
 140.203063,   35.638288,       98.91,
 140.207568,   35.638288,       98.67,
 140.212072,   35.638288,       98.44,
 140.216577,   35.638288,       98.20,
 140.221081,   35.638288,       97.97,
 140.225586,   35.638288,       97.73,
 140.230090,   35.638288,       97.49,
 140.234595,   35.638288,       97.26,
 140.239099,   35.638288,       97.02,
 140.243604,   35.638288,       96.79,
 140.248108,   35.638288,       96.55,
 140.252613,   35.638288,       96.31,
 140.257117,   35.638288,       96.08,
 140.261622,   35.638288,       95.84,
 140.266126,   35.638288,       95.60,
 140.270631,   35.638288,       95.37,
 140.275135,   35.638288,       95.13,
 140.279640,   35.638288,       94.90,
 140.284144,   35.638288,       94.66,
 140.288649,   35.638288,       94.42,
 140.293153,   35.638288,       94.19,
 140.297658,   35.638288,       93.95,
 140.302162,   35.638288,       93.71,
 140.306667,   35.638288,       93.48,
 140.311171,   35.638288,       93.24,
 140.315676,   35.638288,       93.00,
 140.320180,   35.638288,       92.77,
 140.324685,   35.638288,       92.53,
 140.329189,   35.638288,       92.29,
 140.333694,   35.638288,       92.06,
 140.338198,   35.638288,       91.82,
 140.342703,   35.638288,       91.59,
 140.347207,   35.638288,       91.35,
 140.351712,   35.638288,       91.11,
 140.356216,   35.638288,       90.88,
 140.360721,   35.638288,       90.64,
 140.365225,   35.638288,       90.40,
 140.369730,   35.638288,       90.17,
 140.374234,   35.638288,       89.93,
 140.378739,   35.638288,       89.69,
 140.383243,   35.638288,       89.46,
 140.387748,   35.638288,       89.22,
 139.140000,   35.642793,       14.00,
 139.144505,   35.642793,       14.30,
 139.149009,   35.642793,       14.60,
 139.153514,   35.642793,       14.91,
 139.158018,   35.642793,       15.21,
 139.162523,   35.642793,       15.52,
 139.167027,   35.642793,       15.84,
 139.171532,   35.642793,       16.15,
 139.176036,   35.642793,       16.47,
 139.180541,   35.642793,       16.79,
 139.185045,   35.642793,       17.11,
 139.189550,   35.642793,       17.44,
 139.194054,   35.642793,       17.77,
 139.198559,   35.642793,       18.10,
 139.203063,   35.642793,       18.43,
 139.207568,   35.642793,       18.76,
 139.212072,   35.642793,       19.10,
 139.216577,   35.642793,       19.44,
 139.221081,   35.642793,       19.79,
 139.225586,   35.642793,       20.13,
 139.230090,   35.642793,       20.48,
 139.234595,   35.642793,       20.83,
 139.239099,   35.642793,       21.18,
 139.243604,   35.642793,       21.54,
 139.248108,   35.642793,       21.90,
 139.252613,   35.642793,       22.26,
 139.257117,   35.642793,       22.62,
 139.261622,   35.642793,       22.98,
 139.266126,   35.642793,       23.35,
 139.270631,   35.642793,       23.72,
 139.275135,   35.642793,       24.10,
 139.279640,   35.642793,       24.47,
 139.284144,   35.642793,       24.85,
 139.288649,   35.642793,       25.23,
 139.293153,   35.642793,       25.61,
 139.297658,   35.642793,       26.00,
 139.302162,   35.642793,       26.39,
 139.306667,   35.642793,       26.78,
 139.311171,   35.642793,       27.17,
 139.315676,   35.642793,       27.57,
 139.320180,   35.642793,       27.96,
 139.324685,   35.642793,       28.37,
 139.329189,   35.642793,       28.77,
 139.333694,   35.642793,       29.17,
 139.338198,   35.642793,       29.58,
 139.342703,   35.642793,       29.99,
 139.347207,   35.642793,       30.41,
 139.351712,   35.642793,       30.82,
 139.356216,   35.642793,       31.24,
 139.360721,   35.642793,       31.66,
 139.365225,   35.642793,       32.08,
 139.369730,   35.642793,       32.51,
 139.374234,   35.642793,       32.94,
 139.378739,   35.642793,       33.37,
 139.383243,   35.642793,       33.80,
 139.387748,   35.642793,       34.24,
 139.392252,   35.642793,       34.68,
 139.396757,   35.642793,       35.12,
 139.401261,   35.642793,       35.56,
 139.405766,   35.642793,       36.01,
 139.410270,   35.642793,       36.45,
 139.414775,   35.642793,       36.91,
 139.419279,   35.642793,       37.36,
 139.423784,   35.642793,       37.81,
 139.428288,   35.642793,       38.27,
 139.432793,   35.642793,       38.73,
 139.437297,   35.642793,       39.20,
 139.441802,   35.642793,       39.66,
 139.446306,   35.642793,       40.13,
 139.450811,   35.642793,       40.60,
 139.455315,   35.642793,       41.08,
 139.459820,   35.642793,       41.55,
 139.464324,   35.642793,       42.03,
 139.468829,   35.642793,       42.51,
 139.473333,   35.642793,       43.00,
 139.477838,   35.642793,       43.48,
 139.482342,   35.642793,       43.97,
 139.486847,   35.642793,       44.46,
 139.491351,   35.642793,       44.95,
 139.495856,   35.642793,       45.45,
 139.500360,   35.642793,       45.95,
 139.504865,   35.642793,       46.45,
 139.509369,   35.642793,       46.95,
 139.513874,   35.642793,       47.46,
 139.518378,   35.642793,       47.97,
 139.522883,   35.642793,       48.48,
 139.527387,   35.642793,       48.99,
 139.531892,   35.642793,       49.51,
 139.536396,   35.642793,       50.03,
 139.540901,   35.642793,       50.55,
 139.545405,   35.642793,       51.07,
 139.549910,   35.642793,       51.60,
 139.554414,   35.642793,       52.13,
 139.558919,   35.642793,       52.66,
 139.563423,   35.642793,       53.19,
 139.567928,   35.642793,       53.73,
 139.572432,   35.642793,       54.27,
 139.576937,   35.642793,       54.81,
 139.581441,   35.642793,       55.35,
 139.585946,   35.642793,       55.90,
 139.590450,   35.642793,       56.45,
 139.594955,   35.642793,       57.00,
 139.599459,   35.642793,       57.55,
 139.603964,   35.642793,       58.11,
 139.608468,   35.642793,       58.67,
 139.612973,   35.642793,       59.23,
 139.617477,   35.642793,       59.79,
 139.621982,   35.642793,       60.36,
 139.626486,   35.642793,       60.93,
 139.630991,   35.642793,       61.50,
 139.635495,   35.642793,       62.07,
 139.640000,   35.642793,       62.65,
 139.644505,   35.642793,       63.23,
 139.649009,   35.642793,       63.81,
 139.653514,   35.642793,       64.40,
 139.658018,   35.642793,       64.98,
 139.662523,   35.642793,       65.57,
 139.667027,   35.642793,       66.16,
 139.671532,   35.642793,       66.76,
 139.676036,   35.642793,       67.35,
 139.680541,   35.642793,       67.95,
 139.685045,   35.642793,       68.55,
 139.689550,   35.642793,       69.16,
 139.694054,   35.642793,       69.76,
 139.698559,   35.642793,       70.37,
 139.703063,   35.642793,       70.98,
 139.707568,   35.642793,       71.60,
 139.712072,   35.642793,       72.22,
 139.716577,   35.642793,       72.83,
 139.721081,   35.642793,       73.46,
 139.725586,   35.642793,       74.08,
 139.730090,   35.642793,       74.71,
 139.734595,   35.642793,       75.34,
 139.739099,   35.642793,       75.97,
 139.743604,   35.642793,       76.60,
 139.748108,   35.642793,       77.24,
 139.752613,   35.642793,       77.77,
 139.757117,   35.642793,       75.17,
 139.761622,   35.642793,       77.85,
 139.766126,   35.642793,       82.37,
 139.770631,   35.642793,       87.14,
 139.775135,   35.642793,       92.86,
 139.779640,   35.642793,      100.75,
 139.784144,   35.642793,      100.86,
 139.788649,   35.642793,       98.02,
 139.793153,   35.642793,       94.23,
 139.797658,   35.642793,       90.27,
 139.802162,   35.642793,       86.23,
 139.806667,   35.642793,       82.11,
 139.811171,   35.642793,       78.19,
 139.815676,   35.642793,       77.47,
 139.820180,   35.642793,       76.88,
 139.824685,   35.642793,       76.60,
 139.829189,   35.642793,     -155.01,
 139.833694,   35.642793,     -672.61,
 139.838198,   35.642793,     -757.43,
 139.842703,   35.642793,     -757.43,
 139.847207,   35.642793,      383.25,
 139.851712,   35.642793,      462.28,
 139.856216,   35.642793,      338.88,
 139.860721,   35.642793,      338.88,
 139.865225,   35.642793,      338.88,
 139.869730,   35.642793,      758.62,
 139.874234,   35.642793,      758.62,
 139.878739,   35.642793,      758.62,
 139.883243,   35.642793,      758.62,
 139.887748,   35.642793,      215.06,
 139.892252,   35.642793,       85.21,
 139.896757,   35.642793,       86.26,
 139.901261,   35.642793,       87.24,
 139.905766,   35.642793,       88.16,
 139.910270,   35.642793,       88.98,
 139.914775,   35.642793,       89.63,
 139.919279,   35.642793,       89.98,
 139.923784,   35.642793,       89.99,
 139.928288,   35.642793,       90.04,
 139.932793,   35.642793,       90.01,
 139.937297,   35.642793,       89.85,
 139.941802,   35.642793,       89.74,
 139.946306,   35.642793,       89.63,
 139.950811,   35.642793,       89.51,
 139.955315,   35.642793,       89.46,
 139.959820,   35.642793,       89.46,
 139.964324,   35.642793,       89.48,
 139.968829,   35.642793,       89.54,
 139.973333,   35.642793,       89.60,
 139.977838,   35.642793,       89.67,
 139.982342,   35.642793,       89.76,
 139.986847,   35.642793,       89.88,
 139.991351,   35.642793,       89.97,
 139.995856,   35.642793,       90.06,
 140.000360,   35.642793,       90.18,
 140.004865,   35.642793,       90.33,
 140.009369,   35.642793,       90.46,
 140.013874,   35.642793,       90.61,
 140.018378,   35.642793,       90.80,
 140.022883,   35.642793,       90.97,
 140.027387,   35.642793,       91.15,
 140.031892,   35.642793,       91.36,
 140.036396,   35.642793,       92.53,
 140.040901,   35.642793,       95.92,
 140.045405,   35.642793,       99.32,
 140.049910,   35.642793,      101.70,
 140.054414,   35.642793,      104.35,
 140.058919,   35.642793,      107.29,
 140.063423,   35.642793,      110.50,
 140.067928,   35.642793,      114.00,
 140.072432,   35.642793,      117.77,
 140.076937,   35.642793,      121.82,
 140.081441,   35.642793,      126.15,
 140.085946,   35.642793,      130.76,
 140.090450,   35.642793,      135.65,
 140.094955,   35.642793,      140.81,
 140.099459,   35.642793,      146.26,
 140.103964,   35.642793,      151.98,
 140.108468,   35.642793,      157.99,
 140.112973,   35.642793,      164.27,
 140.117477,   35.642793,      170.83,
 140.121982,   35.642793,      177.33,
 140.126486,   35.642793,      183.79,
 140.130991,   35.642793,      190.24,
 140.135495,   35.642793,      192.48,
 140.140000,   35.642793,      183.02,
 140.144505,   35.642793,      171.94,
 140.149009,   35.642793,      159.25,
 140.153514,   35.642793,      144.95,
 140.158018,   35.642793,      129.03,
 140.162523,   35.642793,      111.50,
 140.167027,   35.642793,       98.74,
 140.171532,   35.642793,       99.25,
 140.176036,   35.642793,       99.77,
 140.180541,   35.642793,      100.29,
 140.185045,   35.642793,      100.72,
 140.189550,   35.642793,      100.48,
 140.194054,   35.642793,      100.25,
 140.198559,   35.642793,      100.01,
 140.203063,   35.642793,       99.77,
 140.207568,   35.642793,       99.54,
 140.212072,   35.642793,       99.30,
 140.216577,   35.642793,       99.06,
 140.221081,   35.642793,       98.83,
 140.225586,   35.642793,       98.59,
 140.230090,   35.642793,       98.36,
 140.234595,   35.642793,       98.12,
 140.239099,   35.642793,       97.88,
 140.243604,   35.642793,       97.65,
 140.248108,   35.642793,       97.41,
 140.252613,   35.642793,       97.18,
 140.257117,   35.642793,       96.94,
 140.261622,   35.642793,       96.70,
 140.266126,   35.642793,       96.47,
 140.270631,   35.642793,       96.23,
 140.275135,   35.642793,       95.99,
 140.279640,   35.642793,       95.76,
 140.284144,   35.642793,       95.52,
 140.288649,   35.642793,       95.29,
 140.293153,   35.642793,       95.05,
 140.297658,   35.642793,       94.81,
 140.302162,   35.642793,       94.58,
 140.306667,   35.642793,       94.34,
 140.311171,   35.642793,       94.10,
 140.315676,   35.642793,       93.87,
 140.320180,   35.642793,       93.63,
 140.324685,   35.642793,       93.39,
 140.329189,   35.642793,       93.16,
 140.333694,   35.642793,       92.92,
 140.338198,   35.642793,       92.68,
 140.342703,   35.642793,       92.45,
 140.347207,   35.642793,       92.21,
 140.351712,   35.642793,       91.98,
 140.356216,   35.642793,       91.74,
 140.360721,   35.642793,       91.50,
 140.365225,   35.642793,       91.27,
 140.369730,   35.642793,       91.03,
 140.374234,   35.642793,       90.79,
 140.378739,   35.642793,       90.56,
 140.383243,   35.642793,       90.32,
 140.387748,   35.642793,       90.08,
 139.140000,   35.647297,       14.04,
 139.144505,   35.647297,       14.34,
 139.149009,   35.647297,       14.64,
 139.153514,   35.647297,       14.95,
 139.158018,   35.647297,       15.25,
 139.162523,   35.647297,       15.56,
 139.167027,   35.647297,       15.87,
 139.171532,   35.647297,       16.19,
 139.176036,   35.647297,       16.50,
 139.180541,   35.647297,       16.82,
 139.185045,   35.647297,       17.15,
 139.189550,   35.647297,       17.47,
 139.194054,   35.647297,       17.80,
 139.198559,   35.647297,       18.13,
 139.203063,   35.647297,       18.46,
 139.207568,   35.647297,       18.79,
 139.212072,   35.647297,       19.13,
 139.216577,   35.647297,       19.47,
 139.221081,   35.647297,       19.81,
 139.225586,   35.647297,       20.15,
 139.230090,   35.647297,       20.50,
 139.234595,   35.647297,       20.85,
 139.239099,   35.647297,       21.20,
 139.243604,   35.647297,       21.56,
 139.248108,   35.647297,       21.91,
 139.252613,   35.647297,       22.27,
 139.257117,   35.647297,       22.63,
 139.261622,   35.647297,       23.00,
 139.266126,   35.647297,       23.37,
 139.270631,   35.647297,       23.74,
 139.275135,   35.647297,       24.11,
 139.279640,   35.647297,       24.48,
 139.284144,   35.647297,       24.86,
 139.288649,   35.647297,       25.24,
 139.293153,   35.647297,       25.62,
 139.297658,   35.647297,       26.01,
 139.302162,   35.647297,       26.39,
 139.306667,   35.647297,       26.78,
 139.311171,   35.647297,       27.17,
 139.315676,   35.647297,       27.57,
 139.320180,   35.647297,       27.97,
 139.324685,   35.647297,       28.37,
 139.329189,   35.647297,       28.77,
 139.333694,   35.647297,       29.17,
 139.338198,   35.647297,       29.58,
 139.342703,   35.647297,       29.99,
 139.347207,   35.647297,       30.40,
 139.351712,   35.647297,       30.82,
 139.356216,   35.647297,       31.23,
 139.360721,   35.647297,       31.65,
 139.365225,   35.647297,       32.07,
 139.369730,   35.647297,       32.50,
 139.374234,   35.647297,       32.93,
 139.378739,   35.647297,       33.36,
 139.383243,   35.647297,       33.79,
 139.387748,   35.647297,       34.22,
 139.392252,   35.647297,       34.66,
 139.396757,   35.647297,       35.10,
 139.401261,   35.647297,       35.54,
 139.405766,   35.647297,       35.99,
 139.410270,   35.647297,       36.43,
 139.414775,   35.647297,       36.88,
 139.419279,   35.647297,       37.34,
 139.423784,   35.647297,       37.79,
 139.428288,   35.647297,       38.25,
 139.432793,   35.647297,       38.71,
 139.437297,   35.647297,       39.17,
 139.441802,   35.647297,       39.64,
 139.446306,   35.647297,       40.10,
 139.450811,   35.647297,       40.57,
 139.455315,   35.647297,       41.05,
 139.459820,   35.647297,       41.52,
 139.464324,   35.647297,       42.00,
 139.468829,   35.647297,       42.48,
 139.473333,   35.647297,       42.96,
 139.477838,   35.647297,       43.45,
 139.482342,   35.647297,       43.93,
 139.486847,   35.647297,       44.42,
 139.491351,   35.647297,       44.92,
 139.495856,   35.647297,       45.41,
 139.500360,   35.647297,       45.91,
 139.504865,   35.647297,       46.41,
 139.509369,   35.647297,       46.91,
 139.513874,   35.647297,       47.42,
 139.518378,   35.647297,       47.92,
 139.522883,   35.647297,       48.43,
 139.527387,   35.647297,       48.95,
 139.531892,   35.647297,       49.46,
 139.536396,   35.647297,       49.98,
 139.540901,   35.647297,       50.50,
 139.545405,   35.647297,       51.02,
 139.549910,   35.647297,       51.55,
 139.554414,   35.647297,       52.07,
 139.558919,   35.647297,       52.60,
 139.563423,   35.647297,       53.14,
 139.567928,   35.647297,       53.67,
 139.572432,   35.647297,       54.21,
 139.576937,   35.647297,       54.75,
 139.581441,   35.647297,       55.29,
 139.585946,   35.647297,       55.84,
 139.590450,   35.647297,       56.39,
 139.594955,   35.647297,       56.94,
 139.599459,   35.647297,       57.49,
 139.603964,   35.647297,       58.04,
 139.608468,   35.647297,       58.60,
 139.612973,   35.647297,       59.16,
 139.617477,   35.647297,       59.72,
 139.621982,   35.647297,       60.29,
 139.626486,   35.647297,       60.86,
 139.630991,   35.647297,       61.43,
 139.635495,   35.647297,       62.00,
 139.640000,   35.647297,       62.58,
 139.644505,   35.647297,       63.15,
 139.649009,   35.647297,       63.73,
 139.653514,   35.647297,       64.32,
 139.658018,   35.647297,       64.90,
 139.662523,   35.647297,       65.49,
 139.667027,   35.647297,       66.08,
 139.671532,   35.647297,       66.67,
 139.676036,   35.647297,       67.27,
 139.680541,   35.647297,       67.87,
 139.685045,   35.647297,       68.47,
 139.689550,   35.647297,       69.07,
 139.694054,   35.647297,       69.68,
 139.698559,   35.647297,       70.28,
 139.703063,   35.647297,       70.90,
 139.707568,   35.647297,       71.51,
 139.712072,   35.647297,       72.12,
 139.716577,   35.647297,       72.74,
 139.721081,   35.647297,       73.36,
 139.725586,   35.647297,       73.99,
 139.730090,   35.647297,       74.61,
 139.734595,   35.647297,       75.24,
 139.739099,   35.647297,       75.87,
 139.743604,   35.647297,       76.50,
 139.748108,   35.647297,       77.14,
 139.752613,   35.647297,       77.78,
 139.757117,   35.647297,       78.25,
 139.761622,   35.647297,       79.37,
 139.766126,   35.647297,       82.34,
 139.770631,   35.647297,       86.47,
 139.775135,   35.647297,       96.33,
 139.779640,   35.647297,      108.56,
 139.784144,   35.647297,      108.83,
 139.788649,   35.647297,    -1477.48,
 139.793153,   35.647297,    -3882.41,
 139.797658,   35.647297,    -6735.03,
 139.802162,   35.647297,    -6735.03,
 139.806667,   35.647297,    -6735.03,
 139.811171,   35.647297,     -667.63,
 139.815676,   35.647297,     -667.63,
 139.820180,   35.647297,     -667.63,
 139.824685,   35.647297,     -667.63,
 139.829189,   35.647297,    -3368.83,
 139.833694,   35.647297,    -4342.94,
 139.838198,   35.647297,    -4023.22,
 139.842703,   35.647297,    -1528.06,
 139.847207,   35.647297,     1683.79,
 139.851712,   35.647297,     3312.24,
 139.856216,   35.647297,     3312.24,
 139.860721,   35.647297,     3312.24,
 139.865225,   35.647297,     7164.05,
 139.869730,   35.647297,     7164.05,
 139.874234,   35.647297,     7164.05,
 139.878739,   35.647297,     4703.56,
 139.883243,   35.647297,     2932.55,
 139.887748,   35.647297,     1593.04,
 139.892252,   35.647297,      636.53,
 139.896757,   35.647297,      103.71,
 139.901261,   35.647297,       87.37,
 139.905766,   35.647297,       88.37,
 139.910270,   35.647297,       89.33,
 139.914775,   35.647297,       90.21,
 139.919279,   35.647297,       90.83,
 139.923784,   35.647297,       90.98,
 139.928288,   35.647297,       91.05,
 139.932793,   35.647297,       90.92,
 139.937297,   35.647297,       90.47,
 139.941802,   35.647297,       90.24,
 139.946306,   35.647297,       90.11,
 139.950811,   35.647297,       89.99,
 139.955315,   35.647297,       89.96,
 139.959820,   35.647297,       89.95,
 139.964324,   35.647297,       89.97,
 139.968829,   35.647297,       90.04,
 139.973333,   35.647297,       90.13,
 139.977838,   35.647297,       90.22,
 139.982342,   35.647297,       90.33,
 139.986847,   35.647297,       90.41,
 139.991351,   35.647297,       90.47,
 139.995856,   35.647297,       90.55,
 140.000360,   35.647297,       90.63,
 140.004865,   35.647297,       90.71,
 140.009369,   35.647297,       90.83,
 140.013874,   35.647297,       90.97,
 140.018378,   35.647297,       91.10,
 140.022883,   35.647297,       91.26,
 140.027387,   35.647297,       91.43,
 140.031892,   35.647297,       93.12,
 140.036396,   35.647297,       96.97,
 140.040901,   35.647297,       98.94,
 140.045405,   35.647297,      101.19,
 140.049910,   35.647297,      103.72,
 140.054414,   35.647297,      106.53,
 140.058919,   35.647297,      109.61,
 140.063423,   35.647297,      112.98,
 140.067928,   35.647297,      116.62,
 140.072432,   35.647297,      120.55,
 140.076937,   35.647297,      124.75,
 140.081441,   35.647297,      129.23,
 140.085946,   35.647297,      133.99,
 140.090450,   35.647297,      139.03,
 140.094955,   35.647297,      144.35,
 140.099459,   35.647297,      149.94,
 140.103964,   35.647297,      155.82,
 140.108468,   35.647297,      161.97,
 140.112973,   35.647297,      168.41,
 140.117477,   35.647297,      175.12,
 140.121982,   35.647297,      181.95,
 140.126486,   35.647297,      188.41,
 140.130991,   35.647297,      194.87,
 140.135495,   35.647297,      201.32,
 140.140000,   35.647297,      204.43,
 140.144505,   35.647297,      193.47,
 140.149009,   35.647297,      180.91,
 140.153514,   35.647297,      166.73,
 140.158018,   35.647297,      150.93,
 140.162523,   35.647297,      133.53,
 140.167027,   35.647297,      114.51,
 140.171532,   35.647297,       99.01,
 140.176036,   35.647297,       99.53,
 140.180541,   35.647297,      100.05,
 140.185045,   35.647297,      100.56,
 140.189550,   35.647297,      101.08,
 140.194054,   35.647297,      101.11,
 140.198559,   35.647297,      100.87,
 140.203063,   35.647297,      100.64,
 140.207568,   35.647297,      100.40,
 140.212072,   35.647297,      100.16,
 140.216577,   35.647297,       99.93,
 140.221081,   35.647297,       99.69,
 140.225586,   35.647297,       99.46,
 140.230090,   35.647297,       99.22,
 140.234595,   35.647297,       98.98,
 140.239099,   35.647297,       98.75,
 140.243604,   35.647297,       98.51,
 140.248108,   35.647297,       98.27,
 140.252613,   35.647297,       98.04,
 140.257117,   35.647297,       97.80,
 140.261622,   35.647297,       97.57,
 140.266126,   35.647297,       97.33,
 140.270631,   35.647297,       97.09,
 140.275135,   35.647297,       96.86,
 140.279640,   35.647297,       96.62,
 140.284144,   35.647297,       96.38,
 140.288649,   35.647297,       96.15,
 140.293153,   35.647297,       95.91,
 140.297658,   35.647297,       95.68,
 140.302162,   35.647297,       95.44,
 140.306667,   35.647297,       95.20,
 140.311171,   35.647297,       94.97,
 140.315676,   35.647297,       94.73,
 140.320180,   35.647297,       94.49,
 140.324685,   35.647297,       94.26,
 140.329189,   35.647297,       94.02,
 140.333694,   35.647297,       93.78,
 140.338198,   35.647297,       93.55,
 140.342703,   35.647297,       93.31,
 140.347207,   35.647297,       93.07,
 140.351712,   35.647297,       92.84,
 140.356216,   35.647297,       92.60,
 140.360721,   35.647297,       92.37,
 140.365225,   35.647297,       92.13,
 140.369730,   35.647297,       91.89,
 140.374234,   35.647297,       91.66,
 140.378739,   35.647297,       91.42,
 140.383243,   35.647297,       91.18,
 140.387748,   35.647297,       90.95,
 139.140000,   35.651802,       14.08,
 139.144505,   35.651802,       14.38,
 139.149009,   35.651802,       14.68,
 139.153514,   35.651802,       14.98,
 139.158018,   35.651802,       15.29,
 139.162523,   35.651802,       15.60,
 139.167027,   35.651802,       15.91,
 139.171532,   35.651802,       16.22,
 139.176036,   35.651802,       16.54,
 139.180541,   35.651802,       16.85,
 139.185045,   35.651802,       17.18,
 139.189550,   35.651802,       17.50,
 139.194054,   35.651802,       17.82,
 139.198559,   35.651802,       18.15,
 139.203063,   35.651802,       18.48,
 139.207568,   35.651802,       18.82,
 139.212072,   35.651802,       19.15,
 139.216577,   35.651802,       19.49,
 139.221081,   35.651802,       19.83,
 139.225586,   35.651802,       20.17,
 139.230090,   35.651802,       20.52,
 139.234595,   35.651802,       20.87,
 139.239099,   35.651802,       21.22,
 139.243604,   35.651802,       21.57,
 139.248108,   35.651802,       21.93,
 139.252613,   35.651802,       22.29,
 139.257117,   35.651802,       22.65,
 139.261622,   35.651802,       23.01,
 139.266126,   35.651802,       23.38,
 139.270631,   35.651802,       23.75,
 139.275135,   35.651802,       24.12,
 139.279640,   35.651802,       24.49,
 139.284144,   35.651802,       24.87,
 139.288649,   35.651802,       25.24,
 139.293153,   35.651802,       25.63,
 139.297658,   35.651802,       26.01,
 139.302162,   35.651802,       26.40,
 139.306667,   35.651802,       26.78,
 139.311171,   35.651802,       27.17,
 139.315676,   35.651802,       27.57,
 139.320180,   35.651802,       27.96,
 139.324685,   35.651802,       28.36,
 139.329189,   35.651802,       28.76,
 139.333694,   35.651802,       29.17,
 139.338198,   35.651802,       29.57,
 139.342703,   35.651802,       29.98,
 139.347207,   35.651802,       30.39,
 139.351712,   35.651802,       30.81,
 139.356216,   35.651802,       31.22,
 139.360721,   35.651802,       31.64,
 139.365225,   35.651802,       32.06,
 139.369730,   35.651802,       32.49,
 139.374234,   35.651802,       32.91,
 139.378739,   35.651802,       33.34,
 139.383243,   35.651802,       33.77,
 139.387748,   35.651802,       34.21,
 139.392252,   35.651802,       34.64,
 139.396757,   35.651802,       35.08,
 139.401261,   35.651802,       35.52,
 139.405766,   35.651802,       35.97,
 139.410270,   35.651802,       36.41,
 139.414775,   35.651802,       36.86,
 139.419279,   35.651802,       37.31,
 139.423784,   35.651802,       37.77,
 139.428288,   35.651802,       38.22,
 139.432793,   35.651802,       38.68,
 139.437297,   35.651802,       39.14,
 139.441802,   35.651802,       39.61,
 139.446306,   35.651802,       40.07,
 139.450811,   35.651802,       40.54,
 139.455315,   35.651802,       41.01,
 139.459820,   35.651802,       41.49,
 139.464324,   35.651802,       41.96,
 139.468829,   35.651802,       42.44,
 139.473333,   35.651802,       42.92,
 139.477838,   35.651802,       43.41,
 139.482342,   35.651802,       43.89,
 139.486847,   35.651802,       44.38,
 139.491351,   35.651802,       44.87,
 139.495856,   35.651802,       45.37,
 139.500360,   35.651802,       45.86,
 139.504865,   35.651802,       46.36,
 139.509369,   35.651802,       46.86,
 139.513874,   35.651802,       47.37,
 139.518378,   35.651802,       47.88,
 139.522883,   35.651802,       48.38,
 139.527387,   35.651802,       48.90,
 139.531892,   35.651802,       49.41,
 139.536396,   35.651802,       49.93,
 139.540901,   35.651802,       50.45,
 139.545405,   35.651802,       50.97,
 139.549910,   35.651802,       51.49,
 139.554414,   35.651802,       52.02,
 139.558919,   35.651802,       52.55,
 139.563423,   35.651802,       53.08,
 139.567928,   35.651802,       53.61,
 139.572432,   35.651802,       54.15,
 139.576937,   35.651802,       54.69,
 139.581441,   35.651802,       55.23,
 139.585946,   35.651802,       55.77,
 139.590450,   35.651802,       56.32,
 139.594955,   35.651802,       56.87,
 139.599459,   35.651802,       57.42,
 139.603964,   35.651802,       57.98,
 139.608468,   35.651802,       58.53,
 139.612973,   35.651802,       59.09,
 139.617477,   35.651802,       59.65,
 139.621982,   35.651802,       60.22,
 139.626486,   35.651802,       60.78,
 139.630991,   35.651802,       61.35,
 139.635495,   35.651802,       61.93,
 139.640000,   35.651802,       62.50,
 139.644505,   35.651802,       63.08,
 139.649009,   35.651802,       63.66,
 139.653514,   35.651802,       64.24,
 139.658018,   35.651802,       64.82,
 139.662523,   35.651802,       65.41,
 139.667027,   35.651802,       66.00,
 139.671532,   35.651802,       66.59,
 139.676036,   35.651802,       67.18,
 139.680541,   35.651802,       67.78,
 139.685045,   35.651802,       68.38,
 139.689550,   35.651802,       68.98,
 139.694054,   35.651802,       69.59,
 139.698559,   35.651802,       70.19,
 139.703063,   35.651802,       70.80,
 139.707568,   35.651802,       71.42,
 139.712072,   35.651802,       72.03,
 139.716577,   35.651802,       72.65,
 139.721081,   35.651802,       73.27,
 139.725586,   35.651802,       73.89,
 139.730090,   35.651802,       74.51,
 139.734595,   35.651802,       75.14,
 139.739099,   35.651802,       75.77,
 139.743604,   35.651802,       76.40,
 139.748108,   35.651802,       77.04,
 139.752613,   35.651802,       77.67,
 139.757117,   35.651802,       78.31,
 139.761622,   35.651802,       78.70,
 139.766126,   35.651802,       81.23,
 139.770631,   35.651802,       85.52,
 139.775135,   35.651802,       92.21,
 139.779640,   35.651802,     -267.95,
 139.784144,   35.651802,    -1459.71,
 139.788649,   35.651802,    -3446.31,
 139.793153,   35.651802,    -6112.18,
 139.797658,   35.651802,    -9532.17,
 139.802162,   35.651802,   -13883.37,
 139.806667,   35.651802,   -19354.74,
 139.811171,   35.651802,   -19354.74,
 139.815676,   35.651802,   -19354.74,
 139.820180,   35.651802,   -19282.28,
 139.824685,   35.651802,   -19282.28,
 139.829189,   35.651802,   -19282.28,
 139.833694,   35.651802,   -19282.28,
 139.838198,   35.651802,   -14271.63,
 139.842703,   35.651802,   -10591.37,
 139.847207,   35.651802,     2500.18,
 139.851712,   35.651802,     2500.18,
 139.856216,   35.651802,     2500.18,
 139.860721,   35.651802,    15937.85,
 139.865225,   35.651802,    15937.85,
 139.869730,   35.651802,    15937.85,
 139.874234,   35.651802,    10976.32,
 139.878739,   35.651802,     7490.62,
 139.883243,   35.651802,     4941.20,
 139.887748,   35.651802,     3020.50,
 139.892252,   35.651802,     1600.17,
 139.896757,   35.651802,      615.66,
 139.901261,   35.651802,       98.75,
 139.905766,   35.651802,       88.58,
 139.910270,   35.651802,       89.62,
 139.914775,   35.651802,       90.65,
 139.919279,   35.651802,       91.63,
 139.923784,   35.651802,       91.95,
 139.928288,   35.651802,       92.08,
 139.932793,   35.651802,       91.56,
 139.937297,   35.651802,       91.04,
 139.941802,   35.651802,       90.71,
 139.946306,   35.651802,       90.52,
 139.950811,   35.651802,       90.38,
 139.955315,   35.651802,       90.37,
 139.959820,   35.651802,       90.39,
 139.964324,   35.651802,       90.42,
 139.968829,   35.651802,       90.51,
 139.973333,   35.651802,       90.63,
 139.977838,   35.651802,       90.74,
 139.982342,   35.651802,       90.88,
 139.986847,   35.651802,       90.96,
 139.991351,   35.651802,       90.96,
 139.995856,   35.651802,       91.00,
 140.000360,   35.651802,       91.01,
 140.004865,   35.651802,       91.06,
 140.009369,   35.651802,       91.15,
 140.013874,   35.651802,       91.24,
 140.018378,   35.651802,       91.36,
 140.022883,   35.651802,       91.52,
 140.027387,   35.651802,       94.65,
 140.031892,   35.651802,       96.42,
 140.036396,   35.651802,       98.26,
 140.040901,   35.651802,      100.38,
 140.045405,   35.651802,      102.78,
 140.049910,   35.651802,      105.46,
 140.054414,   35.651802,      108.42,
 140.058919,   35.651802,      111.66,
 140.063423,   35.651802,      115.18,
 140.067928,   35.651802,      118.97,
 140.072432,   35.651802,      123.05,
 140.076937,   35.651802,      127.40,
 140.081441,   35.651802,      132.03,
 140.085946,   35.651802,      136.94,
 140.090450,   35.651802,      142.13,
 140.094955,   35.651802,      147.60,
 140.099459,   35.651802,      153.35,
 140.103964,   35.651802,      159.38,
 140.108468,   35.651802,      165.68,
 140.112973,   35.651802,      172.27,
 140.117477,   35.651802,      179.13,
 140.121982,   35.651802,      186.27,
 140.126486,   35.651802,      193.03,
 140.130991,   35.651802,      199.49,
 140.135495,   35.651802,      205.94,
 140.140000,   35.651802,      212.40,
 140.144505,   35.651802,      216.62,
 140.149009,   35.651802,      204.18,
 140.153514,   35.651802,      190.12,
 140.158018,   35.651802,      174.45,
 140.162523,   35.651802,      157.17,
 140.167027,   35.651802,      138.27,
 140.171532,   35.651802,      117.76,
 140.176036,   35.651802,       99.29,
 140.180541,   35.651802,       99.80,
 140.185045,   35.651802,      100.32,
 140.189550,   35.651802,      100.84,
 140.194054,   35.651802,      101.36,
 140.198559,   35.651802,      101.73,
 140.203063,   35.651802,      101.50,
 140.207568,   35.651802,      101.26,
 140.212072,   35.651802,      101.03,
 140.216577,   35.651802,      100.79,
 140.221081,   35.651802,      100.55,
 140.225586,   35.651802,      100.32,
 140.230090,   35.651802,      100.08,
 140.234595,   35.651802,       99.85,
 140.239099,   35.651802,       99.61,
 140.243604,   35.651802,       99.37,
 140.248108,   35.651802,       99.14,
 140.252613,   35.651802,       98.90,
 140.257117,   35.651802,       98.66,
 140.261622,   35.651802,       98.43,
 140.266126,   35.651802,       98.19,
 140.270631,   35.651802,       97.96,
 140.275135,   35.651802,       97.72,
 140.279640,   35.651802,       97.48,
 140.284144,   35.651802,       97.25,
 140.288649,   35.651802,       97.01,
 140.293153,   35.651802,       96.77,
 140.297658,   35.651802,       96.54,
 140.302162,   35.651802,       96.30,
 140.306667,   35.651802,       96.07,
 140.311171,   35.651802,       95.83,
 140.315676,   35.651802,       95.59,
 140.320180,   35.651802,       95.36,
 140.324685,   35.651802,       95.12,
 140.329189,   35.651802,       94.88,
 140.333694,   35.651802,       94.65,
 140.338198,   35.651802,       94.41,
 140.342703,   35.651802,       94.17,
 140.347207,   35.651802,       93.94,
 140.351712,   35.651802,       93.70,
 140.356216,   35.651802,       93.46,
 140.360721,   35.651802,       93.23,
 140.365225,   35.651802,       92.99,
 140.369730,   35.651802,       92.76,
 140.374234,   35.651802,       92.52,
 140.378739,   35.651802,       92.28,
 140.383243,   35.651802,       92.05,
 140.387748,   35.651802,       91.81,
 139.140000,   35.656306,       14.12,
 139.144505,   35.656306,       14.42,
 139.149009,   35.656306,       14.72,
 139.153514,   35.656306,       15.02,
 139.158018,   35.656306,       15.32,
 139.162523,   35.656306,       15.63,
 139.167027,   35.656306,       15.94,
 139.171532,   35.656306,       16.25,
 139.176036,   35.656306,       16.57,
 139.180541,   35.656306,       16.88,
 139.185045,   35.656306,       17.20,
 139.189550,   35.656306,       17.53,
 139.194054,   35.656306,       17.85,
 139.198559,   35.656306,       18.18,
 139.203063,   35.656306,       18.51,
 139.207568,   35.656306,       18.84,
 139.212072,   35.656306,       19.17,
 139.216577,   35.656306,       19.51,
 139.221081,   35.656306,       19.85,
 139.225586,   35.656306,       20.19,
 139.230090,   35.656306,       20.54,
 139.234595,   35.656306,       20.88,
 139.239099,   35.656306,       21.23,
 139.243604,   35.656306,       21.59,
 139.248108,   35.656306,       21.94,
 139.252613,   35.656306,       22.30,
 139.257117,   35.656306,       22.66,
 139.261622,   35.656306,       23.02,
 139.266126,   35.656306,       23.39,
 139.270631,   35.656306,       23.75,
 139.275135,   35.656306,       24.12,
 139.279640,   35.656306,       24.50,
 139.284144,   35.656306,       24.87,
 139.288649,   35.656306,       25.25,
 139.293153,   35.656306,       25.63,
 139.297658,   35.656306,       26.01,
 139.302162,   35.656306,       26.40,
 139.306667,   35.656306,       26.78,
 139.311171,   35.656306,       27.17,
 139.315676,   35.656306,       27.57,
 139.320180,   35.656306,       27.96,
 139.324685,   35.656306,       28.36,
 139.329189,   35.656306,       28.76,
 139.333694,   35.656306,       29.16,
 139.338198,   35.656306,       29.57,
 139.342703,   35.656306,       29.97,
 139.347207,   35.656306,       30.38,
 139.351712,   35.656306,       30.80,
 139.356216,   35.656306,       31.21,
 139.360721,   35.656306,       31.63,
 139.365225,   35.656306,       32.05,
 139.369730,   35.656306,       32.47,
 139.374234,   35.656306,       32.90,
 139.378739,   35.656306,       33.32,
 139.383243,   35.656306,       33.75,
 139.387748,   35.656306,       34.19,
 139.392252,   35.656306,       34.62,
 139.396757,   35.656306,       35.06,
 139.401261,   35.656306,       35.50,
 139.405766,   35.656306,       35.94,
 139.410270,   35.656306,       36.39,
 139.414775,   35.656306,       36.83,
 139.419279,   35.656306,       37.28,
 139.423784,   35.656306,       37.74,
 139.428288,   35.656306,       38.19,
 139.432793,   35.656306,       38.65,
 139.437297,   35.656306,       39.11,
 139.441802,   35.656306,       39.57,
 139.446306,   35.656306,       40.04,
 139.450811,   35.656306,       40.51,
 139.455315,   35.656306,       40.98,
 139.459820,   35.656306,       41.45,
 139.464324,   35.656306,       41.92,
 139.468829,   35.656306,       42.40,
 139.473333,   35.656306,       42.88,
 139.477838,   35.656306,       43.37,
 139.482342,   35.656306,       43.85,
 139.486847,   35.656306,       44.34,
 139.491351,   35.656306,       44.83,
 139.495856,   35.656306,       45.32,
 139.500360,   35.656306,       45.82,
 139.504865,   35.656306,       46.32,
 139.509369,   35.656306,       46.82,
 139.513874,   35.656306,       47.32,
 139.518378,   35.656306,       47.82,
 139.522883,   35.656306,       48.33,
 139.527387,   35.656306,       48.84,
 139.531892,   35.656306,       49.36,
 139.536396,   35.656306,       49.87,
 139.540901,   35.656306,       50.39,
 139.545405,   35.656306,       50.91,
 139.549910,   35.656306,       51.43,
 139.554414,   35.656306,       51.96,
 139.558919,   35.656306,       52.49,
 139.563423,   35.656306,       53.02,
 139.567928,   35.656306,       53.55,
 139.572432,   35.656306,       54.09,
 139.576937,   35.656306,       54.62,
 139.581441,   35.656306,       55.16,
 139.585946,   35.656306,       55.71,
 139.590450,   35.656306,       56.25,
 139.594955,   35.656306,       56.80,
 139.599459,   35.656306,       57.35,
 139.603964,   35.656306,       57.91,
 139.608468,   35.656306,       58.46,
 139.612973,   35.656306,       59.02,
 139.617477,   35.656306,       59.58,
 139.621982,   35.656306,       60.14,
 139.626486,   35.656306,       60.71,
 139.630991,   35.656306,       61.28,
 139.635495,   35.656306,       61.85,
 139.640000,   35.656306,       62.42,
 139.644505,   35.656306,       63.00,
 139.649009,   35.656306,       63.57,
 139.653514,   35.656306,       64.16,
 139.658018,   35.656306,       64.74,
 139.662523,   35.656306,       65.32,
 139.667027,   35.656306,       65.91,
 139.671532,   35.656306,       66.50,
 139.676036,   35.656306,       67.10,
 139.680541,   35.656306,       67.69,
 139.685045,   35.656306,       68.29,
 139.689550,   35.656306,       68.89,
 139.694054,   35.656306,       69.50,
 139.698559,   35.656306,       70.10,
 139.703063,   35.656306,       70.71,
 139.707568,   35.656306,       71.32,
 139.712072,   35.656306,       71.93,
 139.716577,   35.656306,       72.55,
 139.721081,   35.656306,       73.17,
 139.725586,   35.656306,       73.79,
 139.730090,   35.656306,       74.41,
 139.734595,   35.656306,       75.04,
 139.739099,   35.656306,       75.67,
 139.743604,   35.656306,       76.30,
 139.748108,   35.656306,       76.93,
 139.752613,   35.656306,       77.57,
 139.757117,   35.656306,       79.04,
 139.761622,   35.656306,       78.70,
 139.766126,   35.656306,       78.53,
 139.770631,   35.656306,       78.55,
 139.775135,   35.656306,       46.58,
 139.779640,   35.656306,     -365.64,
 139.784144,   35.656306,    -1323.11,
 139.788649,   35.656306,    -2899.72,
 139.793153,   35.656306,    -5327.31,
 139.797658,   35.656306,    -8818.44,
 139.802162,   35.656306,   -13332.24,
 139.806667,   35.656306,   -18976.61,
 139.811171,   35.656306,   -26002.29,
 139.815676,   35.656306,   -26002.29,
 139.820180,   35.656306,   -26002.29,
 139.824685,   35.656306,   -26002.29,
 139.829189,   35.656306,   -20768.12,
 139.833694,   35.656306,   -20768.12,
 139.838198,   35.656306,   -20768.12,
 139.842703,   35.656306,   -20768.12,
 139.847207,   35.656306,    23522.09,
 139.851712,   35.656306,    23522.09,
 139.856216,   35.656306,    26285.54,
 139.860721,   35.656306,    26285.54,
 139.865225,   35.656306,    26285.54,
 139.869730,   35.656306,    18912.79,
 139.874234,   35.656306,    13362.11,
 139.878739,   35.656306,     9305.02,
 139.883243,   35.656306,     6308.74,
 139.887748,   35.656306,     4046.14,
 139.892252,   35.656306,     2356.26,
 139.896757,   35.656306,     1140.24,
 139.901261,   35.656306,      346.70,
 139.905766,   35.656306,       88.78,
 139.910270,   35.656306,       89.87,
 139.914775,   35.656306,       90.97,
 139.919279,   35.656306,       92.17,
 139.923784,   35.656306,       92.78,
 139.928288,   35.656306,       92.32,
 139.932793,   35.656306,       91.79,
 139.937297,   35.656306,       91.35,
 139.941802,   35.656306,       91.03,
 139.946306,   35.656306,       90.87,
 139.950811,   35.656306,       90.72,
 139.955315,   35.656306,       90.75,
 139.959820,   35.656306,       90.78,
 139.964324,   35.656306,       90.84,
 139.968829,   35.656306,       90.93,
 139.973333,   35.656306,       91.03,
 139.977838,   35.656306,       91.15,
 139.982342,   35.656306,       91.30,
 139.986847,   35.656306,       91.43,
 139.991351,   35.656306,       91.43,
 139.995856,   35.656306,       91.36,
 140.000360,   35.656306,       91.36,
 140.004865,   35.656306,       91.38,
 140.009369,   35.656306,       91.40,
 140.013874,   35.656306,       91.48,
 140.018378,   35.656306,       91.59,
 140.022883,   35.656306,       94.12,
 140.027387,   35.656306,       95.56,
 140.031892,   35.656306,       97.28,
 140.036396,   35.656306,       99.27,
 140.040901,   35.656306,      101.54,
 140.045405,   35.656306,      104.10,
 140.049910,   35.656306,      106.93,
 140.054414,   35.656306,      110.04,
 140.058919,   35.656306,      113.43,
 140.063423,   35.656306,      117.09,
 140.067928,   35.656306,      121.04,
 140.072432,   35.656306,      125.27,
 140.076937,   35.656306,      129.77,
 140.081441,   35.656306,      134.55,
 140.085946,   35.656306,      139.62,
 140.090450,   35.656306,      144.96,
 140.094955,   35.656306,      150.58,
 140.099459,   35.656306,      156.48,
 140.103964,   35.656306,      162.65,
 140.108468,   35.656306,      169.11,
 140.112973,   35.656306,      175.85,
 140.117477,   35.656306,      182.86,
 140.121982,   35.656306,      190.15,
 140.126486,   35.656306,      197.65,
 140.130991,   35.656306,      204.11,
 140.135495,   35.656306,      210.57,
 140.140000,   35.656306,      217.02,
 140.144505,   35.656306,      223.48,
 140.149009,   35.656306,      229.06,
 140.153514,   35.656306,      215.13,
 140.158018,   35.656306,      199.58,
 140.162523,   35.656306,      182.42,
 140.167027,   35.656306,      163.64,
 140.171532,   35.656306,      143.26,
 140.176036,   35.656306,      121.26,
 140.180541,   35.656306,       99.56,
 140.185045,   35.656306,      100.08,
 140.189550,   35.656306,      100.60,
 140.194054,   35.656306,      101.11,
 140.198559,   35.656306,      101.63,
 140.203063,   35.656306,      102.15,
 140.207568,   35.656306,      102.13,
 140.212072,   35.656306,      101.89,
 140.216577,   35.656306,      101.65,
 140.221081,   35.656306,      101.42,
 140.225586,   35.656306,      101.18,
 140.230090,   35.656306,      100.94,
 140.234595,   35.656306,      100.71,
 140.239099,   35.656306,      100.47,
 140.243604,   35.656306,      100.24,
 140.248108,   35.656306,      100.00,
 140.252613,   35.656306,       99.76,
 140.257117,   35.656306,       99.53,
 140.261622,   35.656306,       99.29,
 140.266126,   35.656306,       99.06,
 140.270631,   35.656306,       98.82,
 140.275135,   35.656306,       98.58,
 140.279640,   35.656306,       98.35,
 140.284144,   35.656306,       98.11,
 140.288649,   35.656306,       97.87,
 140.293153,   35.656306,       97.64,
 140.297658,   35.656306,       97.40,
 140.302162,   35.656306,       97.16,
 140.306667,   35.656306,       96.93,
 140.311171,   35.656306,       96.69,
 140.315676,   35.656306,       96.46,
 140.320180,   35.656306,       96.22,
 140.324685,   35.656306,       95.98,
 140.329189,   35.656306,       95.75,
 140.333694,   35.656306,       95.51,
 140.338198,   35.656306,       95.27,
 140.342703,   35.656306,       95.04,
 140.347207,   35.656306,       94.80,
 140.351712,   35.656306,       94.56,
 140.356216,   35.656306,       94.33,
 140.360721,   35.656306,       94.09,
 140.365225,   35.656306,       93.85,
 140.369730,   35.656306,       93.62,
 140.374234,   35.656306,       93.38,
 140.378739,   35.656306,       93.15,
 140.383243,   35.656306,       92.91,
 140.387748,   35.656306,       92.67,
 139.140000,   35.660811,       14.16,
 139.144505,   35.660811,       14.45,
 139.149009,   35.660811,       14.75,
 139.153514,   35.660811,       15.05,
 139.158018,   35.660811,       15.35,
 139.162523,   35.660811,       15.66,
 139.167027,   35.660811,       15.97,
 139.171532,   35.660811,       16.28,
 139.176036,   35.660811,       16.59,
 139.180541,   35.660811,       16.91,
 139.185045,   35.660811,       17.23,
 139.189550,   35.660811,       17.55,
 139.194054,   35.660811,       17.87,
 139.198559,   35.660811,       18.20,
 139.203063,   35.660811,       18.53,
 139.207568,   35.660811,       18.86,
 139.212072,   35.660811,       19.19,
 139.216577,   35.660811,       19.53,
 139.221081,   35.660811,       19.87,
 139.225586,   35.660811,       20.21,
 139.230090,   35.660811,       20.55,
 139.234595,   35.660811,       20.90,
 139.239099,   35.660811,       21.25,
 139.243604,   35.660811,       21.60,
 139.248108,   35.660811,       21.95,
 139.252613,   35.660811,       22.31,
 139.257117,   35.660811,       22.67,
 139.261622,   35.660811,       23.03,
 139.266126,   35.660811,       23.39,
 139.270631,   35.660811,       23.76,
 139.275135,   35.660811,       24.13,
 139.279640,   35.660811,       24.50,
 139.284144,   35.660811,       24.87,
 139.288649,   35.660811,       25.25,
 139.293153,   35.660811,       25.63,
 139.297658,   35.660811,       26.01,
 139.302162,   35.660811,       26.39,
 139.306667,   35.660811,       26.78,
 139.311171,   35.660811,       27.17,
 139.315676,   35.660811,       27.56,
 139.320180,   35.660811,       27.95,
 139.324685,   35.660811,       28.35,
 139.329189,   35.660811,       28.75,
 139.333694,   35.660811,       29.15,
 139.338198,   35.660811,       29.55,
 139.342703,   35.660811,       29.96,
 139.347207,   35.660811,       30.37,
 139.351712,   35.660811,       30.78,
 139.356216,   35.660811,       31.20,
 139.360721,   35.660811,       31.61,
 139.365225,   35.660811,       32.03,
 139.369730,   35.660811,       32.45,
 139.374234,   35.660811,       32.88,
 139.378739,   35.660811,       33.30,
 139.383243,   35.660811,       33.73,
 139.387748,   35.660811,       34.16,
 139.392252,   35.660811,       34.60,
 139.396757,   35.660811,       35.03,
 139.401261,   35.660811,       35.47,
 139.405766,   35.660811,       35.91,
 139.410270,   35.660811,       36.36,
 139.414775,   35.660811,       36.81,
 139.419279,   35.660811,       37.25,
 139.423784,   35.660811,       37.71,
 139.428288,   35.660811,       38.16,
 139.432793,   35.660811,       38.62,
 139.437297,   35.660811,       39.08,
 139.441802,   35.660811,       39.54,
 139.446306,   35.660811,       40.00,
 139.450811,   35.660811,       40.47,
 139.455315,   35.660811,       40.94,
 139.459820,   35.660811,       41.41,
 139.464324,   35.660811,       41.88,
 139.468829,   35.660811,       42.36,
 139.473333,   35.660811,       42.84,
 139.477838,   35.660811,       43.32,
 139.482342,   35.660811,       43.81,
 139.486847,   35.660811,       44.29,
 139.491351,   35.660811,       44.78,
 139.495856,   35.660811,       45.27,
 139.500360,   35.660811,       45.77,
 139.504865,   35.660811,       46.27,
 139.509369,   35.660811,       46.77,
 139.513874,   35.660811,       47.27,
 139.518378,   35.660811,       47.77,
 139.522883,   35.660811,       48.28,
 139.527387,   35.660811,       48.79,
 139.531892,   35.660811,       49.30,
 139.536396,   35.660811,       49.81,
 139.540901,   35.660811,       50.33,
 139.545405,   35.660811,       50.85,
 139.549910,   35.660811,       51.37,
 139.554414,   35.660811,       51.90,
 139.558919,   35.660811,       52.42,
 139.563423,   35.660811,       52.95,
 139.567928,   35.660811,       53.49,
 139.572432,   35.660811,       54.02,
 139.576937,   35.660811,       54.56,
 139.581441,   35.660811,       55.10,
 139.585946,   35.660811,       55.64,
 139.590450,   35.660811,       56.18,
 139.594955,   35.660811,       56.73,
 139.599459,   35.660811,       57.28,
 139.603964,   35.660811,       57.83,
 139.608468,   35.660811,       58.39,
 139.612973,   35.660811,       58.94,
 139.617477,   35.660811,       59.50,
 139.621982,   35.660811,       60.07,
 139.626486,   35.660811,       60.63,
 139.630991,   35.660811,       61.20,
 139.635495,   35.660811,       61.77,
 139.640000,   35.660811,       62.34,
 139.644505,   35.660811,       62.91,
 139.649009,   35.660811,       63.49,
 139.653514,   35.660811,       64.07,
 139.658018,   35.660811,       64.65,
 139.662523,   35.660811,       65.24,
 139.667027,   35.660811,       65.82,
 139.671532,   35.660811,       66.41,
 139.676036,   35.660811,       67.01,
 139.680541,   35.660811,       67.60,
 139.685045,   35.660811,       68.20,
 139.689550,   35.660811,       68.80,
 139.694054,   35.660811,       69.40,
 139.698559,   35.660811,       70.01,
 139.703063,   35.660811,       70.61,
 139.707568,   35.660811,       71.22,
 139.712072,   35.660811,       71.84,
 139.716577,   35.660811,       72.45,
 139.721081,   35.660811,       73.07,
 139.725586,   35.660811,       73.69,
 139.730090,   35.660811,       74.31,
 139.734595,   35.660811,       74.93,
 139.739099,   35.660811,       75.56,
 139.743604,   35.660811,       76.19,
 139.748108,   35.660811,       76.82,
 139.752613,   35.660811,       77.80,
 139.757117,   35.660811,       79.02,
 139.761622,   35.660811,       78.51,
 139.766126,   35.660811,       78.19,
 139.770631,   35.660811,       78.04,
 139.775135,   35.660811,       78.08,
 139.779640,   35.660811,       78.29,
 139.784144,   35.660811,       55.54,
 139.788649,   35.660811,    -1167.44,
 139.793153,   35.660811,    -3066.05,
 139.797658,   35.660811,    -5789.28,
 139.802162,   35.660811,    -9596.04,
 139.806667,   35.660811,   -14835.98,
 139.811171,   35.660811,   -21600.26,
 139.815676,   35.660811,   -30190.65,
 139.820180,   35.660811,   -41468.17,
 139.824685,   35.660811,   -41468.17,
 139.829189,   35.660811,   -41468.17,
 139.833694,   35.660811,    25536.32,
 139.838198,   35.660811,    25536.32,
 139.842703,   35.660811,    25536.32,
 139.847207,   35.660811,    25536.32,
 139.851712,   35.660811,    25536.32,
 139.856216,   35.660811,    39101.88,
 139.860721,   35.660811,    39101.88,
 139.865225,   35.660811,    27933.37,
 139.869730,   35.660811,    20107.43,
 139.874234,   35.660811,    14311.68,
 139.878739,   35.660811,    10041.91,
 139.883243,   35.660811,     6878.89,
 139.887748,   35.660811,     4496.04,
 139.892252,   35.660811,     2715.29,
 139.896757,   35.660811,     1427.10,
 139.901261,   35.660811,      559.54,
 139.905766,   35.660811,      107.45,
 139.910270,   35.660811,       90.06,
 139.914775,   35.660811,       91.17,
 139.919279,   35.660811,       92.30,
 139.923784,   35.660811,       92.93,
 139.928288,   35.660811,       92.51,
 139.932793,   35.660811,       92.06,
 139.937297,   35.660811,       91.69,
 139.941802,   35.660811,       91.38,
 139.946306,   35.660811,       91.23,
 139.950811,   35.660811,       91.15,
 139.955315,   35.660811,       91.16,
 139.959820,   35.660811,       91.18,
 139.964324,   35.660811,       91.24,
 139.968829,   35.660811,       91.32,
 139.973333,   35.660811,       91.40,
 139.977838,   35.660811,       91.51,
 139.982342,   35.660811,       91.62,
 139.986847,   35.660811,       91.74,
 139.991351,   35.660811,       91.76,
 139.995856,   35.660811,       91.69,
 140.000360,   35.660811,       91.65,
 140.004865,   35.660811,       91.62,
 140.009369,   35.660811,       91.60,
 140.013874,   35.660811,       92.06,
 140.018378,   35.660811,       93.09,
 140.022883,   35.660811,       94.40,
 140.027387,   35.660811,       95.99,
 140.031892,   35.660811,       97.86,
 140.036396,   35.660811,      100.00,
 140.040901,   35.660811,      102.43,
 140.045405,   35.660811,      105.13,
 140.049910,   35.660811,      108.11,
 140.054414,   35.660811,      111.37,
 140.058919,   35.660811,      114.91,
 140.063423,   35.660811,      118.73,
 140.067928,   35.660811,      122.83,
 140.072432,   35.660811,      127.21,
 140.076937,   35.660811,      131.86,
 140.081441,   35.660811,      136.80,
 140.085946,   35.660811,      142.01,
 140.090450,   35.660811,      147.50,
 140.094955,   35.660811,      153.27,
 140.099459,   35.660811,      159.32,
 140.103964,   35.660811,      165.65,
 140.108468,   35.660811,      172.26,
 140.112973,   35.660811,      179.15,
 140.117477,   35.660811,      186.31,
 140.121982,   35.660811,      193.76,
 140.126486,   35.660811,      201.48,
 140.130991,   35.660811,      208.73,
 140.135495,   35.660811,      215.19,
 140.140000,   35.660811,      221.65,
 140.144505,   35.660811,      228.10,
 140.149009,   35.660811,      234.56,
 140.153514,   35.660811,      241.02,
 140.158018,   35.660811,      226.32,
 140.162523,   35.660811,      209.28,
 140.167027,   35.660811,      190.63,
 140.171532,   35.660811,      170.37,
 140.176036,   35.660811,      148.49,
 140.180541,   35.660811,      125.00,
 140.185045,   35.660811,       99.90,
 140.189550,   35.660811,      100.35,
 140.194054,   35.660811,      100.87,
 140.198559,   35.660811,      101.39,
 140.203063,   35.660811,      101.91,
 140.207568,   35.660811,      102.42,
 140.212072,   35.660811,      102.75,
 140.216577,   35.660811,      102.52,
 140.221081,   35.660811,      102.28,
 140.225586,   35.660811,      102.04,
 140.230090,   35.660811,      101.81,
 140.234595,   35.660811,      101.57,
 140.239099,   35.660811,      101.34,
 140.243604,   35.660811,      101.10,
 140.248108,   35.660811,      100.86,
 140.252613,   35.660811,      100.63,
 140.257117,   35.660811,      100.39,
 140.261622,   35.660811,      100.15,
 140.266126,   35.660811,       99.92,
 140.270631,   35.660811,       99.68,
 140.275135,   35.660811,       99.45,
 140.279640,   35.660811,       99.21,
 140.284144,   35.660811,       98.97,
 140.288649,   35.660811,       98.74,
 140.293153,   35.660811,       98.50,
 140.297658,   35.660811,       98.26,
 140.302162,   35.660811,       98.03,
 140.306667,   35.660811,       97.79,
 140.311171,   35.660811,       97.55,
 140.315676,   35.660811,       97.32,
 140.320180,   35.660811,       97.08,
 140.324685,   35.660811,       96.85,
 140.329189,   35.660811,       96.61,
 140.333694,   35.660811,       96.37,
 140.338198,   35.660811,       96.14,
 140.342703,   35.660811,       95.90,
 140.347207,   35.660811,       95.66,
 140.351712,   35.660811,       95.43,
 140.356216,   35.660811,       95.19,
 140.360721,   35.660811,       94.95,
 140.365225,   35.660811,       94.72,
 140.369730,   35.660811,       94.48,
 140.374234,   35.660811,       94.24,
 140.378739,   35.660811,       94.01,
 140.383243,   35.660811,       93.77,
 140.387748,   35.660811,       93.53,
 139.140000,   35.665315,       14.19,
 139.144505,   35.665315,       14.48,
 139.149009,   35.665315,       14.78,
 139.153514,   35.665315,       15.08,
 139.158018,   35.665315,       15.38,
 139.162523,   35.665315,       15.69,
 139.167027,   35.665315,       16.00,
 139.171532,   35.665315,       16.31,
 139.176036,   35.665315,       16.62,
 139.180541,   35.665315,       16.93,
 139.185045,   35.665315,       17.25,
 139.189550,   35.665315,       17.57,
 139.194054,   35.665315,       17.89,
 139.198559,   35.665315,       18.22,
 139.203063,   35.665315,       18.55,
 139.207568,   35.665315,       18.88,
 139.212072,   35.665315,       19.21,
 139.216577,   35.665315,       19.54,
 139.221081,   35.665315,       19.88,
 139.225586,   35.665315,       20.22,
 139.230090,   35.665315,       20.56,
 139.234595,   35.665315,       20.91,
 139.239099,   35.665315,       21.26,
 139.243604,   35.665315,       21.61,
 139.248108,   35.665315,       21.96,
 139.252613,   35.665315,       22.32,
 139.257117,   35.665315,       22.67,
 139.261622,   35.665315,       23.03,
 139.266126,   35.665315,       23.40,
 139.270631,   35.665315,       23.76,
 139.275135,   35.665315,       24.13,
 139.279640,   35.665315,       24.50,
 139.284144,   35.665315,       24.87,
 139.288649,   35.665315,       25.25,
 139.293153,   35.665315,       25.63,
 139.297658,   35.665315,       26.01,
 139.302162,   35.665315,       26.39,
 139.306667,   35.665315,       26.77,
 139.311171,   35.665315,       27.16,
 139.315676,   35.665315,       27.55,
 139.320180,   35.665315,       27.94,
 139.324685,   35.665315,       28.34,
 139.329189,   35.665315,       28.74,
 139.333694,   35.665315,       29.14,
 139.338198,   35.665315,       29.54,
 139.342703,   35.665315,       29.95,
 139.347207,   35.665315,       30.35,
 139.351712,   35.665315,       30.76,
 139.356216,   35.665315,       31.18,
 139.360721,   35.665315,       31.59,
 139.365225,   35.665315,       32.01,
 139.369730,   35.665315,       32.43,
 139.374234,   35.665315,       32.85,
 139.378739,   35.665315,       33.28,
 139.383243,   35.665315,       33.71,
 139.387748,   35.665315,       34.14,
 139.392252,   35.665315,       34.57,
 139.396757,   35.665315,       35.01,
 139.401261,   35.665315,       35.45,
 139.405766,   35.665315,       35.89,
 139.410270,   35.665315,       36.33,
 139.414775,   35.665315,       36.77,
 139.419279,   35.665315,       37.22,
 139.423784,   35.665315,       37.67,
 139.428288,   35.665315,       38.13,
 139.432793,   35.665315,       38.58,
 139.437297,   35.665315,       39.04,
 139.441802,   35.665315,       39.50,
 139.446306,   35.665315,       39.96,
 139.450811,   35.665315,       40.43,
 139.455315,   35.665315,       40.90,
 139.459820,   35.665315,       41.37,
 139.464324,   35.665315,       41.84,
 139.468829,   35.665315,       42.32,
 139.473333,   35.665315,       42.80,
 139.477838,   35.665315,       43.28,
 139.482342,   35.665315,       43.76,
 139.486847,   35.665315,       44.25,
 139.491351,   35.665315,       44.73,
 139.495856,   35.665315,       45.22,
 139.500360,   35.665315,       45.72,
 139.504865,   35.665315,       46.21,
 139.509369,   35.665315,       46.71,
 139.513874,   35.665315,       47.21,
 139.518378,   35.665315,       47.72,
 139.522883,   35.665315,       48.22,
 139.527387,   35.665315,       48.73,
 139.531892,   35.665315,       49.24,
 139.536396,   35.665315,       49.75,
 139.540901,   35.665315,       50.27,
 139.545405,   35.665315,       50.79,
 139.549910,   35.665315,       51.31,
 139.554414,   35.665315,       51.83,
 139.558919,   35.665315,       52.36,
 139.563423,   35.665315,       52.89,
 139.567928,   35.665315,       53.42,
 139.572432,   35.665315,       53.95,
 139.576937,   35.665315,       54.49,
 139.581441,   35.665315,       55.03,
 139.585946,   35.665315,       55.57,
 139.590450,   35.665315,       56.11,
 139.594955,   35.665315,       56.66,
 139.599459,   35.665315,       57.21,
 139.603964,   35.665315,       57.76,
 139.608468,   35.665315,       58.31,
 139.612973,   35.665315,       58.87,
 139.617477,   35.665315,       59.42,
 139.621982,   35.665315,       59.99,
 139.626486,   35.665315,       60.55,
 139.630991,   35.665315,       61.12,
 139.635495,   35.665315,       61.68,
 139.640000,   35.665315,       62.25,
 139.644505,   35.665315,       62.83,
 139.649009,   35.665315,       63.40,
 139.653514,   35.665315,       63.98,
 139.658018,   35.665315,       64.56,
 139.662523,   35.665315,       65.15,
 139.667027,   35.665315,       65.73,
 139.671532,   35.665315,       66.32,
 139.676036,   35.665315,       66.91,
 139.680541,   35.665315,       67.51,
 139.685045,   35.665315,       68.10,
 139.689550,   35.665315,       68.70,
 139.694054,   35.665315,       69.30,
 139.698559,   35.665315,       69.91,
 139.703063,   35.665315,       70.51,
 139.707568,   35.665315,       71.12,
 139.712072,   35.665315,       71.73,
 139.716577,   35.665315,       72.35,
 139.721081,   35.665315,       72.96,
 139.725586,   35.665315,       73.58,
 139.730090,   35.665315,       74.20,
 139.734595,   35.665315,       74.83,
 139.739099,   35.665315,       75.45,
 139.743604,   35.665315,       76.08,
 139.748108,   35.665315,       76.72,
 139.752613,   35.665315,       79.67,
 139.757117,   35.665315,       78.82,
 139.761622,   35.665315,       78.15,
 139.766126,   35.665315,       77.66,
 139.770631,   35.665315,       77.35,
 139.775135,   35.665315,       77.22,
 139.779640,   35.665315,       77.27,
 139.784144,   35.665315,       77.50,
 139.788649,   35.665315,       77.92,
 139.793153,   35.665315,       78.51,
 139.797658,   35.665315,    -1627.86,
 139.802162,   35.665315,    -4667.36,
 139.806667,   35.665315,    -8740.43,
 139.811171,   35.665315,   -14195.60,
 139.815676,   35.665315,   -21716.20,
 139.820180,   35.665315,   -31815.12,
 139.824685,   35.665315,   -45320.78,
 139.829189,   35.665315,   -45320.78,
 139.833694,   35.665315,   -45320.78,
 139.838198,   35.665315,   -45320.78,
 139.842703,   35.665315,    38353.30,
 139.847207,   35.665315,    38353.30,
 139.851712,   35.665315,    38353.30,
 139.856216,   35.665315,    38353.30,
 139.860721,   35.665315,    38353.30,
 139.865225,   35.665315,    27224.38,
 139.869730,   35.665315,    19495.37,
 139.874234,   35.665315,    13875.41,
 139.878739,   35.665315,     9713.23,
 139.883243,   35.665315,     6621.42,
 139.887748,   35.665315,     4325.71,
 139.892252,   35.665315,     2639.23,
 139.896757,   35.665315,     1430.67,
 139.901261,   35.665315,      615.92,
 139.905766,   35.665315,      153.22,
 139.910270,   35.665315,       89.92,
 139.914775,   35.665315,       90.97,
 139.919279,   35.665315,       92.07,
 139.923784,   35.665315,       93.03,
 139.928288,   35.665315,       92.68,
 139.932793,   35.665315,       92.34,
 139.937297,   35.665315,       92.03,
 139.941802,   35.665315,       91.77,
 139.946306,   35.665315,       91.62,
 139.950811,   35.665315,       91.54,
 139.955315,   35.665315,       91.52,
 139.959820,   35.665315,       91.52,
 139.964324,   35.665315,       91.61,
 139.968829,   35.665315,       91.69,
 139.973333,   35.665315,       91.75,
 139.977838,   35.665315,       91.83,
 139.982342,   35.665315,       91.91,
 139.986847,   35.665315,       92.01,
 139.991351,   35.665315,       92.01,
 139.995856,   35.665315,       91.92,
 140.000360,   35.665315,       91.85,
 140.004865,   35.665315,       91.82,
 140.009369,   35.665315,       91.80,
 140.013874,   35.665315,       91.79,
 140.018378,   35.665315,       92.94,
 140.022883,   35.665315,       94.40,
 140.027387,   35.665315,       96.14,
 140.031892,   35.665315,       98.16,
 140.036396,   35.665315,      100.45,
 140.040901,   35.665315,      103.03,
 140.045405,   35.665315,      105.88,
 140.049910,   35.665315,      109.02,
 140.054414,   35.665315,      112.43,
 140.058919,   35.665315,      116.12,
 140.063423,   35.665315,      120.09,
 140.067928,   35.665315,      124.34,
 140.072432,   35.665315,      128.87,
 140.076937,   35.665315,      133.68,
 140.081441,   35.665315,      138.76,
 140.085946,   35.665315,      144.13,
 140.090450,   35.665315,      149.77,
 140.094955,   35.665315,      155.69,
 140.099459,   35.665315,      161.89,
 140.103964,   35.665315,      168.37,
 140.108468,   35.665315,      175.13,
 140.112973,   35.665315,      182.17,
 140.117477,   35.665315,      189.49,
 140.121982,   35.665315,      197.08,
 140.126486,   35.665315,      204.96,
 140.130991,   35.665315,      213.11,
 140.135495,   35.665315,      219.81,
 140.140000,   35.665315,      226.27,
 140.144505,   35.665315,      232.72,
 140.149009,   35.665315,      239.18,
 140.153514,   35.665315,      245.64,
 140.158018,   35.665315,      252.10,
 140.162523,   35.665315,      237.76,
 140.167027,   35.665315,      219.24,
 140.171532,   35.665315,      199.10,
 140.176036,   35.665315,      177.34,
 140.180541,   35.665315,      153.98,
 140.185045,   35.665315,      129.00,
 140.189550,   35.665315,      102.40,
 140.194054,   35.665315,      100.63,
 140.198559,   35.665315,      101.15,
 140.203063,   35.665315,      101.66,
 140.207568,   35.665315,      102.18,
 140.212072,   35.665315,      102.70,
 140.216577,   35.665315,      103.22,
 140.221081,   35.665315,      103.14,
 140.225586,   35.665315,      102.91,
 140.230090,   35.665315,      102.67,
 140.234595,   35.665315,      102.43,
 140.239099,   35.665315,      102.20,
 140.243604,   35.665315,      101.96,
 140.248108,   35.665315,      101.73,
 140.252613,   35.665315,      101.49,
 140.257117,   35.665315,      101.25,
 140.261622,   35.665315,      101.02,
 140.266126,   35.665315,      100.78,
 140.270631,   35.665315,      100.54,
 140.275135,   35.665315,      100.31,
 140.279640,   35.665315,      100.07,
 140.284144,   35.665315,       99.84,
 140.288649,   35.665315,       99.60,
 140.293153,   35.665315,       99.36,
 140.297658,   35.665315,       99.13,
 140.302162,   35.665315,       98.89,
 140.306667,   35.665315,       98.65,
 140.311171,   35.665315,       98.42,
 140.315676,   35.665315,       98.18,
 140.320180,   35.665315,       97.95,
 140.324685,   35.665315,       97.71,
 140.329189,   35.665315,       97.47,
 140.333694,   35.665315,       97.24,
 140.338198,   35.665315,       97.00,
 140.342703,   35.665315,       96.76,
 140.347207,   35.665315,       96.53,
 140.351712,   35.665315,       96.29,
 140.356216,   35.665315,       96.05,
 140.360721,   35.665315,       95.82,
 140.365225,   35.665315,       95.58,
 140.369730,   35.665315,       95.34,
 140.374234,   35.665315,       95.11,
 140.378739,   35.665315,       94.87,
 140.383243,   35.665315,       94.63,
 140.387748,   35.665315,       94.40,
 139.140000,   35.669820,       14.22,
 139.144505,   35.669820,       14.51,
 139.149009,   35.669820,       14.81,
 139.153514,   35.669820,       15.11,
 139.158018,   35.669820,       15.41,
 139.162523,   35.669820,       15.71,
 139.167027,   35.669820,       16.02,
 139.171532,   35.669820,       16.33,
 139.176036,   35.669820,       16.64,
 139.180541,   35.669820,       16.95,
 139.185045,   35.669820,       17.27,
 139.189550,   35.669820,       17.59,
 139.194054,   35.669820,       17.91,
 139.198559,   35.669820,       18.24,
 139.203063,   35.669820,       18.56,
 139.207568,   35.669820,       18.89,
 139.212072,   35.669820,       19.22,
 139.216577,   35.669820,       19.56,
 139.221081,   35.669820,       19.89,
 139.225586,   35.669820,       20.23,
 139.230090,   35.669820,       20.57,
 139.234595,   35.669820,       20.92,
 139.239099,   35.669820,       21.26,
 139.243604,   35.669820,       21.61,
 139.248108,   35.669820,       21.97,
 139.252613,   35.669820,       22.32,
 139.257117,   35.669820,       22.68,
 139.261622,   35.669820,       23.04,
 139.266126,   35.669820,       23.40,
 139.270631,   35.669820,       23.76,
 139.275135,   35.669820,       24.13,
 139.279640,   35.669820,       24.50,
 139.284144,   35.669820,       24.87,
 139.288649,   35.669820,       25.24,
 139.293153,   35.669820,       25.62,
 139.297658,   35.669820,       26.00,
 139.302162,   35.669820,       26.38,
 139.306667,   35.669820,       26.77,
 139.311171,   35.669820,       27.15,
 139.315676,   35.669820,       27.54,
 139.320180,   35.669820,       27.93,
 139.324685,   35.669820,       28.33,
 139.329189,   35.669820,       28.72,
 139.333694,   35.669820,       29.12,
 139.338198,   35.669820,       29.53,
 139.342703,   35.669820,       29.93,
 139.347207,   35.669820,       30.34,
 139.351712,   35.669820,       30.75,
 139.356216,   35.669820,       31.16,
 139.360721,   35.669820,       31.57,
 139.365225,   35.669820,       31.99,
 139.369730,   35.669820,       32.41,
 139.374234,   35.669820,       32.83,
 139.378739,   35.669820,       33.25,
 139.383243,   35.669820,       33.68,
 139.387748,   35.669820,       34.11,
 139.392252,   35.669820,       34.54,
 139.396757,   35.669820,       34.98,
 139.401261,   35.669820,       35.41,
 139.405766,   35.669820,       35.85,
 139.410270,   35.669820,       36.30,
 139.414775,   35.669820,       36.74,
 139.419279,   35.669820,       37.19,
 139.423784,   35.669820,       37.64,
 139.428288,   35.669820,       38.09,
 139.432793,   35.669820,       38.54,
 139.437297,   35.669820,       39.00,
 139.441802,   35.669820,       39.46,
 139.446306,   35.669820,       39.92,
 139.450811,   35.669820,       40.39,
 139.455315,   35.669820,       40.85,
 139.459820,   35.669820,       41.32,
 139.464324,   35.669820,       41.80,
 139.468829,   35.669820,       42.27,
 139.473333,   35.669820,       42.75,
 139.477838,   35.669820,       43.23,
 139.482342,   35.669820,       43.71,
 139.486847,   35.669820,       44.19,
 139.491351,   35.669820,       44.68,
 139.495856,   35.669820,       45.17,
 139.500360,   35.669820,       45.66,
 139.504865,   35.669820,       46.16,
 139.509369,   35.669820,       46.66,
 139.513874,   35.669820,       47.16,
 139.518378,   35.669820,       47.66,
 139.522883,   35.669820,       48.16,
 139.527387,   35.669820,       48.67,
 139.531892,   35.669820,       49.18,
 139.536396,   35.669820,       49.69,
 139.540901,   35.669820,       50.21,
 139.545405,   35.669820,       50.72,
 139.549910,   35.669820,       51.24,
 139.554414,   35.669820,       51.77,
 139.558919,   35.669820,       52.29,
 139.563423,   35.669820,       52.82,
 139.567928,   35.669820,       53.35,
 139.572432,   35.669820,       53.88,
 139.576937,   35.669820,       54.42,
 139.581441,   35.669820,       54.95,
 139.585946,   35.669820,       55.49,
 139.590450,   35.669820,       56.04,
 139.594955,   35.669820,       56.58,
 139.599459,   35.669820,       57.13,
 139.603964,   35.669820,       57.68,
 139.608468,   35.669820,       58.23,
 139.612973,   35.669820,       58.79,
 139.617477,   35.669820,       59.34,
 139.621982,   35.669820,       59.90,
 139.626486,   35.669820,       60.47,
 139.630991,   35.669820,       61.03,
 139.635495,   35.669820,       61.60,
 139.640000,   35.669820,       62.17,
 139.644505,   35.669820,       62.74,
 139.649009,   35.669820,       63.32,
 139.653514,   35.669820,       63.89,
 139.658018,   35.669820,       64.47,
 139.662523,   35.669820,       65.06,
 139.667027,   35.669820,       65.64,
 139.671532,   35.669820,       66.23,
 139.676036,   35.669820,       66.82,
 139.680541,   35.669820,       67.41,
 139.685045,   35.669820,       68.01,
 139.689550,   35.669820,       68.60,
 139.694054,   35.669820,       69.20,
 139.698559,   35.669820,       69.81,
 139.703063,   35.669820,       70.41,
 139.707568,   35.669820,       71.02,
 139.712072,   35.669820,       71.63,
 139.716577,   35.669820,       72.24,
 139.721081,   35.669820,       72.86,
 139.725586,   35.669820,       73.48,
 139.730090,   35.669820,       74.10,
 139.734595,   35.669820,       74.72,
 139.739099,   35.669820,       75.34,
 139.743604,   35.669820,       75.97,
 139.748108,   35.669820,       77.97,
 139.752613,   35.669820,       79.46,
 139.757117,   35.669820,       78.44,
 139.761622,   35.669820,       77.60,
 139.766126,   35.669820,       76.95,
 139.770631,   35.669820,       76.47,
 139.775135,   35.669820,       76.18,
 139.779640,   35.669820,       76.07,
 139.784144,   35.669820,       76.14,
 139.788649,   35.669820,       76.39,
 139.793153,   35.669820,       76.82,
 139.797658,   35.669820,       77.43,
 139.802162,   35.669820,       78.22,
 139.806667,   35.669820,    -1619.58,
 139.811171,   35.669820,    -5940.75,
 139.815676,   35.669820,   -11706.12,
 139.820180,   35.669820,   -19586.97,
 139.824685,   35.669820,   -30883.14,
 139.829189,   35.669820,   -46972.68,
 139.833694,   35.669820,   -46972.68,
 139.838198,   35.669820,   -46972.68,
 139.842703,   35.669820,    50067.95,
 139.847207,   35.669820,    50067.95,
 139.851712,   35.669820,    50067.95,
 139.856216,   35.669820,    50067.95,
 139.860721,   35.669820,    34367.92,
 139.865225,   35.669820,    24313.27,
 139.869730,   35.669820,    17289.66,
 139.874234,   35.669820,    12179.69,
 139.878739,   35.669820,     8422.43,
 139.883243,   35.669820,     5680.14,
 139.887748,   35.669820,     3675.86,
 139.892252,   35.669820,     2222.94,
 139.896757,   35.669820,     1200.75,
 139.901261,   35.669820,      527.58,
 139.905766,   35.669820,      153.00,
 139.910270,   35.669820,       89.46,
 139.914775,   35.669820,       90.32,
 139.919279,   35.669820,       91.14,
 139.923784,   35.669820,       91.80,
 139.928288,   35.669820,       92.24,
 139.932793,   35.669820,       92.48,
 139.937297,   35.669820,       92.23,
 139.941802,   35.669820,       92.00,
 139.946306,   35.669820,       91.85,
 139.950811,   35.669820,       91.77,
 139.955315,   35.669820,       91.77,
 139.959820,   35.669820,       91.80,
 139.964324,   35.669820,       91.89,
 139.968829,   35.669820,       91.95,
 139.973333,   35.669820,       92.00,
 139.977838,   35.669820,       92.07,
 139.982342,   35.669820,       92.14,
 139.986847,   35.669820,       92.21,
 139.991351,   35.669820,       92.08,
 139.995856,   35.669820,       92.04,
 140.000360,   35.669820,       92.02,
 140.004865,   35.669820,       92.01,
 140.009369,   35.669820,       91.99,
 140.013874,   35.669820,       91.97,
 140.018378,   35.669820,       92.51,
 140.022883,   35.669820,       94.12,
 140.027387,   35.669820,       96.01,
 140.031892,   35.669820,       98.18,
 140.036396,   35.669820,      100.63,
 140.040901,   35.669820,      103.35,
 140.045405,   35.669820,      106.36,
 140.049910,   35.669820,      109.64,
 140.054414,   35.669820,      113.21,
 140.058919,   35.669820,      117.05,
 140.063423,   35.669820,      121.17,
 140.067928,   35.669820,      125.57,
 140.072432,   35.669820,      130.25,
 140.076937,   35.669820,      135.21,
 140.081441,   35.669820,      140.45,
 140.085946,   35.669820,      145.96,
 140.090450,   35.669820,      151.76,
 140.094955,   35.669820,      157.83,
 140.099459,   35.669820,      164.18,
 140.103964,   35.669820,      170.81,
 140.108468,   35.669820,      177.72,
 140.112973,   35.669820,      184.91,
 140.117477,   35.669820,      192.38,
 140.121982,   35.669820,      200.13,
 140.126486,   35.669820,      208.16,
 140.130991,   35.669820,      216.46,
 140.135495,   35.669820,      224.43,
 140.140000,   35.669820,      230.89,
 140.144505,   35.669820,      237.35,
 140.149009,   35.669820,      243.80,
 140.153514,   35.669820,      250.26,
 140.158018,   35.669820,      256.72,
 140.162523,   35.669820,      263.18,
 140.167027,   35.669820,      249.45,
 140.171532,   35.669820,      229.44,
 140.176036,   35.669820,      207.81,
 140.180541,   35.669820,      184.56,
 140.185045,   35.669820,      159.71,
 140.189550,   35.669820,      133.23,
 140.194054,   35.669820,      105.15,
 140.198559,   35.669820,      100.90,
 140.203063,   35.669820,      101.42,
 140.207568,   35.669820,      101.94,
 140.212072,   35.669820,      102.46,
 140.216577,   35.669820,      102.97,
 140.221081,   35.669820,      103.49,
 140.225586,   35.669820,      103.77,
 140.230090,   35.669820,      103.53,
 140.234595,   35.669820,      103.30,
 140.239099,   35.669820,      103.06,
 140.243604,   35.669820,      102.82,
 140.248108,   35.669820,      102.59,
 140.252613,   35.669820,      102.35,
 140.257117,   35.669820,      102.12,
 140.261622,   35.669820,      101.88,
 140.266126,   35.669820,      101.64,
 140.270631,   35.669820,      101.41,
 140.275135,   35.669820,      101.17,
 140.279640,   35.669820,      100.94,
 140.284144,   35.669820,      100.70,
 140.288649,   35.669820,      100.46,
 140.293153,   35.669820,      100.23,
 140.297658,   35.669820,       99.99,
 140.302162,   35.669820,       99.75,
 140.306667,   35.669820,       99.52,
 140.311171,   35.669820,       99.28,
 140.315676,   35.669820,       99.04,
 140.320180,   35.669820,       98.81,
 140.324685,   35.669820,       98.57,
 140.329189,   35.669820,       98.34,
 140.333694,   35.669820,       98.10,
 140.338198,   35.669820,       97.86,
 140.342703,   35.669820,       97.63,
 140.347207,   35.669820,       97.39,
 140.351712,   35.669820,       97.15,
 140.356216,   35.669820,       96.92,
 140.360721,   35.669820,       96.68,
 140.365225,   35.669820,       96.44,
 140.369730,   35.669820,       96.21,
 140.374234,   35.669820,       95.97,
 140.378739,   35.669820,       95.73,
 140.383243,   35.669820,       95.50,
 140.387748,   35.669820,       95.26,
 139.140000,   35.674324,       14.25,
 139.144505,   35.674324,       14.54,
 139.149009,   35.674324,       14.84,
 139.153514,   35.674324,       15.13,
 139.158018,   35.674324,       15.43,
 139.162523,   35.674324,       15.74,
 139.167027,   35.674324,       16.04,
 139.171532,   35.674324,       16.35,
 139.176036,   35.674324,       16.66,
 139.180541,   35.674324,       16.97,
 139.185045,   35.674324,       17.29,
 139.189550,   35.674324,       17.61,
 139.194054,   35.674324,       17.93,
 139.198559,   35.674324,       18.25,
 139.203063,   35.674324,       18.58,
 139.207568,   35.674324,       18.90,
 139.212072,   35.674324,       19.23,
 139.216577,   35.674324,       19.57,
 139.221081,   35.674324,       19.90,
 139.225586,   35.674324,       20.24,
 139.230090,   35.674324,       20.58,
 139.234595,   35.674324,       20.92,
 139.239099,   35.674324,       21.27,
 139.243604,   35.674324,       21.62,
 139.248108,   35.674324,       21.97,
 139.252613,   35.674324,       22.32,
 139.257117,   35.674324,       22.68,
 139.261622,   35.674324,       23.04,
 139.266126,   35.674324,       23.40,
 139.270631,   35.674324,       23.76,
 139.275135,   35.674324,       24.12,
 139.279640,   35.674324,       24.49,
 139.284144,   35.674324,       24.86,
 139.288649,   35.674324,       25.24,
 139.293153,   35.674324,       25.61,
 139.297658,   35.674324,       25.99,
 139.302162,   35.674324,       26.37,
 139.306667,   35.674324,       26.75,
 139.311171,   35.674324,       27.14,
 139.315676,   35.674324,       27.53,
 139.320180,   35.674324,       27.92,
 139.324685,   35.674324,       28.31,
 139.329189,   35.674324,       28.71,
 139.333694,   35.674324,       29.11,
 139.338198,   35.674324,       29.51,
 139.342703,   35.674324,       29.91,
 139.347207,   35.674324,       30.32,
 139.351712,   35.674324,       30.72,
 139.356216,   35.674324,       31.14,
 139.360721,   35.674324,       31.55,
 139.365225,   35.674324,       31.96,
 139.369730,   35.674324,       32.38,
 139.374234,   35.674324,       32.80,
 139.378739,   35.674324,       33.23,
 139.383243,   35.674324,       33.65,
 139.387748,   35.674324,       34.08,
 139.392252,   35.674324,       34.51,
 139.396757,   35.674324,       34.95,
 139.401261,   35.674324,       35.38,
 139.405766,   35.674324,       35.82,
 139.410270,   35.674324,       36.26,
 139.414775,   35.674324,       36.70,
 139.419279,   35.674324,       37.15,
 139.423784,   35.674324,       37.60,
 139.428288,   35.674324,       38.05,
 139.432793,   35.674324,       38.50,
 139.437297,   35.674324,       38.96,
 139.441802,   35.674324,       39.42,
 139.446306,   35.674324,       39.88,
 139.450811,   35.674324,       40.34,
 139.455315,   35.674324,       40.81,
 139.459820,   35.674324,       41.28,
 139.464324,   35.674324,       41.75,
 139.468829,   35.674324,       42.22,
 139.473333,   35.674324,       42.70,
 139.477838,   35.674324,       43.18,
 139.482342,   35.674324,       43.66,
 139.486847,   35.674324,       44.14,
 139.491351,   35.674324,       44.63,
 139.495856,   35.674324,       45.12,
 139.500360,   35.674324,       45.61,
 139.504865,   35.674324,       46.10,
 139.509369,   35.674324,       46.60,
 139.513874,   35.674324,       47.10,
 139.518378,   35.674324,       47.60,
 139.522883,   35.674324,       48.10,
 139.527387,   35.674324,       48.61,
 139.531892,   35.674324,       49.12,
 139.536396,   35.674324,       49.63,
 139.540901,   35.674324,       50.14,
 139.545405,   35.674324,       50.66,
 139.549910,   35.674324,       51.18,
 139.554414,   35.674324,       51.70,
 139.558919,   35.674324,       52.22,
 139.563423,   35.674324,       52.75,
 139.567928,   35.674324,       53.28,
 139.572432,   35.674324,       53.81,
 139.576937,   35.674324,       54.34,
 139.581441,   35.674324,       54.88,
 139.585946,   35.674324,       55.42,
 139.590450,   35.674324,       55.96,
 139.594955,   35.674324,       56.50,
 139.599459,   35.674324,       57.05,
 139.603964,   35.674324,       57.60,
 139.608468,   35.674324,       58.15,
 139.612973,   35.674324,       58.70,
 139.617477,   35.674324,       59.26,
 139.621982,   35.674324,       59.82,
 139.626486,   35.674324,       60.38,
 139.630991,   35.674324,       60.94,
 139.635495,   35.674324,       61.51,
 139.640000,   35.674324,       62.08,
 139.644505,   35.674324,       62.65,
 139.649009,   35.674324,       63.22,
 139.653514,   35.674324,       63.80,
 139.658018,   35.674324,       64.38,
 139.662523,   35.674324,       64.96,
 139.667027,   35.674324,       65.55,
 139.671532,   35.674324,       66.13,
 139.676036,   35.674324,       66.72,
 139.680541,   35.674324,       67.31,
 139.685045,   35.674324,       67.91,
 139.689550,   35.674324,       68.50,
 139.694054,   35.674324,       69.10,
 139.698559,   35.674324,       69.70,
 139.703063,   35.674324,       70.31,
 139.707568,   35.674324,       70.92,
 139.712072,   35.674324,       71.52,
 139.716577,   35.674324,       72.14,
 139.721081,   35.674324,       72.75,
 139.725586,   35.674324,       73.37,
 139.730090,   35.674324,       73.99,
 139.734595,   35.674324,       74.61,
 139.739099,   35.674324,       75.23,
 139.743604,   35.674324,       76.17,
 139.748108,   35.674324,       79.92,
 139.752613,   35.674324,       79.06,
 139.757117,   35.674324,       77.88,
 139.761622,   35.674324,       76.88,
 139.766126,   35.674324,       76.06,
 139.770631,   35.674324,       75.42,
 139.775135,   35.674324,       74.96,
 139.779640,   35.674324,       74.68,
 139.784144,   35.674324,       74.59,
 139.788649,   35.674324,       74.67,
 139.793153,   35.674324,       74.94,
 139.797658,   35.674324,       75.39,
 139.802162,   35.674324,       76.02,
 139.806667,   35.674324,       76.83,
 139.811171,   35.674324,       77.82,
 139.815676,   35.674324,    -1023.52,
 139.820180,   35.674324,    -6971.08,
 139.824685,   35.674324,   -15179.60,
 139.829189,   35.674324,   -27165.46,
 139.833694,   35.674324,   -27165.46,
 139.838198,   35.674324,   -27165.46,
 139.842703,   35.674324,    40568.99,
 139.847207,   35.674324,    40568.99,
 139.851712,   35.674324,    40568.99,
 139.856216,   35.674324,    40568.99,
 139.860721,   35.674324,    28123.22,
 139.865225,   35.674324,    19757.85,
 139.869730,   35.674324,    13793.46,
 139.874234,   35.674324,     9522.62,
 139.878739,   35.674324,     6460.69,
 139.883243,   35.674324,     4244.96,
 139.887748,   35.674324,     2651.47,
 139.892252,   35.674324,     1535.44,
 139.896757,   35.674324,      801.22,
 139.901261,   35.674324,      349.97,
 139.905766,   35.674324,      118.92,
 139.910270,   35.674324,       88.55,
 139.914775,   35.674324,       89.15,
 139.919279,   35.674324,       89.68,
 139.923784,   35.674324,       90.10,
 139.928288,   35.674324,       90.41,
 139.932793,   35.674324,       90.72,
 139.937297,   35.674324,       91.01,
 139.941802,   35.674324,       91.25,
 139.946306,   35.674324,       91.46,
 139.950811,   35.674324,       91.64,
 139.955315,   35.674324,       91.71,
 139.959820,   35.674324,       91.80,
 139.964324,   35.674324,       91.90,
 139.968829,   35.674324,       92.01,
 139.973333,   35.674324,       92.14,
 139.977838,   35.674324,       92.23,
 139.982342,   35.674324,       92.29,
 139.986847,   35.674324,       92.26,
 139.991351,   35.674324,       92.25,
 139.995856,   35.674324,       92.23,
 140.000360,   35.674324,       92.21,
 140.004865,   35.674324,       92.19,
 140.009369,   35.674324,       92.18,
 140.013874,   35.674324,       92.16,
 140.018378,   35.674324,       92.16,
 140.022883,   35.674324,       93.56,
 140.027387,   35.674324,       95.60,
 140.031892,   35.674324,       97.92,
 140.036396,   35.674324,      100.52,
 140.040901,   35.674324,      103.40,
 140.045405,   35.674324,      106.56,
 140.049910,   35.674324,      109.99,
 140.054414,   35.674324,      113.71,
 140.058919,   35.674324,      117.70,
 140.063423,   35.674324,      121.97,
 140.067928,   35.674324,      126.53,
 140.072432,   35.674324,      131.36,
 140.076937,   35.674324,      136.46,
 140.081441,   35.674324,      141.85,
 140.085946,   35.674324,      147.52,
 140.090450,   35.674324,      153.47,
 140.094955,   35.674324,      159.69,
 140.099459,   35.674324,      166.19,
 140.103964,   35.674324,      172.98,
 140.108468,   35.674324,      180.04,
 140.112973,   35.674324,      187.38,
 140.117477,   35.674324,      195.00,
 140.121982,   35.674324,      202.90,
 140.126486,   35.674324,      211.07,
 140.130991,   35.674324,      219.53,
 140.135495,   35.674324,      228.26,
 140.140000,   35.674324,      235.51,
 140.144505,   35.674324,      241.97,
 140.149009,   35.674324,      248.42,
 140.153514,   35.674324,      254.88,
 140.158018,   35.674324,      261.34,
 140.162523,   35.674324,      267.80,
 140.167027,   35.674324,      274.26,
 140.171532,   35.674324,      261.39,
 140.176036,   35.674324,      239.88,
 140.180541,   35.674324,      216.76,
 140.185045,   35.674324,      192.03,
 140.189550,   35.674324,      165.68,
 140.194054,   35.674324,      137.72,
 140.198559,   35.674324,      108.15,
 140.203063,   35.674324,      101.18,
 140.207568,   35.674324,      101.70,
 140.212072,   35.674324,      102.21,
 140.216577,   35.674324,      102.73,
 140.221081,   35.674324,      103.25,
 140.225586,   35.674324,      103.77,
 140.230090,   35.674324,      104.28,
 140.234595,   35.674324,      104.16,
 140.239099,   35.674324,      103.92,
 140.243604,   35.674324,      103.69,
 140.248108,   35.674324,      103.45,
 140.252613,   35.674324,      103.22,
 140.257117,   35.674324,      102.98,
 140.261622,   35.674324,      102.74,
 140.266126,   35.674324,      102.51,
 140.270631,   35.674324,      102.27,
 140.275135,   35.674324,      102.03,
 140.279640,   35.674324,      101.80,
 140.284144,   35.674324,      101.56,
 140.288649,   35.674324,      101.33,
 140.293153,   35.674324,      101.09,
 140.297658,   35.674324,      100.85,
 140.302162,   35.674324,      100.62,
 140.306667,   35.674324,      100.38,
 140.311171,   35.674324,      100.14,
 140.315676,   35.674324,       99.91,
 140.320180,   35.674324,       99.67,
 140.324685,   35.674324,       99.43,
 140.329189,   35.674324,       99.20,
 140.333694,   35.674324,       98.96,
 140.338198,   35.674324,       98.73,
 140.342703,   35.674324,       98.49,
 140.347207,   35.674324,       98.25,
 140.351712,   35.674324,       98.02,
 140.356216,   35.674324,       97.78,
 140.360721,   35.674324,       97.54,
 140.365225,   35.674324,       97.31,
 140.369730,   35.674324,       97.07,
 140.374234,   35.674324,       96.83,
 140.378739,   35.674324,       96.60,
 140.383243,   35.674324,       96.36,
 140.387748,   35.674324,       96.12,
 139.140000,   35.678829,       14.27,
 139.144505,   35.678829,       14.57,
 139.149009,   35.678829,       14.86,
 139.153514,   35.678829,       15.16,
 139.158018,   35.678829,       15.46,
 139.162523,   35.678829,       15.76,
 139.167027,   35.678829,       16.06,
 139.171532,   35.678829,       16.37,
 139.176036,   35.678829,       16.68,
 139.180541,   35.678829,       16.99,
 139.185045,   35.678829,       17.30,
 139.189550,   35.678829,       17.62,
 139.194054,   35.678829,       17.94,
 139.198559,   35.678829,       18.26,
 139.203063,   35.678829,       18.59,
 139.207568,   35.678829,       18.91,
 139.212072,   35.678829,       19.24,
 139.216577,   35.678829,       19.58,
 139.221081,   35.678829,       19.91,
 139.225586,   35.678829,       20.25,
 139.230090,   35.678829,       20.59,
 139.234595,   35.678829,       20.93,
 139.239099,   35.678829,       21.27,
 139.243604,   35.678829,       21.62,
 139.248108,   35.678829,       21.97,
 139.252613,   35.678829,       22.32,
 139.257117,   35.678829,       22.68,
 139.261622,   35.678829,       23.03,
 139.266126,   35.678829,       23.39,
 139.270631,   35.678829,       23.75,
 139.275135,   35.678829,       24.12,
 139.279640,   35.678829,       24.49,
 139.284144,   35.678829,       24.86,
 139.288649,   35.678829,       25.23,
 139.293153,   35.678829,       25.60,
 139.297658,   35.678829,       25.98,
 139.302162,   35.678829,       26.36,
 139.306667,   35.678829,       26.74,
 139.311171,   35.678829,       27.13,
 139.315676,   35.678829,       27.51,
 139.320180,   35.678829,       27.90,
 139.324685,   35.678829,       28.29,
 139.329189,   35.678829,       28.69,
 139.333694,   35.678829,       29.09,
 139.338198,   35.678829,       29.49,
 139.342703,   35.678829,       29.89,
 139.347207,   35.678829,       30.29,
 139.351712,   35.678829,       30.70,
 139.356216,   35.678829,       31.11,
 139.360721,   35.678829,       31.52,
 139.365225,   35.678829,       31.94,
 139.369730,   35.678829,       32.35,
 139.374234,   35.678829,       32.77,
 139.378739,   35.678829,       33.20,
 139.383243,   35.678829,       33.62,
 139.387748,   35.678829,       34.05,
 139.392252,   35.678829,       34.48,
 139.396757,   35.678829,       34.91,
 139.401261,   35.678829,       35.35,
 139.405766,   35.678829,       35.78,
 139.410270,   35.678829,       36.22,
 139.414775,   35.678829,       36.67,
 139.419279,   35.678829,       37.11,
 139.423784,   35.678829,       37.56,
 139.428288,   35.678829,       38.01,
 139.432793,   35.678829,       38.46,
 139.437297,   35.678829,       38.92,
 139.441802,   35.678829,       39.37,
 139.446306,   35.678829,       39.83,
 139.450811,   35.678829,       40.30,
 139.455315,   35.678829,       40.76,
 139.459820,   35.678829,       41.23,
 139.464324,   35.678829,       41.70,
 139.468829,   35.678829,       42.17,
 139.473333,   35.678829,       42.65,
 139.477838,   35.678829,       43.12,
 139.482342,   35.678829,       43.60,
 139.486847,   35.678829,       44.09,
 139.491351,   35.678829,       44.57,
 139.495856,   35.678829,       45.06,
 139.500360,   35.678829,       45.55,
 139.504865,   35.678829,       46.04,
 139.509369,   35.678829,       46.54,
 139.513874,   35.678829,       47.03,
 139.518378,   35.678829,       47.53,
 139.522883,   35.678829,       48.04,
 139.527387,   35.678829,       48.54,
 139.531892,   35.678829,       49.05,
 139.536396,   35.678829,       49.56,
 139.540901,   35.678829,       50.07,
 139.545405,   35.678829,       50.59,
 139.549910,   35.678829,       51.11,
 139.554414,   35.678829,       51.63,
 139.558919,   35.678829,       52.15,
 139.563423,   35.678829,       52.67,
 139.567928,   35.678829,       53.20,
 139.572432,   35.678829,       53.73,
 139.576937,   35.678829,       54.26,
 139.581441,   35.678829,       54.80,
 139.585946,   35.678829,       55.34,
 139.590450,   35.678829,       55.88,
 139.594955,   35.678829,       56.42,
 139.599459,   35.678829,       56.97,
 139.603964,   35.678829,       57.51,
 139.608468,   35.678829,       58.06,
 139.612973,   35.678829,       58.62,
 139.617477,   35.678829,       59.17,
 139.621982,   35.678829,       59.73,
 139.626486,   35.678829,       60.29,
 139.630991,   35.678829,       60.85,
 139.635495,   35.678829,       61.42,
 139.640000,   35.678829,       61.99,
 139.644505,   35.678829,       62.56,
 139.649009,   35.678829,       63.13,
 139.653514,   35.678829,       63.71,
 139.658018,   35.678829,       64.28,
 139.662523,   35.678829,       64.86,
 139.667027,   35.678829,       65.45,
 139.671532,   35.678829,       66.03,
 139.676036,   35.678829,       66.62,
 139.680541,   35.678829,       67.21,
 139.685045,   35.678829,       67.80,
 139.689550,   35.678829,       68.40,
 139.694054,   35.678829,       69.00,
 139.698559,   35.678829,       69.60,
 139.703063,   35.678829,       70.20,
 139.707568,   35.678829,       70.81,
 139.712072,   35.678829,       71.42,
 139.716577,   35.678829,       72.03,
 139.721081,   35.678829,       72.64,
 139.725586,   35.678829,       73.26,
 139.730090,   35.678829,       73.87,
 139.734595,   35.678829,       74.49,
 139.739099,   35.678829,       75.12,
 139.743604,   35.678829,       78.13,
 139.748108,   35.678829,       80.01,
 139.752613,   35.678829,       78.48,
 139.757117,   35.678829,       77.14,
 139.761622,   35.678829,       75.97,
 139.766126,   35.678829,       74.99,
 139.770631,   35.678829,       74.18,
 139.775135,   35.678829,       73.56,
 139.779640,   35.678829,       73.12,
 139.784144,   35.678829,       72.86,
 139.788649,   35.678829,       72.78,
 139.793153,   35.678829,       72.88,
 139.797658,   35.678829,       73.16,
 139.802162,   35.678829,       73.63,
 139.806667,   35.678829,       74.27,
 139.811171,   35.678829,       75.10,
 139.815676,   35.678829,       76.11,
 139.820180,   35.678829,       77.29,
 139.824685,   35.678829,       78.66,
 139.829189,   35.678829,    -7838.09,
 139.833694,   35.678829,   -20104.88,
 139.838198,   35.678829,   -20104.88,
 139.842703,   35.678829,   -20104.88,
 139.847207,   35.678829,    20274.10,
 139.851712,   35.678829,    20274.10,
 139.856216,   35.678829,    20274.10,
 139.860721,   35.678829,    20274.10,
 139.865225,   35.678829,    14014.22,
 139.869730,   35.678829,     9500.29,
 139.874234,   35.678829,     6328.13,
 139.878739,   35.678829,     4075.79,
 139.883243,   35.678829,     2530.76,
 139.887748,   35.678829,     1510.29,
 139.892252,   35.678829,      843.46,
 139.896757,   35.678829,      426.33,
 139.901261,   35.678829,      189.92,
 139.905766,   35.678829,       91.48,
 139.910270,   35.678829,       87.26,
 139.914775,   35.678829,       87.61,
 139.919279,   35.678829,       87.91,
 139.923784,   35.678829,       88.13,
 139.928288,   35.678829,       88.32,
 139.932793,   35.678829,       88.50,
 139.937297,   35.678829,       88.66,
 139.941802,   35.678829,       88.81,
 139.946306,   35.678829,       88.95,
 139.950811,   35.678829,       89.09,
 139.955315,   35.678829,       89.31,
 139.959820,   35.678829,       89.69,
 139.964324,   35.678829,       90.12,
 139.968829,   35.678829,       90.61,
 139.973333,   35.678829,       91.15,
 139.977838,   35.678829,       91.74,
 139.982342,   35.678829,       92.39,
 139.986847,   35.678829,       92.45,
 139.991351,   35.678829,       92.43,
 139.995856,   35.678829,       92.42,
 140.000360,   35.678829,       92.40,
 140.004865,   35.678829,       92.38,
 140.009369,   35.678829,       92.37,
 140.013874,   35.678829,       92.35,
 140.018378,   35.678829,       92.33,
 140.022883,   35.678829,       92.72,
 140.027387,   35.678829,       94.92,
 140.031892,   35.678829,       97.39,
 140.036396,   35.678829,      100.14,
 140.040901,   35.678829,      103.17,
 140.045405,   35.678829,      106.48,
 140.049910,   35.678829,      110.06,
 140.054414,   35.678829,      113.93,
 140.058919,   35.678829,      118.07,
 140.063423,   35.678829,      122.50,
 140.067928,   35.678829,      127.20,
 140.072432,   35.678829,      132.18,
 140.076937,   35.678829,      137.44,
 140.081441,   35.678829,      142.98,
 140.085946,   35.678829,      148.80,
 140.090450,   35.678829,      154.90,
 140.094955,   35.678829,      161.27,
 140.099459,   35.678829,      167.93,
 140.103964,   35.678829,      174.86,
 140.108468,   35.678829,      182.07,
 140.112973,   35.678829,      189.56,
 140.117477,   35.678829,      197.33,
 140.121982,   35.678829,      205.38,
 140.126486,   35.678829,      213.71,
 140.130991,   35.678829,      222.32,
 140.135495,   35.678829,      231.21,
 140.140000,   35.678829,      240.13,
 140.144505,   35.678829,      246.59,
 140.149009,   35.678829,      253.05,
 140.153514,   35.678829,      259.50,
 140.158018,   35.678829,      265.96,
 140.162523,   35.678829,      272.42,
 140.167027,   35.678829,      278.88,
 140.171532,   35.678829,      285.34,
 140.176036,   35.678829,      273.58,
 140.180541,   35.678829,      250.58,
 140.185045,   35.678829,      225.97,
 140.189550,   35.678829,      199.74,
 140.194054,   35.678829,      171.91,
 140.198559,   35.678829,      142.46,
 140.203063,   35.678829,      111.39,
 140.207568,   35.678829,      101.45,
 140.212072,   35.678829,      101.97,
 140.216577,   35.678829,      102.49,
 140.221081,   35.678829,      103.01,
 140.225586,   35.678829,      103.52,
 140.230090,   35.678829,      104.04,
 140.234595,   35.678829,      104.56,
 140.239099,   35.678829,      104.79,
 140.243604,   35.678829,      104.55,
 140.248108,   35.678829,      104.31,
 140.252613,   35.678829,      104.08,
 140.257117,   35.678829,      103.84,
 140.261622,   35.678829,      103.61,
 140.266126,   35.678829,      103.37,
 140.270631,   35.678829,      103.13,
 140.275135,   35.678829,      102.90,
 140.279640,   35.678829,      102.66,
 140.284144,   35.678829,      102.42,
 140.288649,   35.678829,      102.19,
 140.293153,   35.678829,      101.95,
 140.297658,   35.678829,      101.72,
 140.302162,   35.678829,      101.48,
 140.306667,   35.678829,      101.24,
 140.311171,   35.678829,      101.01,
 140.315676,   35.678829,      100.77,
 140.320180,   35.678829,      100.53,
 140.324685,   35.678829,      100.30,
 140.329189,   35.678829,      100.06,
 140.333694,   35.678829,       99.82,
 140.338198,   35.678829,       99.59,
 140.342703,   35.678829,       99.35,
 140.347207,   35.678829,       99.12,
 140.351712,   35.678829,       98.88,
 140.356216,   35.678829,       98.64,
 140.360721,   35.678829,       98.41,
 140.365225,   35.678829,       98.17,
 140.369730,   35.678829,       97.93,
 140.374234,   35.678829,       97.70,
 140.378739,   35.678829,       97.46,
 140.383243,   35.678829,       97.22,
 140.387748,   35.678829,       96.99,
 139.140000,   35.683333,       14.30,
 139.144505,   35.683333,       14.59,
 139.149009,   35.683333,       14.88,
 139.153514,   35.683333,       15.18,
 139.158018,   35.683333,       15.48,
 139.162523,   35.683333,       15.78,
 139.167027,   35.683333,       16.08,
 139.171532,   35.683333,       16.38,
 139.176036,   35.683333,       16.69,
 139.180541,   35.683333,       17.00,
 139.185045,   35.683333,       17.32,
 139.189550,   35.683333,       17.63,
 139.194054,   35.683333,       17.95,
 139.198559,   35.683333,       18.27,
 139.203063,   35.683333,       18.60,
 139.207568,   35.683333,       18.92,
 139.212072,   35.683333,       19.25,
 139.216577,   35.683333,       19.58,
 139.221081,   35.683333,       19.91,
 139.225586,   35.683333,       20.25,
 139.230090,   35.683333,       20.59,
 139.234595,   35.683333,       20.93,
 139.239099,   35.683333,       21.27,
 139.243604,   35.683333,       21.62,
 139.248108,   35.683333,       21.97,
 139.252613,   35.683333,       22.32,
 139.257117,   35.683333,       22.67,
 139.261622,   35.683333,       23.03,
 139.266126,   35.683333,       23.39,
 139.270631,   35.683333,       23.75,
 139.275135,   35.683333,       24.11,
 139.279640,   35.683333,       24.48,
 139.284144,   35.683333,       24.84,
 139.288649,   35.683333,       25.22,
 139.293153,   35.683333,       25.59,
 139.297658,   35.683333,       25.97,
 139.302162,   35.683333,       26.34,
 139.306667,   35.683333,       26.73,
 139.311171,   35.683333,       27.11,
 139.315676,   35.683333,       27.49,
 139.320180,   35.683333,       27.88,
 139.324685,   35.683333,       28.27,
 139.329189,   35.683333,       28.67,
 139.333694,   35.683333,       29.06,
 139.338198,   35.683333,       29.46,
 139.342703,   35.683333,       29.86,
 139.347207,   35.683333,       30.27,
 139.351712,   35.683333,       30.67,
 139.356216,   35.683333,       31.08,
 139.360721,   35.683333,       31.49,
 139.365225,   35.683333,       31.91,
 139.369730,   35.683333,       32.32,
 139.374234,   35.683333,       32.74,
 139.378739,   35.683333,       33.16,
 139.383243,   35.683333,       33.59,
 139.387748,   35.683333,       34.01,
 139.392252,   35.683333,       34.44,
 139.396757,   35.683333,       34.87,
 139.401261,   35.683333,       35.31,
 139.405766,   35.683333,       35.74,
 139.410270,   35.683333,       36.18,
 139.414775,   35.683333,       36.62,
 139.419279,   35.683333,       37.07,
 139.423784,   35.683333,       37.51,
 139.428288,   35.683333,       37.96,
 139.432793,   35.683333,       38.41,
 139.437297,   35.683333,       38.87,
 139.441802,   35.683333,       39.33,
 139.446306,   35.683333,       39.78,
 139.450811,   35.683333,       40.25,
 139.455315,   35.683333,       40.71,
 139.459820,   35.683333,       41.18,
 139.464324,   35.683333,       41.64,
 139.468829,   35.683333,       42.12,
 139.473333,   35.683333,       42.59,
 139.477838,   35.683333,       43.07,
 139.482342,   35.683333,       43.55,
 139.486847,   35.683333,       44.03,
 139.491351,   35.683333,       44.51,
 139.495856,   35.683333,       45.00,
 139.500360,   35.683333,       45.49,
 139.504865,   35.683333,       45.98,
 139.509369,   35.683333,       46.47,
 139.513874,   35.683333,       46.97,
 139.518378,   35.683333,       47.47,
 139.522883,   35.683333,       47.97,
 139.527387,   35.683333,       48.47,
 139.531892,   35.683333,       48.98,
 139.536396,   35.683333,       49.49,
 139.540901,   35.683333,       50.00,
 139.545405,   35.683333,       50.52,
 139.549910,   35.683333,       51.03,
 139.554414,   35.683333,       51.55,
 139.558919,   35.683333,       52.07,
 139.563423,   35.683333,       52.60,
 139.567928,   35.683333,       53.12,
 139.572432,   35.683333,       53.65,
 139.576937,   35.683333,       54.18,
 139.581441,   35.683333,       54.72,
 139.585946,   35.683333,       55.26,
 139.590450,   35.683333,       55.80,
 139.594955,   35.683333,       56.34,
 139.599459,   35.683333,       56.88,
 139.603964,   35.683333,       57.43,
 139.608468,   35.683333,       57.98,
 139.612973,   35.683333,       58.53,
 139.617477,   35.683333,       59.08,
 139.621982,   35.683333,       59.64,
 139.626486,   35.683333,       60.20,
 139.630991,   35.683333,       60.76,
 139.635495,   35.683333,       61.33,
 139.640000,   35.683333,       61.89,
 139.644505,   35.683333,       62.46,
 139.649009,   35.683333,       63.03,
 139.653514,   35.683333,       63.61,
 139.658018,   35.683333,       64.19,
 139.662523,   35.683333,       64.76,
 139.667027,   35.683333,       65.35,
 139.671532,   35.683333,       65.93,
 139.676036,   35.683333,       66.52,
 139.680541,   35.683333,       67.11,
 139.685045,   35.683333,       67.70,
 139.689550,   35.683333,       68.29,
 139.694054,   35.683333,       68.89,
 139.698559,   35.683333,       69.49,
 139.703063,   35.683333,       70.09,
 139.707568,   35.683333,       70.70,
 139.712072,   35.683333,       71.30,
 139.716577,   35.683333,       71.91,
 139.721081,   35.683333,       72.53,
 139.725586,   35.683333,       73.14,
 139.730090,   35.683333,       73.76,
 139.734595,   35.683333,       74.38,
 139.739099,   35.683333,       76.34,
 139.743604,   35.683333,       80.08,
 139.748108,   35.683333,       79.42,
 139.752613,   35.683333,       77.73,
 139.757117,   35.683333,       76.21,
 139.761622,   35.683333,       74.88,
 139.766126,   35.683333,       73.73,
 139.770631,   35.683333,       72.77,
 139.775135,   35.683333,       71.98,
 139.779640,   35.683333,       71.37,
 139.784144,   35.683333,       70.95,
 139.788649,   35.683333,       70.70,
 139.793153,   35.683333,       70.64,
 139.797658,   35.683333,       70.76,
 139.802162,   35.683333,       71.06,
 139.806667,   35.683333,       71.54,
 139.811171,   35.683333,       72.20,
 139.815676,   35.683333,       73.04,
 139.820180,   35.683333,       74.07,
 139.824685,   35.683333,       75.27,
 139.829189,   35.683333,       76.66,
 139.833694,   35.683333,       78.23,
 139.838198,   35.683333,       78.23,
 139.842703,   35.683333,       89.96,
 139.847207,   35.683333,       89.96,
 139.851712,   35.683333,     2641.45,
 139.856216,   35.683333,     2641.45,
 139.860721,   35.683333,     5004.03,
 139.865225,   35.683333,     5004.03,
 139.869730,   35.683333,     5004.03,
 139.874234,   35.683333,     3064.20,
 139.878739,   35.683333,     1843.75,
 139.883243,   35.683333,     1064.34,
 139.887748,   35.683333,      580.38,
 139.892252,   35.683333,      309.15,
 139.896757,   35.683333,      166.83,
 139.901261,   35.683333,      101.12,
 139.905766,   35.683333,       85.12,
 139.910270,   35.683333,       85.35,
 139.914775,   35.683333,       85.55,
 139.919279,   35.683333,       85.72,
 139.923784,   35.683333,       85.87,
 139.928288,   35.683333,       86.05,
 139.932793,   35.683333,       86.28,
 139.937297,   35.683333,       86.56,
 139.941802,   35.683333,       86.90,
 139.946306,   35.683333,       87.29,
 139.950811,   35.683333,       87.74,
 139.955315,   35.683333,       88.24,
 139.959820,   35.683333,       88.80,
 139.964324,   35.683333,       89.41,
 139.968829,   35.683333,       90.08,
 139.973333,   35.683333,       90.80,
 139.977838,   35.683333,       91.58,
 139.982342,   35.683333,       92.41,
 139.986847,   35.683333,       92.64,
 139.991351,   35.683333,       92.62,
 139.995856,   35.683333,       92.60,
 140.000360,   35.683333,       92.59,
 140.004865,   35.683333,       92.57,
 140.009369,   35.683333,       92.55,
 140.013874,   35.683333,       92.54,
 140.018378,   35.683333,       92.52,
 140.022883,   35.683333,       92.52,
 140.027387,   35.683333,       93.95,
 140.031892,   35.683333,       96.57,
 140.036396,   35.683333,       99.48,
 140.040901,   35.683333,      102.66,
 140.045405,   35.683333,      106.11,
 140.049910,   35.683333,      109.85,
 140.054414,   35.683333,      113.87,
 140.058919,   35.683333,      118.17,
 140.063423,   35.683333,      122.74,
 140.067928,   35.683333,      127.59,
 140.072432,   35.683333,      132.73,
 140.076937,   35.683333,      138.14,
 140.081441,   35.683333,      143.83,
 140.085946,   35.683333,      149.80,
 140.090450,   35.683333,      156.05,
 140.094955,   35.683333,      162.57,
 140.099459,   35.683333,      169.38,
 140.103964,   35.683333,      176.46,
 140.108468,   35.683333,      183.83,
 140.112973,   35.683333,      191.47,
 140.117477,   35.683333,      199.39,
 140.121982,   35.683333,      207.59,
 140.126486,   35.683333,      216.07,
 140.130991,   35.683333,      224.83,
 140.135495,   35.683333,      233.87,
 140.140000,   35.683333,      243.18,
 140.144505,   35.683333,      251.21,
 140.149009,   35.683333,      257.67,
 140.153514,   35.683333,      264.12,
 140.158018,   35.683333,      270.58,
 140.162523,   35.683333,      277.04,
 140.167027,   35.683333,      283.50,
 140.171532,   35.683333,      289.96,
 140.176036,   35.683333,      296.42,
 140.180541,   35.683333,      286.01,
 140.185045,   35.683333,      261.52,
 140.189550,   35.683333,      235.42,
 140.194054,   35.683333,      207.71,
 140.198559,   35.683333,      178.38,
 140.203063,   35.683333,      147.44,
 140.207568,   35.683333,      114.88,
 140.212072,   35.683333,      101.73,
 140.216577,   35.683333,      102.25,
 140.221081,   35.683333,      102.76,
 140.225586,   35.683333,      103.28,
 140.230090,   35.683333,      103.80,
 140.234595,   35.683333,      104.32,
 140.239099,   35.683333,      104.83,
 140.243604,   35.683333,      105.35,
 140.248108,   35.683333,      105.18,
 140.252613,   35.683333,      104.94,
 140.257117,   35.683333,      104.70,
 140.261622,   35.683333,      104.47,
 140.266126,   35.683333,      104.23,
 140.270631,   35.683333,      104.00,
 140.275135,   35.683333,      103.76,
 140.279640,   35.683333,      103.52,
 140.284144,   35.683333,      103.29,
 140.288649,   35.683333,      103.05,
 140.293153,   35.683333,      102.81,
 140.297658,   35.683333,      102.58,
 140.302162,   35.683333,      102.34,
 140.306667,   35.683333,      102.11,
 140.311171,   35.683333,      101.87,
 140.315676,   35.683333,      101.63,
 140.320180,   35.683333,      101.40,
 140.324685,   35.683333,      101.16,
 140.329189,   35.683333,      100.92,
 140.333694,   35.683333,      100.69,
 140.338198,   35.683333,      100.45,
 140.342703,   35.683333,      100.21,
 140.347207,   35.683333,       99.98,
 140.351712,   35.683333,       99.74,
 140.356216,   35.683333,       99.51,
 140.360721,   35.683333,       99.27,
 140.365225,   35.683333,       99.03,
 140.369730,   35.683333,       98.80,
 140.374234,   35.683333,       98.56,
 140.378739,   35.683333,       98.32,
 140.383243,   35.683333,       98.09,
 140.387748,   35.683333,       97.85,
 139.140000,   35.687838,       14.32,
 139.144505,   35.687838,       14.61,
 139.149009,   35.687838,       14.90,
 139.153514,   35.687838,       15.19,
 139.158018,   35.687838,       15.49,
 139.162523,   35.687838,       15.79,
 139.167027,   35.687838,       16.09,
 139.171532,   35.687838,       16.40,
 139.176036,   35.687838,       16.71,
 139.180541,   35.687838,       17.02,
 139.185045,   35.687838,       17.33,
 139.189550,   35.687838,       17.64,
 139.194054,   35.687838,       17.96,
 139.198559,   35.687838,       18.28,
 139.203063,   35.687838,       18.60,
 139.207568,   35.687838,       18.93,
 139.212072,   35.687838,       19.25,
 139.216577,   35.687838,       19.58,
 139.221081,   35.687838,       19.92,
 139.225586,   35.687838,       20.25,
 139.230090,   35.687838,       20.59,
 139.234595,   35.687838,       20.93,
 139.239099,   35.687838,       21.27,
 139.243604,   35.687838,       21.61,
 139.248108,   35.687838,       21.96,
 139.252613,   35.687838,       22.31,
 139.257117,   35.687838,       22.66,
 139.261622,   35.687838,       23.02,
 139.266126,   35.687838,       23.38,
 139.270631,   35.687838,       23.74,
 139.275135,   35.687838,       24.10,
 139.279640,   35.687838,       24.46,
 139.284144,   35.687838,       24.83,
 139.288649,   35.687838,       25.20,
 139.293153,   35.687838,       25.57,
 139.297658,   35.687838,       25.95,
 139.302162,   35.687838,       26.33,
 139.306667,   35.687838,       26.71,
 139.311171,   35.687838,       27.09,
 139.315676,   35.687838,       27.47,
 139.320180,   35.687838,       27.86,
 139.324685,   35.687838,       28.25,
 139.329189,   35.687838,       28.64,
 139.333694,   35.687838,       29.04,
 139.338198,   35.687838,       29.44,
 139.342703,   35.687838,       29.84,
 139.347207,   35.687838,       30.24,
 139.351712,   35.687838,       30.64,
 139.356216,   35.687838,       31.05,
 139.360721,   35.687838,       31.46,
 139.365225,   35.687838,       31.88,
 139.369730,   35.687838,       32.29,
 139.374234,   35.687838,       32.71,
 139.378739,   35.687838,       33.13,
 139.383243,   35.687838,       33.55,
 139.387748,   35.687838,       33.98,
 139.392252,   35.687838,       34.40,
 139.396757,   35.687838,       34.83,
 139.401261,   35.687838,       35.27,
 139.405766,   35.687838,       35.70,
 139.410270,   35.687838,       36.14,
 139.414775,   35.687838,       36.58,
 139.419279,   35.687838,       37.02,
 139.423784,   35.687838,       37.47,
 139.428288,   35.687838,       37.92,
 139.432793,   35.687838,       38.37,
 139.437297,   35.687838,       38.82,
 139.441802,   35.687838,       39.27,
 139.446306,   35.687838,       39.73,
 139.450811,   35.687838,       40.19,
 139.455315,   35.687838,       40.66,
 139.459820,   35.687838,       41.12,
 139.464324,   35.687838,       41.59,
 139.468829,   35.687838,       42.06,
 139.473333,   35.687838,       42.53,
 139.477838,   35.687838,       43.01,
 139.482342,   35.687838,       43.49,
 139.486847,   35.687838,       43.97,
 139.491351,   35.687838,       44.45,
 139.495856,   35.687838,       44.93,
 139.500360,   35.687838,       45.42,
 139.504865,   35.687838,       45.91,
 139.509369,   35.687838,       46.41,
 139.513874,   35.687838,       46.90,
 139.518378,   35.687838,       47.40,
 139.522883,   35.687838,       47.90,
 139.527387,   35.687838,       48.40,
 139.531892,   35.687838,       48.91,
 139.536396,   35.687838,       49.42,
 139.540901,   35.687838,       49.93,
 139.545405,   35.687838,       50.44,
 139.549910,   35.687838,       50.96,
 139.554414,   35.687838,       51.47,
 139.558919,   35.687838,       52.00,
 139.563423,   35.687838,       52.52,
 139.567928,   35.687838,       53.04,
 139.572432,   35.687838,       53.57,
 139.576937,   35.687838,       54.10,
 139.581441,   35.687838,       54.64,
 139.585946,   35.687838,       55.17,
 139.590450,   35.687838,       55.71,
 139.594955,   35.687838,       56.25,
 139.599459,   35.687838,       56.79,
 139.603964,   35.687838,       57.34,
 139.608468,   35.687838,       57.89,
 139.612973,   35.687838,       58.44,
 139.617477,   35.687838,       58.99,
 139.621982,   35.687838,       59.55,
 139.626486,   35.687838,       60.11,
 139.630991,   35.687838,       60.67,
 139.635495,   35.687838,       61.23,
 139.640000,   35.687838,       61.80,
 139.644505,   35.687838,       62.36,
 139.649009,   35.687838,       62.94,
 139.653514,   35.687838,       63.51,
 139.658018,   35.687838,       64.08,
 139.662523,   35.687838,       64.66,
 139.667027,   35.687838,       65.24,
 139.671532,   35.687838,       65.83,
 139.676036,   35.687838,       66.41,
 139.680541,   35.687838,       67.00,
 139.685045,   35.687838,       67.59,
 139.689550,   35.687838,       68.19,
 139.694054,   35.687838,       68.78,
 139.698559,   35.687838,       69.38,
 139.703063,   35.687838,       69.98,
 139.707568,   35.687838,       70.58,
 139.712072,   35.687838,       71.19,
 139.716577,   35.687838,       71.80,
 139.721081,   35.687838,       72.41,
 139.725586,   35.687838,       73.02,
 139.730090,   35.687838,       73.64,
 139.734595,   35.687838,       74.54,
 139.739099,   35.687838,       78.29,
 139.743604,   35.687838,       80.68,
 139.748108,   35.687838,       78.64,
 139.752613,   35.687838,       76.78,
 139.757117,   35.687838,       75.11,
 139.761622,   35.687838,       73.61,
 139.766126,   35.687838,       72.30,
 139.770631,   35.687838,       71.17,
 139.775135,   35.687838,       70.22,
 139.779640,   35.687838,       69.45,
 139.784144,   35.687838,       68.86,
 139.788649,   35.687838,       68.45,
 139.793153,   35.687838,       68.22,
 139.797658,   35.687838,       68.17,
 139.802162,   35.687838,       68.31,
 139.806667,   35.687838,       68.62,
 139.811171,   35.687838,       69.12,
 139.815676,   35.687838,       69.80,
 139.820180,   35.687838,       70.66,
 139.824685,   35.687838,       71.70,
 139.829189,   35.687838,       72.92,
 139.833694,   35.687838,       74.32,
 139.838198,   35.687838,       75.91,
 139.842703,   35.687838,       77.67,
 139.847207,   35.687838,       93.90,
 139.851712,   35.687838,       84.39,
 139.856216,   35.687838,       84.39,
 139.860721,   35.687838,       84.39,
 139.865225,   35.687838,      697.45,
 139.869730,   35.687838,      697.45,
 139.874234,   35.687838,      697.45,
 139.878739,   35.687838,      370.91,
 139.883243,   35.687838,      200.93,
 139.887748,   35.687838,      116.67,
 139.892252,   35.687838,       82.72,
 139.896757,   35.687838,       82.50,
 139.901261,   35.687838,       82.53,
 139.905766,   35.687838,       82.61,
 139.910270,   35.687838,       82.75,
 139.914775,   35.687838,       82.94,
 139.919279,   35.687838,       83.18,
 139.923784,   35.687838,       83.49,
 139.928288,   35.687838,       83.84,
 139.932793,   35.687838,       84.25,
 139.937297,   35.687838,       84.72,
 139.941802,   35.687838,       85.23,
 139.946306,   35.687838,       85.81,
 139.950811,   35.687838,       86.44,
 139.955315,   35.687838,       87.12,
 139.959820,   35.687838,       87.86,
 139.964324,   35.687838,       88.65,
 139.968829,   35.687838,       89.50,
 139.973333,   35.687838,       90.40,
 139.977838,   35.687838,       91.36,
 139.982342,   35.687838,       92.37,
 139.986847,   35.687838,       92.80,
 139.991351,   35.687838,       92.81,
 139.995856,   35.687838,       92.79,
 140.000360,   35.687838,       92.77,
 140.004865,   35.687838,       92.76,
 140.009369,   35.687838,       92.74,
 140.013874,   35.687838,       92.73,
 140.018378,   35.687838,       92.71,
 140.022883,   35.687838,       92.70,
 140.027387,   35.687838,       92.72,
 140.031892,   35.687838,       95.48,
 140.036396,   35.687838,       98.53,
 140.040901,   35.687838,      101.86,
 140.045405,   35.687838,      105.48,
 140.049910,   35.687838,      109.36,
 140.054414,   35.687838,      113.53,
 140.058919,   35.687838,      117.98,
 140.063423,   35.687838,      122.71,
 140.067928,   35.687838,      127.71,
 140.072432,   35.687838,      132.99,
 140.076937,   35.687838,      138.56,
 140.081441,   35.687838,      144.40,
 140.085946,   35.687838,      150.52,
 140.090450,   35.687838,      156.92,
 140.094955,   35.687838,      163.60,
 140.099459,   35.687838,      170.55,
 140.103964,   35.687838,      177.79,
 140.108468,   35.687838,      185.31,
 140.112973,   35.687838,      193.10,
 140.117477,   35.687838,      201.17,
 140.121982,   35.687838,      209.52,
 140.126486,   35.687838,      218.15,
 140.130991,   35.687838,      227.06,
 140.135495,   35.687838,      236.25,
 140.140000,   35.687838,      245.72,
 140.144505,   35.687838,      255.47,
 140.149009,   35.687838,      262.29,
 140.153514,   35.687838,      268.75,
 140.158018,   35.687838,      275.20,
 140.162523,   35.687838,      281.66,
 140.167027,   35.687838,      288.12,
 140.171532,   35.687838,      294.58,
 140.176036,   35.687838,      301.04,
 140.180541,   35.687838,      307.50,
 140.185045,   35.687838,      298.69,
 140.189550,   35.687838,      272.71,
 140.194054,   35.687838,      245.12,
 140.198559,   35.687838,      215.91,
 140.203063,   35.687838,      185.10,
 140.207568,   35.687838,      152.66,
 140.212072,   35.687838,      118.62,
 140.216577,   35.687838,      102.00,
 140.221081,   35.687838,      102.52,
 140.225586,   35.687838,      103.04,
 140.230090,   35.687838,      103.56,
 140.234595,   35.687838,      104.07,
 140.239099,   35.687838,      104.59,
 140.243604,   35.687838,      105.11,
 140.248108,   35.687838,      105.63,
 140.252613,   35.687838,      105.80,
 140.257117,   35.687838,      105.57,
 140.261622,   35.687838,      105.33,
 140.266126,   35.687838,      105.10,
 140.270631,   35.687838,      104.86,
 140.275135,   35.687838,      104.62,
 140.279640,   35.687838,      104.39,
 140.284144,   35.687838,      104.15,
 140.288649,   35.687838,      103.91,
 140.293153,   35.687838,      103.68,
 140.297658,   35.687838,      103.44,
 140.302162,   35.687838,      103.21,
 140.306667,   35.687838,      102.97,
 140.311171,   35.687838,      102.73,
 140.315676,   35.687838,      102.50,
 140.320180,   35.687838,      102.26,
 140.324685,   35.687838,      102.02,
 140.329189,   35.687838,      101.79,
 140.333694,   35.687838,      101.55,
 140.338198,   35.687838,      101.31,
 140.342703,   35.687838,      101.08,
 140.347207,   35.687838,      100.84,
 140.351712,   35.687838,      100.61,
 140.356216,   35.687838,      100.37,
 140.360721,   35.687838,      100.13,
 140.365225,   35.687838,       99.90,
 140.369730,   35.687838,       99.66,
 140.374234,   35.687838,       99.42,
 140.378739,   35.687838,       99.19,
 140.383243,   35.687838,       98.95,
 140.387748,   35.687838,       98.71,
 139.140000,   35.692342,       14.34,
 139.144505,   35.692342,       14.62,
 139.149009,   35.692342,       14.92,
 139.153514,   35.692342,       15.21,
 139.158018,   35.692342,       15.51,
 139.162523,   35.692342,       15.80,
 139.167027,   35.692342,       16.11,
 139.171532,   35.692342,       16.41,
 139.176036,   35.692342,       16.72,
 139.180541,   35.692342,       17.02,
 139.185045,   35.692342,       17.34,
 139.189550,   35.692342,       17.65,
 139.194054,   35.692342,       17.96,
 139.198559,   35.692342,       18.28,
 139.203063,   35.692342,       18.60,
 139.207568,   35.692342,       18.93,
 139.212072,   35.692342,       19.25,
 139.216577,   35.692342,       19.58,
 139.221081,   35.692342,       19.91,
 139.225586,   35.692342,       20.25,
 139.230090,   35.692342,       20.58,
 139.234595,   35.692342,       20.92,
 139.239099,   35.692342,       21.26,
 139.243604,   35.692342,       21.61,
 139.248108,   35.692342,       21.96,
 139.252613,   35.692342,       22.30,
 139.257117,   35.692342,       22.66,
 139.261622,   35.692342,       23.01,
 139.266126,   35.692342,       23.37,
 139.270631,   35.692342,       23.72,
 139.275135,   35.692342,       24.09,
 139.279640,   35.692342,       24.45,
 139.284144,   35.692342,       24.82,
 139.288649,   35.692342,       25.18,
 139.293153,   35.692342,       25.56,
 139.297658,   35.692342,       25.93,
 139.302162,   35.692342,       26.31,
 139.306667,   35.692342,       26.69,
 139.311171,   35.692342,       27.07,
 139.315676,   35.692342,       27.45,
 139.320180,   35.692342,       27.84,
 139.324685,   35.692342,       28.23,
 139.329189,   35.692342,       28.62,
 139.333694,   35.692342,       29.01,
 139.338198,   35.692342,       29.41,
 139.342703,   35.692342,       29.81,
 139.347207,   35.692342,       30.21,
 139.351712,   35.692342,       30.61,
 139.356216,   35.692342,       31.02,
 139.360721,   35.692342,       31.43,
 139.365225,   35.692342,       31.84,
 139.369730,   35.692342,       32.25,
 139.374234,   35.692342,       32.67,
 139.378739,   35.692342,       33.09,
 139.383243,   35.692342,       33.51,
 139.387748,   35.692342,       33.94,
 139.392252,   35.692342,       34.36,
 139.396757,   35.692342,       34.79,
 139.401261,   35.692342,       35.22,
 139.405766,   35.692342,       35.66,
 139.410270,   35.692342,       36.09,
 139.414775,   35.692342,       36.53,
 139.419279,   35.692342,       36.98,
 139.423784,   35.692342,       37.42,
 139.428288,   35.692342,       37.87,
 139.432793,   35.692342,       38.32,
 139.437297,   35.692342,       38.77,
 139.441802,   35.692342,       39.22,
 139.446306,   35.692342,       39.68,
 139.450811,   35.692342,       40.14,
 139.455315,   35.692342,       40.60,
 139.459820,   35.692342,       41.06,
 139.464324,   35.692342,       41.53,
 139.468829,   35.692342,       42.00,
 139.473333,   35.692342,       42.47,
 139.477838,   35.692342,       42.95,
 139.482342,   35.692342,       43.42,
 139.486847,   35.692342,       43.90,
 139.491351,   35.692342,       44.39,
 139.495856,   35.692342,       44.87,
 139.500360,   35.692342,       45.36,
 139.504865,   35.692342,       45.85,
 139.509369,   35.692342,       46.34,
 139.513874,   35.692342,       46.83,
 139.518378,   35.692342,       47.33,
 139.522883,   35.692342,       47.83,
 139.527387,   35.692342,       48.33,
 139.531892,   35.692342,       48.84,
 139.536396,   35.692342,       49.34,
 139.540901,   35.692342,       49.85,
 139.545405,   35.692342,       50.36,
 139.549910,   35.692342,       50.88,
 139.554414,   35.692342,       51.40,
 139.558919,   35.692342,       51.92,
 139.563423,   35.692342,       52.44,
 139.567928,   35.692342,       52.96,
 139.572432,   35.692342,       53.49,
 139.576937,   35.692342,       54.02,
 139.581441,   35.692342,       54.55,
 139.585946,   35.692342,       55.09,
 139.590450,   35.692342,       55.62,
 139.594955,   35.692342,       56.16,
 139.599459,   35.692342,       56.70,
 139.603964,   35.692342,       57.25,
 139.608468,   35.692342,       57.80,
 139.612973,   35.692342,       58.35,
 139.617477,   35.692342,       58.90,
 139.621982,   35.692342,       59.45,
 139.626486,   35.692342,       60.01,
 139.630991,   35.692342,       60.57,
 139.635495,   35.692342,       61.13,
 139.640000,   35.692342,       61.70,
 139.644505,   35.692342,       62.26,
 139.649009,   35.692342,       62.83,
 139.653514,   35.692342,       63.41,
 139.658018,   35.692342,       63.98,
 139.662523,   35.692342,       64.56,
 139.667027,   35.692342,       65.14,
 139.671532,   35.692342,       65.72,
 139.676036,   35.692342,       66.31,
 139.680541,   35.692342,       66.89,
 139.685045,   35.692342,       67.48,
 139.689550,   35.692342,       68.07,
 139.694054,   35.692342,       68.67,
 139.698559,   35.692342,       69.27,
 139.703063,   35.692342,       69.87,
 139.707568,   35.692342,       70.47,
 139.712072,   35.692342,       71.07,
 139.716577,   35.692342,       71.68,
 139.721081,   35.692342,       72.29,
 139.725586,   35.692342,       72.90,
 139.730090,   35.692342,       73.52,
 139.734595,   35.692342,       76.50,
 139.739099,   35.692342,       80.25,
 139.743604,   35.692342,       79.89,
 139.748108,   35.692342,       77.69,
 139.752613,   35.692342,       75.66,
 139.757117,   35.692342,       73.82,
 139.761622,   35.692342,       72.16,
 139.766126,   35.692342,       70.69,
 139.770631,   35.692342,       69.39,
 139.775135,   35.692342,       68.27,
 139.779640,   35.692342,       67.34,
 139.784144,   35.692342,       66.58,
 139.788649,   35.692342,       66.01,
 139.793153,   35.692342,       65.62,
 139.797658,   35.692342,       65.41,
 139.802162,   35.692342,       65.38,
 139.806667,   35.692342,       65.53,
 139.811171,   35.692342,       65.86,
 139.815676,   35.692342,       66.38,
 139.820180,   35.692342,       67.07,
 139.824685,   35.692342,       67.95,
 139.829189,   35.692342,       69.00,
 139.833694,   35.692342,       70.24,
 139.838198,   35.692342,       71.66,
 139.842703,   35.692342,       73.26,
 139.847207,   35.692342,       75.04,
 139.851712,   35.692342,       77.00,
 139.856216,   35.692342,       79.38,
 139.860721,   35.692342,       99.04,
 139.865225,   35.692342,       79.05,
 139.869730,   35.692342,       78.88,
 139.874234,   35.692342,       78.76,
 139.878739,   35.692342,       78.69,
 139.883243,   35.692342,       78.68,
 139.887748,   35.692342,       78.72,
 139.892252,   35.692342,       78.82,
 139.896757,   35.692342,       78.98,
 139.901261,   35.692342,       79.18,
 139.905766,   35.692342,       79.45,
 139.910270,   35.692342,       79.76,
 139.914775,   35.692342,       80.14,
 139.919279,   35.692342,       80.56,
 139.923784,   35.692342,       81.04,
 139.928288,   35.692342,       81.58,
 139.932793,   35.692342,       82.17,
 139.937297,   35.692342,       82.82,
 139.941802,   35.692342,       83.51,
 139.946306,   35.692342,       84.27,
 139.950811,   35.692342,       85.08,
 139.955315,   35.692342,       85.94,
 139.959820,   35.692342,       86.86,
 139.964324,   35.692342,       87.83,
 139.968829,   35.692342,       88.86,
 139.973333,   35.692342,       89.94,
 139.977838,   35.692342,       91.08,
 139.982342,   35.692342,       92.27,
 139.986847,   35.692342,       92.94,
 139.991351,   35.692342,       92.99,
 139.995856,   35.692342,       92.98,
 140.000360,   35.692342,       92.96,
 140.004865,   35.692342,       92.95,
 140.009369,   35.692342,       92.93,
 140.013874,   35.692342,       92.91,
 140.018378,   35.692342,       92.90,
 140.022883,   35.692342,       92.88,
 140.027387,   35.692342,       92.89,
 140.031892,   35.692342,       94.11,
 140.036396,   35.692342,       97.31,
 140.040901,   35.692342,      100.80,
 140.045405,   35.692342,      104.56,
 140.049910,   35.692342,      108.60,
 140.054414,   35.692342,      112.92,
 140.058919,   35.692342,      117.51,
 140.063423,   35.692342,      122.39,
 140.067928,   35.692342,      127.55,
 140.072432,   35.692342,      132.98,
 140.076937,   35.692342,      138.70,
 140.081441,   35.692342,      144.69,
 140.085946,   35.692342,      150.96,
 140.090450,   35.692342,      157.51,
 140.094955,   35.692342,      164.34,
 140.099459,   35.692342,      171.45,
 140.103964,   35.692342,      178.84,
 140.108468,   35.692342,      186.50,
 140.112973,   35.692342,      194.45,
 140.117477,   35.692342,      202.67,
 140.121982,   35.692342,      211.18,
 140.126486,   35.692342,      219.96,
 140.130991,   35.692342,      229.02,
 140.135495,   35.692342,      238.36,
 140.140000,   35.692342,      247.98,
 140.144505,   35.692342,      257.87,
 140.149009,   35.692342,      266.91,
 140.153514,   35.692342,      266.91,
 140.158018,   35.692342,      266.91,
 140.162523,   35.692342,      266.91,
 140.167027,   35.692342,      266.91,
 140.171532,   35.692342,      266.91,
 140.176036,   35.692342,      255.06,
 140.180541,   35.692342,      255.06,
 140.185045,   35.692342,      255.06,
 140.189550,   35.692342,      255.06,
 140.194054,   35.692342,      255.06,
 140.198559,   35.692342,      255.06,
 140.203063,   35.692342,      224.37,
 140.207568,   35.692342,      192.06,
 140.212072,   35.692342,      158.14,
 140.216577,   35.692342,      122.60,
 140.221081,   35.692342,      102.28,
 140.225586,   35.692342,      102.80,
 140.230090,   35.692342,      103.31,
 140.234595,   35.692342,      103.83,
 140.239099,   35.692342,      104.35,
 140.243604,   35.692342,      104.87,
 140.248108,   35.692342,      105.38,
 140.252613,   35.692342,      105.90,
 140.257117,   35.692342,      106.42,
 140.261622,   35.692342,      106.19,
 140.266126,   35.692342,      105.96,
 140.270631,   35.692342,      105.72,
 140.275135,   35.692342,      105.49,
 140.279640,   35.692342,      105.25,
 140.284144,   35.692342,      105.01,
 140.288649,   35.692342,      104.78,
 140.293153,   35.692342,      104.54,
 140.297658,   35.692342,      104.30,
 140.302162,   35.692342,      104.07,
 140.306667,   35.692342,      103.83,
 140.311171,   35.692342,      103.60,
 140.315676,   35.692342,      103.36,
 140.320180,   35.692342,      103.12,
 140.324685,   35.692342,      102.89,
 140.329189,   35.692342,      102.65,
 140.333694,   35.692342,      102.41,
 140.338198,   35.692342,      102.18,
 140.342703,   35.692342,      101.94,
 140.347207,   35.692342,      101.70,
 140.351712,   35.692342,      101.47,
 140.356216,   35.692342,      101.23,
 140.360721,   35.692342,      101.00,
 140.365225,   35.692342,      100.76,
 140.369730,   35.692342,      100.52,
 140.374234,   35.692342,      100.29,
 140.378739,   35.692342,      100.05,
 140.383243,   35.692342,       99.81,
 140.387748,   35.692342,       99.58,
 139.140000,   35.696847,       14.35,
 139.144505,   35.696847,       14.64,
 139.149009,   35.696847,       14.93,
 139.153514,   35.696847,       15.22,
 139.158018,   35.696847,       15.52,
 139.162523,   35.696847,       15.81,
 139.167027,   35.696847,       16.11,
 139.171532,   35.696847,       16.42,
 139.176036,   35.696847,       16.72,
 139.180541,   35.696847,       17.03,
 139.185045,   35.696847,       17.34,
 139.189550,   35.696847,       17.65,
 139.194054,   35.696847,       17.97,
 139.198559,   35.696847,       18.29,
 139.203063,   35.696847,       18.61,
 139.207568,   35.696847,       18.93,
 139.212072,   35.696847,       19.25,
 139.216577,   35.696847,       19.58,
 139.221081,   35.696847,       19.91,
 139.225586,   35.696847,       20.24,
 139.230090,   35.696847,       20.58,
 139.234595,   35.696847,       20.92,
 139.239099,   35.696847,       21.26,
 139.243604,   35.696847,       21.60,
 139.248108,   35.696847,       21.95,
 139.252613,   35.696847,       22.29,
 139.257117,   35.696847,       22.64,
 139.261622,   35.696847,       23.00,
 139.266126,   35.696847,       23.35,
 139.270631,   35.696847,       23.71,
 139.275135,   35.696847,       24.07,
 139.279640,   35.696847,       24.43,
 139.284144,   35.696847,       24.80,
 139.288649,   35.696847,       25.17,
 139.293153,   35.696847,       25.54,
 139.297658,   35.696847,       25.91,
 139.302162,   35.696847,       26.28,
 139.306667,   35.696847,       26.66,
 139.311171,   35.696847,       27.04,
 139.315676,   35.696847,       27.43,
 139.320180,   35.696847,       27.81,
 139.324685,   35.696847,       28.20,
 139.329189,   35.696847,       28.59,
 139.333694,   35.696847,       28.98,
 139.338198,   35.696847,       29.38,
 139.342703,   35.696847,       29.78,
 139.347207,   35.696847,       30.18,
 139.351712,   35.696847,       30.58,
 139.356216,   35.696847,       30.99,
 139.360721,   35.696847,       31.39,
 139.365225,   35.696847,       31.80,
 139.369730,   35.696847,       32.22,
 139.374234,   35.696847,       32.63,
 139.378739,   35.696847,       33.05,
 139.383243,   35.696847,       33.47,
 139.387748,   35.696847,       33.89,
 139.392252,   35.696847,       34.32,
 139.396757,   35.696847,       34.75,
 139.401261,   35.696847,       35.18,
 139.405766,   35.696847,       35.61,
 139.410270,   35.696847,       36.05,
 139.414775,   35.696847,       36.49,
 139.419279,   35.696847,       36.93,
 139.423784,   35.696847,       37.37,
 139.428288,   35.696847,       37.81,
 139.432793,   35.696847,       38.26,
 139.437297,   35.696847,       38.71,
 139.441802,   35.696847,       39.17,
 139.446306,   35.696847,       39.62,
 139.450811,   35.696847,       40.08,
 139.455315,   35.696847,       40.54,
 139.459820,   35.696847,       41.01,
 139.464324,   35.696847,       41.47,
 139.468829,   35.696847,       41.94,
 139.473333,   35.696847,       42.41,
 139.477838,   35.696847,       42.88,
 139.482342,   35.696847,       43.36,
 139.486847,   35.696847,       43.84,
 139.491351,   35.696847,       44.32,
 139.495856,   35.696847,       44.80,
 139.500360,   35.696847,       45.29,
 139.504865,   35.696847,       45.78,
 139.509369,   35.696847,       46.27,
 139.513874,   35.696847,       46.76,
 139.518378,   35.696847,       47.26,
 139.522883,   35.696847,       47.75,
 139.527387,   35.696847,       48.26,
 139.531892,   35.696847,       48.76,
 139.536396,   35.696847,       49.26,
 139.540901,   35.696847,       49.77,
 139.545405,   35.696847,       50.28,
 139.549910,   35.696847,       50.80,
 139.554414,   35.696847,       51.31,
 139.558919,   35.696847,       51.83,
 139.563423,   35.696847,       52.35,
 139.567928,   35.696847,       52.88,
 139.572432,   35.696847,       53.40,
 139.576937,   35.696847,       53.93,
 139.581441,   35.696847,       54.46,
 139.585946,   35.696847,       55.00,
 139.590450,   35.696847,       55.53,
 139.594955,   35.696847,       56.07,
 139.599459,   35.696847,       56.61,
 139.603964,   35.696847,       57.16,
 139.608468,   35.696847,       57.70,
 139.612973,   35.696847,       58.25,
 139.617477,   35.696847,       58.80,
 139.621982,   35.696847,       59.36,
 139.626486,   35.696847,       59.91,
 139.630991,   35.696847,       60.47,
 139.635495,   35.696847,       61.03,
 139.640000,   35.696847,       61.59,
 139.644505,   35.696847,       62.16,
 139.649009,   35.696847,       62.73,
 139.653514,   35.696847,       63.30,
 139.658018,   35.696847,       63.87,
 139.662523,   35.696847,       64.45,
 139.667027,   35.696847,       65.03,
 139.671532,   35.696847,       65.61,
 139.676036,   35.696847,       66.20,
 139.680541,   35.696847,       66.78,
 139.685045,   35.696847,       67.37,
 139.689550,   35.696847,       67.96,
 139.694054,   35.696847,       68.56,
 139.698559,   35.696847,       69.15,
 139.703063,   35.696847,       69.75,
 139.707568,   35.696847,       70.35,
 139.712072,   35.696847,       70.96,
 139.716577,   35.696847,       71.56,
 139.721081,   35.696847,       72.17,
 139.725586,   35.696847,       72.78,
 139.730090,   35.696847,       74.71,
 139.734595,   35.696847,       78.45,
 139.739099,   35.696847,       81.46,
 139.743604,   35.696847,       78.91,
 139.748108,   35.696847,       76.55,
 139.752613,   35.696847,       74.36,
 139.757117,   35.696847,       72.36,
 139.761622,   35.696847,       70.53,
 139.766126,   35.696847,       68.89,
 139.770631,   35.696847,       67.43,
 139.775135,   35.696847,       66.15,
 139.779640,   35.696847,       65.05,
 139.784144,   35.696847,       64.13,
 139.788649,   35.696847,       63.39,
 139.793153,   35.696847,       62.83,
 139.797658,   35.696847,       62.46,
 139.802162,   35.696847,       62.27,
 139.806667,   35.696847,       62.25,
 139.811171,   35.696847,       62.42,
 139.815676,   35.696847,       62.77,
 139.820180,   35.696847,       63.30,
 139.824685,   35.696847,       64.01,
 139.829189,   35.696847,       64.90,
 139.833694,   35.696847,       65.98,
 139.838198,   35.696847,       67.23,
 139.842703,   35.696847,       68.67,
 139.847207,   35.696847,       70.28,
 139.851712,   35.696847,       72.08,
 139.856216,   35.696847,       73.93,
 139.860721,   35.696847,       74.26,
 139.865225,   35.696847,       74.21,
 139.869730,   35.696847,       74.21,
 139.874234,   35.696847,       74.27,
 139.878739,   35.696847,       74.39,
 139.883243,   35.696847,       74.56,
 139.887748,   35.696847,       74.78,
 139.892252,   35.696847,       75.06,
 139.896757,   35.696847,       75.40,
 139.901261,   35.696847,       75.78,
 139.905766,   35.696847,       76.23,
 139.910270,   35.696847,       76.73,
 139.914775,   35.696847,       77.28,
 139.919279,   35.696847,       77.88,
 139.923784,   35.696847,       78.55,
 139.928288,   35.696847,       79.26,
 139.932793,   35.696847,       80.03,
 139.937297,   35.696847,       80.86,
 139.941802,   35.696847,       81.74,
 139.946306,   35.696847,       82.68,
 139.950811,   35.696847,       83.67,
 139.955315,   35.696847,       84.71,
 139.959820,   35.696847,       85.81,
 139.964324,   35.696847,       86.96,
 139.968829,   35.696847,       88.17,
 139.973333,   35.696847,       89.43,
 139.977838,   35.696847,       90.75,
 139.982342,   35.696847,       92.12,
 139.986847,   35.696847,       93.09,
 139.991351,   35.696847,       93.17,
 139.995856,   35.696847,       93.16,
 140.000360,   35.696847,       93.15,
 140.004865,   35.696847,       93.13,
 140.009369,   35.696847,       93.12,
 140.013874,   35.696847,       93.10,
 140.018378,   35.696847,       93.09,
 140.022883,   35.696847,       93.07,
 140.027387,   35.696847,       93.06,
 140.031892,   35.696847,       93.09,
 140.036396,   35.696847,       95.81,
 140.040901,   35.696847,       99.45,
 140.045405,   35.696847,      103.36,
 140.049910,   35.696847,      107.55,
 140.054414,   35.696847,      112.02,
 140.058919,   35.696847,      116.77,
 140.063423,   35.696847,      121.80,
 140.067928,   35.696847,      127.11,
 140.072432,   35.696847,      132.69,
 140.076937,   35.696847,      138.56,
 140.081441,   35.696847,      144.70,
 140.085946,   35.696847,      151.12,
 140.090450,   35.696847,      157.83,
 140.094955,   35.696847,      164.81,
 140.099459,   35.696847,      172.07,
 140.103964,   35.696847,      179.60,
 140.108468,   35.696847,      187.42,
 140.112973,   35.696847,      195.52,
 140.117477,   35.696847,      203.89,
 140.121982,   35.696847,      212.55,
 140.126486,   35.696847,      221.48,
 140.130991,   35.696847,      230.69,
 140.135495,   35.696847,      240.18,
 140.140000,   35.696847,      249.95,
 140.144505,   35.696847,      260.00,
 140.149009,   35.696847,      270.33,
 140.153514,   35.696847,      277.99,
 140.158018,   35.696847,      277.99,
 140.162523,   35.696847,      277.99,
 140.167027,   35.696847,      277.99,
 140.171532,   35.696847,      277.99,
 140.176036,   35.696847,      277.99,
 140.180541,   35.696847,      265.26,
 140.185045,   35.696847,      265.26,
 140.189550,   35.696847,      265.26,
 140.194054,   35.696847,      265.26,
 140.198559,   35.696847,      265.26,
 140.203063,   35.696847,      265.26,
 140.207568,   35.696847,      233.07,
 140.212072,   35.696847,      199.27,
 140.216577,   35.696847,      163.86,
 140.221081,   35.696847,      126.84,
 140.225586,   35.696847,      102.55,
 140.230090,   35.696847,      103.07,
 140.234595,   35.696847,      103.59,
 140.239099,   35.696847,      104.11,
 140.243604,   35.696847,      104.62,
 140.248108,   35.696847,      105.14,
 140.252613,   35.696847,      105.66,
 140.257117,   35.696847,      106.18,
 140.261622,   35.696847,      106.69,
 140.266126,   35.696847,      106.82,
 140.270631,   35.696847,      106.59,
 140.275135,   35.696847,      106.35,
 140.279640,   35.696847,      106.11,
 140.284144,   35.696847,      105.88,
 140.288649,   35.696847,      105.64,
 140.293153,   35.696847,      105.40,
 140.297658,   35.696847,      105.17,
 140.302162,   35.696847,      104.93,
 140.306667,   35.696847,      104.69,
 140.311171,   35.696847,      104.46,
 140.315676,   35.696847,      104.22,
 140.320180,   35.696847,      103.99,
 140.324685,   35.696847,      103.75,
 140.329189,   35.696847,      103.51,
 140.333694,   35.696847,      103.28,
 140.338198,   35.696847,      103.04,
 140.342703,   35.696847,      102.80,
 140.347207,   35.696847,      102.57,
 140.351712,   35.696847,      102.33,
 140.356216,   35.696847,      102.09,
 140.360721,   35.696847,      101.86,
 140.365225,   35.696847,      101.62,
 140.369730,   35.696847,      101.39,
 140.374234,   35.696847,      101.15,
 140.378739,   35.696847,      100.91,
 140.383243,   35.696847,      100.68,
 140.387748,   35.696847,      100.44,
